Time, (DWRT ATMO) Humidity, (DWRT ATMO) Pressure, (DWRT ATMO) Temperature 1, (DWRT ATMO) Temperature 2, (DWRT CPU) ????????????????????????????????????????????????????????????????, (DWRT CPU) Acceleration, (DWRT CPU) Correction Factor, (DWRT CPU) Distance, (DWRT CPU) Distance 1, (DWRT CPU) Engine RPM, (DWRT CPU) Force, (DWRT CPU) Force 1, (DWRT CPU) Force Drum 1, (DWRT CPU) Gear Ratio, (DWRT CPU) Inductive 1 Signal Strength, (DWRT CPU) Inductive 2 Signal Strength, (DWRT CPU) Internal Temp 1, (DWRT CPU) Internal Temp 2, (DWRT CPU) LC1 Volts Petrol AFR, (DWRT CPU) LC2 Volts Petrol AFR2, (DWRT CPU) Link 0 Status, (DWRT CPU) Link 1 Status, (DWRT CPU) Power, (DWRT CPU) Power (uncorrected), (DWRT CPU) Power Drum 1, (DWRT CPU) Power Drum 1 (uncorrected), (DWRT CPU) Sampling, (DWRT CPU) Speed, (DWRT CPU) Speed 1, (DWRT CPU) TCP RX kB/s, (DWRT CPU) TCP TX kB/s, (DWRT CPU) Torque, (DWRT CPU) Torque (uncorrected), (DWRT CPU) Torque Drum 1, (DWRT CPU) Torque Drum 1 (uncorrected), (DWRT CPU) UDP RX kB/s, (DWRT CPU) User Analog 1, (DWRT CPU) User Analog 2, (DWRT CPU) User Analog 3, (DWRT CPU) User Analog 4, (Gen) Sampling, (Gen) Sampling Duration, (Harley - ECU Type 14 SW Level 141) Accel Enrichment, (Harley - ECU Type 14 SW Level 141) Decel Enleanment, (Harley - ECU Type 14 SW Level 141) Desired Air/Fuel, (Harley - ECU Type 14 SW Level 141) Engine Speed, (Harley - ECU Type 14 SW Level 141) Engine Temperature, (Harley - ECU Type 14 SW Level 141) Front Adaptive Fuel Factor, (Harley - ECU Type 14 SW Level 141) Front Closed Loop Integrator, (Harley - ECU Type 14 SW Level 141) Front Spark Knock Retard, (Harley - ECU Type 14 SW Level 141) Idle Air Control Motor Position, (Harley - ECU Type 14 SW Level 141) Injector Time Front, (Harley - ECU Type 14 SW Level 141) Injector Time Rear, (Harley - ECU Type 14 SW Level 141) Intake Air Temperature, (Harley - ECU Type 14 SW Level 141) Manifold Absolute Pressure, (Harley - ECU Type 14 SW Level 141) Rear Adaptive Fuel Factor, (Harley - ECU Type 14 SW Level 141) Rear Closed Loop Integrator, (Harley - ECU Type 14 SW Level 141) Rear Spark Knock Retard, (Harley - ECU Type 14 SW Level 141) Spark Advance Front, (Harley - ECU Type 14 SW Level 141) Spark Advance Rear, (Harley - ECU Type 14 SW Level 141) Throttle Position, (Harley - ECU Type 14 SW Level 141) Throttle Position Sensor Voltage, (Harley - ECU Type 14 SW Level 141) VE Front, (Harley - ECU Type 14 SW Level 141) VE New Front, (Harley - ECU Type 14 SW Level 141) VE New Rear, (Harley - ECU Type 14 SW Level 141) VE Rear, (Harley - ECU Type 14 SW Level 141) Vehicle Speed, (Harley - ECU Type 14 SW Level 141) WBO2 AFR Front, (Harley - ECU Type 14 SW Level 141) WBO2 AFR Rear, (PV) Accel Enrichment, (PV) AT Lambda 1, (PV) AT Lambda 2, (PV) Battery Voltage, (PV) Decel Enleanment, (PV) Desired Air/Fuel, (PV) Desired Lambda, (PV) Engine Speed, (PV) Engine Temperature, (PV) Front Adaptive Fuel Factor, (PV) Front Closed Loop Integrator, (PV) Front Spark Knock Retard, (PV) Idle Air Control Motor Position, (PV) Idle Set Speed, (PV) Injector Time Front, (PV) Injector Time Rear, (PV) Intake Air Temperature, (PV) Manifold Absolute Pressure, (PV) Rear Adaptive Fuel Factor, (PV) Rear Closed Loop Integrator, (PV) Rear Spark Knock Retard, (PV) Software Level, (PV) Spark Advance Front, (PV) Spark Advance Rear, (PV) Throttle Position, (PV) Throttle Position Sensor, (PV) Twistgrip Position, (PV) VE Front, (PV) VE New Front, (PV) VE New Rear, (PV) VE Rear, (PV) Vehicle Speed, (PV) Warm-up Fuel AFR (Lambda), (PV) Warm-up Fuel AFR (Ratio), (PV) WBO2 AFR Front, (PV) WBO2 AFR Rear, 
0, , , , , , 2.648, , , , , 64.78, 64.78, 64.78, , , , , , , , , , , , , , , , , , , , , , , , , , , , , , , , , , , , , , , , , , , , , , , , , , , , , , , , , , , , , , , , , , , , , , , , , , , , , , , , , , , , , , , , , , , , , 
0.05, , , , , , 2.612, , , , 0.257, 63.908, 63.908, 63.908, 7.584, 85.038, , , , , , , , , , , , , 49.928, 49.928, , , , , , , , , , , , , , , , , , , , , , , , , , , , , , , , , , , , , , , , , , , , , , , , , , , , , , , , , , , , , , , , , , , , , , , , , , , , , 
0.1, , , , , , 2.568, , 7.589, 7.589, 0.932, 62.871, 62.871, 62.871, 27.438, 75.323, , 35.24, 35.095, 7.377, 22.39, 0, 0, 8.131, 8.323, 8.131, 8.323, 1, 50.115, 50.115, 0.025, 0.034, 50.629, 51.806, 50.629, 51.806, 4.76, 7.377, 22.39, , , 1, 0.066, , , , , , , , , , , , , , , , , , , , , , , , , , , , , , , , , , , , , , , , , , , , , , , , , , , , , , , , , , , , , , , , 
0.15, , 100.39, 66.42, , , 2.521, 0.977, 14.121, 14.121, 1.608, 61.758, 61.758, 61.758, 41.979, 65.609, , 35.24, 35.383, 7.377, 22.39, 0, 0, 8, 8.188, 8, 8.188, 1, 50.303, 50.303, 0.025, 0.034, 39.042, 39.949, 39.042, 39.949, 4.796, 7.377, 22.39, , , 1, 0.142, , , , , , , , , , , , , , , , , , , , , , , , , , , , , , , , , , , , , , , , , , , , , , , , , , , , , , , , , , , , , , , , 
0.2, , 100.389, 66.42, , , 2.459, 0.977, 19.681, 19.681, 2.284, 60.284, 60.284, 60.284, 47.806, 55.894, , 35.24, 35.671, 7.377, 22.39, 0, 0, 7.839, 8.022, 7.839, 8.022, 1, 50.486, 50.486, 0.025, 0.034, 33.303, 34.078, 33.303, 34.078, 4.831, 7.377, 22.39, , , 1, 0.195, , , , , , , , , , , , , , , , , , , , , , , , , , , , , , , , , , , , , , , , , , , , , , , , , , , , , , , , , , , , , , , , 
0.25, , 100.389, 66.42, , , 2.329, 0.977, 25.24, 25.24, 2.493, 57.225, 57.225, 57.225, 49.533, 60.765, , 35.24, 35.959, 7.377, 22.39, 0, 0, 7.544, 7.717, 7.544, 7.717, 1, 50.633, 50.633, 0.025, 0.034, 18.231, 18.659, 18.231, 18.659, 4.867, 7.377, 22.39, , , 1, 0.267, 0, 0, 14.6, 2.621, 174, 100, 100, 0, 56, 5.167, 4.862, 109.4, 36.515, 100, 100, 0, 40.021, 40.021, 8, 0.9, 102.5, 102.5, 109.5, 109.5, 50.976, 5.1, 5.1, 0, 0, 0, 14.1, 0, 14.6, 0, 2.621, 174, 100, 100, 0, 56, 1, 0.005, 0.005, 109.4, 36.515, 100, 100, 0, 141, 40.021, 40.021, 8, 0.9, 0, 102.5, 102.5, 109.5, 109.5, 50.976, 0, 0, 5.1, 5.1, 
0.3, , 100.389, 66.42, , , 2.312, 0.977, 29.042, 29.042, 2.506, 56.807, 56.807, 56.807, 49.525, 70.968, , 35.24, 36.247, 7.377, 22.39, 0, 0, 7.513, 7.685, 7.513, 7.685, 1, 50.75, 50.75, 0.025, 0.034, 17.313, 17.721, 17.313, 17.721, 4.913, 7.377, 22.39, , , 1, 0.341, 0, 0, 14.6, 2.629, 174, 100, 100, 0, 56, 5.153, 4.875, 109.4, 36.592, 100, 100, 0, 40.124, 40.124, 8, 0.9, 102.5, 102.5, 109.5, 109.5, 51.104, 5.1, 5.1, 0, 0, 0, 14.1, 0, 14.6, 0, 2.629, 174, 100, 100, 0, 56, 1, 0.005, 0.005, 109.4, 36.592, 100, 100, 0, 141, 40.124, 40.124, 8, 0.9, 0, 102.5, 102.5, 109.5, 109.5, 51.104, 0, 0, 5.1, 5.1, 
0.35, , 100.388, 66.42, , , 2.242, 0.977, 32.765, 32.765, 2.526, 55.167, 55.167, 55.167, , 71.915, , 35.244, 36.457, 7.377, 22.39, 0, 0, 7.312, 7.481, 7.312, 7.481, 1, 50.865, 50.865, 0.025, 0.034, , , , , 4.967, 7.377, 22.39, , , 1, 0.395, 0, 0, 14.6, 2.636, 174, 100, 100, 0, 56, 5.138, 4.887, 109.4, 36.668, 100, 100, 0, 40.227, 40.227, 8, 0.9, 102.5, 102.5, 109.5, 109.5, 51.232, 5.1, 5.1, 0, 0, 0, 14.1, 0, 14.6, 0, 2.636, 174, 100, 100, 0, 56, 1, 0.005, 0.005, 109.4, 36.668, 100, 100, 0, 141, 40.227, 40.227, 8, 0.9, 0, 102.5, 102.5, 109.5, 109.5, 51.232, 0, 0, 5.1, 5.1, 
0.4, , 100.388, 66.42, , , 2.202, 0.977, 36.508, 36.508, , 54.22, 54.22, 54.22, , , , 35.28, 36.097, 7.377, 22.39, 0, 0, 7.203, 7.37, 7.203, 7.37, 1, 50.972, 50.972, 0.025, 0.034, , , , , 5.021, 7.377, 22.39, , , 1, 0.445, 0, 0, 14.6, 2.644, 174, 100, 100, 0, 56, 5.124, 4.9, 109.4, 36.745, 100, 100, 0, 40.331, 40.331, 8, 0.9, 102.5, 102.5, 109.5, 109.5, 51.36, 5.1, 5.1, 0, 0, 0, 14.1, 0, 14.6, 0, 2.644, 174, 100, 100, 0, 56, 1, 0.005, 0.005, 109.4, 36.745, 100, 100, 0, 141, 40.331, 40.331, 8, 0.9, 0, 102.5, 102.5, 109.5, 109.5, 51.36, 0, 0, 5.1, 5.1, 
0.45, , 100.388, 66.42, , , 2.251, 0.977, 40.214, 40.214, , 55.376, 55.376, 55.376, , , , 35.316, 35.737, 7.378, 22.39, 0, 0, 7.372, 7.543, 7.372, 7.543, 1, 51.083, 51.083, 0.025, 0.034, , , , , 5.075, 7.378, 22.39, , , 1, 0.495, 0, 0, 14.6, 2.651, 174, 100, 100, 0, 56, 5.109, 4.912, 109.4, 36.821, 100, 100, 0, 40.434, 40.434, 8, 0.9, 102.5, 102.5, 109.5, 109.5, 51.488, 5.1, 5.1, 0, 0, 0, 14.1, 0, 14.6, 0, 2.651, 174, 100, 100, 0, 56, 1, 0.005, 0.005, 109.4, 36.821, 100, 100, 0, 141, 40.434, 40.434, 8, 0.9, 0, 102.5, 102.5, 109.5, 109.5, 51.488, 0, 0, 5.1, 5.1, 
0.5, , 100.387, 66.42, , , 2.285, 0.977, 43.92, 43.92, , 56.183, 56.183, 56.183, , , , 35.352, 35.377, 7.378, 22.39, 0, 0, 7.495, 7.67, 7.495, 7.67, 1, 51.196, 51.196, 0.025, 0.034, , , , , 5.11, 7.378, 22.39, , , 1, 0.545, 0, 0, 14.6, 2.658, 174, 100, 100, 0, 56, 5.099, 4.92, 109.269, 36.843, 100, 100, 0, 40.5, 40.5, 8, 0.9, 102.5, 102.5, 109.5, 109.5, 51.616, 5.1, 5.1, 0, 0, 0, 14.1, 0, 14.6, 0, 2.658, 174, 100, 100, 0, 56, 1, 0.005, 0.005, 109.269, 36.843, 100, 100, 0, 141, 40.5, 40.5, 8, 0.9, 0, 102.5, 102.5, 109.5, 109.5, 51.616, 0, 0, 5.1, 5.1, 
0.55, , 100.387, 66.42, , , 2.272, 0.977, 47.679, 47.679, , 55.883, 55.883, 55.883, , , , 35.388, 35.017, 7.379, 22.39, 0, 0, 7.473, 7.646, 7.473, 7.646, 1, 51.31, 51.31, 0.025, 0.034, , , , , 5.1, 7.379, 22.39, , , 1, 0.595, 0, 0, 14.6, 2.665, 174, 100, 100, 0, 56, 5.097, 4.92, 108.906, 36.769, 100, 100, 0, 40.5, 40.5, 8, 0.9, 102.5, 102.5, 109.5, 109.5, 51.743, 5.1, 5.1, 0, 0, 0, 14.1, 0, 14.6, 0, 2.665, 174, 100, 100, 0, 56, 1, 0.005, 0.005, 108.906, 36.769, 100, 100, 0, 141, 40.5, 40.5, 8, 0.9, 0, 102.5, 102.5, 109.5, 109.5, 51.743, 0, 0, 5.1, 5.1, 
0.6, , 100.386, 66.42, , , 2.262, 0.977, 51.445, 51.445, , 55.643, 55.643, 55.643, , , , 35.416, 34.713, 7.379, 22.39, 0, 0, 7.456, 7.629, 7.456, 7.629, 1, 51.425, 51.425, 0.025, 0.034, , , , , 5.091, 7.379, 22.39, , , 1, 0.645, 0, 0, 14.6, 2.671, 174, 100, 100, 0, 56, 5.095, 4.92, 108.544, 36.694, 100, 100, 0, 40.5, 40.5, 8, 0.9, 102.5, 102.5, 109.5, 109.5, 51.87, 5.1, 5.1, 0, 0, 0, 14.1, 0, 14.6, 0, 2.671, 174, 100, 100, 0, 56, 1, 0.005, 0.005, 108.544, 36.694, 100, 100, 0, 141, 40.5, 40.5, 8, 0.9, 0, 102.5, 102.5, 109.5, 109.5, 51.87, 0, 0, 5.1, 5.1, 
0.65, , 100.386, 66.42, , , 2.231, 0.977, 55.211, 55.211, , 54.911, 54.911, 54.911, , , , 35.38, 34.821, 7.38, 22.39, 0, 0, 7.373, 7.543, 7.373, 7.543, 1, 51.538, 51.538, 0.025, 0.034, , , , , 5.081, 7.38, 22.39, , , 1, 0.695, 0, 0, 14.6, 2.678, 174, 100, 100, 0, 56, 5.093, 4.92, 108.181, 36.619, 100, 100, 0, 40.5, 40.5, 8, 0.9, 102.5, 102.5, 109.5, 109.5, 51.997, 5.1, 5.1, 0, 0, 0, 14.1, 0, 14.6, 0, 2.678, 174, 100, 100, 0, 56, 1, 0.005, 0.005, 108.181, 36.619, 100, 100, 0, 141, 40.5, 40.5, 8, 0.9, 0, 102.5, 102.5, 109.5, 109.5, 51.997, 0, 0, 5.1, 5.1, 
0.7, , 100.386, 66.42, , , 2.171, 0.977, 58.978, 58.978, , 53.496, 53.496, 53.496, , , , 35.344, 34.929, 7.38, 22.39, 0, 0, 7.198, 7.363, 7.198, 7.363, 1, 51.647, 51.647, 0.025, 0.034, , , , , 5.071, 7.38, 22.39, , , 1, 0.745, 0, 0, 14.6, 2.684, 174, 100, 100, 0, 56, 5.091, 4.92, 107.818, 36.545, 100, 100, 0, 40.5, 40.5, 8, 0.9, 102.5, 102.5, 109.5, 109.5, 52.124, 5.1, 5.1, 0, 0, 0, 14.1, 0, 14.6, 0, 2.684, 174, 100, 100, 0, 56, 1, 0.005, 0.005, 107.818, 36.545, 100, 100, 0, 141, 40.5, 40.5, 8, 0.9, 0, 102.5, 102.5, 109.5, 109.5, 52.124, 0, 0, 5.1, 5.1, 
0.75, , 100.385, 66.42, , , 2.163, 0.977, 62.744, 62.744, , 53.296, 53.296, 53.296, , , , 35.308, 35.037, 7.379, 22.39, 0, 0, 7.188, 7.353, 7.188, 7.353, 1, 51.755, 51.755, 0.025, 0.034, , , , , 5.06, 7.379, 22.39, , , 1, 0.795, 0, 0, 14.6, 2.69, 174, 100, 100, 0, 56, 5.088, 4.915, 107.6, 36.5, 100, 100, 0, 40.54, 40.54, 8, 0.9, 102.5, 102.5, 109.46, 109.46, 52.249, 5.1, 5.1, 0, 0, 0, 14.1, 0, 14.6, 0, 2.69, 174, 100, 100, 0, 56, 1, 0.005, 0.005, 107.6, 36.5, 100, 100, 0, 141, 40.54, 40.54, 8, 0.9, 0, 102.5, 102.5, 109.46, 109.46, 52.249, 0, 0, 5.1, 5.1, 
0.8, , 100.385, 66.42, , , 2.159, 0.977, 66.51, 66.51, , 53.217, 53.217, 53.217, , , , 35.272, 35.145, 7.379, 22.39, 0, 0, 7.193, 7.358, 7.193, 7.358, 1, 51.862, 51.862, 0.025, 0.034, , , , , 5.048, 7.379, 22.39, , , 1, 0.846, 0, 0, 14.6, 2.695, 174, 100, 100, 0, 56, 5.084, 4.903, 107.6, 36.5, 100, 100, 0, 40.639, 40.639, 8, 0.9, 102.5, 102.5, 109.361, 109.361, 52.373, 5.1, 5.1, 0, 0, 0, 14.1, 0, 14.6, 0, 2.695, 174, 100, 100, 0, 56, 1, 0.005, 0.005, 107.6, 36.5, 100, 100, 0, 141, 40.639, 40.639, 8, 0.9, 0, 102.5, 102.5, 109.361, 109.361, 52.373, 0, 0, 5.1, 5.1, 
0.85, , 100.385, 66.42, , , 2.196, 0.977, 70.276, 70.276, , 54.095, 54.095, 54.095, , , , 35.24, 35.283, 7.378, 22.39, 0, 0, 7.327, 7.495, 7.327, 7.495, 1, 51.969, 51.969, 0.025, 0.034, , , , , 5.037, 7.378, 22.39, , , 1, 0.895, 0, 0, 14.6, 2.7, 174, 100, 100, 0, 56, 5.08, 4.891, 107.6, 36.5, 100, 100, 0, 40.739, 40.739, 8, 0.9, 102.5, 102.5, 109.261, 109.261, 52.496, 5.1, 5.1, 0, 0, 0, 14.1, 0, 14.6, 0, 2.7, 174, 100, 100, 0, 56, 1, 0.005, 0.005, 107.6, 36.5, 100, 100, 0, 141, 40.739, 40.739, 8, 0.9, 0, 102.5, 102.5, 109.261, 109.261, 52.496, 0, 0, 5.1, 5.1, 
0.9, , 100.384, 66.42, , , 2.254, 0.977, 74.069, 74.069, , 55.459, 55.459, 55.459, , , , 35.24, 35.643, 7.378, 22.39, 0, 0, 7.528, 7.701, 7.528, 7.701, 1, 52.082, 52.082, 0.025, 0.034, , , , , 5.025, 7.378, 22.39, , , 1, 0.945, 0, 0, 14.6, 2.706, 174, 100, 100, 0, 56, 5.076, 4.879, 107.6, 36.5, 100, 100, 0, 40.839, 40.839, 8, 0.9, 102.5, 102.5, 109.161, 109.161, 52.62, 5.1, 5.1, 0, 0, 0, 14.1, 0, 14.6, 0, 2.706, 174, 100, 100, 0, 56, 1, 0.005, 0.005, 107.6, 36.5, 100, 100, 0, 141, 40.839, 40.839, 8, 0.9, 0, 102.5, 102.5, 109.161, 109.161, 52.62, 0, 0, 5.1, 5.1, 
0.95, , 100.384, 66.42, , , 2.291, 0.977, 77.897, 77.897, , 56.337, 56.337, 56.337, , , , 35.24, 36.003, 7.377, 22.39, 0, 0, 7.663, 7.84, 7.663, 7.84, 1, 52.195, 52.195, 0.025, 0.034, , , , , 5.035, 7.377, 22.39, , , 1, 0.995, 0, 0, 14.6, 2.711, 174, 100, 100, 0, 56, 5.072, 4.867, 107.6, 36.5, 100, 100, 0, 40.938, 40.938, 8, 0.9, 102.5, 102.5, 109.062, 109.062, 52.743, 5.1, 5.1, 0, 0, 0, 14.1, 0, 14.6, 0, 2.711, 174, 100, 100, 0, 56, 1, 0.005, 0.005, 107.6, 36.5, 100, 100, 0, 141, 40.938, 40.938, 8, 0.9, 0, 102.5, 102.5, 109.062, 109.062, 52.743, 0, 0, 5.1, 5.1, 
1, , 100.383, 66.42, , , 2.248, 0.977, 81.725, 81.725, , 55.323, 55.323, 55.323, , , , 35.24, 36.363, 7.377, 22.39, 0, 0, 7.54, 7.715, 7.54, 7.715, 1, 52.308, 52.308, 0.025, 0.034, , , , , 5.053, 7.377, 22.39, , , 1, 1.045, 0, 0, 14.6, 2.716, 174, 100, 100, 0, 56, 5.07, 4.854, 107.6, 36.472, 100, 100, 0, 41.038, 41.038, 8, 0.898, 102.538, 102.538, 109.038, 109.038, 52.867, 5.1, 5.1, 0, 0, 0, 14.1, 0, 14.6, 0, 2.716, 174, 100, 100, 0, 56, 1, 0.005, 0.005, 107.6, 36.472, 100, 100, 0, 141, 41.038, 41.038, 8, 0.898, 0, 102.538, 102.538, 109.038, 109.038, 52.867, 0, 0, 5.1, 5.1, 
1.05, , 100.383, 66.42, , , 2.235, 0.977, 85.553, 85.553, , 55.027, 55.027, 55.027, , , 89.062, 35.24, 36.723, 7.377, 22.39, 0, 0, 7.515, 7.69, 7.515, 7.69, 1, 52.42, 52.42, 0.025, 0.034, , , , , 5.07, 7.377, 22.39, , , 1, 1.095, 0, 0, 14.6, 2.722, 174, 100, 100, 0, 56, 5.07, 4.838, 107.6, 36.397, 100, 100, 0, 41.139, 41.139, 8, 0.894, 102.639, 102.639, 109.139, 109.139, 52.992, 5.1, 5.1, 0, 0, 0, 14.1, 0, 14.6, 0, 2.722, 174, 100, 100, 0, 56, 1, 0.005, 0.005, 107.6, 36.397, 100, 100, 0, 141, 41.139, 41.139, 8, 0.894, 0, 102.639, 102.639, 109.139, 109.139, 52.992, 0, 0, 5.1, 5.1, 
1.1, , 100.383, 66.42, , , 2.2, 0.977, 89.381, 89.381, , 54.205, 54.205, 54.205, , , 79.04, 35.223, 36.997, 7.377, 22.39, 0, 0, 7.419, 7.592, 7.419, 7.592, 1, 52.53, 52.53, 0.025, 0.034, , , , , 5.087, 7.377, 22.39, , , 1, 1.145, 0, 0, 14.6, 2.727, 174, 100, 100, 0, 56, 5.07, 4.822, 107.6, 36.323, 100, 100, 0, 41.239, 41.239, 8, 0.89, 102.739, 102.739, 109.239, 109.239, 53.116, 5.1, 5.1, 0, 0, 0, 14.1, 0, 14.6, 0, 2.727, 174, 100, 100, 0, 56, 1, 0.005, 0.005, 107.6, 36.323, 100, 100, 0, 141, 41.239, 41.239, 8, 0.89, 0, 102.739, 102.739, 109.239, 109.239, 53.116, 0, 0, 5.1, 5.1, 
1.15, , 100.382, 66.42, , , 2.112, 0.977, 93.209, 93.209, , 52.119, 52.119, 52.119, , , 69.018, 35.079, 36.637, 7.377, 22.39, 0, 0, 7.147, 7.314, 7.147, 7.314, 1, 52.638, 52.638, 0.025, 0.034, , , , , 5.102, 7.377, 22.39, , , 1, 1.196, 0, 0, 14.6, 2.733, 174, 100, 100, 0, 56, 5.07, 4.806, 107.6, 36.249, 100, 100, 0, 41.339, 41.339, 8, 0.886, 102.839, 102.839, 109.339, 109.339, 53.241, 5.1, 5.1, 0, 0, 0, 14.1, 0, 14.6, 0, 2.733, 174, 100, 100, 0, 56, 1, 0.005, 0.005, 107.6, 36.249, 100, 100, 0, 141, 41.339, 41.339, 8, 0.886, 0, 102.839, 102.839, 109.339, 109.339, 53.241, 0, 0, 5.1, 5.1, 
1.2, , 100.382, 66.42, , , 2.03, 0.977, 97.687, 97.687, , 50.164, 50.164, 50.164, , , 58.995, 34.935, 36.277, 7.377, 22.39, 0, 0, 6.892, 7.052, 6.892, 7.052, 1, 52.741, 52.741, 0.025, 0.034, , , , , 5.115, 7.377, 22.39, , , 1, 1.246, 0, 0, 14.6, 2.739, 174, 100, 100, 0, 56, 5.07, 4.79, 107.6, 36.175, 100, 100, 0, 41.44, 41.44, 8, 0.882, 102.94, 102.94, 109.44, 109.44, 53.365, 5.1, 5.1, 0, 0, 0, 14.1, 0, 14.6, 0, 2.739, 174, 100, 100, 0, 56, 1, 0.005, 0.005, 107.6, 36.175, 100, 100, 0, 141, 41.44, 41.44, 8, 0.882, 0, 102.94, 102.94, 109.44, 109.44, 53.365, 0, 0, 5.1, 5.1, 
1.25, , 100.381, 66.42, , , 2.026, 0.977, 103.207, 103.207, , 50.064, 50.064, 50.064, , , 48.973, 34.791, 35.917, 7.377, 22.39, 0, 0, 6.893, 7.053, 6.893, 7.053, 1, 52.877, 52.877, 0.025, 0.034, , , , , 5.127, 7.377, 22.39, , , 1, 1.295, 0, 0, 14.6, 2.744, 174, 100, 100, 0, 56, 5.068, 4.774, 107.6, 36.13, 100, 100, 0, 41.5, 41.5, 8, 0.881, 103, 102.963, 109.5, 109.5, 53.486, 5.1, 5.1, 0, 0, 0, 14.1, 0, 14.6, 0, 2.744, 174, 100, 100, 0, 56, 1, 0.005, 0.005, 107.6, 36.13, 100, 100, 0, 141, 41.5, 41.5, 8, 0.881, 0, 103, 102.963, 109.5, 109.5, 53.486, 0, 0, 5.1, 5.1, 
1.3, , 100.381, 66.42, , , 1.996, 0.977, 107.099, 107.099, , 49.357, 49.357, 49.357, , , 59.942, 34.647, 35.557, 7.377, 22.39, 0, 0, 6.809, 6.969, 6.809, 6.969, 1, 52.974, 52.974, 0.025, 0.034, , , , , 5.14, 7.377, 22.39, , , 1, 1.345, 0, 0, 14.6, 2.75, 174, 100, 100, 0, 56, 5.062, 4.759, 107.6, 36.13, 100, 100, 0, 41.5, 41.5, 8, 0.885, 103, 102.87, 109.5, 109.5, 53.601, 5.1, 5.1, 0, 0, 0, 14.1, 0, 14.6, 0, 2.75, 174, 100, 100, 0, 56, 1, 0.005, 0.005, 107.6, 36.13, 100, 100, 0, 141, 41.5, 41.5, 8, 0.885, 0, 103, 102.87, 109.5, 109.5, 53.601, 0, 0, 5.1, 5.1, 
1.35, , 100.381, 66.42, , , 1.964, 0.977, 109.2, 109.2, , 48.61, 48.61, 48.61, , , , , , 7.377, 22.39, 0, 0, 6.714, 6.871, 6.714, 6.871, 1, 53.022, 53.022, 0.025, 0.034, , , , , 5.145, 7.377, 22.39, , , 1, 1.395, 0, 0, 14.6, 2.755, 174, 100, 100, 0, 56, 5.057, 4.744, 107.6, 36.13, 100, 100, 0, 41.5, 41.5, 8, 0.889, 103, 102.778, 109.5, 109.5, 53.716, 5.1, 5.1, 0, 0, 0, 14.1, 0, 14.6, 0, 2.755, 174, 100, 100, 0, 56, 1, 0.005, 0.005, 107.6, 36.13, 100, 100, 0, 141, 41.5, 41.5, 8, 0.889, 0, 103, 102.778, 109.5, 109.5, 53.716, 0, 0, 5.1, 5.1, 
1.4, , 100.38, 66.42, , , 2.034, 0.977, 111.146, 111.146, , 50.275, 50.275, 50.275, , , , , , 7.377, 22.39, 0, 0, 6.95, 7.114, 6.95, 7.114, 1, 53.07, 53.07, 0.025, 0.034, , , , , 5.142, 7.377, 22.39, , , 1, 1.427, 0, 0, 14.6, 2.761, 174, 100, 100, 0, 56, 5.051, 4.73, 107.6, 36.13, 100, 100, 0, 41.5, 41.5, 8, 0.893, 103, 102.685, 109.5, 109.5, 53.83, 5.1, 5.1, 0, 0, 0, 14.1, 0, 14.6, 0, 2.761, 174, 100, 100, 0, 56, 1, 0.005, 0.005, 107.6, 36.13, 100, 100, 0, 141, 41.5, 41.5, 8, 0.893, 0, 103, 102.685, 109.5, 109.5, 53.83, 0, 0, 5.1, 5.1, 
1.45, , , , , , 2.079, , 113.092, 113.092, , 51.328, 51.328, 51.328, , , , , , 7.377, 22.39, 0, 0, 7.101, 7.271, 7.101, 7.271, 1, 53.121, 53.121, 0.025, 0.034, , , , , 5.139, 7.377, 22.39, , , 1, 1.452, 0, 0, 14.6, 2.766, 174, 100, 100, 0, 56, 5.046, 4.715, 107.6, 36.13, 100, 100, 0, 41.5, 41.5, 8, 0.896, 103, 102.593, 109.5, 109.5, 53.945, 5.1, 5.1, 0, 0, 0, 14.1, 0, 14.6, 0, 2.766, 174, 100, 100, 0, 56, 1, 0.005, 0.005, 107.6, 36.13, 100, 100, 0, 141, 41.5, 41.5, 8, 0.896, 0, 103, 102.593, 109.5, 109.5, 53.945, 0, 0, 5.1, 5.1, 
1.5, , , , , , , , 115.038, 115.038, , , , , , , , , , , , 0, 0, , , , , 1, 53.175, 53.175, 0.025, 0.034, , , , , 5.136, , , , , 1, 1.477, 0, 0, 14.6, 2.772, 174, 100, 100, 0, 56, 5.04, 4.7, 107.6, 36.13, 100, 100, 0, 41.5, 41.5, 8, 0.9, 103, 102.5, 109.5, 109.5, 54.06, 5.1, 5.1, 0, 0, 0, 14.1, 0, 14.6, 0, 2.772, 174, 100, 100, 0, 56, 1, 0.005, 0.005, 107.6, 36.13, 100, 100, 0, 141, 41.5, 41.5, 8, 0.9, 0, 103, 102.5, 109.5, 109.5, 54.06, 0, 0, 5.1, 5.1, 
1.55, , , , , , , , , , , , , , , , , , , , , , , , , , , , , , , , , , , , , , , , , , 1.502, , , , , , , , , , , , , , , , , , , , , , , , , , , , , , , , , , , , , , , , , , , , , , , , , , , , , , , , , , , , , , , , 
