Time, (DWRT ATMO) Humidity, (DWRT ATMO) Pressure, (DWRT ATMO) Temperature 1, (DWRT ATMO) Temperature 2, (DWRT CPU) ????????????????????????????????????????????????????????????????, (DWRT CPU) Acceleration, (DWRT CPU) Correction Factor, (DWRT CPU) Distance, (DWRT CPU) Distance 1, (DWRT CPU) Engine RPM, (DWRT CPU) Force, (DWRT CPU) Force 1, (DWRT CPU) Force Drum 1, (DWRT CPU) Gear Ratio, (DWRT CPU) Inductive 1 Signal Strength, (DWRT CPU) Inductive 2 Signal Strength, (DWRT CPU) Internal Temp 1, (DWRT CPU) Internal Temp 2, (DWRT CPU) LC1 Volts Petrol AFR, (DWRT CPU) LC2 Volts Petrol AFR2, (DWRT CPU) Link 0 Status, (DWRT CPU) Link 1 Status, (DWRT CPU) Power, (DWRT CPU) Power (uncorrected), (DWRT CPU) Power Drum 1, (DWRT CPU) Power Drum 1 (uncorrected), (DWRT CPU) Sampling, (DWRT CPU) Speed, (DWRT CPU) Speed 1, (DWRT CPU) TCP RX kB/s, (DWRT CPU) TCP TX kB/s, (DWRT CPU) Torque, (DWRT CPU) Torque (uncorrected), (DWRT CPU) Torque Drum 1, (DWRT CPU) Torque Drum 1 (uncorrected), (DWRT CPU) UDP RX kB/s, (DWRT CPU) User Analog 1, (DWRT CPU) User Analog 2, (DWRT CPU) User Analog 3, (DWRT CPU) User Analog 4, (Gen) Sampling, (Gen) Sampling Duration, (Harley - ECU Type 14 SW Level 141) Accel Enrichment, (Harley - ECU Type 14 SW Level 141) Decel Enleanment, (Harley - ECU Type 14 SW Level 141) Desired Air/Fuel, (Harley - ECU Type 14 SW Level 141) Engine Speed, (Harley - ECU Type 14 SW Level 141) Engine Temperature, (Harley - ECU Type 14 SW Level 141) Front Adaptive Fuel Factor, (Harley - ECU Type 14 SW Level 141) Front Closed Loop Integrator, (Harley - ECU Type 14 SW Level 141) Front Spark Knock Retard, (Harley - ECU Type 14 SW Level 141) Idle Air Control Motor Position, (Harley - ECU Type 14 SW Level 141) Injector Time Front, (Harley - ECU Type 14 SW Level 141) Injector Time Rear, (Harley - ECU Type 14 SW Level 141) Intake Air Temperature, (Harley - ECU Type 14 SW Level 141) Manifold Absolute Pressure, (Harley - ECU Type 14 SW Level 141) Rear Adaptive Fuel Factor, (Harley - ECU Type 14 SW Level 141) Rear Closed Loop Integrator, (Harley - ECU Type 14 SW Level 141) Rear Spark Knock Retard, (Harley - ECU Type 14 SW Level 141) Spark Advance Front, (Harley - ECU Type 14 SW Level 141) Spark Advance Rear, (Harley - ECU Type 14 SW Level 141) Throttle Position, (Harley - ECU Type 14 SW Level 141) Throttle Position Sensor Voltage, (Harley - ECU Type 14 SW Level 141) VE Front, (Harley - ECU Type 14 SW Level 141) VE New Front, (Harley - ECU Type 14 SW Level 141) VE New Rear, (Harley - ECU Type 14 SW Level 141) VE Rear, (Harley - ECU Type 14 SW Level 141) Vehicle Speed, (Harley - ECU Type 14 SW Level 141) WBO2 AFR Front, (Harley - ECU Type 14 SW Level 141) WBO2 AFR Rear, (PV) Accel Enrichment, (PV) AT Lambda 1, (PV) AT Lambda 2, (PV) Battery Voltage, (PV) Decel Enleanment, (PV) Desired Air/Fuel, (PV) Desired Lambda, (PV) Engine Speed, (PV) Engine Temperature, (PV) Front Adaptive Fuel Factor, (PV) Front Closed Loop Integrator, (PV) Front Spark Knock Retard, (PV) Idle Air Control Motor Position, (PV) Idle Set Speed, (PV) Injector Time Front, (PV) Injector Time Rear, (PV) Intake Air Temperature, (PV) Manifold Absolute Pressure, (PV) Rear Adaptive Fuel Factor, (PV) Rear Closed Loop Integrator, (PV) Rear Spark Knock Retard, (PV) Software Level, (PV) Spark Advance Front, (PV) Spark Advance Rear, (PV) Throttle Position, (PV) Throttle Position Sensor, (PV) Twistgrip Position, (PV) VE Front, (PV) VE New Front, (PV) VE New Rear, (PV) VE Rear, (PV) Vehicle Speed, (PV) Warm-up Fuel AFR (Lambda), (PV) Warm-up Fuel AFR (Ratio), (PV) WBO2 AFR Front, (PV) WBO2 AFR Rear, 
0, , , , , , 3.094, , , , , 75.25, 75.25, 75.25, , , , , , , , , , , , , , , , , , , , , , , , , , , , , , , , , , , , , , , , , , , , , , , , , , , , , , , , , , , , , , , , , , , , , , , , , , , , , , , , , , , , , , , , , , , , , 
0.05, , , , , , 3.018, , , , , 73.469, 73.469, 73.469, , , , , , , , , , , , , , , 45.635, 45.635, , , , , , , , , , , , 1, 0.034, , , , , , , , , , , , , , , , , , , , , , , , , , , , , , , , , , , , , , , , , , , , , , , , , , , , , , , , , , , , , , , , 
0.1, , , , , , 3.029, , 6.338, 6.338, , 73.726, 73.726, 73.726, , , , , , 7.377, 22.39, , , 8.725, 8.929, 8.725, 8.929, , 45.853, 45.853, , , , , , , , 7.377, 22.39, , , 1, 0.117, , , , , , , , , , , , , , , , , , , , , , , , , , , , , , , , , , , , , , , , , , , , , , , , , , , , , , , , , , , , , , , , 
0.15, , , , , , 3.091, , 12.69, 12.69, , 75.192, 75.192, 75.192, , , , 33.628, 38.074, 7.378, 22.39, 0, 0, 9.016, 9.227, 9.016, 9.227, 1, 46.085, 46.085, 0.025, 0.035, , , , , 4.753, 7.378, 22.39, , , 1, 0.2, , , , , , , , , , , , , , , , , , , , , , , , , , , , , , , , , , , , , , , , , , , , , , , , , , , , , , , , , , , , , , , , 
0.2, , , , , , 3.127, , 17.766, 17.766, , 76.063, 76.063, 76.063, , , , 33.989, 37.641, 7.379, 22.39, 0, 0, 9.172, 9.385, 9.172, 9.385, 1, 46.322, 46.322, 0.025, 0.035, , , , , 4.761, 7.379, 22.39, , , 1, 0.275, , , , , , , , , , , , , , , , , , , , , , , , , , , , , , , , , , , , , , , , , , , , , , , , , , , , , , , , , , , , , , , , 
0.25, , , , , , 3.183, , 22.842, 22.842, , 77.383, 77.383, 77.383, , , , 34.351, 37.207, 7.38, 22.39, 0, 0, 9.38, 9.597, 9.38, 9.597, 1, 46.552, 46.552, 0.025, 0.035, 340.44, 348.324, 340.44, 348.324, 4.768, 7.38, 22.39, , , 1, 0.334, 0.345, 0, 14.6, 2.401, 180, 100, 100, 0, 57, 5.779, 5.3, 111.2, 38.494, 100, 100, 0, 36.069, 36.069, 8.139, 0.903, 101.139, 101.139, 109.069, 109.069, 46.686, 5.1, 5.1, 0.345, 0, 0, 14.1, 0, 14.6, 0, 2.401, 180, 100, 100, 0, 57, 1, 0.006, 0.005, 111.2, 38.494, 100, 100, 0, 141, 36.069, 36.069, 8.139, 0.903, 0, 101.139, 101.139, 109.069, 109.069, 46.686, 0, 0, 5.1, 5.1, 
0.3, , , , , , 3.21, , 27.174, 27.174, , 78.031, 78.031, 78.031, , , , 34.712, 36.773, 7.38, 22.39, 0, 0, 9.498, 9.718, 9.498, 9.718, 1, 46.712, 46.712, 0.025, 0.035, 285.272, 291.879, 285.272, 291.879, 4.775, 7.38, 22.39, , , 1, 0.384, 0.258, 0, 14.6, 2.409, 180, 100, 100, 0, 57, 5.699, 5.3, 111.2, 38.734, 100, 100, 0, 36.177, 36.177, 8.355, 0.907, 101.355, 101.355, 109.177, 109.177, 46.82, 5.1, 5.1, 0.258, 0, 0, 14.1, 0, 14.6, 0, 2.409, 180, 100, 100, 0, 57, 1, 0.006, 0.005, 111.2, 38.734, 100, 100, 0, 141, 36.177, 36.177, 8.355, 0.907, 0, 101.355, 101.355, 109.177, 109.177, 46.82, 0, 0, 5.1, 5.1, 
0.35, , , , , , 3.195, , 30.561, 30.561, 0.097, 77.682, 77.682, 77.682, 3.01, 89.016, , 35.074, 36.34, 7.379, 22.39, 0, 0, 9.487, 9.707, 9.487, 9.707, 1, 46.87, 46.87, 0.025, 0.035, 240.416, 245.985, 240.416, 245.985, 4.785, 7.379, 22.39, , , 1, 0.435, 0.171, 0, 14.6, 2.417, 180, 100, 100, 0, 57, 5.619, 5.3, 111.2, 38.974, 100, 100, 0, 36.286, 36.286, 8.571, 0.911, 101.571, 101.571, 109.286, 109.286, 46.954, 5.1, 5.1, 0.171, 0, 0, 14.1, 0, 14.6, 0, 2.417, 180, 100, 100, 0, 57, 1, 0.005, 0.005, 111.2, 38.974, 100, 100, 0, 141, 36.286, 36.286, 8.571, 0.911, 0, 101.571, 101.571, 109.286, 109.286, 46.954, 0, 0, 5.1, 5.1, 
0.4, , , , , , 3.172, , 33.995, 33.995, 0.22, 77.146, 77.146, 77.146, 6.886, 86.422, , 35.162, 36.043, 7.379, 22.39, 0, 0, 9.453, 9.673, 9.453, 9.673, 1, 47.028, 47.028, 0.025, 0.035, 145.425, 148.795, 145.425, 148.795, 4.797, 7.379, 22.39, , , 1, 0.485, 0.085, 0, 14.6, 2.424, 180, 100, 100, 0, 57, 5.538, 5.3, 111.2, 39.215, 100, 100, 0, 36.394, 36.394, 8.788, 0.916, 101.788, 101.788, 109.394, 109.394, 47.088, 5.1, 5.1, 0.085, 0, 0, 14.1, 0, 14.6, 0, 2.424, 180, 100, 100, 0, 57, 1, 0.005, 0.005, 111.2, 39.215, 100, 100, 0, 141, 36.394, 36.394, 8.788, 0.916, 0, 101.788, 101.788, 109.394, 109.394, 47.088, 0, 0, 5.1, 5.1, 
0.45, , , , , , 3.168, , 37.428, 37.428, 0.344, 77.058, 77.058, 77.058, 10.728, 83.828, , 35.018, 35.863, 7.378, 22.39, 0, 0, 9.475, 9.696, 9.475, 9.696, 1, 47.186, 47.186, 0.025, 0.035, 98.541, 100.825, 98.541, 100.825, 4.808, 7.378, 22.39, , , 1, 0.534, 0.001, 0, 14.6, 2.432, 180, 100, 100, 0, 57.01, 5.464, 5.305, 111.196, 39.452, 100, 100, 0, 36.509, 36.509, 9.002, 0.92, 102.006, 102.006, 109.502, 109.502, 47.225, 5.1, 5.1, 0.001, 0, 0, 14.1, 0, 14.6, 0, 2.432, 180, 100, 100, 0, 57.01, 1, 0.005, 0.005, 111.196, 39.452, 100, 100, 0, 141, 36.509, 36.509, 9.002, 0.92, 0, 102.006, 102.006, 109.502, 109.502, 47.225, 0, 0, 5.1, 5.1, 
0.5, , , , , , 3.211, , 40.88, 40.88, 0.468, 78.078, 78.078, 78.078, 14.485, 81.233, , 34.874, 35.683, 7.378, 22.39, 0, 0, 9.635, 9.861, 9.635, 9.861, 1, 47.344, 47.344, 0.025, 0.035, 77.233, 79.024, 77.233, 79.024, 4.82, 7.378, 22.39, , , 1, 0.584, 0.074, 0, 14.6, 2.445, 180, 100, 100, 0, 57.533, 5.656, 5.552, 111.008, 39.529, 100, 100, 0, 36.98, 36.98, 9.107, 0.929, 102.32, 102.32, 109.607, 109.607, 47.487, 5.1, 5.1, 0.074, 0, 0, 14.1, 0, 14.6, 0, 2.445, 180, 100, 100, 0, 57.533, 1, 0.005, 0.005, 111.008, 39.529, 100, 100, 0, 141, 36.98, 36.98, 9.107, 0.929, 0, 102.32, 102.32, 109.607, 109.607, 47.487, 0, 0, 5.1, 5.1, 
0.55, , 100.38, 66.52, , , 3.329, 0.977, 44.365, 44.365, 0.592, 80.875, 80.875, 80.875, 17.416, 78.639, , 34.73, 35.503, 7.377, 22.39, 0, 0, 10.018, 10.252, 10.018, 10.252, 1, 47.507, 47.507, 0.025, 0.035, 65.553, 67.072, 65.553, 67.072, 4.839, 7.377, 22.39, , , 1, 0.634, 0.146, 0, 14.6, 2.458, 180, 100, 100, 0, 58.056, 5.849, 5.799, 110.82, 39.606, 100, 100, 0, 37.451, 37.451, 9.211, 0.937, 102.634, 102.634, 109.711, 109.711, 47.748, 5.1, 5.1, 0.146, 0, 0, 14.1, 0, 14.6, 0, 2.458, 180, 100, 100, 0, 58.056, 1, 0.005, 0.006, 110.82, 39.606, 100, 100, 0, 141, 37.451, 37.451, 9.211, 0.937, 0, 102.634, 102.634, 109.711, 109.711, 47.748, 0, 0, 5.1, 5.1, 
0.6, , 100.38, 66.52, , , 3.699, 0.977, 47.799, 47.799, 0.716, 89.647, 89.647, 89.647, 19.907, 76.044, , 34.586, 35.323, 7.377, 22.39, 0, 0, 11.154, 11.412, 11.154, 11.412, 1, 47.681, 47.681, 0.025, 0.035, 62.326, 63.771, 62.326, 63.771, 4.864, 7.377, 22.39, , , 1, 0.685, 0.218, 0, 14.6, 2.471, 180, 100, 100, 0, 58.579, 6.041, 6.046, 110.631, 39.684, 100, 100, 0, 37.922, 37.922, 9.316, 0.945, 102.948, 102.948, 109.816, 109.816, 48.01, 5.1, 5.1, 0.218, 0, 0, 14.1, 0, 14.6, 0, 2.471, 180, 100, 100, 0, 58.579, 1, 0.006, 0.006, 110.631, 39.684, 100, 100, 0, 141, 37.922, 37.922, 9.316, 0.945, 0, 102.948, 102.948, 109.816, 109.816, 48.01, 0, 0, 5.1, 5.1, 
0.65, , 100.381, 66.52, , , 4.247, 0.977, 51.265, 51.265, 0.839, 102.658, 102.658, 102.658, 22.368, 73.45, , 34.52, 35.24, 7.377, 22.39, 0, 0, 12.837, 13.133, 12.837, 13.133, 1, 47.871, 47.871, 0.025, 0.035, 62.287, 63.731, 62.287, 63.731, 4.889, 7.377, 22.39, , , 1, 0.735, 0.29, 0, 14.6, 2.483, 180, 100, 100, 0, 59.103, 6.234, 6.292, 110.443, 39.761, 100, 100, 0, 38.392, 38.392, 9.421, 0.954, 103.262, 103.262, 109.921, 109.921, 48.271, 5.1, 5.1, 0.29, 0, 0, 14.1, 0, 14.6, 0, 2.483, 180, 100, 100, 0, 59.103, 1, 0.006, 0.006, 110.443, 39.761, 100, 100, 0, 141, 38.392, 38.392, 9.421, 0.954, 0, 103.262, 103.262, 109.921, 109.921, 48.271, 0, 0, 5.1, 5.1, 
0.7, , 100.381, 66.52, , , 4.975, 0.977, 54.751, 54.751, 0.963, 119.946, 119.946, 119.946, 24.771, 70.856, , 34.52, 35.24, 7.377, 22.39, 0, 0, 15.078, 15.425, 15.078, 15.425, 1, 48.102, 48.102, 0.025, 0.035, 65.054, 66.563, 65.054, 66.563, 4.914, 7.377, 22.39, , , 1, 0.784, 0.365, 0, 14.6, 2.496, 180, 100, 100, 0, 59.925, 6.547, 6.7, 110.255, 40.558, 100, 100, 0, 38.55, 38.562, 9.9, 0.979, 103.55, 103.55, 109.962, 109.962, 48.563, 5.1, 5.1, 0.365, 0, 0, 14.1, 0, 14.6, 0, 2.496, 180, 100, 100, 0, 59.925, 1, 0.006, 0.007, 110.255, 40.558, 100, 100, 0, 141, 38.55, 38.562, 9.9, 0.979, 0, 103.55, 103.55, 109.962, 109.962, 48.563, 0, 0, 5.1, 5.1, 
0.75, , 100.382, 66.52, , , 5.89, 0.977, 58.236, 58.236, 1.087, 141.649, 141.649, 141.649, 27.118, 68.261, , 34.52, 35.24, 7.378, 22.39, 0, 0, 17.904, 18.317, 17.904, 18.317, 1, 48.371, 48.371, 0.025, 0.035, 70.185, 71.813, 70.185, 71.813, 4.93, 7.378, 22.39, , , 1, 0.834, 0.451, 0, 14.6, 2.508, 180, 100, 100, 0, 61.696, 7.24, 7.614, 110.068, 43.633, 100, 100, 0, 37.717, 37.781, 11.567, 1.058, 103.758, 103.758, 109.806, 109.806, 48.95, 5.1, 5.1, 0.451, 0, 0, 14.1, 0, 14.6, 0, 2.508, 180, 100, 100, 0, 61.696, 1, 0.007, 0.008, 110.068, 43.633, 100, 100, 0, 141, 37.717, 37.781, 11.567, 1.058, 0, 103.758, 103.758, 109.806, 109.806, 48.95, 0, 0, 5.1, 5.1, 
0.8, , 100.382, 66.52, , , 7.158, 0.977, 61.771, 61.771, 1.211, 171.737, 171.737, 171.737, 29.41, 65.667, , 34.52, 35.24, 7.378, 22.39, 0, 0, 21.874, 22.378, 21.874, 22.378, 1, 48.688, 48.688, 0.025, 0.035, 78.374, 80.192, 78.374, 80.192, 4.938, 7.378, 22.39, , , 1, 0.885, 0.536, 0, 14.6, 2.521, 180, 100, 100, 0, 63.467, 7.934, 8.529, 109.88, 46.708, 100, 100, 0, 36.883, 37, 13.233, 1.137, 103.967, 103.967, 109.65, 109.65, 49.338, 5.1, 5.1, 0.536, 0, 0, 14.1, 0, 14.6, 0, 2.521, 180, 100, 100, 0, 63.467, 1, 0.008, 0.009, 109.88, 46.708, 100, 100, 0, 141, 36.883, 37, 13.233, 1.137, 0, 103.967, 103.967, 109.65, 109.65, 49.338, 0, 0, 5.1, 5.1, 
0.85, , 100.382, 66.52, , , 8.483, 0.977, 65.309, 65.309, 1.335, 203.186, 203.186, 203.186, 31.645, 63.072, , 34.52, 35.24, 7.379, 22.39, 0, 0, 26.095, 26.696, 26.095, 26.696, 1, 49.065, 49.065, 0.025, 0.035, 86.472, 88.477, 86.472, 88.477, 4.945, 7.379, 22.39, , , 1, 0.935, 0.622, 0, 14.6, 2.534, 180, 100, 100, 0, 65.238, 8.628, 9.443, 109.693, 49.783, 100, 100, 0, 36.05, 36.219, 14.9, 1.216, 104.175, 104.175, 109.494, 109.494, 49.726, 5.1, 5.1, 0.622, 0, 0, 14.1, 0, 14.6, 0, 2.534, 180, 100, 100, 0, 65.238, 1, 0.008, 0.01, 109.693, 49.783, 100, 100, 0, 141, 36.05, 36.219, 14.9, 1.216, 0, 104.175, 104.175, 109.494, 109.494, 49.726, 0, 0, 5.1, 5.1, 
0.9, , 100.383, 66.52, , , 9.764, 0.977, 68.865, 68.865, 1.458, 233.579, 233.579, 233.579, 33.752, 60.478, , 34.52, 35.24, 7.379, 22.39, 0, 0, 30.257, 30.955, 30.257, 30.955, 1, 49.522, 49.522, 0.025, 0.035, 93.615, 95.784, 93.615, 95.784, 4.953, 7.379, 22.39, , , 1, 0.986, 0.707, 0, 14.6, 2.546, 180, 100, 100, 0, 67.008, 9.322, 10.358, 109.505, 52.858, 100, 100, 0, 35.217, 35.438, 16.567, 1.296, 104.383, 104.383, 109.338, 109.338, 50.113, 5.1, 5.1, 0.707, 0, 0, 14.1, 0, 14.6, 0, 2.546, 180, 100, 100, 0, 67.008, 1, 0.009, 0.01, 109.505, 52.858, 100, 100, 0, 141, 35.217, 35.438, 16.567, 1.296, 0, 104.383, 104.383, 109.338, 109.338, 50.113, 0, 0, 5.1, 5.1, 
0.95, , 100.383, 66.52, , , 10.895, 0.977, 72.457, 72.457, 1.582, 260.423, 260.423, 260.423, 35.794, 57.884, , 34.52, 35.24, 7.38, 22.39, 0, 0, 34.04, 34.827, 34.04, 34.827, 1, 50.029, 50.029, 0.025, 0.035, 98.948, 101.239, 98.948, 101.239, 4.955, 7.38, 22.39, , , 1, 1.036, 0.759, 0, 14.504, 2.563, 180, 100, 100, 0, 68.55, 10.159, 11.308, 109.4, 57.168, 100, 100, 0, 33.971, 34.244, 19.196, 1.408, 104.133, 104.133, 108.929, 108.906, 50.586, 5.1, 5.1, 0.759, 0, 0, 14.1, 0, 14.504, 0, 2.563, 180, 100, 100, 0, 68.55, 1, 0.01, 0.011, 109.4, 57.168, 100, 100, 0, 141, 33.971, 34.244, 19.196, 1.408, 0, 104.133, 104.133, 108.929, 108.906, 50.586, 0, 0, 5.1, 5.1, 
1, 20.179, 100.384, 66.52, 67.261, , 11.823, 0.977, 76.049, 76.049, 1.706, 282.452, 282.452, 282.452, 37.768, 55.289, , 34.52, 35.24, 7.38, 22.39, 0, 0, 37.304, 38.167, 37.304, 38.167, 1, 50.583, 50.583, 0.025, 0.035, 102.219, 104.586, 102.219, 104.586, 4.942, 7.38, 22.39, , , 1, 1.085, 0.768, 0, 14.285, 2.587, 180, 100, 100, 0, 69.8, 11.179, 12.302, 109.4, 63.049, 100, 100, 0, 32.2, 32.525, 23.05, 1.562, 103.3, 103.3, 108.2, 108.125, 51.168, 5.1, 5.1, 0.768, 0, 0, 14.1, 0, 14.285, 0, 2.587, 180, 100, 100, 0, 69.8, 1, 0.011, 0.012, 109.4, 63.049, 100, 100, 0, 141, 32.2, 32.525, 23.05, 1.562, 0, 103.3, 103.3, 108.2, 108.125, 51.168, 0, 0, 5.1, 5.1, 
1.05, 20.179, 100.384, 66.52, 67.261, , 12.429, 0.977, 79.682, 79.682, 1.83, 296.838, 296.838, 296.838, 39.674, 52.695, , 34.52, 35.24, 7.38, 22.39, 0, 0, 39.632, 40.551, 39.632, 40.551, 1, 51.177, 51.177, 0.025, 0.035, 102.646, 105.02, 102.646, 105.02, 4.93, 7.38, 22.39, , , 1, 1.134, 0.778, 0, 14.066, 2.61, 180, 100, 100, 0, 71.05, 12.198, 13.297, 109.4, 68.93, 100, 100, 0, 30.429, 30.806, 26.904, 1.716, 102.467, 102.467, 107.471, 107.344, 51.751, 5.1, 5.1, 0.778, 0, 0, 14.1, 0, 14.066, 0, 2.61, 180, 100, 100, 0, 71.05, 1, 0.012, 0.013, 109.4, 68.93, 100, 100, 0, 141, 30.429, 30.806, 26.904, 1.716, 0, 102.467, 102.467, 107.471, 107.344, 51.751, 0, 0, 5.1, 5.1, 
1.1, 20.178, 100.384, 66.52, 67.262, , 12.794, 0.977, 83.355, 83.355, 1.954, 305.506, 305.506, 305.506, 41.503, 50.1, , 34.52, 35.24, 7.38, 22.39, 0, 0, 41.261, 42.22, 41.261, 42.22, 1, 51.8, 51.8, 0.025, 0.035, 101.091, 103.43, 101.091, 103.43, 4.917, 7.38, 22.39, , , 1, 1.184, 0.787, 0, 13.848, 2.634, 180, 100, 100, 0, 72.3, 13.218, 14.292, 109.4, 74.812, 100, 100, 0, 28.658, 29.088, 30.758, 1.87, 101.633, 101.633, 106.742, 106.562, 52.333, 5.1, 5.1, 0.787, 0, 0, 14.1, 0, 13.848, 0, 2.634, 180, 100, 100, 0, 72.3, 1, 0.013, 0.014, 109.4, 74.812, 100, 100, 0, 141, 28.658, 29.088, 30.758, 1.87, 0, 101.633, 101.633, 106.742, 106.562, 52.333, 0, 0, 5.1, 5.1, 
1.15, 20.177, 100.385, 66.52, 67.263, , 13.003, 0.977, 87.411, 87.411, 2.078, 310.475, 310.475, 310.475, 43.191, 47.506, , 34.56, 35.2, 7.38, 22.39, 0, 0, 42.491, 43.48, 42.491, 43.48, 1, 52.683, 52.683, 0.025, 0.035, 98.817, 101.103, 98.817, 101.103, 4.905, 7.38, 22.39, , , 1, 1.235, 0.797, 0, 13.629, 2.657, 180, 100, 100, 0, 73.55, 14.238, 15.287, 109.4, 80.693, 100, 100, 0, 26.888, 27.369, 34.612, 2.024, 100.8, 100.8, 106.012, 105.781, 52.915, 5.1, 5.1, 0.797, 0, 0, 14.1, 0, 13.629, 0, 2.657, 180, 100, 100, 0, 73.55, 1, 0.014, 0.015, 109.4, 80.693, 100, 100, 0, 141, 26.888, 27.369, 34.612, 2.024, 0, 100.8, 100.8, 106.012, 105.781, 52.915, 0, 0, 5.1, 5.1, 
1.2, 20.176, 100.385, 66.52, 67.264, , 13.177, 0.977, 93.061, 93.061, 2.201, 314.624, 314.624, 314.624, 43.892, 44.912, , 34.672, 35.088, 7.38, 22.39, 0, 0, 43.832, 44.853, 43.832, 44.853, 1, 53.457, 53.457, 0.025, 0.035, 98.112, 100.383, 98.112, 100.383, 4.896, 7.38, 22.39, , , 1, 1.285, 0.797, 0, 13.397, 2.676, 180, 100, 100, 0, 74, 14.964, 15.88, 109.4, 84.823, 100, 100, 0, 25.705, 26.205, 37.6, 2.138, 99.918, 99.918, 105.423, 105.136, 53.351, 5.1, 5.1, 0.797, 0, 0, 14.1, 0, 13.397, 0, 2.676, 180, 100, 100, 0, 74, 1, 0.015, 0.016, 109.4, 84.823, 100, 100, 0, 141, 25.705, 26.205, 37.6, 2.138, 0, 99.918, 99.918, 105.423, 105.136, 53.351, 0, 0, 5.1, 5.1, 
1.25, 20.176, 100.385, 66.52, 67.264, , 13.248, 0.977, 97.058, 97.058, 2.325, 316.321, 316.321, 316.321, 43.529, 42.317, , 34.784, 34.976, 7.38, 22.39, 0, 0, 44.608, 45.646, 44.608, 45.646, 1, 54.102, 54.102, 0.025, 0.035, 99.867, 102.178, 99.867, 102.178, 4.888, 7.38, 22.39, , , 1, 1.334, 0.793, 0, 13.159, 2.693, 180, 100, 100, 0, 74, 15.524, 16.247, 109.4, 87.969, 100, 100, 0, 24.852, 25.352, 40.1, 2.229, 99.009, 99.009, 104.911, 104.568, 53.705, 5.1, 5.1, 0.793, 0, 0, 14.1, 0, 13.159, 0, 2.693, 180, 100, 100, 0, 74, 1, 0.015, 0.016, 109.4, 87.969, 100, 100, 0, 141, 24.852, 25.352, 40.1, 2.229, 0, 99.009, 99.009, 104.911, 104.568, 53.705, 0, 0, 5.1, 5.1, 
1.3, 20.175, 100.386, 66.52, 67.265, , 13.292, 0.977, 100.95, 100.95, 2.449, 317.395, 317.395, 317.395, 42.441, 39.723, , 34.896, 34.864, 7.38, 22.39, 0, 0, 45.29, 46.342, 45.29, 46.342, 1, 54.75, 54.75, 0.025, 0.035, 103.426, 105.819, 103.426, 105.819, 4.879, 7.38, 22.39, , , 1, 1.384, 0.788, 0, 12.92, 2.71, 180, 100, 100, 0, 74, 16.084, 16.614, 109.4, 91.114, 100, 100, 0, 24, 24.5, 42.6, 2.32, 98.1, 98.1, 104.4, 104, 54.058, 5.1, 5.1, 0.788, 0, 0, 14.1, 0, 12.92, 0, 2.71, 180, 100, 100, 0, 74, 1, 0.016, 0.016, 109.4, 91.114, 100, 100, 0, 141, 24, 24.5, 42.6, 2.32, 0, 98.1, 98.1, 104.4, 104, 54.058, 0, 0, 5.1, 5.1, 
1.35, 20.174, 100.386, 66.52, 67.266, , 13.326, 0.977, 104.841, 104.841, 2.525, 318.201, 318.201, 318.201, 40.604, 51.201, 85.611, 35.008, 34.752, 7.379, 22.39, 0, 0, 45.942, 47.007, 45.942, 47.007, 1, 55.391, 55.391, 0.025, 0.035, 109.087, 111.612, 109.087, 111.612, 4.871, 7.379, 22.39, , , 1, 1.434, 0.783, 0, 12.681, 2.726, 180, 100, 100, 0, 74, 16.644, 16.981, 109.4, 94.259, 100, 100, 0, 23.148, 23.648, 45.1, 2.411, 97.191, 97.191, 103.889, 103.432, 54.411, 5.1, 5.1, 0.783, 0, 0, 14.1, 0, 12.681, 0, 2.726, 180, 100, 100, 0, 74, 1, 0.017, 0.017, 109.4, 94.259, 100, 100, 0, 141, 23.148, 23.648, 45.1, 2.411, 0, 97.191, 97.191, 103.889, 103.432, 54.411, 0, 0, 5.1, 5.1, 
1.4, 20.173, 100.387, 66.52, 67.267, , 13.353, 0.977, 108.779, 108.779, 2.431, 318.868, 318.868, 318.868, 37.993, 57.009, 79.049, 35.099, 34.953, 7.379, 22.365, 0, 0, 46.578, 47.657, 46.578, 47.657, 1, 56.037, 56.037, 0.025, 0.035, 116.774, 119.477, 116.774, 119.477, 4.888, 7.379, 22.365, , , 1, 1.484, 0.752, 0, 12.5, 2.751, 180, 100, 100, 0, 74, 17.122, 17.409, 109.4, 96.898, 100, 100, 0, 22.548, 23.024, 48.872, 2.548, 96.8, 96.8, 103.944, 103.468, 54.934, 5.1, 5.1, 0.752, 0, 0, 14.095, 0, 12.5, 0, 2.751, 180, 100, 100, 0, 74, 1, 0.017, 0.017, 109.4, 96.898, 100, 100, 0, 141, 22.548, 23.024, 48.872, 2.548, 0, 96.8, 96.8, 103.944, 103.468, 54.934, 0, 0, 5.1, 5.1, 
1.45, 20.173, 100.387, 66.52, 67.267, , 13.381, 0.977, 112.817, 112.817, 2.298, 319.554, 319.554, 319.554, 35.302, 58.572, 72.487, 35.171, 35.421, 7.378, 22.24, 0, 0, 47.219, 48.311, 47.219, 48.311, 1, 56.686, 56.686, 0.025, 0.035, 126.145, 129.067, 126.145, 129.067, 4.904, 7.378, 22.24, , , 1, 1.535, 0.636, 0, 12.5, 2.803, 180, 100, 100, 0, 74, 17.34, 18.029, 109.4, 97.93, 100, 100, 0, 22.748, 23.124, 56.672, 2.831, 98.05, 98.05, 105.794, 105.418, 55.991, 5.1, 5.1, 0.636, 0, 0, 14.075, 0, 12.5, 0, 2.803, 180, 100, 100, 0, 74, 1, 0.017, 0.018, 109.4, 97.93, 100, 100, 0, 141, 22.748, 23.124, 56.672, 2.831, 0, 98.05, 98.05, 105.794, 105.418, 55.991, 0, 0, 5.1, 5.1, 
1.5, 20.172, 100.387, 66.52, 67.268, , 13.437, 0.977, 116.914, 116.914, 2.164, 320.89, 320.89, 320.89, 32.634, 60.136, 65.924, 35.243, 35.889, 7.378, 22.088, 0, 0, 47.966, 49.075, 47.966, 49.075, 1, 57.339, 57.339, 0.025, 0.035, 137.237, 140.417, 137.237, 140.417, 4.92, 7.378, 22.088, , , 1, 1.585, 0.52, 0, 12.5, 2.854, 180, 100, 100, 0, 74, 17.558, 18.649, 109.4, 98.962, 100, 100, 0, 22.948, 23.224, 64.472, 3.114, 99.3, 99.3, 107.644, 107.368, 57.048, 5.1, 5.1, 0.52, 0, 0, 14.055, 0, 12.5, 0, 2.854, 180, 100, 100, 0, 74, 1, 0.017, 0.019, 109.4, 98.962, 100, 100, 0, 141, 22.948, 23.224, 64.472, 3.114, 0, 99.3, 99.3, 107.644, 107.368, 57.048, 0, 0, 5.1, 5.1, 
1.55, 20.171, 100.388, 66.52, 67.269, , 13.493, 0.977, 121.01, 121.01, 2.031, 322.232, 322.232, 322.232, 30.013, 61.699, 59.362, 35.315, 36.357, 7.377, 21.812, 0, 0, 48.719, 49.845, 48.719, 49.845, 1, 57.997, 57.997, 0.025, 0.035, 150.174, 153.654, 150.174, 153.654, 4.937, 7.377, 21.812, , , 1, 1.635, 0.404, 0, 12.5, 2.906, 180, 100, 100, 0, 74, 17.776, 19.269, 109.4, 99.994, 100, 100, 0, 23.148, 23.324, 72.272, 3.397, 100.55, 100.55, 109.494, 109.318, 58.105, 5.1, 5.1, 0.404, 0, 0, 14.035, 0, 12.5, 0, 2.906, 180, 100, 100, 0, 74, 1, 0.018, 0.019, 109.4, 99.994, 100, 100, 0, 141, 23.148, 23.324, 72.272, 3.397, 0, 100.55, 100.55, 109.494, 109.318, 58.105, 0, 0, 5.1, 5.1, 
1.6, 20.17, 100.388, 66.52, 67.27, , 13.547, 0.977, 125.173, 125.173, 1.897, 323.53, 323.53, 323.53, 27.454, 63.262, 52.8, 35.387, 36.825, 7.377, 21.508, 0, 0, 49.467, 50.611, 49.467, 50.611, 1, 58.657, 58.657, 0.025, 0.035, 165.273, 169.103, 165.273, 169.103, 4.968, 7.377, 21.508, , , 1, 1.685, 0.288, 0, 12.5, 2.957, 180, 100, 100, 0, 74, 17.994, 19.889, 109.4, 101.026, 100, 100, 0, 23.348, 23.424, 80.072, 3.68, 101.8, 101.8, 111.344, 111.268, 59.162, 5.1, 5.1, 0.288, 0, 0, 14.015, 0, 12.5, 0, 2.957, 180, 100, 100, 0, 74, 1, 0.018, 0.02, 109.4, 101.026, 100, 100, 0, 141, 23.348, 23.424, 80.072, 3.68, 0, 101.8, 101.8, 111.344, 111.268, 59.162, 0, 0, 5.1, 5.1, 
1.65, 20.169, 100.388, 66.52, 67.271, , 13.614, 0.977, 129.401, 129.401, 1.764, 325.127, 325.127, 325.127, 24.956, 64.825, 46.237, 35.439, 36.884, 7.377, 21.062, 0, 0, 50.276, 51.439, 50.276, 51.439, 1, 59.319, 59.319, 0.025, 0.035, 183.545, 187.797, 183.545, 187.797, 5.003, 7.377, 21.062, , , 1, 1.734, 0.198, 0, 12.5, 3.001, 180, 100, 100, 0, 74, 18.158, 20.336, 109.4, 101.829, 100, 100, 0, 23.526, 23.5, 86.727, 3.923, 102.815, 102.815, 112.841, 112.841, 60.045, 5.1, 5.1, 0.198, 0, 0, 14, 0, 12.5, 0, 3.001, 180, 100, 100, 0, 74, 1, 0.018, 0.02, 109.4, 101.829, 100, 100, 0, 141, 23.526, 23.5, 86.727, 3.923, 0, 102.815, 102.815, 112.841, 112.841, 60.045, 0, 0, 5.1, 5.1, 
1.7, 20.169, 100.389, 66.52, 67.271, , 13.679, 0.977, 133.647, 133.647, 1.63, 326.696, 326.696, 326.696, 22.48, 66.388, 58.895, 35.475, 36.596, 7.377, 20.625, 0, 0, 51.083, 52.265, 51.083, 52.265, 1, 59.992, 59.992, 0.025, 0.035, 205.38, 210.138, 205.38, 210.138, 5.039, 7.377, 20.625, , , 1, 1.784, 0.189, 0, 12.5, 3.021, 180, 100, 100, 0, 74, 18.152, 20.234, 109.4, 101.909, 100, 100, 0, 23.634, 23.5, 89.758, 4.038, 103.084, 103.084, 113.218, 113.218, 60.381, 5.1, 5.1, 0.189, 0, 0, 14, 0, 12.5, 0, 3.021, 180, 100, 100, 0, 74, 1, 0.018, 0.02, 109.4, 101.909, 100, 100, 0, 141, 23.634, 23.5, 89.758, 4.038, 0, 103.085, 103.084, 113.218, 113.218, 60.381, 0, 0, 5.1, 5.1, 
1.75, 20.168, 100.389, 66.52, 67.272, , 13.769, 0.977, 137.938, 137.938, 1.497, 328.849, 328.849, 328.849, 20.109, 67.951, 60.7, 35.511, 36.308, 7.378, 20.244, 0, 0, 51.997, 53.2, 51.997, 53.2, 1, 60.651, 60.651, 0.025, 0.035, 233.004, 238.401, 233.004, 238.401, 5.075, 7.378, 20.244, , , 1, 1.834, 0.181, 0, 12.5, 3.041, 180, 100, 100, 0, 74, 18.146, 20.133, 109.4, 101.989, 100, 100, 0, 23.741, 23.5, 92.788, 4.153, 103.353, 103.353, 113.595, 113.595, 60.716, 5.1, 5.1, 0.181, 0, 0, 14, 0, 12.5, 0, 3.041, 180, 100, 100, 0, 74, 1, 0.018, 0.02, 109.4, 101.989, 100, 100, 0, 141, 23.741, 23.5, 92.788, 4.153, 0, 103.356, 103.353, 113.595, 113.595, 60.716, 0, 0, 5.1, 5.1, 
1.8, 20.167, 100.39, 66.52, 67.273, , 13.87, 0.977, 142.303, 142.303, 1.364, 331.248, 331.248, 331.248, 17.741, 69.515, 61.742, 35.547, 36.02, 7.378, 19.869, 0, 0, 52.961, 54.187, 52.961, 54.187, 1, 61.332, 61.332, 0.025, 0.035, 268.144, 274.355, 268.144, 274.355, 5.094, 7.378, 19.869, , , 1, 1.884, 0.172, 0, 12.5, 3.061, 180, 100, 100, 0, 74, 18.139, 20.032, 109.4, 102.069, 100, 100, 0, 23.849, 23.5, 95.818, 4.269, 103.623, 103.623, 113.972, 113.972, 61.051, 5.1, 5.1, 0.172, 0, 0, 14, 0, 12.5, 0, 3.061, 180, 100, 100, 0, 74, 1, 0.018, 0.02, 109.4, 102.069, 100, 100, 0, 141, 23.849, 23.5, 95.818, 4.269, 0, 103.627, 103.623, 113.972, 113.972, 61.051, 0, 0, 5.1, 5.1, 
1.85, 20.166, 100.39, 66.52, 67.274, , 13.985, 0.977, 146.746, 146.746, 1.23, 334.001, 334.001, 334.001, 15.451, 71.078, 62.783, 35.583, 35.732, 7.379, 19.543, 0, 0, 53.994, 55.244, 53.994, 55.244, 1, 62.01, 62.01, 0.025, 0.035, 314.26, 321.539, 314.26, 321.539, 5.108, 7.379, 19.543, , , 1, 1.934, 0.163, 0, 12.5, 3.08, 180, 100, 100, 0, 74, 18.133, 19.931, 109.4, 102.15, 100, 100, 0, 23.957, 23.5, 98.848, 4.384, 103.892, 103.892, 114.349, 114.349, 61.386, 5.1, 5.1, 0.163, 0, 0, 14, 0, 12.5, 0, 3.08, 180, 100, 100, 0, 74, 1, 0.018, 0.02, 109.4, 102.15, 100, 100, 0, 141, 23.957, 23.5, 98.848, 4.384, 0, 103.897, 103.892, 114.349, 114.349, 61.386, 0, 0, 5.1, 5.1, 
1.9, 20.166, 100.39, 66.52, 67.274, , 14.127, 0.977, 151.236, 151.236, 1.097, 337.378, 337.378, 337.378, 13.194, 72.641, 63.825, 35.678, 35.794, 7.379, 19.225, 0, 0, 55.147, 56.424, 55.147, 56.424, 1, 62.699, 62.699, 0.025, 0.035, 378.9, 387.676, 378.9, 387.676, 5.122, 7.379, 19.225, , , 1, 1.984, 0.152, 0, 12.5, 3.109, 180.026, 100, 100, 0, 74, 18.152, 19.911, 109.265, 102.19, 100, 100, 0, 24.05, 23.563, 100, 4.43, 104.176, 104.163, 114.663, 114.663, 62.065, 5.1, 5.1, 0.152, 0, 0, 14, 0, 12.5, 0, 3.109, 180.026, 100, 100, 0, 74, 1, 0.018, 0.02, 109.265, 102.19, 100, 100, 0, 141, 24.05, 23.563, 100, 4.43, 0, 104.181, 104.163, 114.663, 114.663, 62.065, 0, 0, 5.1, 5.1, 
1.95, 20.165, 100.389, 66.52, 67.275, , 14.259, 0.977, 155.726, 155.726, 0.963, 340.524, 340.524, 340.524, 11, 74.204, 64.867, 35.822, 36.154, 7.38, 18.994, 0, 0, 56.277, 57.58, 56.277, 57.58, 1, 63.39, 63.39, 0.025, 0.035, 473.761, 484.734, 473.761, 484.734, 5.135, 7.38, 18.994, , , 1, 2.034, 0.138, 0, 12.5, 3.143, 180.068, 100, 100, 0, 74, 18.19, 19.946, 109.039, 102.205, 100, 100, 0, 24.134, 23.667, 100, 4.43, 104.468, 104.435, 114.935, 114.935, 62.974, 5.1, 5.1, 0.138, 0, 0, 14, 0, 12.5, 0, 3.143, 180.068, 100, 100, 0, 74, 1, 0.018, 0.02, 109.039, 102.205, 100, 100, 0, 141, 24.134, 23.667, 100, 4.43, 0, 104.473, 104.435, 114.935, 114.935, 62.974, 0, 0, 5.1, 5.1, 
2, 20.164, 100.389, 66.52, 67.276, , 14.401, 0.977, 160.274, 160.274, 0.83, 343.914, 343.914, 343.914, 8.846, 75.767, 65.908, 35.966, 36.514, 7.38, 18.762, 0, 0, 57.465, 58.797, 57.465, 58.797, 1, 64.09, 64.09, 0.025, 0.035, 635.524, 650.245, 635.524, 650.245, 5.152, 7.38, 18.762, , , 1, 2.084, 0.125, 0, 12.5, 3.177, 180.109, 100, 100, 0, 74, 18.227, 19.98, 108.813, 102.22, 100, 100, 0, 24.217, 23.772, 100, 4.43, 104.761, 104.707, 115.207, 115.207, 63.882, 5.1, 5.1, 0.125, 0, 0, 14, 0, 12.5, 0, 3.177, 180.109, 100, 100, 0, 74, 1, 0.018, 0.02, 108.813, 102.22, 100, 100, 0, 141, 24.217, 23.772, 100, 4.43, 0, 104.765, 104.707, 115.207, 115.207, 63.882, 0, 0, 5.1, 5.1, 
2.05, 20.163, 100.388, 66.52, 67.277, , 14.556, 0.977, 164.944, 164.944, 0.696, 347.596, 347.596, 347.596, 6.717, 77.33, 66.95, 36.11, 36.874, 7.38, 18.519, 0, 0, 58.724, 60.085, 58.724, 60.085, 1, 64.805, 64.805, 0.025, 0.035, 1020.272, 1043.904, 1020.272, 1043.904, 5.17, 7.38, 18.519, , , 1, 2.134, 0.112, 0, 12.5, 3.211, 180.151, 100, 100, 0, 74, 18.264, 20.015, 108.587, 102.236, 100, 100, 0, 24.301, 23.876, 100, 4.43, 105.054, 104.978, 115.478, 115.478, 64.79, 5.1, 5.1, 0.112, 0, 0, 14, 0, 12.5, 0, 3.211, 180.151, 100, 100, 0, 74, 1, 0.018, 0.02, 108.587, 102.236, 100, 100, 0, 141, 24.301, 23.876, 100, 4.43, 0, 105.058, 104.978, 115.478, 115.478, 64.79, 0, 0, 5.1, 5.1, 
2.1, 20.163, 100.388, 66.52, 67.277, , 14.695, 0.977, 170.362, 170.362, 0.563, 350.928, 350.928, 350.928, 4.65, 78.893, 67.991, 36.254, 37.234, 7.38, 18.281, 0, 0, 60.047, 61.439, 60.047, 61.439, 1, 65.519, 65.519, 0.025, 0.035, 1645.343, 1683.454, 1645.343, 1683.454, 5.189, 7.38, 18.281, , , 1, 2.184, 0.098, 0, 12.5, 3.245, 180.193, 100, 100, 0, 74, 18.301, 20.05, 108.362, 102.251, 100, 100, 0, 24.385, 23.981, 100, 4.43, 105.346, 105.25, 115.75, 115.75, 65.699, 5.1, 5.1, 0.098, 0, 0, 14, 0, 12.5, 0, 3.245, 180.193, 100, 100, 0, 74, 1, 0.018, 0.02, 108.362, 102.251, 100, 100, 0, 141, 24.385, 23.981, 100, 4.43, 0, 105.35, 105.25, 115.75, 115.75, 65.699, 0, 0, 5.1, 5.1, 
2.15, 20.162, 100.388, 66.52, 67.278, , 14.859, 0.977, 176.65, 176.65, 0.43, 354.846, 354.846, 354.846, 3.921, 80.457, 69.033, 36.301, 37.167, 7.38, 18.182, 0, 0, 61.604, 63.032, 61.604, 63.032, 1, 66.523, 66.523, 0.025, 0.035, 1958.497, 2003.863, 1958.497, 2003.863, 5.207, 7.38, 18.182, , , 1, 2.234, 0.085, 0, 12.5, 3.278, 180.235, 100, 100, 0, 74, 18.338, 20.084, 108.136, 102.267, 100, 100, 0, 24.468, 24.085, 100, 4.43, 105.639, 105.522, 116.022, 116.022, 66.607, 5.1, 5.1, 0.085, 0, 0, 14, 0, 12.5, 0, 3.278, 180.235, 100, 100, 0, 74, 1, 0.018, 0.02, 108.136, 102.267, 100, 100, 0, 141, 24.468, 24.085, 100, 4.43, 0, 105.642, 105.522, 116.022, 116.022, 66.607, 0, 0, 5.1, 5.1, 
2.2, 20.161, 100.387, 66.52, 67.279, , 14.959, 0.977, 181.415, 181.415, 0.296, 357.228, 357.228, 357.228, 4.441, 82.02, 70.075, 36.265, 36.735, 7.38, 18.087, 0, 0, 62.69, 64.142, 62.69, 64.142, 1, 67.319, 67.319, 0.025, 0.035, 1920.142, 1964.62, 1920.142, 1964.62, 5.226, 7.38, 18.087, , , 1, 2.284, 0.072, 0, 12.5, 3.312, 180.276, 100, 100, 0, 74, 18.376, 20.119, 107.91, 102.282, 100, 100, 0, 24.552, 24.19, 100, 4.43, 105.931, 105.793, 116.293, 116.293, 67.516, 5.1, 5.1, 0.072, 0, 0, 14, 0, 12.5, 0, 3.312, 180.276, 100, 100, 0, 74, 1, 0.018, 0.02, 107.91, 102.282, 100, 100, 0, 141, 24.552, 24.19, 100, 4.43, 0, 105.934, 105.793, 116.293, 116.293, 67.516, 0, 0, 5.1, 5.1, 
2.25, 20.16, 100.387, 66.52, 67.28, , 15.074, 0.977, 186.216, 186.216, 0.163, 359.99, 359.99, 359.99, 5.964, 83.583, 71.116, 36.229, 36.303, 7.38, 18.148, 0, 0, 63.853, 65.333, 63.853, 65.333, 1, 68.043, 68.043, 0.025, 0.035, 1790.639, 1832.117, 1790.639, 1832.117, 5.245, 7.38, 18.148, , , 1, 2.334, 0.058, 0, 12.5, 3.346, 180.318, 100, 100, 0, 74, 18.413, 20.154, 107.684, 102.298, 100, 100, 0, 24.635, 24.294, 100, 4.43, 106.224, 106.065, 116.565, 116.565, 68.424, 5.1, 5.1, 0.058, 0, 0, 14, 0, 12.5, 0, 3.346, 180.318, 100, 100, 0, 74, 1, 0.018, 0.02, 107.684, 102.298, 100, 100, 0, 141, 24.635, 24.294, 100, 4.43, 0, 106.226, 106.065, 116.565, 116.565, 68.424, 0, 0, 5.1, 5.1, 
2.3, 20.159, 100.387, 66.52, 67.28, , 15.136, 0.977, 191.122, 191.122, 0.029, 361.477, 361.477, 361.477, 8.511, 85.146, 72.158, 36.193, 35.871, 7.38, 18.21, 0, 0, 64.811, 66.313, 64.811, 66.313, 1, 68.787, 68.787, 0.025, 0.035, 1406.526, 1439.107, 1406.526, 1439.107, 5.264, 7.38, 18.21, , , 1, 2.384, 0.045, 0, 12.5, 3.38, 180.36, 100, 100, 0, 74, 18.45, 20.188, 107.459, 102.313, 100, 100, 0, 24.719, 24.399, 100, 4.43, 106.517, 106.337, 116.837, 116.837, 69.333, 5.1, 5.1, 0.045, 0, 0, 14, 0, 12.5, 0, 3.38, 180.36, 100, 100, 0, 74, 1, 0.018, 0.02, 107.459, 102.313, 100, 100, 0, 141, 24.719, 24.399, 100, 4.43, 0, 106.518, 106.337, 116.837, 116.837, 69.333, 0, 0, 5.1, 5.1, 
2.35, 20.158, 100.386, 66.52, 67.28, , 15.226, 0.977, 196.09, 196.09, 0.212, 363.622, 363.622, 363.622, 11.971, 83.766, 73.2, 36.157, 35.439, 7.38, 18.33, 0, 0, 65.897, 67.424, 65.897, 67.424, 1, 69.517, 69.517, 0.025, 0.035, 767.19, 784.962, 767.19, 784.962, 5.283, 7.38, 18.33, , , 1, 2.435, 0.032, 0, 12.5, 3.414, 180.402, 100, 100, 0, 74, 18.487, 20.223, 107.233, 102.329, 100, 100, 0, 24.803, 24.503, 100, 4.43, 106.809, 106.609, 117.109, 117.109, 70.241, 5.1, 5.1, 0.032, 0, 0, 14, 0, 12.5, 0, 3.414, 180.402, 100, 100, 0, 74, 1, 0.018, 0.02, 107.233, 102.329, 100, 100, 0, 141, 24.803, 24.503, 100, 4.43, 0, 106.811, 106.609, 117.109, 117.109, 70.241, 0, 0, 5.1, 5.1, 
2.4, 20.157, 100.386, 66.52, 67.28, , 15.264, 0.977, 201.058, 201.058, 0.484, 364.533, 364.533, 364.533, 15.664, 81.557, 74.241, 36.062, 35.162, 7.379, 18.45, 0, 0, 66.763, 68.31, 66.763, 68.31, 1, 70.271, 70.271, 0.025, 0.035, 389.642, 398.668, 389.642, 398.668, 5.306, 7.379, 18.45, , , 1, 2.485, 0.018, 0, 12.5, 3.448, 180.443, 100, 100, 0, 74, 18.524, 20.258, 107.007, 102.344, 100, 100, 0, 24.886, 24.608, 100, 4.43, 107.102, 106.88, 117.38, 117.38, 71.15, 5.1, 5.1, 0.018, 0, 0, 14, 0, 12.5, 0, 3.448, 180.443, 100, 100, 0, 74, 1, 0.018, 0.02, 107.007, 102.344, 100, 100, 0, 141, 24.886, 24.608, 100, 4.43, 0, 107.103, 106.88, 117.38, 117.38, 71.15, 0, 0, 5.1, 5.1, 
2.45, 20.156, 100.385, 66.52, 67.28, , 15.348, 0.977, 206.089, 206.089, 0.757, 366.55, 366.55, 366.55, 19.191, 79.347, 75.283, 35.918, 35.018, 7.379, 18.444, 0, 0, 67.841, 69.413, 67.841, 69.413, 1, 71.006, 71.006, 0.025, 0.035, 291.01, 297.752, 291.01, 297.752, 5.341, 7.379, 18.444, , , 1, 2.535, 0.005, 0, 12.5, 3.482, 180.485, 100, 100, 0, 74, 18.562, 20.293, 106.781, 102.359, 100, 100, 0, 24.97, 24.712, 100, 4.43, 107.395, 107.152, 117.652, 117.652, 72.058, 5.1, 5.1, 0.005, 0, 0, 14, 0, 12.5, 0, 3.482, 180.485, 100, 100, 0, 74, 1, 0.018, 0.02, 106.781, 102.359, 100, 100, 0, 141, 24.97, 24.712, 100, 4.43, 0, 107.395, 107.152, 117.652, 117.652, 72.058, 0, 0, 5.1, 5.1, 
2.5, 20.155, 100.385, 66.52, 67.28, , 15.381, 0.977, 211.239, 211.239, 1.029, 367.356, 367.356, 367.356, 22.683, 77.137, 76.325, 35.774, 34.874, 7.378, 18.435, 0, 0, 68.714, 70.307, 68.714, 70.307, 1, 71.756, 71.756, 0.025, 0.035, 236.625, 242.107, 236.625, 242.107, 5.376, 7.378, 18.435, , , 1, 2.585, 0, 0, 12.5, 3.539, 180.567, 100, 100, 0, 74, 18.648, 20.38, 106.46, 102.316, 100, 100, 0, 25.2, 24.983, 100, 4.429, 108, 107.75, 118.217, 118.217, 72.882, 5.1, 5.1, 0, 0, 0, 14, 0, 12.5, 0, 3.539, 180.567, 100, 100, 0, 74, 1, 0.019, 0.021, 106.46, 102.316, 100, 100, 0, 141, 25.2, 24.983, 100, 4.429, 0, 108, 107.75, 118.217, 118.217, 72.882, 0, 0, 5.1, 5.1, 
2.55, 20.154, 100.385, 66.52, 67.28, , 15.464, 0.977, 216.428, 216.428, 1.301, 369.352, 369.352, 369.352, 26.123, 74.928, 77.366, 35.63, 34.73, 7.378, 18.207, 0, 0, 69.82, 71.438, 69.82, 71.438, 1, 72.513, 72.513, 0.025, 0.035, 201.952, 206.632, 201.952, 206.632, 5.411, 7.378, 18.207, , , 1, 2.635, 0, 0, 12.5, 3.609, 180.671, 100, 100, 0, 74, 18.761, 20.496, 106.085, 102.239, 100, 100, 0, 25.512, 25.348, 100, 4.427, 108.781, 108.531, 118.946, 118.946, 73.659, 5.1, 5.1, 0, 0, 0, 14, 0, 12.5, 0, 3.609, 180.671, 100, 100, 0, 74, 1, 0.019, 0.021, 106.085, 102.239, 100, 100, 0, 141, 25.512, 25.348, 100, 4.427, 0, 108.781, 108.531, 118.946, 118.946, 73.659, 0, 0, 5.1, 5.1, 
2.6, 20.153, 100.384, 66.52, 67.28, , 15.491, 0.977, 221.617, 221.617, 1.573, 369.999, 369.999, 369.999, 29.395, 72.718, 78.408, 35.486, 34.586, 7.377, 17.969, 0, 0, 70.67, 72.306, 70.67, 72.306, 1, 73.271, 73.271, 0.025, 0.035, 176.877, 180.976, 176.877, 180.976, 5.446, 7.377, 17.969, , , 1, 2.685, 0, 0, 12.5, 3.679, 180.775, 100, 100, 0, 74, 18.875, 20.613, 105.71, 102.162, 100, 100, 0, 25.825, 25.712, 100, 4.424, 109.562, 109.312, 119.675, 119.675, 74.436, 5.1, 5.1, 0, 0, 0, 14, 0, 12.5, 0, 3.679, 180.775, 100, 100, 0, 74, 1, 0.019, 0.021, 105.71, 102.162, 100, 100, 0, 141, 25.825, 25.712, 100, 4.424, 0, 109.562, 109.312, 119.675, 119.675, 74.436, 0, 0, 5.1, 5.1, 
2.65, 20.151, 100.384, 66.52, 67.28, , 15.564, 0.977, 226.92, 226.92, 1.845, 371.76, 371.76, 371.76, 32.109, 70.508, 79.45, 35.381, 34.637, 7.377, 17.763, 0, 0, 71.745, 73.405, 71.745, 73.405, 1, 74.035, 74.035, 0.025, 0.035, 160.836, 164.562, 160.836, 164.562, 5.495, 7.377, 17.763, , , 1, 2.735, 0, 0, 12.5, 3.748, 180.879, 100, 100, 0, 74, 18.988, 20.73, 105.335, 102.084, 100, 100, 0, 26.138, 26.077, 100, 4.422, 110.344, 110.094, 120.404, 120.404, 75.214, 5.1, 5.1, 0, 0, 0, 14, 0, 12.5, 0, 3.748, 180.879, 100, 100, 0, 74, 1, 0.019, 0.021, 105.335, 102.084, 100, 100, 0, 141, 26.138, 26.077, 100, 4.422, 0, 110.344, 110.094, 120.404, 120.404, 75.214, 0, 0, 5.1, 5.1, 
2.7, 20.15, 100.384, 66.52, 67.28, , 15.6, 0.977, 232.226, 232.226, 2.117, 372.642, 372.642, 372.642, 33.968, 68.298, 80.491, 35.309, 34.853, 7.377, 17.558, 0, 0, 72.649, 74.329, 72.649, 74.329, 1, 74.795, 74.795, 0.025, 0.035, 151.118, 154.619, 151.118, 154.619, 5.545, 7.377, 17.558, , , 1, 2.785, 0, 0, 12.5, 3.818, 180.983, 100, 100, 0, 74, 19.102, 20.846, 104.96, 102.007, 100, 100, 0, 26.45, 26.442, 100, 4.42, 111.125, 110.875, 121.133, 121.133, 75.991, 5.1, 5.1, 0, 0, 0, 14, 0, 12.5, 0, 3.818, 180.983, 100, 100, 0, 74, 1, 0.019, 0.021, 104.96, 102.007, 100, 100, 0, 141, 26.45, 26.442, 100, 4.42, 0, 111.125, 110.875, 121.133, 121.133, 75.991, 0, 0, 5.1, 5.1, 
2.75, 20.149, 100.383, 66.52, 67.28, , 15.633, 0.977, 237.573, 237.573, 2.389, 373.434, 373.434, 373.434, 35.005, 66.089, 81.533, 35.237, 35.069, 7.377, 17.545, 0, 0, 73.541, 75.241, 73.541, 75.241, 1, 75.561, 75.561, 0.025, 0.034, 146.393, 149.783, 146.393, 149.783, 5.596, 7.377, 17.545, , , 1, 2.835, 0, 0, 12.5, 3.848, 181, 100, 100, 0, 74, 19.154, 20.906, 104.728, 101.96, 100, 100, 0, 26.595, 26.595, 100, 4.418, 111.489, 111.286, 121.489, 121.489, 76.412, 5.1, 5.1, 0, 0, 0, 14, 0, 12.5, 0, 3.848, 181, 100, 100, 0, 74, 1, 0.019, 0.021, 104.728, 101.96, 100, 100, 0, 141, 26.595, 26.595, 100, 4.418, 0, 111.489, 111.286, 121.489, 121.489, 76.412, 0, 0, 5.1, 5.1, 
2.8, 20.148, 100.383, 66.52, 67.28, , 15.672, 0.977, 243.003, 243.003, 2.661, 374.38, 374.38, 374.38, 35.183, 63.879, 82.574, 35.165, 35.285, 7.377, 17.549, 0, 0, 74.478, 76.2, 74.478, 76.2, 1, 76.327, 76.327, 0.025, 0.034, 146.016, 149.397, 146.016, 149.397, 5.646, 7.377, 17.549, , , 1, 2.885, 0, 0, 12.5, 3.87, 181, 100, 100, 0, 74, 19.195, 20.955, 104.524, 101.918, 100, 100, 0, 26.709, 26.709, 100, 4.416, 111.773, 111.627, 121.773, 121.773, 76.765, 5.1, 5.1, 0, 0, 0, 14, 0, 12.5, 0, 3.87, 181, 100, 100, 0, 74, 1, 0.019, 0.021, 104.524, 101.917, 100, 100, 0, 141, 26.709, 26.709, 100, 4.416, 0, 111.773, 111.627, 121.773, 121.773, 76.765, 0, 0, 5.1, 5.1, 
2.85, 20.147, 100.382, 66.52, 67.28, , 15.688, 0.977, 248.511, 248.511, 2.794, 374.784, 374.784, 374.784, 34.515, 62.8, 83.616, 35.093, 35.501, 7.377, 17.858, 0, 0, 75.304, 77.046, 75.304, 77.046, 1, 77.087, 77.087, 0.025, 0.034, 149.084, 152.535, 149.084, 152.535, 5.693, 7.377, 17.858, , , 1, 2.935, 0, 0, 12.5, 3.892, 181, 100, 100, 0, 74, 19.236, 21.004, 104.319, 101.876, 100, 100, 0, 26.823, 26.823, 100, 4.414, 112.057, 111.968, 122.057, 122.057, 77.119, 5.1, 5.1, 0, 0, 0, 14, 0, 12.5, 0, 3.892, 181, 100, 100, 0, 74, 1, 0.019, 0.021, 104.319, 101.875, 100, 100, 0, 141, 26.823, 26.823, 100, 4.414, 0, 112.057, 111.968, 122.057, 122.057, 77.119, 0, 0, 5.1, 5.1, 
2.9, 20.146, 100.382, 66.52, 67.28, , 15.682, 0.977, 254.07, 254.07, 2.775, 374.668, 374.668, 374.668, 33.466, 62.945, 84.658, 35.099, 35.542, 7.377, 18.201, 0, 0, 76.025, 77.784, 76.025, 77.784, 1, 77.856, 77.856, 0.025, 0.034, 153.562, 157.118, 153.562, 157.118, 5.739, 7.377, 18.201, , , 1, 2.985, 0, 0, 12.5, 3.914, 181, 100, 100, 0, 74, 19.277, 21.053, 104.115, 101.834, 100, 100, 0, 26.936, 26.936, 100, 4.411, 112.341, 112.309, 122.341, 122.341, 77.472, 5.1, 5.1, 0, 0, 0, 14, 0, 12.5, 0, 3.914, 181, 100, 100, 0, 74, 1, 0.019, 0.021, 104.115, 101.833, 100, 100, 0, 141, 26.936, 26.936, 100, 4.411, 0, 112.341, 112.309, 122.341, 122.341, 77.472, 0, 0, 5.1, 5.1, 
2.95, 20.145, 100.382, 66.52, 67.28, , 15.712, 0.977, 260.019, 260.019, 2.756, 375.403, 375.403, 375.403, 32.435, 63.091, 85.699, 35.171, 35.434, 7.377, 18.658, 0, 0, 76.97, 78.751, 76.97, 78.751, 1, 78.625, 78.625, 0.025, 0.034, 159.058, 162.742, 159.058, 162.742, 5.784, 7.377, 18.658, , , 1, 3.035, 0, 0, 12.5, 3.933, 181, 100, 100, 0, 74, 19.303, 21.084, 104, 101.796, 100, 100, 0, 27, 27, 100, 4.411, 112.537, 112.537, 122.555, 122.555, 78.034, 5.1, 5.1, 0, 0, 0, 14, 0, 12.5, 0, 3.933, 181, 100, 100, 0, 74, 1, 0.019, 0.021, 104, 101.796, 100, 100, 0, 141, 27, 27, 100, 4.411, 0, 112.537, 112.537, 122.555, 122.555, 78.034, 0, 0, 5.1, 5.1, 
3, 20.143, 100.381, 66.52, 67.28, , 15.717, 0.977, 267.708, 267.708, 2.737, 375.544, 375.544, 375.544, 31.09, 63.236, 86.741, 35.243, 35.326, 7.377, 19.131, 0, 0, 78.016, 79.823, 78.016, 79.823, 1, 79.656, 79.656, 0.025, 0.034, 166.165, 170.015, 166.165, 170.015, 5.83, 7.377, 19.131, , , 1, 3.085, 0, 0, 12.5, 3.948, 181, 100, 100, 0, 74, 19.31, 21.092, 104, 101.766, 100, 100, 0, 27, 27, 100, 4.412, 112.62, 112.62, 122.68, 122.68, 78.863, 5.1, 5.1, 0, 0, 0, 14, 0, 12.5, 0, 3.948, 181, 100, 100, 0, 74, 1, 0.019, 0.021, 104, 101.765, 100, 100, 0, 141, 27, 27, 100, 4.412, 0, 112.62, 112.62, 122.68, 122.68, 78.863, 0, 0, 5.1, 5.1, 
3.05, 20.142, 100.381, 66.52, 67.28, , 15.707, 0.977, 273.48, 273.48, 2.718, 375.332, 375.332, 375.332, 30.045, 63.381, 87.783, 35.315, 35.218, 7.377, 19.635, 0, 0, 78.729, 80.552, 78.729, 80.552, 1, 80.472, 80.472, 0.025, 0.034, 171.541, 175.516, 171.541, 175.516, 5.865, 7.377, 19.635, , , 1, 3.134, 0, 0, 12.5, 3.964, 181, 100, 100, 0, 74, 19.316, 21.1, 104, 101.735, 100, 100, 0, 27, 27, 100, 4.414, 112.703, 112.703, 122.805, 122.805, 79.691, 5.1, 5.1, 0, 0, 0, 14, 0, 12.5, 0, 3.964, 181, 100, 100, 0, 74, 1, 0.019, 0.021, 104, 101.734, 100, 100, 0, 141, 27, 27, 100, 4.414, 0, 112.703, 112.703, 122.805, 122.805, 79.691, 0, 0, 5.1, 5.1, 
3.1, 20.141, 100.38, 66.52, 67.28, , 15.702, 0.977, 279.266, 279.266, 2.698, 375.25, 375.25, 375.25, 29.077, 63.527, 88.824, 35.387, 35.11, 7.377, 20.145, 0, 0, 79.462, 81.303, 79.462, 81.303, 1, 81.246, 81.246, 0.025, 0.035, 177.179, 181.285, 177.179, 181.285, 5.882, 7.377, 20.145, , , 1, 3.184, 0, 0, 12.5, 3.979, 181, 100, 100, 0, 74, 19.323, 21.109, 104, 101.704, 100, 100, 0, 27, 27, 100, 4.416, 112.787, 112.787, 122.93, 122.93, 80.519, 5.1, 5.1, 0, 0, 0, 14, 0, 12.5, 0, 3.979, 181, 100, 100, 0, 74, 1, 0.019, 0.021, 104, 101.703, 100, 100, 0, 141, 27, 27, 100, 4.416, 0, 112.787, 112.787, 122.93, 122.93, 80.519, 0, 0, 5.1, 5.1, 
3.15, 20.14, 100.38, 66.52, 67.28, , 15.687, 0.977, 285.104, 285.104, 2.679, 374.914, 374.914, 374.914, 28.134, 63.672, 89.866, 35.381, 35.235, 7.377, 20.585, 0, 0, 80.134, 81.991, 80.134, 81.991, 1, 82.011, 82.011, 0.025, 0.035, 182.911, 187.15, 182.911, 187.15, 5.9, 7.377, 20.585, , , 1, 3.234, 0, 0, 12.5, 3.995, 181, 100, 100, 0, 74, 19.33, 21.117, 104, 101.673, 100, 100, 0, 27, 27, 100, 4.417, 112.87, 112.87, 123.055, 123.055, 81.348, 5.1, 5.1, 0, 0, 0, 14, 0, 12.5, 0, 3.995, 181, 100, 100, 0, 74, 1, 0.019, 0.021, 104, 101.673, 100, 100, 0, 141, 27, 27, 100, 4.417, 0, 112.87, 112.87, 123.055, 123.055, 81.348, 0, 0, 5.1, 5.1, 
3.2, 20.139, 100.38, 66.52, 67.28, , 15.661, 0.977, 290.977, 290.977, 2.66, 374.308, 374.308, 374.308, 27.201, 63.817, 90.908, 35.309, 35.559, 7.377, 21.009, 0, 0, 80.748, 82.622, 80.748, 82.622, 1, 82.782, 82.782, 0.025, 0.035, 188.84, 193.216, 188.84, 193.216, 5.917, 7.377, 21.009, , , 1, 3.284, 0, 0, 12.5, 4.01, 181, 100, 100, 0, 74, 19.336, 21.125, 104, 101.642, 100, 100, 0, 27, 27, 100, 4.419, 112.953, 112.953, 123.18, 123.18, 82.176, 5.1, 5.1, 0, 0, 0, 14, 0, 12.5, 0, 4.01, 181, 100, 100, 0, 74, 1, 0.019, 0.021, 104, 101.642, 100, 100, 0, 141, 27, 27, 100, 4.419, 0, 112.953, 112.953, 123.18, 123.18, 82.176, 0, 0, 5.1, 5.1, 
3.25, 20.138, 100.38, 66.52, 67.28, , 15.636, 0.977, 296.964, 296.964, 2.641, 373.748, 373.748, 373.748, 26.302, 63.963, 91.949, 35.237, 35.883, 7.377, 21.377, 0, 0, 81.373, 83.262, 81.373, 83.262, 1, 83.537, 83.537, 0.025, 0.035, 195.108, 199.629, 195.108, 199.629, 5.931, 7.377, 21.377, , , 1, 3.334, 0, 0, 12.5, 4.026, 181, 100, 100, 0, 74, 19.343, 21.134, 104, 101.611, 100, 100, 0, 27, 27, 100, 4.421, 113.037, 113.037, 123.305, 123.305, 83.004, 5.1, 5.1, 0, 0, 0, 14, 0, 12.5, 0, 4.026, 181, 100, 100, 0, 74, 1, 0.019, 0.021, 104, 101.611, 100, 100, 0, 141, 27, 27, 100, 4.421, 0, 113.037, 113.037, 123.305, 123.305, 83.004, 0, 0, 5.1, 5.1, 
3.3, 20.137, 100.38, 66.52, 67.28, , 15.593, 0.977, 302.951, 302.951, 2.622, 372.747, 372.747, 372.747, 25.399, 64.108, 92.991, 35.165, 36.207, 7.377, 21.731, 0, 0, 81.896, 83.796, 81.896, 83.796, 1, 84.311, 84.311, 0.025, 0.035, 201.403, 206.07, 201.403, 206.07, 5.933, 7.377, 21.731, , , 1, 3.385, 0, 0, 12.5, 4.041, 181, 100, 100, 0, 74, 19.35, 21.142, 104, 101.581, 100, 100, 0, 27, 27, 100, 4.422, 113.12, 113.12, 123.43, 123.43, 83.833, 5.1, 5.1, 0, 0, 0, 14, 0, 12.5, 0, 4.041, 181, 100, 100, 0, 74, 1, 0.019, 0.021, 104, 101.58, 100, 100, 0, 141, 27, 27, 100, 4.422, 0, 113.12, 113.12, 123.43, 123.43, 83.833, 0, 0, 5.1, 5.1, 
3.35, 20.135, 100.38, 66.52, 67.28, , 15.561, 0.977, 309.08, 309.08, 2.603, 372.004, 372.004, 372.004, 24.521, 64.253, 91.419, 35.093, 36.531, 7.377, 21.963, 0, 0, 82.471, 84.384, 82.471, 84.384, 1, 85.073, 85.073, 0.025, 0.035, 208.214, 213.038, 208.214, 213.038, 5.935, 7.377, 21.963, , , 1, 3.434, 0, 0, 12.5, 4.057, 181, 100, 100, 0, 74, 19.356, 21.15, 104, 101.55, 100, 100, 0, 27, 27, 100, 4.424, 113.203, 113.203, 123.555, 123.555, 84.661, 5.1, 5.1, 0, 0, 0, 14, 0, 12.5, 0, 4.057, 181, 100, 100, 0, 74, 1, 0.019, 0.021, 104, 101.55, 100, 100, 0, 141, 27, 27, 100, 4.424, 0, 113.203, 113.203, 123.555, 123.555, 84.661, 0, 0, 5.1, 5.1, 
3.4, 20.134, 100.38, 66.52, 67.28, , 15.529, 0.977, 315.225, 315.225, 2.584, 371.268, 371.268, 371.268, 23.656, 64.399, 89.111, 35.118, 36.544, 7.377, 22.16, 0, 0, 83.05, 84.975, 83.05, 84.975, 1, 85.836, 85.836, 0.025, 0.035, 215.439, 220.43, 215.439, 220.43, 5.937, 7.377, 22.16, , , 1, 3.485, 0, 0, 12.5, 4.072, 181, 100, 100, 0, 74, 19.363, 21.159, 104, 101.519, 100, 100, 0, 27, 27, 100, 4.426, 113.287, 113.287, 123.68, 123.68, 85.489, 5.1, 5.1, 0, 0, 0, 14, 0, 12.5, 0, 4.072, 181, 100, 100, 0, 74, 1, 0.019, 0.021, 104, 101.519, 100, 100, 0, 141, 27, 27, 100, 4.426, 0, 113.287, 113.287, 123.68, 123.68, 85.489, 0, 0, 5.1, 5.1, 
3.45, 20.133, 100.38, 66.52, 67.28, , 15.491, 0.977, 321.369, 321.369, 2.565, 370.387, 370.387, 370.387, 22.818, 64.544, 86.802, 35.226, 36.292, 7.377, 22.275, 0, 0, 83.581, 85.517, 83.581, 85.517, 1, 86.59, 86.59, 0.025, 0.035, 222.817, 227.98, 222.817, 227.98, 5.939, 7.377, 22.275, , , 1, 3.534, 0, 0, 12.5, 4.088, 181, 100, 100, 0, 74, 19.37, 21.167, 104, 101.488, 100, 100, 0, 27, 27, 100, 4.427, 113.37, 113.37, 123.805, 123.805, 86.318, 5.1, 5.1, 0, 0, 0, 14, 0, 12.5, 0, 4.088, 181, 100, 100, 0, 74, 1, 0.019, 0.021, 104, 101.488, 100, 100, 0, 141, 27, 27, 100, 4.427, 0, 113.37, 113.37, 123.805, 123.805, 86.318, 0, 0, 5.1, 5.1, 
3.5, 20.132, 100.38, 66.52, 67.28, , 15.422, 0.977, 327.657, 327.657, 2.546, 368.793, 368.793, 368.793, 21.99, 64.69, 84.494, 35.334, 36.04, 7.377, 22.363, 0, 0, 83.955, 85.9, 83.955, 85.9, 1, 87.346, 87.346, 0.025, 0.035, 230.323, 235.66, 230.323, 235.66, 5.958, 7.377, 22.363, , , 1, 3.585, 0, 0, 12.5, 4.103, 181, 100, 100, 0, 74, 19.376, 21.175, 104, 101.457, 100, 100, 0, 27, 27, 100, 4.429, 113.453, 113.453, 123.93, 123.93, 87.146, 5.1, 5.1, 0, 0, 0, 14, 0, 12.5, 0, 4.103, 181, 100, 100, 0, 74, 1, 0.019, 0.021, 104, 101.457, 100, 100, 0, 141, 27, 27, 100, 4.429, 0, 113.453, 113.453, 123.93, 123.93, 87.146, 0, 0, 5.1, 5.1, 
3.55, 20.131, 100.38, 66.52, 67.28, , 15.373, 0.977, 333.968, 333.968, 2.527, 367.647, 367.647, 367.647, 21.171, 64.835, 82.185, 35.442, 35.788, 7.377, 22.387, 0, 0, 84.418, 86.373, 84.418, 86.373, 1, 88.103, 88.103, 0.025, 0.035, 238.486, 244.011, 238.486, 244.011, 5.977, 7.377, 22.387, , , 1, 3.635, 0, 0, 12.5, 4.131, 181, 100, 100, 0, 74, 19.371, 21.178, 103.868, 101.386, 100, 100, 0, 27, 27, 100, 4.429, 113.555, 113.555, 124.092, 124.092, 87.952, 5.1, 5.1, 0, 0, 0, 14, 0, 12.5, 0, 4.131, 181, 100, 100, 0, 74, 1, 0.019, 0.021, 103.868, 101.386, 100, 100, 0, 141, 27, 27, 100, 4.429, 0, 113.555, 113.555, 124.092, 124.092, 87.952, 0, 0, 5.1, 5.1, 
3.6, 20.13, 100.38, 66.52, 67.28, , 15.336, 0.977, 340.279, 340.279, 2.508, 366.783, 366.783, 366.783, 20.371, 64.98, 79.877, 35.55, 35.536, 7.377, 22.389, 0, 0, 84.937, 86.904, 84.937, 86.904, 1, 88.855, 88.855, 0.025, 0.035, 247.254, 252.982, 247.254, 252.982, 5.996, 7.377, 22.389, , , 1, 3.684, 0, 0, 12.5, 4.173, 181, 100, 100, 0, 74, 19.351, 21.174, 103.568, 101.264, 100, 100, 0, 27, 27, 100, 4.428, 113.68, 113.68, 124.3, 124.3, 88.728, 5.1, 5.1, 0, 0, 0, 14, 0, 12.5, 0, 4.173, 181, 100, 100, 0, 74, 1, 0.019, 0.021, 103.568, 101.264, 100, 100, 0, 141, 27, 27, 100, 4.428, 0, 113.68, 113.68, 124.3, 124.3, 88.728, 0, 0, 5.1, 5.1, 
3.65, 20.13, 100.38, 66.52, 67.282, , 15.259, 0.977, 346.748, 346.748, 2.489, 364.998, 364.998, 364.998, 19.575, 65.126, 77.569, 35.542, 35.498, 7.377, 22.39, 0, 0, 85.245, 87.22, 85.245, 87.22, 1, 89.614, 89.614, 0.025, 0.035, 256.097, 262.028, 256.097, 262.028, 6.015, 7.377, 22.39, , , 1, 3.734, 0, 0, 12.5, 4.215, 181, 100, 100, 0, 74, 19.331, 21.17, 103.268, 101.141, 100, 100, 0, 27, 27, 100, 4.426, 113.805, 113.805, 124.508, 124.508, 89.505, 5.1, 5.1, 0, 0, 0, 14, 0, 12.5, 0, 4.215, 181, 100, 100, 0, 74, 1, 0.019, 0.021, 103.268, 101.141, 100, 100, 0, 141, 27, 27, 100, 4.426, 0, 113.805, 113.805, 124.508, 124.508, 89.505, 0, 0, 5.1, 5.1, 
3.7, 20.13, 100.38, 66.52, 67.284, , 15.198, 0.977, 353.234, 353.234, 2.47, 363.565, 363.565, 363.565, 18.798, 65.271, 75.26, 35.434, 35.642, 7.377, 22.39, 0, 0, 85.621, 87.605, 85.621, 87.605, 1, 90.364, 90.364, 0.025, 0.035, 265.665, 271.818, 265.665, 271.818, 6.024, 7.377, 22.39, , , 1, 3.784, 0, 0, 12.5, 4.257, 181, 100, 100, 0, 74, 19.311, 21.166, 102.968, 101.019, 100, 100, 0, 27, 27, 100, 4.424, 113.93, 113.93, 124.717, 124.717, 90.282, 5.1, 5.1, 0, 0, 0, 14, 0, 12.5, 0, 4.257, 181, 100, 100, 0, 74, 1, 0.019, 0.021, 102.968, 101.019, 100, 100, 0, 141, 27, 27, 100, 4.424, 0, 113.93, 113.93, 124.717, 124.717, 90.282, 0, 0, 5.1, 5.1, 
3.75, 20.13, 100.38, 66.52, 67.285, , 15.137, 0.977, 359.72, 359.72, 2.45, 362.146, 362.146, 362.146, 18.041, 65.416, 72.952, 35.326, 35.786, 7.377, 22.39, 0, 0, 85.985, 87.978, 85.985, 87.978, 1, 91.103, 91.103, 0.025, 0.035, 275.738, 282.122, 275.738, 282.122, 6.028, 7.377, 22.39, , , 1, 3.834, 0, 0, 12.5, 4.299, 181, 100, 100, 0, 74, 19.291, 21.161, 102.668, 100.896, 100, 100, 0, 27, 27, 100, 4.423, 114.055, 114.055, 124.925, 124.925, 91.058, 5.1, 5.1, 0, 0, 0, 14, 0, 12.5, 0, 4.299, 181, 100, 100, 0, 74, 1, 0.019, 0.021, 102.668, 100.896, 100, 100, 0, 141, 27, 27, 100, 4.423, 0, 114.055, 114.055, 124.925, 124.925, 91.058, 0, 0, 5.1, 5.1, 
3.8, 20.13, 100.38, 66.52, 67.287, , 15.071, 0.977, 366.261, 366.261, 2.431, 360.606, 360.606, 360.606, 17.289, 65.562, 70.643, 35.218, 35.93, 7.377, 22.39, 0, 0, 86.309, 88.31, 86.309, 88.31, 1, 91.847, 91.847, 0.025, 0.035, 286.398, 293.03, 286.398, 293.03, 6.032, 7.377, 22.39, , , 1, 3.884, 0, 0, 12.5, 4.341, 181, 100, 100, 0, 74, 19.271, 21.157, 102.368, 100.774, 100, 100, 0, 27, 27, 100, 4.421, 114.18, 114.18, 125.133, 125.133, 91.835, 5.1, 5.1, 0, 0, 0, 14, 0, 12.5, 0, 4.341, 181, 100, 100, 0, 74, 1, 0.019, 0.021, 102.368, 100.774, 100, 100, 0, 141, 27, 27, 100, 4.421, 0, 114.18, 114.18, 125.133, 125.133, 91.835, 0, 0, 5.1, 5.1, 
3.85, 20.13, 100.38, 66.52, 67.288, , 14.969, 0.977, 374.934, 374.934, 2.412, 358.212, 358.212, 358.212, 16.458, 65.707, 68.335, 35.11, 36.074, 7.377, 22.39, 0, 0, 86.63, 88.638, 86.63, 88.638, 1, 92.683, 92.683, 0.025, 0.034, 301.431, 308.411, 301.431, 308.411, 6.036, 7.377, 22.39, , , 1, 3.934, 0, 0, 12.5, 4.384, 181, 100, 100, 0, 74, 19.251, 21.153, 102.068, 100.651, 100, 100, 0, 27, 27, 100, 4.419, 114.305, 114.305, 125.342, 125.342, 92.612, 5.1, 5.1, 0, 0, 0, 14, 0, 12.5, 0, 4.384, 181, 100, 100, 0, 74, 1, 0.019, 0.021, 102.068, 100.651, 100, 100, 0, 141, 27, 27, 100, 4.419, 0, 114.305, 114.305, 125.342, 125.342, 92.612, 0, 0, 5.1, 5.1, 
3.9, 20.13, 100.38, 66.52, 67.29, , 14.916, 0.977, 381.978, 381.978, 2.393, 356.985, 356.985, 356.985, 15.583, 65.852, 66.026, 35.021, 36.023, 7.377, 22.39, 0, 0, 87.052, 89.07, 87.052, 89.07, 1, 93.574, 93.574, 0.025, 0.034, 315.141, 322.438, 315.141, 322.438, 6.063, 7.377, 22.39, , , 1, 3.984, 0, 0, 12.5, 4.426, 181, 100, 100, 0, 74, 19.231, 21.149, 101.768, 100.529, 100, 100, 0, 27, 27, 100, 4.418, 114.43, 114.43, 125.55, 125.55, 93.388, 5.1, 5.1, 0, 0, 0, 14, 0, 12.5, 0, 4.426, 181, 100, 100, 0, 74, 1, 0.019, 0.021, 101.768, 100.529, 100, 100, 0, 141, 27, 27, 100, 4.418, 0, 114.43, 114.43, 125.55, 125.55, 93.388, 0, 0, 5.1, 5.1, 
3.95, 20.13, 100.38, 66.52, 67.291, , 14.855, 0.977, 388.744, 388.744, 2.374, 355.566, 355.566, 355.566, 14.88, 65.998, 63.718, 34.949, 35.807, 7.377, 22.39, 0, 0, 87.384, 89.41, 87.384, 89.41, 1, 94.298, 94.298, 0.025, 0.034, 328.954, 336.571, 328.954, 336.571, 6.123, 7.377, 22.39, , , 1, 4.034, 0, 0, 12.5, 4.468, 181, 100, 100, 0, 74, 19.211, 21.145, 101.468, 100.406, 100, 100, 0, 27, 27, 100, 4.416, 114.555, 114.555, 125.758, 125.758, 94.165, 5.1, 5.1, 0, 0, 0, 14, 0, 12.5, 0, 4.468, 181, 100, 100, 0, 74, 1, 0.019, 0.021, 101.468, 100.406, 100, 100, 0, 141, 27, 27, 100, 4.416, 0, 114.555, 114.555, 125.758, 125.758, 94.165, 0, 0, 5.1, 5.1, 
4, 20.13, 100.38, 66.52, 67.293, , 14.779, 0.977, 395.576, 395.576, 2.355, 353.787, 353.787, 353.787, 14.177, 66.143, 61.409, 34.877, 35.591, 7.377, 22.39, 0, 0, 87.618, 89.648, 87.618, 89.648, 1, 95.032, 95.032, 0.025, 0.034, 343.482, 351.436, 343.482, 351.436, 6.182, 7.377, 22.39, , , 1, 4.085, 0, 0, 12.5, 4.51, 181, 100, 100, 0, 74, 19.191, 21.141, 101.168, 100.284, 100, 100, 0, 27, 27, 100, 4.414, 114.68, 114.68, 125.967, 125.967, 94.942, 5.1, 5.1, 0, 0, 0, 14, 0, 12.5, 0, 4.51, 181, 100, 100, 0, 74, 1, 0.019, 0.021, 101.168, 100.284, 100, 100, 0, 141, 27, 27, 100, 4.414, 0, 114.68, 114.68, 125.967, 125.967, 94.942, 0, 0, 5.1, 5.1, 
4.05, 20.13, 100.38, 66.52, 67.294, , 14.725, 0.977, 402.444, 402.444, 2.336, 352.529, 352.529, 352.529, 13.49, 66.289, 59.101, 34.805, 35.375, 7.377, 22.39, 0, 0, 87.974, 90.012, 87.974, 90.012, 1, 95.756, 95.756, 0.025, 0.034, 359.83, 368.162, 359.83, 368.162, 6.241, 7.377, 22.39, , , 1, 4.135, 0, 0, 12.5, 4.552, 181, 100, 100, 0, 74, 19.171, 21.136, 100.868, 100.161, 100, 100, 0, 27, 27, 100, 4.413, 114.805, 114.805, 126.175, 126.175, 95.718, 5.1, 5.1, 0, 0, 0, 14, 0, 12.5, 0, 4.552, 181, 100, 100, 0, 74, 1, 0.019, 0.021, 100.868, 100.161, 100, 100, 0, 141, 27, 27, 100, 4.413, 0, 114.805, 114.805, 126.175, 126.175, 95.718, 0, 0, 5.1, 5.1, 
4.1, 20.13, 100.38, 66.52, 67.296, , 14.664, 0.977, 409.312, 409.312, 2.317, 351.102, 351.102, 351.102, 12.82, 66.434, 56.792, 34.733, 35.159, 7.377, 22.39, 0, 0, 88.27, 90.315, 88.27, 90.315, 1, 96.473, 96.473, 0.025, 0.034, 377.139, 385.873, 377.139, 385.873, 6.303, 7.377, 22.39, , , 1, 4.184, 0, 0, 12.5, 4.594, 181, 100, 100, 0, 74, 19.151, 21.132, 100.568, 100.039, 100, 100, 0, 27, 27, 100, 4.411, 114.93, 114.93, 126.383, 126.383, 96.495, 5.1, 5.1, 0, 0, 0, 14, 0, 12.5, 0, 4.594, 181, 100, 100, 0, 74, 1, 0.019, 0.021, 100.568, 100.039, 100, 100, 0, 141, 27, 27, 100, 4.411, 0, 114.93, 114.93, 126.383, 126.383, 96.495, 0, 0, 5.1, 5.1, 
4.15, 20.13, 100.38, 66.52, 67.297, , 14.581, 0.977, 416.267, 416.267, 2.298, 349.154, 349.154, 349.154, 12.15, 66.579, 54.484, 34.776, 35.307, 7.377, 22.39, 0, 0, 88.432, 90.482, 88.432, 90.482, 1, 97.195, 97.195, 0.025, 0.034, 395.718, 404.884, 395.718, 404.884, 6.376, 7.377, 22.39, , , 1, 4.235, 0, 0, 12.5, 4.643, 181, 100, 100, 0, 74, 19.128, 21.124, 100.307, 99.888, 100, 100, 0, 27.12, 27.077, 100, 4.41, 115, 115, 126.534, 126.534, 97.292, 5.1, 5.1, 0, 0, 0, 13.998, 0, 12.5, 0, 4.643, 181, 100, 100, 0, 74, 1, 0.019, 0.021, 100.307, 99.888, 100, 100, 0, 141, 27.12, 27.077, 100, 4.41, 0, 115, 115, 126.534, 126.534, 97.292, 0, 0, 5.1, 5.1, 
4.2, 20.13, 100.38, 66.52, 67.299, , 14.497, 0.977, 423.342, 423.342, 2.279, 347.185, 347.185, 347.185, 11.502, 66.725, 52.175, 34.917, 35.764, 7.378, 22.39, 0, 0, 88.582, 90.634, 88.582, 90.634, 1, 97.902, 97.902, 0.025, 0.035, 416.101, 425.74, 416.101, 425.74, 6.448, 7.378, 22.39, , , 1, 4.285, 0, 0, 12.5, 4.699, 181, 100, 100, 0, 74, 19.1, 21.109, 100.097, 99.701, 100, 100, 0, 27.393, 27.252, 100, 4.41, 115, 115, 126.612, 126.612, 98.115, 5.1, 5.1, 0, 0, 0, 13.994, 0, 12.5, 0, 4.699, 181, 100, 100, 0, 74, 1, 0.019, 0.021, 100.097, 99.7, 100, 100, 0, 141, 27.393, 27.252, 100, 4.41, 0, 115, 115, 126.612, 126.612, 98.115, 0, 0, 5.1, 5.1, 
4.25, 20.13, 100.38, 66.52, 67.3, , 14.397, 0.977, 430.418, 430.418, 2.26, 344.851, 344.851, 344.851, 10.856, 66.87, 55.364, 35.057, 36.221, 7.378, 22.39, 0, 0, 88.627, 90.68, 88.627, 90.68, 1, 98.614, 98.614, 0.025, 0.035, 438.192, 448.342, 438.192, 448.342, 6.521, 7.378, 22.39, , , 1, 4.335, 0, 0, 12.5, 4.755, 181, 100, 100, 0, 74, 19.073, 21.095, 99.887, 99.514, 100, 100, 0, 27.665, 27.428, 100, 4.41, 115, 115, 126.69, 126.69, 98.938, 5.1, 5.1, 0, 0, 0, 13.99, 0, 12.5, 0, 4.755, 181, 100, 100, 0, 74, 1, 0.019, 0.021, 99.887, 99.513, 100, 100, 0, 141, 27.665, 27.428, 100, 4.41, 0, 115, 115, 126.69, 126.69, 98.938, 0, 0, 5.1, 5.1, 
4.3, 20.13, 100.38, 66.52, 67.302, , 14.321, 0.977, 437.52, 437.52, 2.241, 343.058, 343.058, 343.058, 10.215, 67.015, , 35.198, 36.678, 7.379, 22.39, 0, 0, 88.797, 90.853, 88.797, 90.853, 1, 99.328, 99.328, 0.025, 0.035, 463.238, 473.969, 463.238, 473.969, 6.593, 7.379, 22.39, , , 1, 4.385, 0, 0, 12.5, 4.812, 181, 100, 100, 0, 74, 19.045, 21.08, 99.677, 99.327, 100, 100, 0, 27.938, 27.603, 100, 4.41, 115, 115, 126.768, 126.768, 99.76, 5.1, 5.1, 0, 0, 0, 13.987, 0, 12.5, 0, 4.812, 181, 100, 100, 0, 74, 1, 0.019, 0.021, 99.677, 99.326, 100, 100, 0, 141, 27.938, 27.603, 100, 4.41, 0, 115, 115, 126.768, 126.768, 99.76, 0, 0, 5.1, 5.1, 
4.35, 20.13, 100.38, 66.52, 67.303, , 14.255, 0.977, 444.711, 444.711, 2.222, 341.532, 341.532, 341.532, 9.595, 67.161, , 35.338, 37.135, 7.379, 22.39, 0, 0, 89.03, 91.092, 89.03, 91.092, 1, 100.023, 100.023, 0.025, 0.035, 491.878, 503.274, 491.878, 503.274, 6.632, 7.379, 22.39, , , 1, 4.434, 0, 0, 12.5, 4.868, 181, 100, 100, 0, 74, 19.017, 21.066, 99.466, 99.14, 100, 100, 0, 28.21, 27.778, 100, 4.41, 115, 115, 126.846, 126.846, 100.583, 5.1, 5.1, 0, 0, 0, 13.983, 0, 12.5, 0, 4.868, 181, 100, 100, 0, 74, 1, 0.019, 0.021, 99.466, 99.139, 100, 100, 0, 141, 28.21, 27.778, 100, 4.41, 0, 115, 115, 126.846, 126.846, 100.583, 0, 0, 5.1, 5.1, 
4.4, 20.13, 100.38, 66.52, 67.305, , 14.152, 0.977, 451.968, 451.968, 2.202, 339.111, 339.111, 339.111, 8.974, 67.306, , 35.343, 37.245, 7.38, 22.39, 0, 0, 89.019, 91.08, 89.019, 91.08, 1, 100.728, 100.728, 0.025, 0.035, 522.546, 534.652, 522.546, 534.652, 6.668, 7.38, 22.39, , , 1, 4.484, 0, 0, 12.5, 4.924, 181, 100, 100, 0, 74, 18.99, 21.052, 99.256, 98.953, 100, 100, 0, 28.483, 27.953, 100, 4.41, 115, 115, 126.924, 126.924, 101.406, 5.1, 5.1, 0, 0, 0, 13.979, 0, 12.5, 0, 4.924, 181, 100, 100, 0, 74, 1, 0.019, 0.021, 99.256, 98.952, 100, 100, 0, 141, 28.483, 27.953, 100, 4.41, 0, 115, 115, 126.924, 126.924, 101.406, 0, 0, 5.1, 5.1, 
4.45, 20.13, 100.38, 66.52, 67.306, , 14.112, 0.977, 459.265, 459.265, 2.183, 338.175, 338.175, 338.175, 8.365, 67.451, , 35.158, 36.876, 7.38, 22.39, 0, 0, 89.389, 91.459, 89.389, 91.459, 1, 101.424, 101.424, 0.025, 0.035, 559.733, 572.701, 559.733, 572.701, 6.704, 7.38, 22.39, , , 1, 4.534, 0, 0, 12.5, 4.981, 181, 100, 100, 0, 74, 18.962, 21.037, 99.046, 98.766, 100, 100, 0, 28.755, 28.129, 100, 4.41, 115, 115, 127.002, 127.002, 102.229, 5.1, 5.1, 0, 0, 0, 13.975, 0, 12.5, 0, 4.981, 181, 100, 100, 0, 74, 1, 0.019, 0.021, 99.046, 98.764, 100, 100, 0, 141, 28.755, 28.129, 100, 4.41, 0, 115, 115, 127.002, 127.002, 102.229, 0, 0, 5.1, 5.1, 
4.5, 20.13, 100.38, 66.52, 67.308, , 14.055, 0.977, 466.562, 466.562, 2.164, 336.851, 336.851, 336.851, 7.768, 67.597, , 34.974, 36.507, 7.379, 22.39, 0, 0, 89.644, 91.718, 89.644, 91.718, 1, 102.114, 102.114, 0.025, 0.035, 601.216, 615.143, 601.216, 615.143, 6.74, 7.379, 22.39, , , 1, 4.585, 0, 0, 12.5, 5.037, 181, 100, 100, 0, 74, 18.934, 21.023, 98.836, 98.579, 100, 100, 0, 29.028, 28.304, 100, 4.41, 115, 115, 127.079, 127.079, 103.052, 5.1, 5.1, 0, 0, 0, 13.971, 0, 12.5, 0, 5.037, 181, 100, 100, 0, 74, 1, 0.019, 0.021, 98.836, 98.577, 100, 100, 0, 141, 29.028, 28.304, 100, 4.41, 0, 115, 115, 127.079, 127.079, 103.052, 0, 0, 5.1, 5.1, 
4.55, 20.13, 100.38, 66.52, 67.309, , 13.984, 0.977, 474.005, 474.005, 2.145, 335.187, 335.187, 335.187, 7.172, 67.742, , 34.789, 36.139, 7.379, 22.39, 0, 0, 89.806, 91.885, 89.806, 91.885, 1, 102.808, 102.808, 0.025, 0.035, 648.512, 663.535, 648.512, 663.535, 6.766, 7.379, 22.39, , , 1, 4.634, 0, 0, 12.5, 5.093, 181, 100, 100, 0, 74, 18.907, 21.008, 98.625, 98.392, 100, 100, 0, 29.301, 28.479, 100, 4.41, 115, 115, 127.157, 127.157, 103.875, 5.1, 5.1, 0, 0, 0, 13.967, 0, 12.5, 0, 5.093, 181, 100, 100, 0, 74, 1, 0.019, 0.021, 98.625, 98.39, 100, 100, 0, 141, 29.301, 28.479, 100, 4.41, 0, 115, 115, 127.157, 127.157, 103.875, 0, 0, 5.1, 5.1, 
4.6, 20.13, 100.38, 66.52, 67.311, , 13.895, 0.977, 481.448, 481.448, 2.126, 333.112, 333.112, 333.112, 6.586, 67.888, , 34.605, 35.77, 7.378, 22.39, 0, 0, 89.847, 91.927, 89.847, 91.927, 1, 103.495, 103.495, 0.025, 0.035, 703.476, 719.771, 703.476, 719.771, 6.786, 7.378, 22.39, , , 1, 4.684, 0, 0, 12.5, 5.15, 181, 100, 100, 0, 74, 18.879, 20.994, 98.415, 98.206, 100, 100, 0, 29.573, 28.654, 100, 4.41, 115, 115, 127.235, 127.235, 104.697, 5.1, 5.1, 0, 0, 0, 13.963, 0, 12.5, 0, 5.15, 181, 100, 100, 0, 74, 1, 0.019, 0.021, 98.415, 98.203, 100, 100, 0, 141, 29.573, 28.654, 100, 4.41, 0, 115, 115, 127.235, 127.235, 104.697, 0, 0, 5.1, 5.1, 
4.65, 20.13, 100.38, 66.52, 67.312, , 13.834, 0.977, 488.919, 488.919, 2.107, 331.69, 331.69, 331.69, 6.007, 68.033, , 34.52, 35.542, 7.378, 22.39, 0, 0, 90.049, 92.135, 90.049, 92.135, 1, 104.181, 104.181, 0.025, 0.035, 768.882, 786.692, 768.882, 786.692, 6.806, 7.378, 22.39, , , 1, 4.735, 0, 0, 12.5, 5.206, 181, 100, 100, 0, 74, 18.851, 20.98, 98.205, 98.019, 100, 100, 0, 29.846, 28.829, 100, 4.41, 115, 115, 127.313, 127.313, 105.52, 5.1, 5.1, 0, 0, 0, 13.959, 0, 12.5, 0, 5.206, 181, 100, 100, 0, 74, 1, 0.019, 0.021, 98.205, 98.016, 100, 100, 0, 141, 29.846, 28.829, 100, 4.41, 0, 115, 115, 127.313, 127.313, 105.52, 0, 0, 5.1, 5.1, 
4.7, 20.13, 100.38, 66.52, 67.314, , 13.691, 0.977, 496.451, 496.451, 2.088, 328.321, 328.321, 328.321, 5.439, 68.178, , 34.52, 35.434, 7.377, 22.39, 0, 0, 89.71, 91.788, 89.71, 91.788, 1, 104.858, 104.858, 0.025, 0.035, 842.574, 862.092, 842.574, 862.092, 6.826, 7.377, 22.39, , , 1, 4.784, 0, 0, 12.5, 5.262, 181, 100, 100, 0, 74, 18.824, 20.965, 97.994, 97.832, 100, 100, 0, 30.118, 29.005, 100, 4.41, 115, 115, 127.391, 127.391, 106.343, 5.1, 5.1, 0, 0, 0, 13.955, 0, 12.5, 0, 5.262, 181, 100, 100, 0, 74, 1, 0.019, 0.021, 97.994, 97.828, 100, 100, 0, 141, 30.118, 29.005, 100, 4.41, 0, 115, 115, 127.391, 127.391, 106.343, 0, 0, 5.1, 5.1, 
4.75, 20.13, 100.38, 66.52, 67.315, , 13.615, 0.977, 504.134, 504.134, 2.069, 326.527, 326.527, 326.527, 4.882, 68.324, , 34.52, 35.326, 7.377, 22.39, 0, 0, 89.8, 91.88, 89.8, 91.88, 1, 105.525, 105.525, 0.025, 0.034, 940.718, 962.51, 940.718, 962.51, 6.849, 7.377, 22.39, , , 1, 4.835, 0, 0, 12.5, 5.318, 181, 100, 100, 0, 74, 18.796, 20.951, 97.784, 97.645, 100, 100, 0, 30.391, 29.18, 100, 4.41, 115, 115, 127.469, 127.469, 107.166, 5.1, 5.1, 0, 0, 0, 13.952, 0, 12.5, 0, 5.318, 181, 100, 100, 0, 74, 1, 0.019, 0.021, 97.784, 97.641, 100, 100, 0, 141, 30.391, 29.18, 100, 4.41, 0, 115, 115, 127.469, 127.469, 107.166, 0, 0, 5.1, 5.1, 
4.8, 20.13, 100.38, 66.52, 67.317, , 13.509, 0.977, 514.011, 514.011, 2.05, 324.062, 324.062, 324.062, 4.16, 68.469, , 34.52, 35.218, 7.377, 22.39, 0, 0, 89.862, 91.942, 89.862, 91.942, 1, 106.397, 106.397, 0.025, 0.034, 1115.951, 1141.802, 1115.951, 1141.802, 6.873, 7.377, 22.39, , , 1, 4.884, 0, 0, 12.5, 5.371, 181, 100, 100, 0, 74, 18.767, 20.929, 97.36, 97.407, 100, 100, 0, 30.563, 29.282, 100, 4.41, 115, 115, 127.5, 127.5, 107.73, 5.1, 5.1, 0, 0, 0, 13.944, 0, 12.5, 0, 5.371, 181, 100, 100, 0, 74, 1, 0.019, 0.021, 97.36, 97.403, 100, 100, 0, 141, 30.563, 29.282, 100, 4.41, 0, 115, 115, 127.5, 127.5, 107.73, 0, 0, 5.1, 5.1, 
4.85, 20.13, 100.38, 66.52, 67.319, , 13.401, 0.977, 521.795, 521.795, 2.031, 321.509, 321.509, 321.509, 3.615, 68.614, , 34.52, 35.11, 7.377, 22.39, 0, 0, 89.704, 91.781, 89.704, 91.781, 1, 107.061, 107.061, 0.025, 0.034, 1290.601, 1320.498, 1290.601, 1320.498, 6.897, 7.377, 22.39, , , 1, 4.934, 0, 0, 12.5, 5.42, 181, 100, 100, 0, 74, 18.736, 20.903, 96.792, 97.136, 100, 100, 0, 30.668, 29.334, 100, 4.41, 115, 115, 127.5, 127.5, 108.122, 5.1, 5.1, 0, 0, 0, 13.933, 0, 12.5, 0, 5.42, 181, 100, 100, 0, 74, 1, 0.019, 0.021, 96.792, 97.133, 100, 100, 0, 141, 30.668, 29.334, 100, 4.41, 0, 115, 115, 127.5, 127.5, 108.122, 0, 0, 5.1, 5.1, 
4.9, 20.13, 100.38, 66.52, 67.32, , 13.313, 0.977, 529.578, 529.578, 2.012, 319.455, 319.455, 319.455, 3.073, 68.76, , 34.598, 35.099, 7.377, 22.39, 0, 0, 89.681, 91.757, 89.681, 91.757, 1, 107.721, 107.721, 0.025, 0.034, 1541.966, 1577.685, 1541.966, 1577.685, 6.921, 7.377, 22.39, , , 1, 4.984, 0, 0, 12.5, 5.47, 181, 100, 100, 0, 74, 18.706, 20.877, 96.225, 96.865, 100, 100, 0, 30.773, 29.387, 100, 4.41, 115, 115, 127.5, 127.5, 108.514, 5.1, 5.1, 0, 0, 0, 13.923, 0, 12.5, 0, 5.47, 181, 100, 100, 0, 74, 1, 0.019, 0.021, 96.225, 96.863, 100, 100, 0, 141, 30.773, 29.387, 100, 4.41, 0, 115, 115, 127.5, 127.5, 108.514, 0, 0, 5.1, 5.1, 
4.95, 20.129, 100.38, 66.52, 67.32, , 13.263, 0.977, 537.361, 537.361, 1.993, 318.302, 318.302, 318.302, 2.543, 68.905, , 34.742, 35.171, 7.377, 22.39, 0, 0, 89.897, 91.976, 89.897, 91.976, 1, 108.373, 108.373, 0.025, 0.034, 1920.317, 1964.799, 1920.317, 1964.799, 6.96, 7.377, 22.39, , , 1, 5.034, 0, 0, 12.5, 5.519, 181, 100, 100, 0, 74, 18.675, 20.85, 95.658, 96.594, 100, 100, 0, 30.878, 29.439, 100, 4.41, 115, 115, 127.5, 127.5, 108.906, 5.1, 5.1, 0, 0, 0, 13.912, 0, 12.5, 0, 5.519, 181, 100, 100, 0, 74, 1, 0.019, 0.021, 95.658, 96.593, 100, 100, 0, 141, 30.878, 29.439, 100, 4.41, 0, 115, 115, 127.5, 127.5, 108.906, 0, 0, 5.1, 5.1, 
5, 20.128, 100.38, 66.52, 67.32, , 13.161, 0.977, 545.144, 545.144, 1.974, 315.885, 315.885, 315.885, 2.02, 69.05, , 34.886, 35.243, 7.377, 22.39, 0, 0, 89.744, 91.821, 89.744, 91.821, 1, 109.022, 109.022, 0.025, 0.034, 2607.718, 2668.123, 2607.718, 2668.123, 7.031, 7.377, 22.39, , , 1, 5.085, 0, 0, 12.5, 5.569, 181, 100, 100, 0, 74, 18.645, 20.824, 95.091, 96.323, 100, 100, 0, 30.983, 29.492, 100, 4.41, 115, 115, 127.5, 127.5, 109.297, 5.1, 5.1, 0, 0, 0, 13.902, 0, 12.5, 0, 5.569, 181, 100, 100, 0, 74, 1, 0.019, 0.021, 95.091, 96.323, 100, 100, 0, 141, 30.983, 29.492, 100, 4.41, 0, 115, 115, 127.5, 127.5, 109.297, 0, 0, 5.1, 5.1, 
5.05, 20.127, 100.38, 66.52, 67.32, , 13.068, 0.977, 553.083, 553.083, 1.954, 313.722, 313.722, 313.722, 1.5, 69.196, , 35.03, 35.315, 7.377, 22.39, 0, 0, 89.661, 91.737, 89.661, 91.737, 1, 109.669, 109.669, 0.025, 0.034, 5184.885, 5304.986, 5184.885, 5304.986, 7.103, 7.377, 22.39, , , 1, 5.134, 0, 0, 12.5, 5.604, 181, 100, 100, 0, 74, 18.618, 20.783, 95, 96.164, 100, 100, 0, 31, 29.422, 100, 4.41, 115, 115, 127.422, 127.422, 109.94, 5.1, 5.1, 0, 0, 0, 13.9, 0, 12.5, 0, 5.604, 181, 100, 100, 0, 74, 1, 0.019, 0.021, 95, 96.164, 100, 100, 0, 141, 31, 29.422, 100, 4.41, 0, 115, 115, 127.422, 127.422, 109.94, 0, 0, 5.1, 5.1, 
5.1, 20.125, 100.38, 66.52, 67.32, , 12.976, 0.977, 561.044, 561.044, 1.935, 311.551, 311.551, 311.551, 2.881, 69.341, , 35.174, 35.387, 7.378, 22.39, 0, 0, 89.561, 91.634, 89.561, 91.634, 1, 110.31, 110.31, 0.025, 0.034, 6959.249, 7120.452, 6959.249, 7120.452, 7.174, 7.378, 22.39, , , 1, 5.185, 0, 0, 12.5, 5.637, 181, 100, 100, 0, 74, 18.592, 20.738, 95, 96.027, 100, 100, 0, 31, 29.33, 100, 4.41, 115, 115, 127.33, 127.33, 110.631, 5.1, 5.1, 0, 0, 0, 13.9, 0, 12.5, 0, 5.637, 181, 100, 100, 0, 74, 1, 0.019, 0.021, 95, 96.027, 100, 100, 0, 141, 31, 29.33, 100, 4.41, 0, 115, 115, 127.33, 127.33, 110.631, 0, 0, 5.1, 5.1, 
5.15, 20.124, 100.38, 66.52, 67.32, , 12.893, 0.977, 569.096, 569.096, 1.916, 309.606, 309.606, 309.606, 4.137, 69.487, , 35.162, 35.342, 7.379, 22.39, 0, 0, 89.521, 91.594, 89.521, 91.594, 1, 110.948, 110.948, 0.025, 0.034, 7277.351, 7445.921, 7277.351, 7445.921, 7.245, 7.379, 22.39, , , 1, 5.235, 0, 0, 12.5, 5.669, 181, 100, 100, 0, 74, 18.566, 20.694, 95, 95.889, 100, 100, 0, 31, 29.237, 100, 4.41, 115, 115, 127.237, 127.237, 111.322, 5.1, 5.1, 0, 0, 0, 13.9, 0, 12.5, 0, 5.669, 181, 100, 100, 0, 74, 1, 0.018, 0.021, 95, 95.889, 100, 100, 0, 141, 31, 29.237, 100, 4.41, 0, 115, 115, 127.237, 127.237, 111.322, 0, 0, 5.1, 5.1, 
5.2, 20.123, 100.38, 66.52, 67.32, , 12.774, 0.977, 577.147, 577.147, 1.897, 306.806, 306.806, 306.806, 4.879, 69.632, , 35.018, 35.198, 7.38, 22.39, 0, 0, 89.217, 91.285, 89.217, 91.285, 1, 111.582, 111.582, 0.025, 0.034, 8493.832, 8690.58, 8493.832, 8690.58, 7.305, 7.38, 22.39, , , 1, 5.285, 0, 0, 12.5, 5.701, 181, 100, 100, 0, 74, 18.54, 20.649, 95, 95.752, 100, 100, 0, 31, 29.144, 100, 4.41, 115, 115, 127.144, 127.144, 112.012, 5.1, 5.1, 0, 0, 0, 13.9, 0, 12.5, 0, 5.701, 181, 100, 100, 0, 74, 1, 0.018, 0.021, 95, 95.752, 100, 100, 0, 141, 31, 29.144, 100, 4.41, 0, 115, 115, 127.144, 127.144, 112.012, 0, 0, 5.1, 5.1, 
5.25, 20.122, 100.38, 66.52, 67.32, , 12.664, 0.977, 585.199, 585.199, 1.878, 304.235, 304.235, 304.235, 6.49, 69.777, , 34.874, 35.054, 7.382, 22.341, 0, 0, 88.966, 91.028, 88.966, 91.028, 1, 112.207, 112.207, 0.025, 0.034, 10056.275, 10289.216, 10056.275, 10289.216, 7.365, 7.382, 22.341, , , 1, 5.334, 0, 0, 12.5, 5.734, 181, 100, 100, 0, 74, 18.515, 20.605, 95, 95.614, 100, 100, 0, 31, 29.052, 100, 4.41, 115, 115, 127.052, 127.052, 112.703, 5.1, 5.1, 0, 0, 0, 13.9, 0, 12.5, 0, 5.734, 181, 100, 100, 0, 74, 1, 0.018, 0.021, 95, 95.614, 100, 100, 0, 141, 31, 29.052, 100, 4.41, 0, 115, 115, 127.052, 127.052, 112.703, 0, 0, 5.1, 5.1, 
5.3, 20.121, 100.38, 66.52, 67.32, , 12.569, 0.977, 593.257, 593.257, 1.859, 302.007, 302.007, 302.007, 11.133, 69.923, , 34.73, 34.91, 7.383, 22.206, 0, 0, 88.801, 90.858, 88.801, 90.858, 1, 112.834, 112.834, 0.025, 0.035, 10623.359, 10869.436, 10623.359, 10869.436, 7.425, 7.383, 22.206, , , 1, 5.385, 0, 0, 12.5, 5.758, 181, 100, 100, 0, 74, 18.494, 20.572, 95, 95.526, 100, 100, 0, 31, 29.018, 100, 4.41, 115, 115, 127, 127, 113.318, 5.1, 5.1, 0, 0, 0, 13.9, 0, 12.5, 0, 5.758, 181, 100, 100, 0, 74, 1, 0.018, 0.021, 95, 95.526, 100, 100, 0, 141, 31, 29.018, 100, 4.41, 0, 115, 115, 127, 127, 113.318, 0, 0, 5.1, 5.1, 
5.35, 20.12, 100.38, 66.52, 67.32, , 12.472, 0.977, 601.464, 601.464, 3.754, 299.711, 299.711, 299.711, , 49.464, , 34.586, 34.766, 7.384, 22.035, 0, 0, 88.611, 90.666, 88.611, 90.666, 1, 113.454, 113.454, 0.025, 0.035, 146.938, 150.341, 146.938, 150.341, 7.485, 7.384, 22.035, , , 1, 5.434, 0, 0, 12.5, 5.774, 181, 100, 100, 0, 74, 18.482, 20.552, 95, 95.495, 100, 100, 0, 31, 29.06, 100, 4.41, 115, 115, 127, 127, 113.835, 5.1, 5.1, 0, 0, 0, 13.9, 0, 12.5, 0, 5.774, 181, 100, 100, 0, 74, 1, 0.018, 0.021, 95, 95.495, 100, 100, 0, 141, 31, 29.06, 100, 4.41, 0, 115, 115, 127, 127, 113.835, 0, 0, 5.1, 5.1, 
5.4, 20.119, 100.38, 66.52, 67.32, , 12.384, 0.977, 609.768, 609.768, , 297.666, 297.666, 297.666, , , , 34.617, 34.992, 7.384, 21.797, 0, 0, 88.487, 90.539, 88.487, 90.539, 1, 114.068, 114.068, 0.025, 0.035, , , , , 7.533, 7.384, 21.797, , , 1, 5.484, 0, 0, 12.5, 5.79, 181, 100, 100, 0, 74, 18.469, 20.533, 95, 95.464, 100, 100, 0, 31, 29.102, 100, 4.41, 115, 115, 127, 127, 114.353, 5.1, 5.1, 0, 0, 0, 13.9, 0, 12.5, 0, 5.79, 181, 100, 100, 0, 74, 1, 0.018, 0.021, 95, 95.464, 100, 100, 0, 141, 31, 29.102, 100, 4.41, 0, 115, 115, 127, 127, 114.353, 0, 0, 5.1, 5.1, 
5.45, 20.117, 100.38, 66.52, 67.32, , 12.252, 0.977, 618.05, 618.05, , 294.545, 294.545, 294.545, , , , 34.797, 35.532, 7.384, 21.51, 0, 0, 88.024, 90.063, 88.024, 90.063, 1, 114.671, 114.671, 0.025, 0.035, , , , , 7.578, 7.384, 21.51, , , 1, 5.535, 0, 0, 12.5, 5.805, 181, 100, 100, 0, 74, 18.457, 20.514, 95, 95.433, 100, 100, 0, 31, 29.144, 100, 4.41, 115, 115, 127, 127, 114.87, 5.1, 5.1, 0, 0, 0, 13.9, 0, 12.5, 0, 5.805, 181, 100, 100, 0, 74, 1, 0.018, 0.021, 95, 95.433, 100, 100, 0, 141, 31, 29.144, 100, 4.41, 0, 115, 115, 127, 127, 114.87, 0, 0, 5.1, 5.1, 
5.5, 20.116, 100.38, 66.52, 67.32, , 11.304, 0.977, 626.28, 626.28, , 272.078, 272.078, 272.078, , , , 34.977, 36.072, 7.382, 21.118, 0, 0, 81.657, 83.548, 81.657, 83.548, 1, 115.259, 115.259, 0.025, 0.035, , , , , 7.623, 7.382, 21.118, , , 1, 5.585, 0, 0, 12.5, 5.821, 181, 100, 100, 0, 74, 18.444, 20.495, 95, 95.402, 100, 100, 0, 31, 29.185, 100, 4.41, 115, 115, 127, 127, 115.388, 5.1, 5.1, 0, 0, 0, 13.9, 0, 12.5, 0, 5.821, 181, 100, 100, 0, 74, 1, 0.018, 0.021, 95, 95.402, 100, 100, 0, 141, 31, 29.185, 100, 4.41, 0, 115, 115, 127, 127, 115.388, 0, 0, 5.1, 5.1, 
5.55, 20.115, 100.38, 66.52, 67.32, , 9.343, 0.977, 634.774, 634.774, , 225.581, 225.581, 225.581, , , , 35.157, 36.612, 7.381, 20.804, 0, 0, 67.925, 69.499, 67.925, 69.499, 1, 115.777, 115.777, 0.025, 0.035, , , , , 7.668, 7.381, 20.804, , , 1, 5.635, 0, 0, 12.5, 5.837, 181, 100, 100, 0, 74, 18.432, 20.476, 95, 95.372, 100, 100, 0, 31, 29.227, 100, 4.41, 115, 115, 127, 127, 115.905, 5.1, 5.1, 0, 0, 0, 13.9, 0, 12.5, 0, 5.837, 181, 100, 100, 0, 74, 1, 0.018, 0.021, 95, 95.372, 100, 100, 0, 141, 31, 29.227, 100, 4.41, 0, 115, 115, 127, 127, 115.905, 0, 0, 5.1, 5.1, 
5.6, 20.114, 100.38, 66.52, 67.32, , 8.714, 0.977, 643.126, 643.126, , 210.681, 210.681, 210.681, , , , 35.337, 37.152, 7.379, 20.67, 0, 0, 63.728, 65.203, 63.728, 65.203, 1, 116.223, 116.223, 0.025, 0.035, , , , , 7.709, 7.379, 20.67, , , 1, 5.685, 0, 0, 12.5, 5.853, 181, 100, 100, 0, 74, 18.419, 20.457, 95, 95.341, 100, 100, 0, 31, 29.269, 100, 4.41, 115, 115, 127, 127, 116.423, 5.1, 5.1, 0, 0, 0, 13.9, 0, 12.5, 0, 5.853, 181, 100, 100, 0, 74, 1, 0.018, 0.02, 95, 95.341, 100, 100, 0, 141, 31, 29.269, 100, 4.41, 0, 115, 115, 127, 127, 116.423, 0, 0, 5.1, 5.1, 
5.65, 20.113, 100.38, 66.52, 67.32, , 6.5, 0.977, 651.632, 651.632, , 158.17, 158.17, 158.17, , , , 35.381, 37.186, 7.378, 20.594, 0, 0, 47.982, 49.093, 47.982, 49.093, 1, 116.61, 116.61, 0.025, 0.035, , , , , 7.746, 7.378, 20.594, , , 1, 5.735, 0, 0, 12.5, 5.868, 181, 100, 100, 0, 74, 18.407, 20.437, 95, 95.31, 100, 100, 0, 31, 29.311, 100, 4.41, 115, 115, 127, 127, 116.94, 5.1, 5.1, 0, 0, 0, 13.9, 0, 12.5, 0, 5.868, 181, 100, 100, 0, 74, 1, 0.018, 0.02, 95, 95.31, 100, 100, 0, 141, 31, 29.311, 100, 4.41, 0, 115, 115, 127, 127, 116.94, 0, 0, 5.1, 5.1, 
5.7, 20.112, 100.38, 66.52, 67.32, , 5.054, 0.977, 660.138, 660.138, , 123.884, 123.884, 123.884, , , , 35.309, 36.79, 7.378, 20.666, 0, 0, 37.714, 38.587, 37.714, 38.587, 1, 116.892, 116.892, 0.025, 0.035, , , , , 7.783, 7.378, 20.666, , , 1, 5.785, 0, 0, 12.5, 5.884, 181, 100, 100, 0, 74, 18.394, 20.418, 95, 95.279, 100, 100, 0, 31, 29.352, 100, 4.41, 115, 115, 127, 127, 117.458, 5.1, 5.1, 0, 0, 0, 13.9, 0, 12.5, 0, 5.884, 181, 100, 100, 0, 74, 1, 0.018, 0.02, 95, 95.279, 100, 100, 0, 141, 31, 29.352, 100, 4.41, 0, 115, 115, 127, 127, 117.458, 0, 0, 5.1, 5.1, 
5.75, 20.111, 100.38, 66.52, 67.32, , 3.677, 0.977, 668.675, 668.675, , 91.225, 91.225, 91.225, , , , 35.237, 36.394, 7.378, 20.818, 0, 0, 27.821, 28.465, 27.821, 28.465, 1, 117.104, 117.104, 0.025, 0.035, , , , , 7.82, 7.378, 20.818, , , 1, 5.834, 0, 0, 12.5, 5.9, 181, 100, 100, 0, 74, 18.382, 20.399, 95, 95.248, 100, 100, 0, 31, 29.394, 100, 4.41, 115, 115, 127, 127, 117.975, 5.1, 5.1, 0, 0, 0, 13.9, 0, 12.5, 0, 5.9, 181, 100, 100, 0, 74, 1, 0.018, 0.02, 95, 95.248, 100, 100, 0, 141, 31, 29.394, 100, 4.41, 0, 115, 115, 127, 127, 117.975, 0, 0, 5.1, 5.1, 
5.8, 20.109, , , 67.32, , 3.564, , 677.15, 677.15, , 88.536, 88.536, 88.536, , , , 35.165, 35.998, 7.38, 21.197, 0, 0, 27.029, 27.654, 27.029, 27.654, 1, 117.276, 117.276, 0.025, 0.035, , , , , 7.846, 7.38, 21.197, , , 1, 5.884, 0, 0, 12.5, 5.916, 181, 100, 100, 0, 74, 18.369, 20.38, 95, 95.217, 100, 100, 0, 31, 29.436, 100, 4.41, 115, 115, 127, 127, 118.493, 5.1, 5.1, 0, 0, 0, 13.9, 0, 12.5, 0, 5.916, 181, 100, 100, 0, 74, 1, 0.018, 0.02, 95, 95.217, 100, 100, 0, 141, 31, 29.436, 100, 4.41, 0, 115, 115, 127, 127, 118.493, 0, 0, 5.1, 5.1, 
5.85, 20.108, , , 67.32, , 2.737, , 685.798, 685.798, , 68.931, 68.931, 68.931, , , , 35.093, 35.602, 7.381, 21.55, 0, 0, 21.107, 21.596, 21.107, 21.596, 1, 117.438, 117.438, 0.025, 0.035, , , , , 7.846, 7.381, 21.55, , , 1, 5.935, 0, 0, 12.5, 5.931, 181, 100, 100, 0, 74, 18.357, 20.361, 95, 95.187, 100, 100, 0, 31, 29.477, 100, 4.41, 115, 115, 127, 127, 119.01, 5.1, 5.1, 0, 0, 0, 13.9, 0, 12.5, 0, 5.931, 181, 100, 100, 0, 74, 1, 0.018, 0.02, 95, 95.187, 100, 100, 0, 141, 31, 29.477, 100, 4.41, 0, 115, 115, 127, 127, 119.01, 0, 0, 5.1, 5.1, 
5.9, 20.107, , , 67.32, , 1.893, , 694.329, 694.329, , 48.917, 48.917, 48.917, , , , 35.06, 35.614, 7.383, 21.819, 0, 0, 14.974, 15.32, 14.974, 15.32, 1, 117.559, 117.559, 0.025, 0.035, , , , , 7.847, 7.383, 21.819, , , 1, 5.985, , , , , , , , , , , , , , , , , , , , , , , , , , , , , , , , , , , , , , , , , , , , , , , , , , , , , , , , , , , , , , , , 
5.95, 20.106, , , 67.32, , -0.839, , 702.921, 702.921, , -15.911, -15.911, -15.911, , , , 35.06, 35.974, 7.384, 22.065, 0, 0, -4.862, -4.976, -4.862, -4.976, 1, 117.589, 117.589, 0.025, 0.034, , , , , 7.848, 7.384, 22.065, , , 1, 6.034, , , , , , , , , , , , , , , , , , , , , , , , , , , , , , , , , , , , , , , , , , , , , , , , , , , , , , , , , , , , , , , , 
6, 20.105, , , 67.32, , -2.304, , 711.57, 711.57, , -50.667, -50.667, -50.667, , , , 35.06, 36.334, 7.384, 22.23, 0, 0, -15.467, -15.827, -15.467, -15.827, 1, 117.503, 117.503, 0.025, 0.034, , , , , 7.85, 7.384, 22.23, , , 1, 6.085, , , , , , , , , , , , , , , , , , , , , , , , , , , , , , , , , , , , , , , , , , , , , , , , , , , , , , , , , , , , , , , , 
6.05, 20.104, , , 67.32, , -4.238, , 720.218, 720.218, , -96.54, -96.54, -96.54, , , , 35.06, 36.694, 7.384, 22.367, 0, 0, -29.462, -30.145, -29.462, -30.145, 1, 117.349, 117.349, 0.025, 0.034, , , , , 7.877, 7.384, 22.367, , , 1, 6.134, , , , , , , , , , , , , , , , , , , , , , , , , , , , , , , , , , , , , , , , , , , , , , , , , , , , , , , , , , , , , , , , 
6.1, 20.103, , , 67.32, , -6.314, , 728.866, 728.866, , -145.815, -145.815, -145.815, , , , 35.06, 37.054, 7.383, 22.38, 0, 0, -44.486, -45.517, -44.486, -45.517, 1, 117.073, 117.073, 0.025, 0.034, , , , , 7.905, 7.383, 22.38, , , 1, 6.185, , , , , , , , , , , , , , , , , , , , , , , , , , , , , , , , , , , , , , , , , , , , , , , , , , , , , , , , , , , , , , , , 
6.15, 20.101, , , 67.32, , -6.683, , 737.514, 737.514, , -154.581, -154.581, -154.581, , , , 35.06, 37.026, 7.382, 22.39, 0, 0, -47.057, -48.148, -47.057, -48.148, 1, 116.74, 116.74, 0.025, 0.034, , , , , 7.932, 7.382, 22.39, , , 1, 6.234, , , , , , , , , , , , , , , , , , , , , , , , , , , , , , , , , , , , , , , , , , , , , , , , , , , , , , , , , , , , , , , , 
6.2, 20.1, , , 67.32, , -6.163, , 745.989, 745.989, , -142.256, -142.256, -142.256, , , , 35.06, 36.666, 7.381, 22.39, 0, 0, -43.193, -44.194, -43.193, -44.194, 1, 116.438, 116.438, 0.025, 0.034, , , , , 7.96, 7.381, 22.39, , , 1, 6.285, , , , , , , , , , , , , , , , , , , , , , , , , , , , , , , , , , , , , , , , , , , , , , , , , , , , , , , , , , , , , , , , 
6.25, , , , , , -5.958, , 750.919, 750.919, , -137.393, -137.393, -137.393, , , , 35.06, 36.306, 7.38, 22.39, 0, 0, -41.653, -42.619, -41.653, -42.619, 1, 116.287, 116.287, 0.025, 0.034, , , , , 7.994, 7.38, 22.39, , , 1, 6.313, , , , , , , , , , , , , , , , , , , , , , , , , , , , , , , , , , , , , , , , , , , , , , , , , , , , , , , , , , , , , , , , 
6.3, , , , , , -5.953, , 755.156, 755.156, , -137.293, -137.293, -137.293, , , , 35.06, 35.946, 7.38, 22.39, 0, 0, -41.568, -42.533, -41.568, -42.533, 1, 116.138, 116.138, 0.025, 0.034, , , , , 8.031, 7.38, 22.39, , , 1, 6.338, , , , , , , , , , , , , , , , , , , , , , , , , , , , , , , , , , , , , , , , , , , , , , , , , , , , , , , , , , , , , , , , 
6.35, , , , , , -6.058, , 759.459, 759.459, , -139.784, -139.784, -139.784, , , , 35.06, 35.586, 7.38, 22.39, 0, 0, -42.27, -43.251, -42.27, -43.251, 1, 115.991, 115.991, 0.025, 0.034, , , , , 8.068, 7.38, 22.39, , , 1, 6.364, , , , , , , , , , , , , , , , , , , , , , , , , , , , , , , , , , , , , , , , , , , , , , , , , , , , , , , , , , , , , , , , 
6.4, , , , , , , , 763.712, 763.712, , , , , , , , , , 7.38, 22.39, , , , , , , , 115.838, 115.838, 0.025, 0.034, , , , , 8.104, 7.38, 22.39, , , 1, 6.388, , , , , , , , , , , , , , , , , , , , , , , , , , , , , , , , , , , , , , , , , , , , , , , , , , , , , , , , , , , , , , , , 
