Time, (DWRT ATMO) Humidity, (DWRT ATMO) Pressure, (DWRT ATMO) Temperature 1, (DWRT ATMO) Temperature 2, (DWRT CPU) ????????????????????????????????????????????????????????????????, (DWRT CPU) Acceleration, (DWRT CPU) Correction Factor, (DWRT CPU) Distance, (DWRT CPU) Distance 1, (DWRT CPU) Engine RPM, (DWRT CPU) Force, (DWRT CPU) Force 1, (DWRT CPU) Force Drum 1, (DWRT CPU) Gear Ratio, (DWRT CPU) Inductive 1 Signal Strength, (DWRT CPU) Internal Temp 1, (DWRT CPU) Internal Temp 2, (DWRT CPU) LC1 Volts Petrol AFR, (DWRT CPU) LC2 Volts Petrol AFR2, (DWRT CPU) Link 0 Status, (DWRT CPU) Link 1 Status, (DWRT CPU) Power, (DWRT CPU) Power (uncorrected), (DWRT CPU) Power Drum 1, (DWRT CPU) Power Drum 1 (uncorrected), (DWRT CPU) Sampling, (DWRT CPU) Speed, (DWRT CPU) Speed 1, (DWRT CPU) TCP RX kB/s, (DWRT CPU) TCP TX kB/s, (DWRT CPU) Torque, (DWRT CPU) Torque (uncorrected), (DWRT CPU) Torque Drum 1, (DWRT CPU) Torque Drum 1 (uncorrected), (DWRT CPU) UDP RX kB/s, (DWRT CPU) User Analog 1, (DWRT CPU) User Analog 2, (DWRT CPU) User Analog 3, (DWRT CPU) User Analog 4, (Gen) Sampling, (Gen) Sampling Duration, (Harley - ECU Type 14 SW Level 141) Accel Enrichment, (Harley - ECU Type 14 SW Level 141) Decel Enleanment, (Harley - ECU Type 14 SW Level 141) Desired Air/Fuel, (Harley - ECU Type 14 SW Level 141) Engine Speed, (Harley - ECU Type 14 SW Level 141) Engine Temperature, (Harley - ECU Type 14 SW Level 141) Front Adaptive Fuel Factor, (Harley - ECU Type 14 SW Level 141) Front Closed Loop Integrator, (Harley - ECU Type 14 SW Level 141) Front Spark Knock Retard, (Harley - ECU Type 14 SW Level 141) Idle Air Control Motor Position, (Harley - ECU Type 14 SW Level 141) Injector Time Front, (Harley - ECU Type 14 SW Level 141) Injector Time Rear, (Harley - ECU Type 14 SW Level 141) Intake Air Temperature, (Harley - ECU Type 14 SW Level 141) Manifold Absolute Pressure, (Harley - ECU Type 14 SW Level 141) Rear Adaptive Fuel Factor, (Harley - ECU Type 14 SW Level 141) Rear Closed Loop Integrator, (Harley - ECU Type 14 SW Level 141) Rear Spark Knock Retard, (Harley - ECU Type 14 SW Level 141) Spark Advance Front, (Harley - ECU Type 14 SW Level 141) Spark Advance Rear, (Harley - ECU Type 14 SW Level 141) Throttle Position, (Harley - ECU Type 14 SW Level 141) Throttle Position Sensor Voltage, (Harley - ECU Type 14 SW Level 141) VE Front, (Harley - ECU Type 14 SW Level 141) VE New Front, (Harley - ECU Type 14 SW Level 141) VE New Rear, (Harley - ECU Type 14 SW Level 141) VE Rear, (Harley - ECU Type 14 SW Level 141) Vehicle Speed, (Harley - ECU Type 14 SW Level 141) WBO2 AFR Front, (Harley - ECU Type 14 SW Level 141) WBO2 AFR Rear, (PV) Accel Enrichment, (PV) AT Lambda 1, (PV) AT Lambda 2, (PV) Battery Voltage, (PV) Decel Enleanment, (PV) Desired Air/Fuel, (PV) Desired Lambda, (PV) Engine Speed, (PV) Engine Temperature, (PV) Front Adaptive Fuel Factor, (PV) Front Closed Loop Integrator, (PV) Front Spark Knock Retard, (PV) Idle Air Control Motor Position, (PV) Idle Set Speed, (PV) Injector Time Front, (PV) Injector Time Rear, (PV) Intake Air Temperature, (PV) Manifold Absolute Pressure, (PV) Rear Adaptive Fuel Factor, (PV) Rear Closed Loop Integrator, (PV) Rear Spark Knock Retard, (PV) Software Level, (PV) Spark Advance Front, (PV) Spark Advance Rear, (PV) Throttle Position, (PV) Throttle Position Sensor, (PV) Twistgrip Position, (PV) VE Front, (PV) VE New Front, (PV) VE New Rear, (PV) VE Rear, (PV) Vehicle Speed, (PV) Warm-up Fuel AFR (Lambda), (PV) Warm-up Fuel AFR (Ratio), (PV) WBO2 AFR Front, (PV) WBO2 AFR Rear, 
0, , , , , , 5.616, , , , , 135.07, 135.07, 135.07, , , , , , , , , , , , , , , , , , , , , , , , , , , , , , , , , , , , , , , , , , , , , , , , , , , , , , , , , , , , , , , , , , , , , , , , , , , , , , , , , , , , , , , , , , , , 
0.05, , , , , , 5.591, , , , , 134.473, 134.473, 134.473, , , , , , , , , , , , , , 44.307, 44.307, , , , , , , , , , , , , , , , , , , , , , , , , , , , , , , , , , , , , , , , , , , , , , , , , , , , , , , , , , , , , , , , , , , , , , , , , , , , , 
0.1, , , , , , 5.586, , 5.968, 5.968, , 134.363, 134.363, 134.363, , , , , , , , , 15.707, 15.997, 15.707, 15.997, , 44.723, 44.723, 0.025, 0.034, , , , , 4.544, , , , , 1, 0.07, , , , , , , , , , , , , , , , , , , , , , , , , , , , , , , , , , , , , , , , , , , , , , , , , , , , , , , , , , , , , , , , 
0.15, , , , , , 5.63, , 12.268, 12.268, , 135.411, 135.411, 135.411, , , , , 7.38, 22.39, , , 15.97, 16.264, 15.97, 16.264, , 45.141, 45.141, 0.025, 0.034, , , , , 4.551, 7.38, 22.39, , , 1, 0.145, , , , , , , , , , , , , , , , , , , , , , , , , , , , , , , , , , , , , , , , , , , , , , , , , , , , , , , , , , , , , , , , 
0.2, , , , , , 5.913, , 17.202, 17.202, , 142.132, 142.132, 142.132, , , , , 7.38, 22.39, 0, 0, 17.028, 17.343, 17.028, 17.343, 1, 45.571, 45.571, 0.025, 0.034, , , , , 4.558, 7.38, 22.39, , , 1, 0.22, , , , , , , , , , , , , , , , , , , , , , , , , , , , , , , , , , , , , , , , , , , , , , , , , , , , , , , , , , , , , , , , 
0.25, , , , , , 6.757, , 22.184, 22.184, , 162.178, 162.178, 162.178, , , 35.6, 35.898, 7.379, 22.39, 0, 0, 19.621, 19.984, 19.621, 19.984, 1, 46.018, 46.018, 0.025, 0.034, , , , , 4.565, 7.379, 22.39, , , 1, 0.296, , , , , , , , , , , , , , , , , , , , , , , , , , , , , , , , , , , , , , , , , , , , , , , , , , , , , , , , , , , , , , , , 
0.3, , , , , , 7.79, , 26.702, 26.702, , 186.699, 186.699, 186.699, , , 35.6, 36.222, 7.378, 22.39, 0, 0, 22.754, 23.176, 22.754, 23.176, 1, 46.385, 46.385, 0.025, 0.034, , , , , 4.555, 7.378, 22.39, , , 1, 0.347, 0.079, 0, 14.5, 1.901, 207, 0, 0, 0, 69.164, 8.078, 8.24, 114.8, 59.646, 100, 0, 0, 28.055, 28.582, 13, 1.11, 106.5, 0, 0, 115, 46.285, 0, 0, 0.079, 0, 0, 14, 0, 14.5, 0, 1.901, 207, 0, 0, 0, 69.164, 1, 0.008, 0.008, 114.8, 59.646, 100, 0, 0, 141, 28.055, 28.582, 13, 1.11, 0, 106.5, 0, 0, 115, 46.285, 0, 0, 0, 0, 
0.35, , , , , , 8.754, , 30.086, 30.086, , 209.57, 209.57, 209.57, , , 35.6, 36.546, 7.378, 22.39, 0, 0, 25.76, 26.238, 25.76, 26.238, 1, 46.792, 46.792, 0.025, 0.034, , , , , 4.532, 7.378, 22.39, , , 1, 0.397, 0.191, 0, 14.5, 1.906, 207, 0, 0, 0, 69.397, 8.233, 8.326, 114.8, 59.502, 100, 0, 0, 28.132, 28.699, 13, 1.11, 106.5, 0, 0, 115, 46.72, 0, 0, 0.191, 0, 0, 14, 0, 14.5, 0, 1.906, 207, 0, 0, 0, 69.397, 1, 0.008, 0.008, 114.8, 59.502, 100, 0, 0, 141, 28.132, 28.699, 13, 1.11, 0, 106.5, 0, 0, 115, 46.72, 0, 0, 0, 0, 
0.4, , , , , , 9.783, , 33.469, 33.469, , 234, 234, 234, , , 35.6, 36.87, 7.377, 22.39, 0, 0, 29.025, 29.566, 29.025, 29.566, 1, 47.241, 47.241, 0.025, 0.034, , , , , 4.51, 7.377, 22.39, , , 1, 0.447, 0.303, 0, 14.5, 1.91, 207, 0, 0, 0, 69.631, 8.388, 8.411, 114.8, 59.358, 100, 0, 0, 28.21, 28.815, 13, 1.11, 106.5, 0, 0, 115, 47.155, 0, 0, 0.303, 0, 0, 14, 0, 14.5, 0, 1.91, 207, 0, 0, 0, 69.631, 1, 0.008, 0.008, 114.8, 59.358, 100, 0, 0, 141, 28.21, 28.815, 13, 1.11, 0, 106.5, 0, 0, 115, 47.155, 0, 0, 0, 0, 
0.45, , , , , , 10.569, , 36.853, 36.853, , 252.644, 252.644, 252.644, , , 35.6, 37.194, 7.377, 22.39, 0, 0, 31.632, 32.223, 31.632, 32.223, 1, 47.747, 47.747, 0.025, 0.034, , , , , 4.488, 7.377, 22.39, , , 1, 0.498, 0.415, 0, 14.5, 1.915, 207, 0, 0, 0, 69.864, 8.543, 8.497, 114.8, 59.214, 100, 0, 0, 28.288, 28.932, 13, 1.11, 106.5, 0, 0, 115, 47.591, 0, 0, 0.415, 0, 0, 14, 0, 14.5, 0, 1.915, 207, 0, 0, 0, 69.864, 1, 0.009, 0.008, 114.8, 59.214, 100, 0, 0, 141, 28.288, 28.932, 13, 1.11, 0, 106.5, 0, 0, 115, 47.591, 0, 0, 0, 0, 
0.5, , , , , , 11.07, , 40.254, 40.254, , 264.539, 264.539, 264.539, , , 35.569, 36.921, 7.377, 22.39, 0, 0, 33.456, 34.082, 33.456, 34.082, 1, 48.279, 48.279, 0.025, 0.034, , , , , 4.484, 7.377, 22.39, , , 1, 0.548, 0.527, 0, 14.5, 1.919, 207, 0, 0, 0, 70.098, 8.698, 8.583, 114.8, 59.07, 100, 0, 0, 28.366, 29.049, 13, 1.11, 106.5, 0, 0, 115, 48.026, 0, 0, 0.527, 0, 0, 14, 0, 14.5, 0, 1.919, 207, 0, 0, 0, 70.098, 1, 0.009, 0.008, 114.8, 59.07, 100, 0, 0, 141, 28.366, 29.049, 13, 1.11, 0, 106.5, 0, 0, 115, 48.026, 0, 0, 0, 0, 
0.55, , , , , , 11.244, , 43.739, 43.739, , 268.674, 268.674, 268.674, , , 35.534, 36.596, 7.377, 22.39, 0, 0, 34.352, 34.994, 34.352, 34.994, 1, 48.822, 48.822, 0.025, 0.034, , , , , 4.498, 7.377, 22.39, , , 1, 0.597, 0.639, 0, 14.5, 1.924, 207, 0, 0, 0, 70.332, 8.853, 8.668, 114.8, 58.926, 100, 0, 0, 28.444, 29.166, 13, 1.11, 106.5, 0, 0, 115, 48.462, 0, 0, 0.639, 0, 0, 14, 0, 14.5, 0, 1.924, 207, 0, 0, 0, 70.332, 1, 0.009, 0.008, 114.8, 58.926, 100, 0, 0, 141, 28.444, 29.166, 13, 1.11, 0, 106.5, 0, 0, 115, 48.462, 0, 0, 0, 0, 
0.6, , , , , , 11.304, , 47.267, 47.267, , 270.12, 270.12, 270.12, , , 35.5, 36.271, 7.377, 22.39, 0, 0, 34.915, 35.568, 34.915, 35.568, 1, 49.372, 49.372, 0.025, 0.034, , , , , 4.513, 7.377, 22.39, , , 1, 0.647, 0.751, 0, 14.5, 1.928, 207, 0, 0, 0, 70.565, 9.008, 8.754, 114.8, 58.782, 100, 0, 0, 28.522, 29.283, 13, 1.11, 106.5, 0, 0, 115, 48.897, 0, 0, 0.751, 0, 0, 14, 0, 14.5, 0, 1.928, 207, 0, 0, 0, 70.565, 1, 0.009, 0.009, 114.8, 58.782, 100, 0, 0, 141, 28.522, 29.283, 13, 1.11, 0, 106.5, 0, 0, 115, 48.897, 0, 0, 0, 0, 
0.65, , , , , , 11.307, , 50.832, 50.832, , 270.187, 270.187, 270.187, , , 35.466, 35.946, 7.377, 22.39, 0, 0, 35.308, 35.968, 35.308, 35.968, 1, 49.932, 49.932, 0.025, 0.034, , , , , 4.527, 7.377, 22.39, , , 1, 0.698, 0.864, 0, 14.5, 1.933, 207, 0, 0, 0, 70.799, 9.163, 8.84, 114.8, 58.638, 100, 0, 0, 28.6, 29.4, 13, 1.11, 106.5, 0, 0, 115, 49.332, 0, 0, 0.864, 0, 0, 14, 0, 14.5, 0, 1.933, 207, 0, 0, 0, 70.799, 1, 0.009, 0.009, 114.8, 58.638, 100, 0, 0, 141, 28.6, 29.4, 13, 1.11, 0, 106.5, 0, 0, 115, 49.332, 0, 0, 0, 0, 
0.7, , , , , , 11.276, , 54.436, 54.436, , 269.476, 269.476, 269.476, , , 35.432, 35.621, 7.377, 22.39, 0, 0, 35.607, 36.271, 35.607, 36.271, 1, 50.483, 50.483, 0.025, 0.034, , , , , 4.543, 7.377, 22.39, , , 1, 0.747, 0.976, 0, 14.5, 1.937, 207, 0, 0, 0, 71.033, 9.318, 8.925, 114.8, 58.494, 100, 0, 0, 28.678, 29.516, 13, 1.11, 106.5, 0, 0, 115, 49.768, 0, 0, 0.976, 0, 0, 14, 0, 14.5, 0, 1.937, 207, 0, 0, 0, 71.033, 1, 0.009, 0.009, 114.8, 58.494, 100, 0, 0, 141, 28.678, 29.516, 13, 1.11, 0, 106.5, 0, 0, 115, 49.768, 0, 0, 0, 0, 
0.75, , , , , , 11.261, , 58.084, 58.084, , 269.13, 269.13, 269.13, , , 35.47, 35.472, 7.377, 22.39, 0, 0, 35.955, 36.624, 35.955, 36.624, 1, 51.032, 51.032, 0.025, 0.034, , , , , 4.564, 7.377, 22.39, , , 1, 0.798, 1.088, 0, 14.5, 1.942, 207, 0, 0, 0, 71.266, 9.473, 9.011, 114.8, 58.35, 100, 0, 0, 28.755, 29.633, 13, 1.11, 106.5, 0, 0, 115, 50.203, 0, 0, 1.088, 0, 0, 14, 0, 14.5, 0, 1.942, 207, 0, 0, 0, 71.266, 1, 0.01, 0.009, 114.8, 58.35, 100, 0, 0, 141, 28.755, 29.633, 13, 1.11, 0, 106.5, 0, 0, 115, 50.203, 0, 0, 0, 0, 
0.8, , , , , , 11.264, , 61.786, 61.786, , 269.21, 269.21, 269.21, , , 35.546, 35.415, 7.377, 22.39, 0, 0, 36.359, 37.036, 36.359, 37.036, 1, 51.581, 51.581, 0.025, 0.034, , , , , 4.585, 7.377, 22.39, , , 1, 0.848, 1.2, 0, 14.5, 1.946, 207, 0, 0, 0, 71.5, 9.628, 9.097, 114.8, 58.205, 100, 0, 0, 28.833, 29.75, 13, 1.11, 106.5, 0, 0, 115, 50.638, 0, 0, 1.2, 0, 0, 14, 0, 14.5, 0, 1.946, 207, 0, 0, 0, 71.5, 1, 0.01, 0.009, 114.8, 58.205, 100, 0, 0, 141, 28.833, 29.75, 13, 1.11, 0, 106.5, 0, 0, 115, 50.638, 0, 0, 0, 0, 
0.85, , , , , , 11.3, , 65.492, 65.492, , 270.08, 270.08, 270.08, , , 35.622, 35.358, 7.377, 22.39, 0, 0, 36.868, 37.555, 36.868, 37.555, 1, 52.137, 52.137, 0.025, 0.034, , , , , 4.606, 7.377, 22.39, , , 1, 0.897, 1.312, 0, 14.5, 1.951, 207, 0, 0, 0, 71.734, 9.783, 9.182, 114.8, 58.061, 100, 0, 0, 28.911, 29.867, 13, 1.11, 106.5, 0, 0, 115, 51.074, 0, 0, 1.312, 0, 0, 14, 0, 14.5, 0, 1.951, 207, 0, 0, 0, 71.734, 1, 0.01, 0.009, 114.8, 58.061, 100, 0, 0, 141, 28.911, 29.867, 13, 1.11, 0, 106.5, 0, 0, 115, 51.074, 0, 0, 0, 0, 
0.9, , 100.44, 70.47, , , 11.39, 0.982, 70.013, 70.013, , 272.221, 272.221, 272.221, , , 35.698, 35.302, 7.377, 22.39, 0, 0, 37.639, 38.34, 37.639, 38.34, 1, 52.984, 52.984, 0.025, 0.034, , , , , 4.627, 7.377, 22.39, , , 1, 0.948, 1.424, 0, 14.5, 1.955, 207, 0, 0, 0, 71.967, 9.938, 9.268, 114.8, 57.917, 100, 0, 0, 28.989, 29.984, 13, 1.11, 106.5, 0, 0, 115, 51.509, 0, 0, 1.424, 0, 0, 14, 0, 14.5, 0, 1.955, 207, 0, 0, 0, 71.967, 1, 0.01, 0.009, 114.8, 57.917, 100, 0, 0, 141, 28.989, 29.984, 13, 1.11, 0, 106.5, 0, 0, 115, 51.509, 0, 0, 0, 0, 
0.95, , 100.44, 70.47, , , 11.518, 0.982, 75.41, 75.41, , 275.274, 275.274, 275.274, , , 35.774, 35.245, 7.377, 22.39, 0, 0, 38.632, 39.352, 38.632, 39.352, 1, 53.595, 53.595, 0.025, 0.034, , , , , 4.65, 7.377, 22.39, , , 1, 0.998, 1.192, 0, 14.156, 2.005, 207, 0, 0, 0, 73.376, 10.765, 10.212, 114.49, 65.405, 100, 0, 0, 28.312, 29.312, 28.251, 1.681, 104.264, 0, 0, 111.302, 52.105, 0, 0, 1.192, 0, 0, 14, 0, 14.156, 0, 2.005, 207, 0, 0, 0, 73.376, 1, 0.011, 0.01, 114.49, 65.405, 100, 0, 0, 141, 28.312, 29.312, 28.251, 1.681, 0, 104.264, 0, 0, 111.302, 52.105, 0, 0, 0, 0, 
1, , 100.44, 70.47, , , 11.567, 0.982, 79.238, 79.238, , 276.455, 276.455, 276.455, , , 35.879, 35.406, 7.377, 22.39, 0, 0, 39.201, 39.933, 39.201, 39.933, 1, 54.155, 54.155, 0.025, 0.034, , , , , 4.672, 7.377, 22.39, , , 1, 1.047, 0.904, 0, 13.756, 2.061, 207, 0, 0, 0, 74.976, 11.701, 11.296, 114.13, 73.932, 100, 0, 0, 27.512, 28.512, 45.582, 2.345, 101.664, 0, 0, 107.002, 52.727, 0, 0, 0.904, 0, 0, 14, 0, 13.756, 0, 2.061, 207, 0, 0, 0, 74.976, 1, 0.012, 0.011, 114.13, 73.932, 100, 0, 0, 141, 27.512, 28.512, 45.582, 2.345, 0, 101.664, 0, 0, 107.002, 52.727, 0, 0, 0, 0, 
1.05, , 100.44, 70.47, , , 11.636, 0.982, 83.127, 83.127, , 278.1, 278.1, 278.1, , , 35.987, 35.586, 7.377, 22.39, 0, 0, 39.843, 40.586, 39.843, 40.586, 1, 54.721, 54.721, 0.025, 0.034, , , , , 4.695, 7.377, 22.39, , , 1, 1.097, 0.616, 0, 13.356, 2.117, 207, 0, 0, 0, 76.576, 12.637, 12.38, 113.77, 82.46, 100, 0, 0, 26.712, 27.712, 62.912, 3.009, 99.064, 0, 0, 102.702, 53.349, 0, 0, 0.616, 0, 0, 14, 0, 13.356, 0, 2.117, 207, 0, 0, 0, 76.576, 1, 0.013, 0.012, 113.77, 82.46, 100, 0, 0, 141, 26.712, 27.712, 62.912, 3.009, 0, 99.064, 0, 0, 102.702, 53.349, 0, 0, 0, 0, 
1.1, , 100.44, 70.47, , , 11.677, 0.982, 87.068, 87.068, , 279.082, 279.082, 279.082, , , 36.095, 35.766, 7.377, 22.39, 0, 0, 40.396, 41.15, 40.396, 41.15, 1, 55.288, 55.288, 0.025, 0.034, , , , , 4.718, 7.377, 22.39, , , 1, 1.148, 0.328, 0, 12.956, 2.172, 207, 0, 0, 0, 78.176, 13.573, 13.464, 113.41, 90.988, 100, 0, 0, 25.912, 26.912, 80.243, 3.673, 96.464, 0, 0, 98.402, 53.971, 0, 0, 0.328, 0, 0, 14, 0, 12.956, 0, 2.172, 207, 0, 0, 0, 78.176, 1, 0.014, 0.014, 113.41, 90.988, 100, 0, 0, 141, 25.912, 26.912, 80.243, 3.673, 0, 96.464, 0, 0, 98.402, 53.971, 0, 0, 0, 0, 
1.15, , 100.44, 70.47, , , 11.682, 0.982, 91.026, 91.026, , 279.222, 279.222, 279.222, , , 36.203, 35.946, 7.377, 22.39, 0, 0, 40.835, 41.597, 40.835, 41.597, 1, 55.866, 55.866, 0.025, 0.034, , , , , 4.735, 7.377, 22.39, , , 1, 1.198, 0.04, 0, 12.556, 2.228, 207, 0, 0, 0, 79.776, 14.509, 14.548, 113.05, 99.516, 100, 0, 0, 25.112, 26.112, 97.574, 4.337, 93.864, 0, 0, 94.102, 54.593, 0, 0, 0.04, 0, 0, 14, 0, 12.556, 0, 2.228, 207, 0, 0, 0, 79.776, 1, 0.015, 0.015, 113.05, 99.516, 100, 0, 0, 141, 25.112, 26.112, 97.574, 4.337, 0, 93.864, 0, 0, 94.102, 54.593, 0, 0, 0, 0, 
1.2, , 100.44, 70.47, , , 11.695, 0.982, 95.039, 95.039, , 279.54, 279.54, 279.54, , , 36.311, 36.126, 7.377, 22.39, 0, 0, 41.303, 42.074, 41.303, 42.074, 1, 56.437, 56.437, 0.025, 0.034, , , , , 4.752, 7.377, 22.39, , , 1, 1.248, 0, 0, 12.5, 2.259, 207, 0, 0, 0, 80, 14.582, 14.667, 113, 100.772, 100, 0, 0, 25.172, 26.086, 100, 4.43, 93.07, 0, 0, 93.156, 55.215, 0, 0, 0, 0, 0, 14, 0, 12.5, 0, 2.259, 207, 0, 0, 0, 80, 1, 0.015, 0.015, 113, 100.772, 100, 0, 0, 141, 25.172, 26.086, 100, 4.43, 0, 93.07, 0, 0, 93.156, 55.215, 0, 0, 0, 0, 
1.25, , 100.44, 70.47, , , 11.733, 0.982, 99.135, 99.135, , 280.451, 280.451, 280.451, , , 36.088, 36.14, 7.377, 22.39, 0, 0, 41.856, 42.638, 41.856, 42.638, 1, 57.004, 57.004, 0.025, 0.034, , , , , 4.769, 7.377, 22.39, , , 1, 1.298, 0, 0, 12.5, 2.285, 207, 0, 0, 0, 80, 14.514, 14.629, 113, 100.844, 100, 0, 0, 25.372, 26.186, 100, 4.43, 92.57, 0, 0, 92.756, 55.837, 0, 0, 0, 0, 0, 14, 0, 12.5, 0, 2.285, 207, 0, 0, 0, 80, 1, 0.015, 0.015, 113, 100.844, 100, 0, 0, 141, 25.372, 26.186, 100, 4.43, 0, 92.57, 0, 0, 92.756, 55.837, 0, 0, 0, 0, 
1.3, , 100.44, 70.47, , , 11.732, 0.982, 103.232, 103.232, , 280.451, 280.451, 280.451, , , 35.836, 36.14, 7.377, 22.39, 0, 0, 42.274, 43.065, 42.274, 43.065, 1, 57.581, 57.581, 0.025, 0.034, , , , , 4.785, 7.377, 22.39, , , 1, 1.348, 0, 0, 12.5, 2.312, 207, 0, 0, 0, 80, 14.446, 14.591, 113, 100.917, 100, 0, 0, 25.572, 26.286, 100, 4.43, 92.07, 0, 0, 92.356, 56.459, 0, 0, 0, 0, 0, 14, 0, 12.5, 0, 2.312, 207, 0, 0, 0, 80, 1, 0.014, 0.015, 113, 100.917, 100, 0, 0, 141, 25.572, 26.286, 100, 4.43, 0, 92.07, 0, 0, 92.356, 56.459, 0, 0, 0, 0, 
1.35, 19.32, 100.44, 70.47, 71.19, , 11.695, 0.982, 107.328, 107.328, , 279.578, 279.578, 279.578, , , 35.584, 36.14, 7.377, 22.39, 0, 0, 42.562, 43.358, 42.562, 43.358, 1, 58.156, 58.156, 0.025, 0.034, 9610.79, 9790.33, 9610.79, 9790.33, 4.791, 7.377, 22.39, , , 1, 1.398, 0, 0, 12.5, 2.339, 207, 0, 0, 0, 80, 14.378, 14.553, 113, 100.989, 100, 0, 0, 25.772, 26.386, 100, 4.43, 91.57, 0, 0, 91.956, 57.081, 0, 0, 0, 0, 0, 14, 0, 12.5, 0, 2.339, 207, 0, 0, 0, 80, 1, 0.014, 0.015, 113, 100.989, 100, 0, 0, 141, 25.772, 26.386, 100, 4.43, 0, 91.57, 0, 0, 91.956, 57.081, 0, 0, 0, 0, 
1.4, 19.32, 100.44, 70.47, 71.19, , 11.7, 0.982, 111.571, 111.571, , 279.712, 279.712, 279.712, , , 35.332, 36.14, 7.377, 22.39, 0, 0, 42.998, 43.803, 42.998, 43.803, 1, 58.725, 58.725, 0.025, 0.034, 5897.161, 6007.326, 5897.161, 6007.326, 4.796, 7.377, 22.39, , , 1, 1.447, 0, 0, 12.5, 2.365, 207, 0, 0, 0, 80, 14.31, 14.515, 113, 101.061, 100, 0, 0, 25.972, 26.486, 100, 4.43, 91.07, 0, 0, 91.556, 57.703, 0, 0, 0, 0, 0, 14, 0, 12.5, 0, 2.365, 207, 0, 0, 0, 80, 1, 0.014, 0.015, 113, 101.061, 100, 0, 0, 141, 25.972, 26.486, 100, 4.43, 0, 91.07, 0, 0, 91.556, 57.703, 0, 0, 0, 0, 
1.45, 19.32, 100.44, 70.47, 71.19, , 11.694, 0.982, 115.816, 115.816, , 279.57, 279.57, 279.57, , , 35.08, 36.14, 7.377, 22.39, 0, 0, 43.394, 44.206, 43.394, 44.206, 1, 59.293, 59.293, 0.025, 0.034, 4183.718, 4261.876, 4183.718, 4261.876, 4.8, 7.377, 22.39, , , 1, 1.497, 0, 0, 12.5, 2.391, 207, 0, 0, 0, 80, 14.255, 14.477, 112.69, 101.135, 100, 0, 0, 26.172, 26.586, 100, 4.43, 90.57, 0, 0, 91.242, 58.323, 0, 0, 0, 0, 0, 14, 0, 12.5, 0, 2.391, 207, 0, 0, 0, 80, 1, 0.014, 0.015, 112.69, 101.135, 100, 0, 0, 141, 26.172, 26.586, 100, 4.43, 0, 90.57, 0, 0, 91.242, 58.323, 0, 0, 0, 0, 
1.5, 19.32, 100.44, 70.47, 71.19, , 11.62, 0.982, 120.062, 120.062, , 277.835, 277.835, 277.835, , , 34.928, 36.173, 7.377, 22.39, 0, 0, 43.537, 44.351, 43.537, 44.351, 1, 59.863, 59.863, 0.025, 0.034, 3264.962, 3325.956, 3264.962, 3325.956, 4.805, 7.377, 22.39, , , 1, 1.548, 0, 0, 12.5, 2.416, 207, 0, 0, 0, 80, 14.203, 14.439, 112.33, 101.209, 100, 0, 0, 26.372, 26.686, 100, 4.43, 90.07, 0, 0, 90.942, 58.943, 0, 0, 0, 0, 0, 14, 0, 12.5, 0, 2.416, 207, 0, 0, 0, 80, 1, 0.014, 0.015, 112.33, 101.209, 100, 0, 0, 141, 26.372, 26.686, 100, 4.43, 0, 90.07, 0, 0, 90.942, 58.943, 0, 0, 0, 0, 
1.55, 19.32, 100.44, 70.47, 71.19, , 11.584, 0.982, 124.361, 124.361, , 277.001, 277.001, 277.001, , , 34.784, 36.209, 7.377, 22.39, 0, 0, 43.819, 44.637, 43.819, 44.637, 1, 60.435, 60.435, 0.024, 0.034, 2684.718, 2734.872, 2684.718, 2734.872, 4.816, 7.377, 22.39, , , 1, 1.597, 0, 0, 12.5, 2.441, 207, 0, 0, 0, 80, 14.151, 14.401, 111.97, 101.282, 100, 0, 0, 26.572, 26.786, 100, 4.43, 89.57, 0, 0, 90.642, 59.563, 0, 0, 0, 0, 0, 14, 0, 12.5, 0, 2.441, 207, 0, 0, 0, 80, 1, 0.014, 0.014, 111.97, 101.282, 100, 0, 0, 141, 26.572, 26.786, 100, 4.43, 0, 89.57, 0, 0, 90.642, 59.563, 0, 0, 0, 0, 
1.6, 19.32, 100.44, 70.47, 71.19, , 11.6, 0.982, 128.734, 128.734, 0.112, 277.394, 277.394, 277.394, 1.953, 86.162, 34.64, 36.245, 7.377, 22.39, 0, 0, 44.296, 45.123, 44.296, 45.123, 1, 61.009, 61.009, 0.024, 0.034, 1435.134, 1461.944, 1435.134, 1461.944, 4.829, 7.377, 22.39, , , 1, 1.647, 0, 0, 12.5, 2.466, 207, 0, 0, 0, 80, 14.099, 14.363, 111.61, 101.356, 100, 0, 0, 26.772, 26.886, 100, 4.43, 89.07, 0, 0, 90.342, 60.183, 0, 0, 0, 0, 0, 14, 0, 12.5, 0, 2.466, 207, 0, 0, 0, 80, 1, 0.014, 0.014, 111.61, 101.356, 100, 0, 0, 141, 26.772, 26.886, 100, 4.43, 0, 89.07, 0, 0, 90.342, 60.183, 0, 0, 0, 0, 
1.65, 19.32, 100.44, 70.47, 71.19, , 11.597, 0.982, 133.14, 133.14, 0.258, 277.323, 277.323, 277.323, 5.495, 83.822, 34.496, 36.281, 7.377, 22.39, 0, 0, 44.696, 45.531, 44.696, 45.531, 1, 61.568, 61.568, 0.024, 0.034, 521.74, 531.488, 521.74, 531.488, 4.841, 7.377, 22.39, , , 1, 1.698, 0, 0, 12.5, 2.491, 207, 0, 0, 0, 80, 14.047, 14.325, 111.25, 101.43, 100, 0, 0, 26.972, 26.986, 100, 4.43, 88.57, 0, 0, 90.042, 60.803, 0, 0, 0, 0, 0, 14, 0, 12.5, 0, 2.491, 207, 0, 0, 0, 80, 1, 0.014, 0.014, 111.25, 101.43, 100, 0, 0, 141, 26.972, 26.986, 100, 4.43, 0, 88.57, 0, 0, 90.042, 60.803, 0, 0, 0, 0, 
1.7, 19.32, 100.44, 70.47, 71.19, , 11.562, 0.982, 137.587, 137.587, 0.405, 276.504, 276.504, 276.504, 8.974, 81.482, 34.352, 36.317, 7.377, 22.39, 0, 0, 44.975, 45.816, 44.975, 45.816, 1, 62.141, 62.141, 0.024, 0.034, 376.057, 383.082, 376.057, 383.082, 4.854, 7.377, 22.39, , , 1, 1.748, 0, 0, 12.5, 2.515, 207, 0, 0, 0, 80, 14.061, 14.366, 111.2, 101.504, 100, 0, 0, 27, 27.086, 100, 4.43, 88.586, 0, 0, 90.172, 61.318, 0, 0, 0, 0, 0, 14, 0, 12.5, 0, 2.515, 207, 0, 0, 0, 80, 1, 0.014, 0.014, 111.2, 101.504, 100, 0, 0, 141, 27, 27.086, 100, 4.43, 0, 88.586, 0, 0, 90.172, 61.318, 0, 0, 0, 0, 
1.75, 19.32, 100.44, 70.47, 71.19, , 11.562, 0.982, 142.077, 142.077, 0.552, 276.525, 276.525, 276.525, 12.316, 79.143, 34.539, 36.088, 7.377, 22.39, 0, 0, 45.389, 46.238, 45.389, 46.238, 1, 62.707, 62.707, 0.024, 0.034, 301.812, 307.449, 301.812, 307.449, 4.863, 7.377, 22.39, , , 1, 1.797, 0, 0, 12.5, 2.539, 207, 0, 0, 0, 80, 14.085, 14.42, 111.2, 101.578, 100, 0, 0, 27, 27.186, 100, 4.43, 88.686, 0, 0, 90.372, 61.816, 0, 0, 0, 0, 0, 14, 0, 12.5, 0, 2.539, 207, 0, 0, 0, 80, 1, 0.014, 0.014, 111.2, 101.578, 100, 0, 0, 141, 27, 27.186, 100, 4.43, 0, 88.686, 0, 0, 90.372, 61.816, 0, 0, 0, 0, 
1.8, 19.32, 100.44, 70.47, 71.19, , 11.584, 0.982, 146.603, 146.603, 0.699, 277.067, 277.067, 277.067, 15.515, 76.803, 34.755, 35.836, 7.377, 22.39, 0, 0, 45.888, 46.747, 45.888, 46.747, 1, 63.27, 63.27, 0.024, 0.034, 255.376, 260.146, 255.376, 260.146, 4.869, 7.377, 22.39, , , 1, 1.847, 0, 0, 12.5, 2.562, 207, 0, 0, 0, 80, 14.109, 14.474, 111.2, 101.652, 100, 0, 0, 27, 27.286, 100, 4.43, 88.786, 0, 0, 90.572, 62.314, 0, 0, 0, 0, 0, 14, 0, 12.5, 0, 2.562, 207, 0, 0, 0, 80, 1, 0.014, 0.015, 111.2, 101.652, 100, 0, 0, 141, 27, 27.286, 100, 4.43, 0, 88.786, 0, 0, 90.572, 62.314, 0, 0, 0, 0, 
1.85, 19.32, 100.44, 70.47, 71.19, , 11.565, 0.982, 151.181, 151.181, 0.846, 276.621, 276.621, 276.621, 17.751, 74.463, 34.971, 35.584, 7.377, 22.39, 0, 0, 46.227, 47.093, 46.227, 47.093, 1, 63.838, 63.838, 0.025, 0.034, 221.58, 225.719, 221.58, 225.719, 4.875, 7.377, 22.39, , , 1, 1.898, 0, 0, 12.5, 2.585, 207, 0, 0, 0, 80, 14.133, 14.528, 111.2, 101.726, 100, 0, 0, 27, 27.386, 100, 4.43, 88.886, 0, 0, 90.772, 62.812, 0, 0, 0, 0, 0, 14, 0, 12.5, 0, 2.585, 207, 0, 0, 0, 80, 1, 0.014, 0.015, 111.2, 101.727, 100, 0, 0, 141, 27, 27.386, 100, 4.43, 0, 88.886, 0, 0, 90.772, 62.812, 0, 0, 0, 0, 
1.9, 19.32, 100.44, 70.47, 71.19, , 11.564, 0.982, 155.792, 155.792, 0.992, 276.615, 276.615, 276.615, 19.845, 72.123, 35.187, 35.332, 7.377, 22.39, 0, 0, 46.641, 47.513, 46.641, 47.513, 1, 64.412, 64.412, 0.025, 0.034, 196.562, 200.231, 196.562, 200.231, 4.881, 7.377, 22.39, , , 1, 1.947, 0, 0, 12.5, 2.609, 207, 0, 0, 0, 80, 14.157, 14.582, 111.2, 101.8, 100, 0, 0, 27, 27.486, 100, 4.43, 88.986, 0, 0, 90.972, 63.31, 0, 0, 0, 0, 0, 14, 0, 12.5, 0, 2.609, 207, 0, 0, 0, 80, 1, 0.014, 0.015, 111.2, 101.801, 100, 0, 0, 141, 27, 27.486, 100, 4.43, 0, 88.986, 0, 0, 90.972, 63.31, 0, 0, 0, 0, 
1.95, 19.32, 100.44, 70.47, 71.19, , 11.612, 0.982, 160.462, 160.462, 1.139, 277.778, 277.778, 277.778, 21.891, 69.784, 35.403, 35.08, 7.377, 22.39, 0, 0, 47.255, 48.136, 47.255, 48.136, 1, 64.984, 64.984, 0.025, 0.034, 177.881, 181.2, 177.881, 181.2, 4.89, 7.377, 22.39, , , 1, 1.998, 0, 0, 12.5, 2.636, 207, 0, 0, 0, 80, 14.184, 14.618, 110.89, 101.874, 100, 0, 0, 27, 27.586, 100, 4.43, 89, 0, 0, 91.086, 63.915, 0, 0, 0, 0, 0, 14, 0, 12.5, 0, 2.636, 207, 0, 0, 0, 80, 1, 0.014, 0.015, 110.89, 101.875, 100, 0, 0, 141, 27, 27.586, 100, 4.43, 0, 89, 0, 0, 91.086, 63.915, 0, 0, 0, 0, 
2, 19.32, 100.44, 70.47, 71.19, , 11.641, 0.982, 165.167, 165.167, 1.286, 278.463, 278.463, 278.463, 23.884, 67.444, 35.42, 34.928, 7.378, 22.39, 0, 0, 47.787, 48.678, 47.787, 48.678, 1, 65.552, 65.552, 0.025, 0.034, 162.715, 165.752, 162.715, 165.752, 4.902, 7.378, 22.39, , , 1, 2.048, 0, 0, 12.5, 2.663, 207, 0, 0, 0, 80, 14.212, 14.65, 110.53, 101.948, 100, 0, 0, 27, 27.686, 100, 4.43, 89, 0, 0, 91.186, 64.537, 0, 0, 0, 0, 0, 14, 0, 12.5, 0, 2.663, 207, 0, 0, 0, 80, 1, 0.014, 0.015, 110.53, 101.949, 100, 0, 0, 141, 27, 27.686, 100, 4.43, 0, 89, 0, 0, 91.186, 64.537, 0, 0, 0, 0, 
2.05, 19.32, 100.44, 70.47, 71.19, , 11.656, 0.982, 170.837, 170.837, 1.433, 278.833, 278.833, 278.833, 26.676, 65.104, 35.42, 34.784, 7.378, 22.39, 0, 0, 48.348, 49.25, 48.348, 49.25, 1, 66.367, 66.367, 0.025, 0.034, 148.353, 151.121, 148.353, 151.121, 4.914, 7.378, 22.39, , , 1, 2.098, 0, 0, 12.5, 2.691, 207, 0, 0, 0, 80, 14.24, 14.682, 110.17, 102.022, 100, 0, 0, 27, 27.786, 100, 4.43, 89, 0, 0, 91.286, 65.159, 0, 0, 0, 0, 0, 14, 0, 12.5, 0, 2.691, 207, 0, 0, 0, 80, 1, 0.014, 0.015, 110.17, 102.023, 100, 0, 0, 141, 27, 27.786, 100, 4.43, 0, 89, 0, 0, 91.286, 65.159, 0, 0, 0, 0, 
2.1, 19.32, 100.44, 70.47, 71.19, , 11.697, 0.982, 177.032, 177.032, 1.58, 279.846, 279.846, 279.846, 28.695, 62.764, 35.42, 34.64, 7.379, 22.39, 0, 0, 49.066, 49.982, 49.066, 49.982, 1, 66.97, 66.97, 0.025, 0.034, 135.766, 138.299, 135.766, 138.299, 4.926, 7.379, 22.39, , , 1, 2.148, 0, 0, 12.5, 2.718, 207, 0, 0, 0, 80, 14.268, 14.714, 109.81, 102.097, 100, 0, 0, 27, 27.886, 100, 4.43, 89, 0, 0, 91.386, 65.781, 0, 0, 0, 0, 0, 14, 0, 12.5, 0, 2.718, 207, 0, 0, 0, 80, 1, 0.014, 0.015, 109.81, 102.097, 100, 0, 0, 141, 27, 27.886, 100, 4.43, 0, 89, 0, 0, 91.386, 65.781, 0, 0, 0, 0, 
2.15, 19.32, 100.44, 70.47, 71.19, , 11.716, 0.982, 181.839, 181.839, 1.726, 280.301, 280.301, 280.301, 30.54, 60.425, 35.42, 34.496, 7.379, 22.39, 0, 0, 49.563, 50.49, 49.563, 50.49, 1, 67.547, 67.547, 0.025, 0.034, 127.653, 130.035, 127.653, 130.035, 4.955, 7.379, 22.39, , , 1, 2.198, 0, 0, 12.5, 2.746, 207, 0, 0, 0, 80, 14.296, 14.746, 109.45, 102.171, 100, 0, 0, 27, 27.986, 100, 4.43, 89, 0, 0, 91.486, 66.403, 0, 0, 0, 0, 0, 14, 0, 12.5, 0, 2.746, 207, 0, 0, 0, 80, 1, 0.014, 0.015, 109.45, 102.171, 100, 0, 0, 141, 27, 27.986, 100, 4.43, 0, 89, 0, 0, 91.486, 66.403, 0, 0, 0, 0, 
2.2, 19.32, 100.44, 70.47, 71.19, , 11.735, 0.982, 186.704, 186.704, 1.873, 280.761, 280.761, 280.761, 32.009, 58.085, 35.42, 34.352, 7.38, 22.39, 0, 0, 50.069, 51.006, 50.069, 51.006, 1, 68.12, 68.12, 0.025, 0.034, 121.568, 123.838, 121.568, 123.838, 5.011, 7.38, 22.39, , , 1, 2.248, 0, 0, 12.5, 2.771, 207, 0, 0, 0, 80, 14.348, 14.817, 109.1, 102.243, 100, 0, 0, 27.083, 28.083, 100, 4.43, 89.251, 0, 0, 91.918, 67.007, 0, 0, 0, 0, 0, 14, 0, 12.5, 0, 2.771, 207, 0, 0, 0, 80, 1, 0.014, 0.015, 109.1, 102.243, 100, 0, 0, 141, 27.083, 28.083, 100, 4.43, 0, 89.251, 0, 0, 91.918, 67.007, 0, 0, 0, 0, 
2.25, 19.32, 100.44, 70.474, 71.19, , 11.775, 0.982, 191.62, 191.62, 2.02, 281.725, 281.725, 281.725, 32.954, 55.745, 35.453, 34.539, 7.38, 22.388, 0, 0, 50.666, 51.614, 50.666, 51.614, 1, 68.69, 68.69, 0.025, 0.034, 118.038, 120.242, 118.038, 120.242, 5.067, 7.38, 22.388, , , 1, 2.298, 0, 0, 12.5, 2.795, 207, 0, 0, 0, 80, 14.405, 14.894, 108.751, 102.315, 100, 0, 0, 27.18, 28.18, 100, 4.43, 89.543, 0, 0, 92.405, 67.607, 0, 0, 0, 0, 0, 14, 0, 12.5, 0, 2.795, 207, 0, 0, 0, 80, 1, 0.014, 0.015, 108.751, 102.315, 100, 0, 0, 141, 27.18, 28.18, 100, 4.43, 0, 89.543, 0, 0, 92.405, 67.607, 0, 0, 0, 0, 
2.3, 19.32, 100.44, 70.478, 71.19, , 11.821, 0.982, 196.588, 196.588, 2.167, 282.839, 282.839, 282.839, 33.378, 53.405, 35.489, 34.755, 7.379, 22.385, 0, 0, 51.292, 52.252, 51.292, 52.252, 1, 69.271, 69.271, 0.025, 0.034, 116.776, 118.958, 116.776, 118.958, 5.123, 7.379, 22.385, , , 1, 2.347, 0, 0, 12.5, 2.82, 207, 0, 0, 0, 80, 14.461, 14.972, 108.402, 102.387, 100, 0, 0, 27.277, 28.277, 100, 4.43, 89.835, 0, 0, 92.891, 68.208, 0, 0, 0, 0, 0, 14, 0, 12.5, 0, 2.82, 207, 0, 0, 0, 80, 1, 0.015, 0.015, 108.402, 102.387, 100, 0, 0, 141, 27.277, 28.277, 100, 4.43, 0, 89.835, 0, 0, 92.891, 68.208, 0, 0, 0, 0, 
2.35, 19.32, 100.44, 70.482, 71.19, , 11.84, 0.982, 201.556, 201.556, 2.313, 283.296, 283.296, 283.296, 33.278, 51.066, 35.525, 34.971, 7.379, 22.379, 0, 0, 51.802, 52.772, 51.802, 52.772, 1, 69.858, 69.858, 0.025, 0.034, 117.27, 119.461, 117.27, 119.461, 5.177, 7.379, 22.379, , , 1, 2.397, 0, 0, 12.5, 2.844, 207, 0, 0, 0, 80, 14.517, 15.049, 108.053, 102.458, 100, 0, 0, 27.374, 28.374, 100, 4.43, 90.126, 0, 0, 93.377, 68.809, 0, 0, 0, 0, 0, 14, 0, 12.5, 0, 2.844, 207, 0, 0, 0, 80, 1, 0.015, 0.015, 108.053, 102.458, 100, 0, 0, 141, 27.374, 28.374, 100, 4.43, 0, 90.126, 0, 0, 93.377, 68.809, 0, 0, 0, 0, 
2.4, 19.32, 100.44, 70.485, 71.19, , 11.865, 0.982, 206.597, 206.597, 2.408, 283.916, 283.916, 283.916, 32.689, 57.46, 35.561, 35.187, 7.378, 22.369, 0, 0, 52.349, 53.328, 52.349, 53.328, 1, 70.433, 70.433, 0.025, 0.034, 119.789, 122.027, 119.789, 122.027, 5.223, 7.378, 22.369, , , 1, 2.448, 0, 0, 12.5, 2.869, 207, 0, 0, 0, 80, 14.573, 15.127, 107.705, 102.53, 100, 0, 0, 27.471, 28.471, 100, 4.43, 90.418, 0, 0, 93.864, 69.41, 0, 0, 0, 0, 0, 14, 0, 12.5, 0, 2.869, 207, 0, 0, 0, 80, 1, 0.015, 0.015, 107.705, 102.53, 100, 0, 0, 141, 27.471, 28.471, 100, 4.43, 0, 90.418, 0, 0, 93.864, 69.41, 0, 0, 0, 0, 
2.45, 19.32, 100.44, 70.489, 71.19, , 11.916, 0.982, 211.673, 211.673, 2.378, 285.133, 285.133, 285.133, 31.729, 66.584, 35.597, 35.403, 7.378, 22.359, 0, 0, 53.007, 53.999, 53.007, 53.999, 1, 71.014, 71.014, 0.025, 0.034, 123.934, 126.247, 123.934, 126.247, 5.269, 7.378, 22.359, , , 1, 2.497, 0, 0, 12.5, 2.894, 207, 0, 0, 0, 80, 14.62, 15.192, 107.6, 102.605, 100, 0, 0, 27.572, 28.572, 100, 4.43, 90.722, 0, 0, 94.296, 70.04, 0, 0, 0, 0, 0, 14, 0, 12.5, 0, 2.894, 207, 0, 0, 0, 80, 1, 0.015, 0.015, 107.6, 102.605, 100, 0, 0, 141, 27.572, 28.572, 100, 4.43, 0, 90.722, 0, 0, 94.296, 70.04, 0, 0, 0, 0, 
2.5, 19.32, 100.44, 70.493, 71.19, , 11.93, 0.982, 216.844, 216.844, 2.322, 285.492, 285.492, 285.492, 30.699, 67.366, 35.501, 35.619, 7.377, 22.348, 0, 0, 53.518, 54.519, 53.518, 54.519, 1, 71.598, 71.598, 0.025, 0.034, 128.307, 130.702, 128.307, 130.702, 5.315, 7.377, 22.348, , , 1, 2.547, 0, 0, 12.5, 2.919, 207, 0, 0, 0, 80, 14.664, 15.252, 107.6, 102.681, 100, 0, 0, 27.676, 28.676, 100, 4.43, 91.031, 0, 0, 94.708, 70.682, 0, 0, 0, 0, 0, 14, 0, 12.5, 0, 2.919, 207, 0, 0, 0, 80, 1, 0.015, 0.015, 107.6, 102.681, 100, 0, 0, 141, 27.676, 28.676, 100, 4.43, 0, 91.031, 0, 0, 94.708, 70.682, 0, 0, 0, 0, 
2.55, 19.32, 100.44, 70.497, 71.19, , 11.982, 0.982, 222.033, 222.033, 2.266, 286.741, 286.741, 286.741, 29.681, 68.149, 35.393, 35.835, 7.377, 22.321, 0, 0, 54.195, 55.208, 54.195, 55.208, 1, 72.187, 72.187, 0.025, 0.034, 133.293, 135.781, 133.293, 135.781, 5.36, 7.377, 22.321, , , 1, 2.598, 0, 0, 12.5, 2.944, 207, 0, 0, 0, 80, 14.707, 15.312, 107.6, 102.758, 100, 0, 0, 27.779, 28.779, 100, 4.43, 91.34, 0, 0, 95.119, 71.325, 0, 0, 0, 0, 0, 14, 0, 12.5, 0, 2.944, 207, 0, 0, 0, 80, 1, 0.015, 0.015, 107.6, 102.758, 100, 0, 0, 141, 27.779, 28.779, 100, 4.43, 0, 91.34, 0, 0, 95.119, 71.325, 0, 0, 0, 0, 
2.6, 19.32, 100.44, 70.501, 71.19, , 11.992, 0.982, 227.221, 227.221, 2.209, 286.989, 286.989, 286.989, 28.671, 68.932, 35.285, 36.051, 7.377, 22.27, 0, 0, 54.679, 55.7, 54.679, 55.7, 1, 72.779, 72.779, 0.025, 0.034, 138.023, 140.601, 138.023, 140.601, 5.395, 7.377, 22.27, , , 1, 2.647, 0, 0, 12.5, 2.969, 207, 0, 0, 0, 80, 14.751, 15.372, 107.6, 102.834, 100, 0, 0, 27.882, 28.882, 100, 4.43, 91.648, 0, 0, 95.531, 71.967, 0, 0, 0, 0, 0, 14, 0, 12.5, 0, 2.969, 207, 0, 0, 0, 80, 1, 0.015, 0.015, 107.6, 102.834, 100, 0, 0, 141, 27.882, 28.882, 100, 4.43, 0, 91.648, 0, 0, 95.531, 71.967, 0, 0, 0, 0, 
2.65, 19.321, 100.44, 70.505, 71.191, , 12.05, 0.982, 232.439, 232.439, 2.153, 288.378, 288.378, 288.378, 27.69, 69.714, 35.177, 36.267, 7.377, 22.2, 0, 0, 55.386, 56.421, 55.386, 56.421, 1, 73.367, 73.367, 0.025, 0.034, 143.616, 146.298, 143.616, 146.298, 5.43, 7.377, 22.2, , , 1, 2.697, 0, 0, 12.5, 2.994, 207, 0, 0, 0, 80, 14.794, 15.432, 107.6, 102.911, 100, 0, 0, 27.986, 28.986, 100, 4.43, 91.957, 0, 0, 95.942, 72.61, 0, 0, 0, 0, 0, 14, 0, 12.5, 0, 2.994, 207, 0, 0, 0, 80, 1, 0.015, 0.015, 107.6, 102.911, 100, 0, 0, 141, 27.986, 28.986, 100, 4.43, 0, 91.957, 0, 0, 95.942, 72.61, 0, 0, 0, 0, 
2.7, 19.322, 100.44, 70.508, 71.192, , 12.097, 0.982, 237.746, 237.746, 2.097, 289.504, 289.504, 289.504, 26.722, 70.497, 35.069, 36.483, 7.378, 22.097, 0, 0, 56.054, 57.101, 56.054, 57.101, 1, 73.959, 73.959, 0.025, 0.034, 149.446, 152.238, 149.446, 152.238, 5.464, 7.378, 22.097, , , 1, 2.748, 0, 0, 12.5, 3.02, 207, 0, 0, 0, 79.827, 14.786, 15.426, 107.288, 102.92, 100, 0, 0, 28, 29, 100, 4.43, 91.913, 0, 0, 95.913, 73.239, 0, 0, 0, 0, 0, 14, 0, 12.5, 0, 3.02, 207, 0, 0, 0, 79.827, 1, 0.015, 0.015, 107.288, 102.92, 100, 0, 0, 141, 28, 29, 100, 4.43, 0, 91.913, 0, 0, 95.913, 73.239, 0, 0, 0, 0, 
2.75, 19.323, 100.44, 70.512, 71.193, , 12.134, 0.982, 243.112, 243.112, 2.041, 290.393, 290.393, 290.393, 25.756, 71.279, 35.06, 36.237, 7.378, 21.971, 0, 0, 56.681, 57.74, 56.681, 57.74, 1, 74.562, 74.562, 0.025, 0.034, 155.497, 158.403, 155.497, 158.403, 5.498, 7.378, 21.971, , , 1, 2.797, 0, 0, 12.5, 3.046, 207, 0, 0, 0, 79.625, 14.77, 15.41, 106.925, 102.92, 100, 0, 0, 28, 29, 100, 4.43, 91.812, 0, 0, 95.812, 73.866, 0, 0, 0, 0, 0, 14, 0, 12.5, 0, 3.046, 207, 0, 0, 0, 79.625, 1, 0.015, 0.015, 106.925, 102.92, 100, 0, 0, 141, 28, 29, 100, 4.43, 0, 91.812, 0, 0, 95.812, 73.866, 0, 0, 0, 0, 
2.8, 19.324, 100.44, 70.516, 71.194, , 12.193, 0.982, 248.543, 248.543, 1.984, 291.817, 291.817, 291.817, 24.826, 72.062, 35.06, 35.951, 7.379, 21.806, 0, 0, 57.421, 58.494, 57.421, 58.494, 1, 75.153, 75.153, 0.025, 0.034, 162.271, 165.303, 162.271, 165.303, 5.525, 7.379, 21.806, , , 1, 2.847, 0, 0, 12.5, 3.072, 207, 0, 0, 0, 79.423, 14.754, 15.394, 106.562, 102.92, 100, 0, 0, 28, 29, 100, 4.43, 91.712, 0, 0, 95.712, 74.493, 0, 0, 0, 0, 0, 14, 0, 12.5, 0, 3.072, 207, 0, 0, 0, 79.423, 1, 0.015, 0.015, 106.562, 102.92, 100, 0, 0, 141, 28, 29, 100, 4.43, 0, 91.712, 0, 0, 95.712, 74.493, 0, 0, 0, 0, 
2.85, 19.325, 100.44, 70.52, 71.195, , 12.291, 0.982, 253.973, 253.973, 1.928, 294.156, 294.156, 294.156, 23.899, 72.845, 35.06, 35.666, 7.379, 21.641, 0, 0, 58.342, 59.433, 58.342, 59.433, 1, 75.755, 75.755, 0.025, 0.034, 169.902, 173.076, 169.902, 173.076, 5.55, 7.379, 21.641, , , 1, 2.898, 0, 0, 12.5, 3.098, 207, 0, 0, 0, 79.222, 14.738, 15.378, 106.199, 102.92, 100, 0, 0, 28, 29, 100, 4.43, 91.611, 0, 0, 95.611, 75.12, 0, 0, 0, 0, 0, 14, 0, 12.5, 0, 3.098, 207, 0, 0, 0, 79.222, 1, 0.015, 0.015, 106.199, 102.92, 100, 0, 0, 141, 28, 29, 100, 4.43, 0, 91.611, 0, 0, 95.611, 75.12, 0, 0, 0, 0, 
2.9, 19.326, 100.44, 70.524, 71.196, , 12.322, 0.982, 259.409, 259.409, 1.872, 294.916, 294.916, 294.916, 22.983, 73.627, 35.06, 35.38, 7.38, 21.479, 0, 0, 58.953, 60.057, 58.953, 60.057, 1, 76.361, 76.361, 0.025, 0.034, 177.032, 180.34, 177.032, 180.34, 5.576, 7.38, 21.479, , , 1, 2.948, 0, 0, 12.5, 3.123, 207, 0, 0, 0, 79.02, 14.722, 15.362, 105.836, 102.92, 100, 0, 0, 28, 29, 100, 4.43, 91.51, 0, 0, 95.51, 75.747, 0, 0, 0, 0, 0, 14, 0, 12.5, 0, 3.123, 207, 0, 0, 0, 79.02, 1, 0.015, 0.015, 105.836, 102.92, 100, 0, 0, 141, 28, 29, 100, 4.43, 0, 91.51, 0, 0, 95.51, 75.747, 0, 0, 0, 0, 
2.95, 19.328, 100.44, 70.527, 71.198, , 12.385, 0.982, 264.968, 264.968, 1.815, 296.414, 296.414, 296.414, 22.077, 74.41, 35.06, 35.094, 7.38, 21.329, 0, 0, 59.728, 60.846, 59.728, 60.846, 1, 76.971, 76.971, 0.025, 0.034, 185.315, 188.779, 185.315, 188.779, 5.602, 7.38, 21.329, , , 1, 2.997, 0, 0, 12.5, 3.148, 207, 0, 0, 0, 79, 14.72, 15.337, 105.8, 102.92, 100, 0, 0, 28.089, 29, 100, 4.43, 91.5, 0, 0, 95.411, 76.364, 0, 0, 0, 0, 0, 14, 0, 12.5, 0, 3.148, 207, 0, 0, 0, 79, 1, 0.015, 0.015, 105.8, 102.92, 100, 0, 0, 141, 28.089, 29, 100, 4.43, 0, 91.5, 0, 0, 95.411, 76.364, 0, 0, 0, 0, 
3, 19.329, 100.44, 70.531, 71.199, , 12.474, 0.982, 270.528, 270.528, 1.759, 298.541, 298.541, 298.541, 21.19, 75.192, 35.156, 35.347, 7.38, 21.206, 0, 0, 60.633, 61.768, 60.633, 61.768, 1, 77.58, 77.58, 0.025, 0.034, 194.489, 198.124, 194.489, 198.124, 5.617, 7.38, 21.206, , , 1, 3.047, 0, 0, 12.5, 3.173, 207, 0, 0, 0, 79, 14.72, 15.311, 105.8, 102.92, 100, 0, 0, 28.188, 29, 100, 4.43, 91.5, 0, 0, 95.312, 76.979, 0, 0, 0, 0, 0, 14, 0, 12.5, 0, 3.173, 207, 0, 0, 0, 79, 1, 0.015, 0.015, 105.8, 102.92, 100, 0, 0, 141, 28.188, 29, 100, 4.43, 0, 91.5, 0, 0, 95.312, 76.979, 0, 0, 0, 0, 
3.05, 19.33, 100.44, 70.535, 71.2, , 12.547, 0.982, 276.157, 276.157, 1.703, 300.295, 300.295, 300.295, 20.319, 75.975, 35.265, 35.674, 7.38, 21.111, 0, 0, 61.475, 62.625, 61.475, 62.625, 1, 78.191, 78.191, 0.025, 0.034, 204.132, 207.946, 204.132, 207.946, 5.626, 7.38, 21.111, , , 1, 3.098, 0, 0, 12.5, 3.198, 207, 0, 0, 0, 79, 14.72, 15.285, 105.8, 102.92, 100, 0, 0, 28.288, 29, 100, 4.43, 91.5, 0, 0, 95.212, 77.594, 0, 0, 0, 0, 0, 14, 0, 12.5, 0, 3.198, 207, 0, 0, 0, 79, 1, 0.015, 0.015, 105.8, 102.92, 100, 0, 0, 141, 28.288, 29, 100, 4.43, 0, 91.5, 0, 0, 95.212, 77.594, 0, 0, 0, 0, 
3.1, 19.331, 100.44, 70.539, 71.201, , 12.617, 0.982, 281.758, 281.758, 1.646, 301.978, 301.978, 301.978, 19.453, 76.757, 35.374, 36.001, 7.38, 21.079, 0, 0, 62.314, 63.478, 62.314, 63.478, 1, 78.814, 78.814, 0.025, 0.034, 214.482, 218.489, 214.482, 218.489, 5.634, 7.38, 21.079, , , 1, 3.148, 0, 0, 12.5, 3.222, 207, 0, 0, 0, 79, 14.72, 15.259, 105.8, 102.92, 100, 0, 0, 28.387, 29, 100, 4.43, 91.5, 0, 0, 95.113, 78.209, 0, 0, 0, 0, 0, 14, 0, 12.5, 0, 3.222, 207, 0, 0, 0, 79, 1, 0.015, 0.015, 105.8, 102.92, 100, 0, 0, 141, 28.387, 29, 100, 4.43, 0, 91.5, 0, 0, 95.113, 78.209, 0, 0, 0, 0, 
3.15, 19.332, 100.44, 70.543, 71.202, , 12.706, 0.982, 289.883, 289.883, 1.59, 304.115, 304.115, 304.115, 18.418, 77.54, 35.482, 36.327, 7.38, 21.074, 0, 0, 63.447, 64.631, 63.447, 64.631, 1, 79.578, 79.578, 0.025, 0.034, 230.312, 234.617, 230.312, 234.617, 5.643, 7.38, 21.074, , , 1, 3.198, 0, 0, 12.5, 3.247, 207, 0, 0, 0, 79, 14.72, 15.234, 105.8, 102.92, 100, 0, 0, 28.486, 29, 100, 4.43, 91.5, 0, 0, 95.014, 78.824, 0, 0, 0, 0, 0, 14, 0, 12.5, 0, 3.247, 207, 0, 0, 0, 79, 1, 0.015, 0.015, 105.8, 102.92, 100, 0, 0, 141, 28.486, 29, 100, 4.43, 0, 91.5, 0, 0, 95.014, 78.824, 0, 0, 0, 0, 
3.2, 19.333, 100.44, 70.546, 71.203, , 12.774, 0.982, 295.578, 295.578, 1.534, 305.758, 305.758, 305.758, 17.433, 78.323, 35.591, 36.654, 7.38, 21.141, 0, 0, 64.291, 65.492, 64.291, 65.492, 1, 80.32, 80.32, 0.025, 0.034, 242.713, 247.248, 242.713, 247.248, 5.661, 7.38, 21.141, , , 1, 3.248, 0, 0, 12.5, 3.275, 207, 0, 0, 0, 79, 14.681, 15.187, 105.511, 102.859, 100, 0, 0, 28.58, 29, 100, 4.427, 91.42, 0, 0, 94.92, 79.409, 0, 0, 0, 0, 0, 14, 0, 12.5, 0, 3.275, 207, 0, 0, 0, 79, 1, 0.015, 0.015, 105.511, 102.859, 100, 0, 0, 141, 28.58, 29, 100, 4.427, 0, 91.42, 0, 0, 94.92, 79.409, 0, 0, 0, 0, 
3.25, 19.334, 100.44, 70.55, 71.204, , 12.825, 0.982, 301.333, 301.333, 1.477, 306.979, 306.979, 306.979, 16.622, 79.105, 35.567, 36.382, 7.38, 21.234, 0, 0, 65.05, 66.264, 65.05, 66.264, 1, 80.94, 80.94, 0.025, 0.034, 255.73, 260.508, 255.73, 260.508, 5.69, 7.38, 21.234, , , 1, 3.298, 0, 0, 12.5, 3.303, 207, 0, 0, 0, 79, 14.637, 15.136, 105.175, 102.79, 100, 0, 0, 28.674, 29, 100, 4.423, 91.326, 0, 0, 94.826, 79.989, 0, 0, 0, 0, 0, 14, 0, 12.5, 0, 3.303, 207, 0, 0, 0, 79, 1, 0.015, 0.015, 105.175, 102.79, 100, 0, 0, 141, 28.674, 29, 100, 4.423, 0, 91.326, 0, 0, 94.826, 79.989, 0, 0, 0, 0, 
3.3, 19.336, 100.44, 70.554, 71.206, , 12.879, 0.982, 307.263, 307.263, 1.421, 308.27, 308.27, 308.27, 15.815, 79.888, 35.531, 36.058, 7.38, 21.4, 0, 0, 65.836, 67.066, 65.836, 67.066, 1, 81.573, 81.573, 0.025, 0.034, 270.079, 275.125, 270.079, 275.125, 5.718, 7.38, 21.4, , , 1, 3.348, 0, 0, 12.5, 3.331, 207, 0, 0, 0, 79, 14.592, 15.086, 104.84, 102.721, 100, 0, 0, 28.767, 29, 100, 4.419, 91.233, 0, 0, 94.733, 80.569, 0, 0, 0, 0, 0, 14, 0, 12.5, 0, 3.331, 207, 0, 0, 0, 79, 1, 0.014, 0.015, 104.84, 102.721, 100, 0, 0, 141, 28.767, 29, 100, 4.419, 0, 91.233, 0, 0, 94.733, 80.569, 0, 0, 0, 0, 
3.35, 19.337, 100.44, 70.558, 71.207, , 12.89, 0.982, 313.13, 313.13, 1.365, 308.559, 308.559, 308.559, 15.017, 80.67, 35.495, 35.734, 7.38, 21.569, 0, 0, 66.405, 67.647, 66.405, 67.647, 1, 82.208, 82.208, 0.025, 0.034, 284.624, 289.943, 284.624, 289.943, 5.747, 7.38, 21.569, , , 1, 3.398, 0, 0, 12.5, 3.359, 207, 0, 0, 0, 79, 14.547, 15.036, 104.504, 102.652, 100, 0, 0, 28.86, 29, 100, 4.416, 91.14, 0, 0, 94.64, 81.15, 0, 0, 0, 0, 0, 14, 0, 12.5, 0, 3.359, 207, 0, 0, 0, 79, 1, 0.014, 0.015, 104.504, 102.652, 100, 0, 0, 141, 28.86, 29, 100, 4.416, 0, 91.14, 0, 0, 94.64, 81.15, 0, 0, 0, 0, 
3.4, 19.338, 100.44, 70.562, 71.208, , 12.927, 0.982, 319.078, 319.078, 1.309, 309.467, 309.467, 309.467, 14.234, 81.453, 35.459, 35.41, 7.38, 21.749, 0, 0, 67.112, 68.367, 67.112, 68.367, 1, 82.841, 82.841, 0.025, 0.034, 301.354, 306.984, 301.354, 306.984, 5.778, 7.38, 21.749, , , 1, 3.448, 0, 0, 12.5, 3.387, 207, 0, 0, 0, 79, 14.502, 14.985, 104.168, 102.583, 100, 0, 0, 28.953, 29, 100, 4.412, 91.047, 0, 0, 94.547, 81.73, 0, 0, 0, 0, 0, 14, 0, 12.5, 0, 3.387, 207, 0, 0, 0, 79, 1, 0.014, 0.015, 104.168, 102.583, 100, 0, 0, 141, 28.953, 29, 100, 4.412, 0, 91.047, 0, 0, 94.547, 81.73, 0, 0, 0, 0, 
3.45, 19.339, 100.44, 70.566, 71.209, , 12.944, 0.982, 325.057, 325.057, 1.252, 309.871, 309.871, 309.871, 13.464, 82.235, 35.423, 35.086, 7.38, 21.922, 0, 0, 67.712, 68.978, 67.712, 68.978, 1, 83.476, 83.476, 0.025, 0.034, 319.088, 325.05, 319.088, 325.05, 5.815, 7.38, 21.922, , , 1, 3.498, 0, 0, 12.5, 3.414, 207, 0, 0, 0, 79, 14.508, 14.982, 103.925, 102.542, 100, 0, 0, 29.031, 29.01, 100, 4.41, 91.115, 0, 0, 94.573, 82.46, 0, 0, 0, 0, 0, 14, 0, 12.5, 0, 3.414, 207, 0, 0, 0, 79, 1, 0.014, 0.015, 103.925, 102.542, 100, 0, 0, 141, 29.031, 29.01, 100, 4.41, 0, 91.115, 0, 0, 94.573, 82.46, 0, 0, 0, 0, 
3.5, 19.34, 100.44, 70.569, 71.21, , 12.953, 0.982, 331.091, 331.091, 1.196, 310.099, 310.099, 310.099, 12.704, 83.018, 35.42, 35.358, 7.38, 22.071, 0, 0, 68.278, 69.555, 68.278, 69.555, 1, 84.111, 84.111, 0.025, 0.034, 338.556, 344.883, 338.556, 344.883, 5.852, 7.38, 22.071, , , 1, 3.547, 0, 0, 12.5, 3.441, 207, 0, 0, 0, 79, 14.565, 15.025, 103.775, 102.527, 100, 0, 0, 29.094, 29.031, 100, 4.41, 91.344, 0, 0, 94.719, 83.341, 0, 0, 0, 0, 0, 14, 0, 12.5, 0, 3.441, 207, 0, 0, 0, 79, 1, 0.014, 0.015, 103.775, 102.527, 100, 0, 0, 141, 29.094, 29.031, 100, 4.41, 0, 91.344, 0, 0, 94.719, 83.341, 0, 0, 0, 0, 
3.55, 19.341, 100.44, 70.57, 71.211, , 12.965, 0.982, 337.1, 337.1, 1.14, 310.42, 310.42, 310.42, 11.957, 83.801, 35.42, 35.682, 7.38, 22.205, 0, 0, 68.862, 70.151, 68.862, 70.151, 1, 84.746, 84.746, 0.025, 0.034, 360.289, 367.022, 360.289, 367.022, 5.89, 7.38, 22.205, , , 1, 3.598, 0, 0, 12.5, 3.467, 207, 0, 0, 0, 79, 14.622, 15.068, 103.625, 102.511, 100, 0, 0, 29.156, 29.052, 100, 4.41, 91.574, 0, 0, 94.865, 84.221, 0, 0, 0, 0, 0, 14, 0, 12.5, 0, 3.467, 207, 0, 0, 0, 79, 1, 0.014, 0.015, 103.625, 102.511, 100, 0, 0, 141, 29.156, 29.052, 100, 4.41, 0, 91.574, 0, 0, 94.865, 84.221, 0, 0, 0, 0, 
3.6, 19.342, 100.44, 70.57, 71.212, , 12.988, 0.982, 343.245, 343.245, 1.083, 310.97, 310.97, 310.97, 11.22, 84.583, 35.42, 36.006, 7.379, 22.274, 0, 0, 69.505, 70.805, 69.505, 70.805, 1, 85.381, 85.381, 0.025, 0.033, 385.126, 392.322, 385.126, 392.322, 5.927, 7.379, 22.274, , , 1, 3.647, 0, 0, 12.5, 3.494, 207, 0, 0, 0, 79, 14.678, 15.112, 103.475, 102.496, 100, 0, 0, 29.219, 29.073, 100, 4.41, 91.803, 0, 0, 95.011, 85.101, 0, 0, 0, 0, 0, 14, 0, 12.5, 0, 3.494, 207, 0, 0, 0, 79, 1, 0.014, 0.015, 103.475, 102.496, 100, 0, 0, 141, 29.219, 29.073, 100, 4.41, 0, 91.803, 0, 0, 95.011, 85.101, 0, 0, 0, 0, 
3.65, 19.344, 100.44, 70.57, 71.214, , 13.022, 0.982, 349.493, 349.493, 1.027, 311.804, 311.804, 311.804, 10.493, 85.366, 35.42, 36.33, 7.379, 22.332, 0, 0, 70.219, 71.532, 70.219, 71.532, 1, 86.022, 86.022, 0.025, 0.033, 413.513, 421.239, 413.513, 421.239, 5.982, 7.379, 22.332, , , 1, 3.697, 0, 0, 12.5, 3.521, 207, 0, 0, 0, 79, 14.735, 15.155, 103.325, 102.48, 100, 0, 0, 29.281, 29.094, 100, 4.41, 92.033, 0, 0, 95.157, 85.982, 0, 0, 0, 0, 0, 14, 0, 12.5, 0, 3.521, 207, 0, 0, 0, 79, 1, 0.014, 0.015, 103.325, 102.48, 100, 0, 0, 141, 29.281, 29.094, 100, 4.41, 0, 92.033, 0, 0, 95.157, 85.982, 0, 0, 0, 0, 
3.7, 19.345, 100.44, 70.57, 71.215, , 13.07, 0.982, 355.678, 355.678, 0.971, 312.969, 312.969, 312.969, 9.774, 86.148, 35.42, 36.654, 7.379, 22.33, 0, 0, 71.006, 72.334, 71.006, 72.334, 1, 86.665, 86.665, 0.025, 0.033, 446.009, 454.341, 446.009, 454.341, 6.039, 7.379, 22.33, , , 1, 3.747, 0, 0, 12.5, 3.547, 207, 0, 0, 0, 79, 14.792, 15.198, 103.175, 102.465, 100, 0, 0, 29.344, 29.115, 100, 4.41, 92.263, 0, 0, 95.303, 86.862, 0, 0, 0, 0, 0, 14, 0, 12.5, 0, 3.547, 207, 0, 0, 0, 79, 1, 0.014, 0.015, 103.175, 102.465, 100, 0, 0, 141, 29.344, 29.115, 100, 4.41, 0, 92.263, 0, 0, 95.303, 86.862, 0, 0, 0, 0, 
3.75, 19.346, 100.44, 70.57, 71.216, , 13.107, 0.982, 361.989, 361.989, 0.914, 313.873, 313.873, 313.873, 9.067, 86.931, 35.42, 36.489, 7.379, 22.316, 0, 0, 71.741, 73.082, 71.741, 73.082, 1, 87.31, 87.31, 0.025, 0.033, 483.125, 492.151, 483.125, 492.151, 6.095, 7.379, 22.316, , , 1, 3.797, 0, 0, 12.5, 3.574, 207, 0, 0, 0, 79, 14.848, 15.242, 103.025, 102.449, 100, 0, 0, 29.406, 29.135, 100, 4.41, 92.492, 0, 0, 95.449, 87.743, 0, 0, 0, 0, 0, 14, 0, 12.5, 0, 3.574, 207, 0, 0, 0, 79, 1, 0.015, 0.015, 103.025, 102.449, 100, 0, 0, 141, 29.406, 29.135, 100, 4.41, 0, 92.492, 0, 0, 95.449, 87.743, 0, 0, 0, 0, 
3.8, 19.347, 100.44, 70.57, 71.217, , 13.14, 0.982, 368.3, 368.3, 0.858, 314.661, 314.661, 314.661, 8.371, 87.714, 35.42, 36.281, 7.379, 22.231, 0, 0, 72.454, 73.807, 72.454, 73.807, 1, 87.954, 87.954, 0.025, 0.033, 525.373, 535.188, 525.373, 535.188, 6.152, 7.379, 22.231, , , 1, 3.847, 0, 0, 12.5, 3.601, 207, 0, 0, 0, 79, 14.905, 15.285, 102.875, 102.434, 100, 0, 0, 29.469, 29.156, 100, 4.41, 92.722, 0, 0, 95.596, 88.623, 0, 0, 0, 0, 0, 14, 0, 12.5, 0, 3.601, 207, 0, 0, 0, 79, 1, 0.015, 0.015, 102.875, 102.434, 100, 0, 0, 141, 29.469, 29.156, 100, 4.41, 0, 92.722, 0, 0, 95.596, 88.623, 0, 0, 0, 0, 
3.85, 19.348, 100.44, 70.57, 71.218, , 13.172, 0.982, 374.639, 374.639, 0.802, 315.451, 315.451, 315.451, 7.68, 88.496, 35.42, 36.074, 7.379, 22.139, 0, 0, 73.17, 74.536, 73.17, 74.536, 1, 88.604, 88.604, 0.025, 0.033, 575.06, 585.804, 575.06, 585.804, 6.196, 7.379, 22.139, , , 1, 3.897, 0, 0, 12.5, 3.628, 207, 0, 0, 0, 79, 14.962, 15.328, 102.725, 102.419, 100, 0, 0, 29.531, 29.177, 100, 4.41, 92.951, 0, 0, 95.742, 89.504, 0, 0, 0, 0, 0, 14, 0, 12.5, 0, 3.628, 207, 0, 0, 0, 79, 1, 0.015, 0.015, 102.725, 102.419, 100, 0, 0, 141, 29.531, 29.177, 100, 4.41, 0, 92.951, 0, 0, 95.742, 89.504, 0, 0, 0, 0, 
3.9, 19.349, 100.44, 70.57, 71.219, , 13.191, 0.982, 381.048, 381.048, 0.745, 315.929, 315.929, 315.929, 7.008, 89.279, 35.42, 35.866, 7.38, 22.004, 0, 0, 73.812, 75.191, 73.812, 75.191, 1, 89.248, 89.248, 0.025, 0.033, 632.976, 644.803, 632.976, 644.803, 6.232, 7.38, 22.004, , , 1, 3.948, 0, 0, 12.5, 3.654, 207, 0, 0, 0, 79, 15.018, 15.372, 102.575, 102.403, 100, 0, 0, 29.594, 29.198, 100, 4.41, 93.181, 0, 0, 95.888, 90.384, 0, 0, 0, 0, 0, 14, 0, 12.5, 0, 3.654, 207, 0, 0, 0, 79, 1, 0.015, 0.015, 102.575, 102.403, 100, 0, 0, 141, 29.594, 29.198, 100, 4.41, 0, 93.181, 0, 0, 95.888, 90.384, 0, 0, 0, 0, 
3.95, 19.35, 100.44, 70.57, 71.22, , 13.168, 0.982, 387.481, 387.481, 0.689, 315.403, 315.403, 315.403, 6.339, 90.061, 35.42, 35.658, 7.38, 21.866, 0, 0, 74.222, 75.607, 74.222, 75.607, 1, 89.898, 89.898, 0.025, 0.033, 699.51, 712.579, 699.51, 712.579, 6.269, 7.38, 21.866, , , 1, 3.997, 0, 0, 12.5, 3.681, 207, 0, 0, 0, 79, 15.075, 15.415, 102.425, 102.388, 100, 0, 0, 29.656, 29.219, 100, 4.41, 93.41, 0, 0, 96.034, 91.264, 0, 0, 0, 0, 0, 14, 0, 12.5, 0, 3.681, 207, 0, 0, 0, 79, 1, 0.015, 0.015, 102.425, 102.388, 100, 0, 0, 141, 29.656, 29.219, 100, 4.41, 0, 93.41, 0, 0, 96.034, 91.264, 0, 0, 0, 0, 
4, 19.351, 100.44, 70.57, 71.221, , 13.207, 0.982, 394.016, 394.016, 0.633, 316.334, 316.334, 316.334, 5.682, 90.844, 35.286, 35.573, 7.38, 21.71, 0, 0, 74.98, 76.381, 74.98, 76.381, 1, 90.545, 90.545, 0.025, 0.033, 788.114, 802.836, 788.114, 802.836, 6.306, 7.38, 21.71, , , 1, 4.048, 0, 0, 12.5, 3.708, 207, 0, 0, 0, 79, 15.132, 15.458, 102.275, 102.372, 100, 0, 0, 29.719, 29.24, 100, 4.41, 93.64, 0, 0, 96.18, 92.145, 0, 0, 0, 0, 0, 14, 0, 12.5, 0, 3.708, 207, 0, 0, 0, 79, 1, 0.015, 0.015, 102.275, 102.372, 100, 0, 0, 141, 29.719, 29.24, 100, 4.41, 0, 93.64, 0, 0, 96.18, 92.145, 0, 0, 0, 0, 
4.05, 19.352, 100.44, 70.57, 71.222, , 13.201, 0.982, 400.583, 400.583, 0.577, 316.207, 316.207, 316.207, 5.029, 91.626, 35.099, 35.536, 7.379, 21.556, 0, 0, 75.489, 76.9, 75.489, 76.9, 1, 91.202, 91.202, 0.025, 0.033, 894.93, 911.648, 894.93, 911.648, 6.333, 7.379, 21.556, , , 1, 4.098, 0, 0, 12.5, 3.747, 207, 0, 0, 0, 79, 15.208, 15.515, 101.918, 102.325, 100, 0, 0, 29.855, 29.302, 100, 4.411, 94.156, 0, 0, 96.521, 92.941, 0, 0, 0, 0, 0, 14, 0, 12.5, 0, 3.747, 207, 0, 0, 0, 79, 1, 0.015, 0.016, 101.918, 102.325, 100, 0, 0, 141, 29.855, 29.302, 100, 4.411, 0, 94.156, 0, 0, 96.521, 92.941, 0, 0, 0, 0, 
4.1, 19.353, 100.44, 70.57, 71.223, , 13.179, 0.982, 407.199, 407.199, 0.52, 315.727, 315.727, 315.727, 4.392, 92.409, 34.912, 35.498, 7.379, 21.43, 0, 0, 75.916, 77.333, 75.916, 77.333, 1, 91.85, 91.85, 0.025, 0.033, 1035.309, 1054.647, 1035.309, 1054.647, 6.345, 7.379, 21.43, , , 1, 4.148, 0, 0, 12.5, 3.797, 207, 0, 0, 0, 79, 15.305, 15.586, 101.353, 102.248, 100, 0, 0, 30.064, 29.407, 100, 4.413, 94.938, 0, 0, 97.042, 93.654, 0, 0, 0, 0, 0, 14, 0, 12.5, 0, 3.797, 207, 0, 0, 0, 79, 1, 0.015, 0.016, 101.353, 102.248, 100, 0, 0, 141, 30.064, 29.407, 100, 4.413, 0, 94.938, 0, 0, 97.042, 93.654, 0, 0, 0, 0, 
4.15, 19.353, 100.44, 70.57, 71.223, , 13.176, 0.982, 415.164, 415.164, 0.464, 315.662, 315.662, 315.662, 3.736, 93.192, 34.725, 35.461, 7.378, 21.309, 0, 0, 76.437, 77.865, 76.437, 77.865, 1, 92.527, 92.527, 0.025, 0.033, 1228.823, 1251.776, 1228.823, 1251.776, 6.357, 7.378, 21.309, , , 1, 4.198, 0, 0, 12.5, 3.848, 207, 0, 0, 0, 79, 15.402, 15.657, 100.788, 102.171, 100, 0, 0, 30.273, 29.512, 100, 4.415, 95.719, 0, 0, 97.562, 94.366, 0, 0, 0, 0, 0, 14, 0, 12.5, 0, 3.848, 207, 0, 0, 0, 79, 1, 0.015, 0.016, 100.788, 102.171, 100, 0, 0, 141, 30.273, 29.512, 100, 4.415, 0, 95.719, 0, 0, 97.562, 94.366, 0, 0, 0, 0, 
4.2, 19.354, 100.44, 70.57, 71.224, , 13.209, 0.982, 422.903, 422.903, 0.408, 316.474, 316.474, 316.474, 2.932, 93.974, 34.539, 35.424, 7.378, 21.257, 0, 0, 77.357, 78.803, 77.357, 78.803, 1, 93.371, 93.371, 0.025, 0.033, 1697.106, 1728.807, 1697.106, 1728.807, 6.37, 7.378, 21.257, , , 1, 4.247, 0, 0, 12.5, 3.899, 207, 0, 0, 0, 79, 15.499, 15.728, 100.223, 102.094, 100, 0, 0, 30.482, 29.616, 100, 4.417, 96.5, 0, 0, 98.083, 95.079, 0, 0, 0, 0, 0, 14, 0, 12.5, 0, 3.899, 207, 0, 0, 0, 79, 1, 0.015, 0.016, 100.223, 102.094, 100, 0, 0, 141, 30.482, 29.616, 100, 4.417, 0, 96.5, 0, 0, 98.083, 95.079, 0, 0, 0, 0, 
4.25, 19.355, 100.44, 70.57, 71.225, , 13.232, 0.982, 429.641, 429.641, 0.351, 317.053, 317.053, 317.053, 2.318, 94.757, 34.683, 35.453, 7.377, 21.211, 0, 0, 78.044, 79.502, 78.044, 79.502, 1, 94.026, 94.026, 0.025, 0.033, 2403.728, 2448.63, 2403.728, 2448.63, 6.38, 7.377, 21.211, , , 1, 4.297, 0, 0, 12.5, 3.949, 207, 0, 0, 0, 79, 15.596, 15.799, 99.658, 102.017, 100, 0, 0, 30.691, 29.721, 100, 4.419, 97.281, 0, 0, 98.604, 95.791, 0, 0, 0, 0, 0, 14, 0, 12.5, 0, 3.949, 207, 0, 0, 0, 79, 1, 0.015, 0.016, 99.658, 102.017, 100, 0, 0, 141, 30.691, 29.721, 100, 4.419, 0, 97.281, 0, 0, 98.604, 95.791, 0, 0, 0, 0, 
4.3, 19.356, 100.44, 70.57, 71.226, , 13.25, 0.982, 436.379, 436.379, 0.295, 317.499, 317.499, 317.499, 1.722, 95.539, 34.863, 35.489, 7.377, 21.294, 0, 0, 78.689, 80.159, 78.689, 80.159, 1, 94.67, 94.67, 0.025, 0.033, 4352.505, 4433.809, 4352.505, 4433.809, 6.376, 7.377, 21.294, , , 1, 4.348, 0, 0, 12.5, 3.974, 207, 0, 0, 0, 79, 15.645, 15.833, 99.365, 101.967, 100, 0, 0, 30.788, 29.788, 100, 4.421, 97.65, 0, 0, 98.862, 96.233, 0, 0, 0, 0, 0, 14, 0, 12.5, 0, 3.974, 207, 0, 0, 0, 79, 1, 0.016, 0.016, 99.365, 101.967, 100, 0, 0, 141, 30.788, 29.788, 100, 4.421, 0, 97.65, 0, 0, 98.862, 96.233, 0, 0, 0, 0, 
4.35, 19.356, 100.44, 70.57, 71.226, , 13.304, 0.982, 443.238, 443.238, 0.239, 318.797, 318.797, 318.797, 1.357, 96.322, 35.044, 35.525, 7.377, 21.378, 0, 0, 79.557, 81.043, 79.557, 81.043, 1, 95.324, 95.324, 0.025, 0.033, 5283.533, 5382.231, 5283.533, 5382.231, 6.372, 7.377, 21.378, , , 1, 4.398, 0, 0, 12.5, 3.988, 207, 0, 0, 0, 79, 15.673, 15.852, 99.178, 101.929, 100, 0, 0, 30.84, 29.84, 100, 4.424, 97.858, 0, 0, 99.019, 96.558, 0, 0, 0, 0, 0, 14, 0, 12.5, 0, 3.988, 207, 0, 0, 0, 79, 1, 0.016, 0.016, 99.178, 101.929, 100, 0, 0, 141, 30.84, 29.84, 100, 4.424, 0, 97.858, 0, 0, 99.019, 96.558, 0, 0, 0, 0, 
4.4, 19.357, 100.44, 70.57, 71.227, , 13.341, 0.982, 450.106, 450.106, 0.182, 319.708, 319.708, 319.708, 1.728, 97.104, 35.225, 35.561, 7.378, 21.562, 0, 0, 80.326, 81.826, 80.326, 81.826, 1, 95.982, 95.982, 0.025, 0.033, 5169.385, 5265.951, 5169.385, 5265.951, 6.368, 7.378, 21.562, , , 1, 4.447, 0, 0, 12.5, 4.002, 207, 0, 0, 0, 79, 15.701, 15.871, 98.99, 101.89, 100, 0, 0, 30.892, 29.892, 100, 4.426, 98.067, 0, 0, 99.175, 96.883, 0, 0, 0, 0, 0, 14, 0, 12.5, 0, 4.002, 207, 0, 0, 0, 79, 1, 0.016, 0.016, 98.99, 101.89, 100, 0, 0, 141, 30.892, 29.892, 100, 4.426, 0, 98.067, 0, 0, 99.175, 96.883, 0, 0, 0, 0, 
4.45, 19.358, 100.44, 70.57, 71.228, , 13.364, 0.982, 457.111, 457.111, 0.126, 320.271, 320.271, 320.271, 2.773, 97.887, 35.406, 35.597, 7.378, 21.746, 0, 0, 81.018, 82.532, 81.018, 82.532, 1, 96.64, 96.64, 0.025, 0.033, 4822.706, 4912.796, 4822.706, 4912.796, 6.365, 7.378, 21.746, , , 1, 4.498, 0, 0, 12.5, 4.017, 207, 0, 0, 0, 79, 15.729, 15.89, 98.802, 101.852, 100, 0, 0, 30.944, 29.944, 100, 4.428, 98.275, 0, 0, 99.331, 97.209, 0, 0, 0, 0, 0, 14, 0, 12.5, 0, 4.017, 207, 0, 0, 0, 79, 1, 0.016, 0.016, 98.802, 101.852, 100, 0, 0, 141, 30.944, 29.944, 100, 4.428, 0, 98.275, 0, 0, 99.331, 97.209, 0, 0, 0, 0, 
4.5, 19.359, 100.44, 70.57, 71.229, , 13.334, 0.982, 464.099, 464.099, 0.07, 319.575, 319.575, 319.575, 4.586, 98.67, 35.188, 35.501, 7.379, 21.932, 0, 0, 81.391, 82.911, 81.391, 82.911, 1, 97.298, 97.298, 0.025, 0.033, 4217.144, 4295.922, 4217.144, 4295.922, 6.365, 7.379, 21.932, , , 1, 4.548, 0, 0, 12.5, 4.031, 207, 0, 0, 0, 79, 15.758, 15.908, 98.615, 101.813, 100, 0, 0, 30.996, 29.996, 100, 4.43, 98.483, 0, 0, 99.488, 97.534, 0, 0, 0, 0, 0, 14, 0, 12.5, 0, 4.031, 207, 0, 0, 0, 79, 1, 0.016, 0.016, 98.615, 101.813, 100, 0, 0, 141, 30.996, 29.996, 100, 4.43, 0, 98.483, 0, 0, 99.488, 97.534, 0, 0, 0, 0, 
4.55, 19.359, 100.44, 70.57, 71.229, , 13.305, 0.982, 471.175, 471.175, 0.014, 318.906, 318.906, 318.906, 7.057, 99.452, 34.936, 35.393, 7.379, 22.117, 0, 0, 81.768, 83.295, 81.768, 83.295, 1, 97.948, 97.948, 0.025, 0.033, 2672.911, 2722.842, 2672.911, 2722.842, 6.365, 7.379, 22.117, , , 1, 4.597, 0, 0, 12.5, 4.07, 207.088, 0, 0, 0, 79, 15.794, 15.955, 98.441, 101.777, 100, 0, 0, 31.088, 30.088, 100, 4.428, 98.987, 0, 0, 99.987, 98.438, 0, 0, 0, 0, 0, 13.991, 0, 12.5, 0, 4.07, 207.088, 0, 0, 0, 79, 1, 0.016, 0.016, 98.441, 101.777, 100, 0, 0, 141, 31.088, 30.088, 100, 4.428, 0, 98.987, 0, 0, 99.987, 98.438, 0, 0, 0, 0, 
4.6, 19.36, 100.44, 70.57, 71.23, , 13.257, 0.982, 478.251, 478.251, 0.27, 317.801, 317.801, 317.801, 10.205, 94.59, 34.684, 35.285, 7.38, 22.225, 0, 0, 82.03, 83.561, 82.03, 83.561, 1, 98.601, 98.601, 0.025, 0.033, 676.823, 689.465, 676.823, 689.465, 6.365, 7.38, 22.225, , , 1, 4.647, 0, 0, 12.5, 4.112, 207.185, 0, 0, 0, 79, 15.83, 16.004, 98.268, 101.742, 100, 0, 0, 31.185, 30.185, 100, 4.426, 99.515, 0, 0, 100.515, 99.393, 0, 0, 0, 0, 0, 13.982, 0, 12.5, 0, 4.112, 207.185, 0, 0, 0, 79, 1, 0.016, 0.016, 98.268, 101.742, 100, 0, 0, 141, 31.185, 30.185, 100, 4.426, 0, 99.515, 0, 0, 100.515, 99.393, 0, 0, 0, 0, 
4.65, 19.361, 100.44, 70.57, 71.231, , 13.263, 0.982, 485.389, 485.389, 0.625, 317.95, 317.95, 317.95, 13.486, 87.945, 34.432, 35.177, 7.38, 22.33, 0, 0, 82.616, 84.159, 82.616, 84.159, 1, 99.26, 99.26, 0.025, 0.033, 385.316, 392.512, 385.316, 392.512, 6.366, 7.38, 22.33, , , 1, 4.697, 0, 0, 12.5, 4.153, 207.281, 0, 0, 0, 79, 15.867, 16.053, 98.095, 101.706, 100, 0, 0, 31.281, 30.281, 100, 4.424, 100.044, 0, 0, 101.044, 100.348, 0, 0, 0, 0, 0, 13.972, 0, 12.5, 0, 4.153, 207.281, 0, 0, 0, 79, 1, 0.016, 0.016, 98.095, 101.706, 100, 0, 0, 141, 31.281, 30.281, 100, 4.424, 0, 100.044, 0, 0, 101.044, 100.348, 0, 0, 0, 0, 
4.7, 19.362, 100.44, 70.57, 71.232, , 13.251, 0.982, 492.545, 492.545, 0.98, 317.701, 317.701, 317.701, 16.675, 81.3, 34.18, 35.069, 7.38, 22.361, 0, 0, 83.096, 84.648, 83.096, 84.648, 1, 99.909, 99.909, 0.025, 0.033, 286.913, 292.272, 286.913, 292.272, 6.436, 7.38, 22.361, , , 1, 4.747, 0, 0, 12.5, 4.195, 207.377, 0, 0, 0, 79, 15.903, 16.102, 97.922, 101.671, 100, 0, 0, 31.377, 30.377, 100, 4.422, 100.573, 0, 0, 101.573, 101.303, 0, 0, 0, 0, 0, 13.962, 0, 12.5, 0, 4.195, 207.377, 0, 0, 0, 79, 1, 0.016, 0.016, 97.922, 101.671, 100, 0, 0, 141, 31.377, 30.377, 100, 4.422, 0, 100.573, 0, 0, 101.573, 101.303, 0, 0, 0, 0, 
4.75, 19.362, 100.44, 70.57, 71.232, , 13.26, 0.982, 499.837, 499.837, 1.335, 317.941, 317.941, 317.941, 19.841, 74.656, 34.094, 35.259, 7.38, 22.388, 0, 0, 83.706, 85.27, 83.706, 85.27, 1, 100.568, 100.568, 0.025, 0.033, 233.772, 238.138, 233.772, 238.138, 6.513, 7.38, 22.388, , , 1, 4.798, 0, 0, 12.5, 4.236, 207.473, 0, 0, 0, 79, 15.94, 16.151, 97.748, 101.635, 100, 0, 0, 31.473, 30.473, 100, 4.421, 101.102, 0, 0, 102.102, 102.258, 0, 0, 0, 0, 0, 13.953, 0, 12.5, 0, 4.236, 207.473, 0, 0, 0, 79, 1, 0.016, 0.016, 97.748, 101.635, 100, 0, 0, 141, 31.473, 30.473, 100, 4.421, 0, 101.102, 0, 0, 102.102, 102.258, 0, 0, 0, 0, 
4.8, 19.363, 100.44, 70.57, 71.233, , 13.295, 0.982, 507.134, 507.134, 1.691, 318.782, 318.782, 318.782, 21.441, 68.011, 34.022, 35.475, 7.38, 22.39, 0, 0, 84.476, 86.054, 84.476, 86.054, 1, 101.224, 101.224, 0.025, 0.033, 205.689, 209.532, 205.689, 209.532, 6.59, 7.38, 22.39, , , 1, 4.848, 0, 0, 12.5, 4.259, 207.575, 0, 0, 0, 79, 15.969, 16.184, 97.565, 101.597, 100, 0, 0, 31.5, 30.5, 100, 4.421, 101.362, 0, 0, 102.362, 102.712, 0, 0, 0, 0, 0, 13.957, 0, 12.5, 0, 4.259, 207.575, 0, 0, 0, 79, 1, 0.016, 0.016, 97.565, 101.597, 100, 0, 0, 141, 31.5, 30.5, 100, 4.421, 0, 101.362, 0, 0, 102.362, 102.712, 0, 0, 0, 0, 
4.85, 19.364, 100.44, 70.57, 71.234, , 13.346, 0.982, 514.431, 514.431, 2.046, 320.009, 320.009, 320.009, 23.022, 61.366, 33.95, 35.691, 7.38, 22.39, 0, 0, 85.348, 86.943, 85.348, 86.943, 1, 101.876, 101.876, 0.025, 0.033, 188.971, 192.504, 188.971, 192.504, 6.668, 7.38, 22.39, , , 1, 4.897, 0, 0, 12.5, 4.274, 207.679, 0, 0, 0, 79, 15.997, 16.21, 97.378, 101.559, 100, 0, 0, 31.5, 30.5, 100, 4.424, 101.519, 0, 0, 102.519, 102.971, 0, 0, 0, 0, 0, 13.968, 0, 12.5, 0, 4.274, 207.679, 0, 0, 0, 79, 1, 0.016, 0.016, 97.378, 101.559, 100, 0, 0, 141, 31.5, 30.5, 100, 4.424, 0, 101.519, 0, 0, 102.519, 102.971, 0, 0, 0, 0, 
4.9, 19.365, 100.44, 70.57, 71.235, , 13.337, 0.982, 521.761, 521.761, 2.401, 319.829, 319.829, 319.829, 24.599, 54.721, 33.878, 35.907, 7.38, 22.39, 0, 0, 85.843, 87.447, 85.843, 87.447, 1, 102.537, 102.537, 0.025, 0.033, 174.869, 178.139, 174.869, 178.139, 6.741, 7.38, 22.39, , , 1, 4.948, 0, 0, 12.5, 4.289, 207.783, 0, 0, 0, 79, 16.024, 16.236, 97.19, 101.52, 100, 0, 0, 31.5, 30.5, 100, 4.426, 101.675, 0, 0, 102.675, 103.23, 0, 0, 0, 0, 0, 13.978, 0, 12.5, 0, 4.289, 207.783, 0, 0, 0, 79, 1, 0.016, 0.016, 97.19, 101.52, 100, 0, 0, 141, 31.5, 30.5, 100, 4.426, 0, 101.675, 0, 0, 102.675, 103.23, 0, 0, 0, 0, 
4.95, 19.366, 100.44, 70.57, 71.236, , 13.313, 0.982, 529.293, 529.293, 2.756, 319.29, 319.29, 319.29, 26.156, 48.077, 33.806, 36.123, 7.38, 22.39, 0, 0, 86.25, 87.862, 86.25, 87.862, 1, 103.189, 103.189, 0.025, 0.033, 162.725, 165.768, 162.725, 165.768, 6.814, 7.38, 22.39, , , 1, 4.998, 0, 0, 12.5, 4.305, 207.888, 0, 0, 0, 79, 16.051, 16.262, 97.002, 101.482, 100, 0, 0, 31.5, 30.5, 100, 4.428, 101.831, 0, 0, 102.831, 103.49, 0, 0, 0, 0, 0, 13.989, 0, 12.5, 0, 4.305, 207.888, 0, 0, 0, 79, 1, 0.016, 0.016, 97.002, 101.482, 100, 0, 0, 141, 31.5, 30.5, 100, 4.428, 0, 101.831, 0, 0, 102.831, 103.49, 0, 0, 0, 0, 
5, 19.366, 100.44, 70.57, 71.236, , 13.286, 0.982, 536.674, 536.674, , 318.667, 318.667, 318.667, , , 34.032, 36.206, 7.38, 22.39, 0, 0, 86.62, 88.239, 86.62, 88.239, 1, 103.849, 103.849, 0.025, 0.033, , , , , 6.887, 7.38, 22.39, , , 1, 5.047, 0, 0, 12.5, 4.32, 207.992, 0, 0, 0, 79, 16.078, 16.288, 96.815, 101.443, 100, 0, 0, 31.5, 30.5, 100, 4.43, 101.988, 0, 0, 102.988, 103.749, 0, 0, 0, 0, 0, 13.999, 0, 12.5, 0, 4.32, 207.992, 0, 0, 0, 79, 1, 0.016, 0.016, 96.815, 101.443, 100, 0, 0, 141, 31.5, 30.5, 100, 4.43, 0, 101.988, 0, 0, 102.988, 103.749, 0, 0, 0, 0, 
5.05, 19.367, 100.44, 70.57, 71.237, , 13.267, 0.982, 544.206, 544.206, , 318.239, 318.239, 318.239, , , 34.284, 36.278, 7.379, 22.39, 0, 0, 87.05, 88.677, 87.05, 88.677, 1, 104.503, 104.503, 0.025, 0.033, , , , , 6.96, 7.379, 22.39, , , 1, 5.097, 0, 0, 12.5, 4.347, 208, 0, 0, 0, 79, 16.089, 16.299, 96.8, 101.306, 100, 0, 0, 31.592, 30.592, 100, 4.426, 102.368, 0, 0, 103.368, 104.456, 0, 0, 0, 0, 0, 13.982, 0, 12.5, 0, 4.347, 208, 0, 0, 0, 79, 1, 0.016, 0.016, 96.8, 101.306, 100, 0, 0, 141, 31.592, 30.592, 100, 4.426, 0, 102.368, 0, 0, 103.368, 104.456, 0, 0, 0, 0, 
5.1, 19.368, 100.44, 70.57, 71.238, , 13.234, 0.982, 551.839, 551.839, , 317.475, 317.475, 317.475, , , 34.536, 36.35, 7.379, 22.39, 0, 0, 87.39, 89.026, 87.39, 89.026, 1, 105.153, 105.153, 0.025, 0.033, , , , , 7.009, 7.379, 22.39, , , 1, 5.147, 0, 0, 12.5, 4.376, 208, 0, 0, 0, 79, 16.099, 16.309, 96.8, 101.16, 100, 0, 0, 31.692, 30.692, 100, 4.422, 102.768, 0, 0, 103.768, 105.202, 0, 0, 0, 0, 0, 13.962, 0, 12.5, 0, 4.376, 208, 0, 0, 0, 79, 1, 0.016, 0.016, 96.8, 101.16, 100, 0, 0, 141, 31.692, 30.692, 100, 4.422, 0, 102.768, 0, 0, 103.768, 105.202, 0, 0, 0, 0, 
5.15, 19.369, 100.44, 70.57, 71.239, , 13.212, 0.982, 560.167, 560.167, , 316.989, 316.989, 316.989, , , 34.788, 36.422, 7.378, 22.39, 0, 0, 87.848, 89.493, 87.848, 89.493, 1, 105.965, 105.965, 0.025, 0.033, , , , , 7.045, 7.378, 22.39, , , 1, 5.197, 0, 0, 12.5, 4.405, 208, 0, 0, 0, 79, 16.109, 16.319, 96.8, 101.014, 100, 0, 0, 31.792, 30.792, 100, 4.418, 103.168, 0, 0, 104.168, 105.948, 0, 0, 0, 0, 0, 13.942, 0, 12.5, 0, 4.405, 208, 0, 0, 0, 79, 1, 0.016, 0.016, 96.8, 101.014, 100, 0, 0, 141, 31.792, 30.792, 100, 4.418, 0, 103.168, 0, 0, 104.168, 105.948, 0, 0, 0, 0, 
5.2, 19.369, 100.44, 70.57, 71.239, , 13.213, 0.982, 569.439, 569.439, , 317.042, 317.042, 317.042, , , 35.04, 36.494, 7.378, 22.39, 0, 0, 88.517, 90.172, 88.517, 90.172, 1, 106.651, 106.651, 0.025, 0.033, , , , , 7.081, 7.378, 22.39, , , 1, 5.247, 0, 0, 12.5, 4.434, 208, 0, 0, 0, 79, 16.119, 16.329, 96.8, 100.868, 100, 0, 0, 31.892, 30.892, 100, 4.414, 103.568, 0, 0, 104.568, 106.694, 0, 0, 0, 0, 0, 13.922, 0, 12.5, 0, 4.434, 208, 0, 0, 0, 79, 1, 0.016, 0.016, 96.8, 100.868, 100, 0, 0, 141, 31.892, 30.892, 100, 4.414, 0, 103.568, 0, 0, 104.568, 106.694, 0, 0, 0, 0, 
5.25, 19.37, 100.44, 70.57, 71.24, , 13.187, 0.982, 577.212, 577.212, , 316.438, 316.438, 316.438, , , 35.292, 36.368, 7.378, 22.39, 0, 0, 88.887, 90.548, 88.887, 90.548, 1, 107.307, 107.307, 0.025, 0.033, , , , , 7.116, 7.378, 22.39, , , 1, 5.298, 0, 0, 12.5, 4.463, 208, 0, 0, 0, 79, 16.129, 16.339, 96.8, 100.722, 100, 0, 0, 31.992, 30.992, 100, 4.41, 103.968, 0, 0, 104.968, 107.44, 0, 0, 0, 0, 0, 13.902, 0, 12.5, 0, 4.463, 208, 0, 0, 0, 79, 1, 0.016, 0.016, 96.8, 100.722, 100, 0, 0, 141, 31.992, 30.992, 100, 4.41, 0, 103.968, 0, 0, 104.968, 107.44, 0, 0, 0, 0, 
5.3, 19.37, 100.44, 70.57, 71.24, , 13.126, 0.982, 584.996, 584.996, , 315.021, 315.021, 315.021, , , 35.544, 36.224, 7.379, 22.39, 0, 0, 89.024, 90.687, 89.024, 90.687, 1, 107.956, 107.956, 0.025, 0.033, , , , , 7.149, 7.379, 22.39, , , 1, 5.348, 0, 0, 12.5, 4.502, 207.915, 0, 0, 0, 79, 16.149, 16.337, 96.494, 100.678, 100, 0, 0, 32.042, 31.127, 100, 4.412, 104.042, 0, 0, 105.042, 108.396, 0, 0, 0, 0, 0, 13.9, 0, 12.5, 0, 4.502, 207.915, 0, 0, 0, 79, 1, 0.016, 0.016, 96.494, 100.678, 100, 0, 0, 141, 32.042, 31.127, 100, 4.412, 0, 104.042, 0, 0, 105.042, 108.396, 0, 0, 0, 0, 
5.35, 19.37, 100.44, 70.57, 71.24, , 13.104, 0.982, 592.779, 592.779, , 314.537, 314.537, 314.537, , , 35.796, 36.08, 7.381, 22.39, 0, 0, 89.421, 91.089, 89.421, 91.089, 1, 108.599, 108.599, 0.025, 0.033, , , , , 7.177, 7.381, 22.39, , , 1, 5.397, 0, 0, 12.5, 4.542, 207.822, 0, 0, 0, 79, 16.169, 16.335, 96.162, 100.644, 100, 0, 0, 32.089, 31.266, 100, 4.414, 104.089, 0, 0, 105.089, 109.37, 0, 0, 0, 0, 0, 13.9, 0, 12.5, 0, 4.542, 207.822, 0, 0, 0, 79, 1, 0.016, 0.016, 96.162, 100.644, 100, 0, 0, 141, 32.089, 31.266, 100, 4.414, 0, 104.089, 0, 0, 105.089, 109.37, 0, 0, 0, 0, 
5.4, 19.37, 100.44, 70.57, 71.24, , 13.089, 0.982, 600.66, 600.66, , 314.197, 314.197, 314.197, , , 36.048, 35.936, 7.382, 22.39, 0, 0, 89.856, 91.533, 89.856, 91.533, 1, 109.25, 109.25, 0.025, 0.033, , , , , 7.206, 7.382, 22.39, , , 1, 5.447, 0, 0, 12.5, 4.582, 207.73, 0, 0, 0, 79, 16.189, 16.332, 95.83, 100.61, 100, 0, 0, 32.135, 31.404, 100, 4.415, 104.135, 0, 0, 105.135, 110.345, 0, 0, 0, 0, 0, 13.9, 0, 12.5, 0, 4.582, 207.73, 0, 0, 0, 79, 1, 0.016, 0.016, 95.83, 100.61, 100, 0, 0, 141, 32.135, 31.404, 100, 4.415, 0, 104.135, 0, 0, 105.135, 110.345, 0, 0, 0, 0, 
5.45, 19.37, 100.44, 70.57, 71.24, , 13.065, 0.982, 608.55, 608.55, , 313.647, 313.647, 313.647, , , 36.3, 35.792, 7.384, 22.39, 0, 0, 90.227, 91.91, 90.227, 91.91, 1, 109.896, 109.896, 0.025, 0.033, , , , , 7.234, 7.384, 22.39, , , 1, 5.498, 0, 0, 12.5, 4.623, 207.637, 0, 0, 0, 79, 16.21, 16.329, 95.498, 100.576, 100, 0, 0, 32.181, 31.542, 100, 4.417, 104.181, 0, 0, 105.181, 111.319, 0, 0, 0, 0, 0, 13.9, 0, 12.5, 0, 4.623, 207.637, 0, 0, 0, 79, 1, 0.016, 0.016, 95.498, 100.576, 100, 0, 0, 141, 32.181, 31.542, 100, 4.417, 0, 104.181, 0, 0, 105.181, 111.319, 0, 0, 0, 0, 
5.5, 19.37, 100.44, 70.57, 71.24, , 13.046, 0.982, 616.597, 616.597, , 313.228, 313.228, 313.228, , , 36.088, 36.045, 7.384, 22.39, 0, 0, 90.641, 92.331, 90.641, 92.331, 1, 110.533, 110.533, 0.025, 0.033, , , , , 7.254, 7.384, 22.39, , , 1, 5.547, 0, 0, 12.5, 4.663, 207.544, 0, 0, 0, 79, 16.23, 16.326, 95.166, 100.541, 100, 0, 0, 32.227, 31.681, 100, 4.419, 104.227, 0, 0, 105.227, 112.293, 0, 0, 0, 0, 0, 13.9, 0, 12.5, 0, 4.663, 207.544, 0, 0, 0, 79, 1, 0.016, 0.016, 95.166, 100.541, 100, 0, 0, 141, 32.227, 31.681, 100, 4.419, 0, 104.227, 0, 0, 105.227, 112.293, 0, 0, 0, 0, 
5.55, 19.37, 100.44, 70.57, 71.24, , 13.048, 0.982, 624.493, 624.493, , 313.3, 313.3, 313.3, , , 35.836, 36.333, 7.384, 22.39, 0, 0, 91.179, 92.88, 91.179, 92.88, 1, 111.179, 111.179, 0.025, 0.033, , , , , 7.26, 7.384, 22.39, , , 1, 5.598, 0, 0, 12.5, 4.691, 207.446, 0, 0, 0, 79, 16.243, 16.329, 95, 100.505, 100, 0, 0, 32.276, 31.776, 100, 4.419, 104.276, 0, 0, 105.276, 112.942, 0, 0, 0, 0, 0, 13.9, 0, 12.5, 0, 4.691, 207.446, 0, 0, 0, 79, 1, 0.016, 0.016, 95, 100.505, 100, 0, 0, 141, 32.276, 31.776, 100, 4.419, 0, 104.276, 0, 0, 105.276, 112.942, 0, 0, 0, 0, 
5.6, 19.37, 100.44, 70.57, 71.24, , 13.042, 0.982, 632.544, 632.544, , 313.177, 313.177, 313.177, , , 35.584, 36.621, 7.383, 22.39, 0, 0, 91.669, 93.38, 91.669, 93.38, 1, 111.823, 111.823, 0.024, 0.033, , , , , 7.265, 7.383, 22.39, , , 1, 5.648, 0, 0, 12.5, 4.708, 207.342, 0, 0, 0, 79, 16.249, 16.336, 95, 100.466, 100, 0, 0, 32.328, 31.828, 100, 4.417, 104.328, 0, 0, 105.328, 113.266, 0, 0, 0, 0, 0, 13.9, 0, 12.5, 0, 4.708, 207.342, 0, 0, 0, 79, 1, 0.016, 0.016, 95, 100.466, 100, 0, 0, 141, 32.328, 31.828, 100, 4.417, 0, 104.328, 0, 0, 105.328, 113.266, 0, 0, 0, 0, 
5.65, 19.37, 100.44, 70.57, 71.24, , 13.015, 0.982, 640.757, 640.757, , 312.578, 312.578, 312.578, , , 35.332, 36.909, 7.381, 22.39, 0, 0, 92.024, 93.743, 92.024, 93.743, 1, 112.461, 112.461, 0.024, 0.033, , , , , 7.271, 7.381, 22.39, , , 1, 5.697, 0, 0, 12.5, 4.725, 207.238, 0, 0, 0, 79, 16.256, 16.343, 95, 100.428, 100, 0, 0, 32.381, 31.881, 100, 4.415, 104.381, 0, 0, 105.381, 113.591, 0, 0, 0, 0, 0, 13.9, 0, 12.5, 0, 4.725, 207.238, 0, 0, 0, 79, 1, 0.016, 0.016, 95, 100.428, 100, 0, 0, 141, 32.381, 31.881, 100, 4.415, 0, 104.381, 0, 0, 105.381, 113.591, 0, 0, 0, 0, 
5.7, 19.37, 100.44, 70.57, 71.24, , 13.002, 0.982, 648.809, 648.809, , 312.28, 312.28, 312.28, , , 35.08, 37.197, 7.38, 22.39, 0, 0, 92.455, 94.182, 92.455, 94.182, 1, 113.106, 113.106, 0.024, 0.033, , , , , 7.279, 7.38, 22.39, , , 1, 5.747, 0, 0, 12.5, 4.741, 207.133, 0, 0, 0, 79, 16.262, 16.351, 95, 100.389, 100, 0, 0, 32.433, 31.933, 100, 4.413, 104.433, 0, 0, 105.433, 113.915, 0, 0, 0, 0, 0, 13.9, 0, 12.5, 0, 4.741, 207.133, 0, 0, 0, 79, 1, 0.016, 0.016, 95, 100.389, 100, 0, 0, 141, 32.433, 31.933, 100, 4.413, 0, 104.433, 0, 0, 105.433, 113.915, 0, 0, 0, 0, 
5.75, 19.37, 100.44, 70.57, 71.24, , 12.964, 0.982, 657.137, 657.137, , 311.397, 311.397, 311.397, , , 35.06, 37.187, 7.379, 22.39, 0, 0, 92.721, 94.454, 92.721, 94.454, 1, 113.747, 113.747, 0.024, 0.033, , , , , 7.322, 7.379, 22.39, , , 1, 5.798, 0, 0, 12.5, 4.758, 207.029, 0, 0, 0, 79, 16.268, 16.358, 95, 100.351, 100, 0, 0, 32.485, 31.985, 100, 4.411, 104.485, 0, 0, 105.485, 114.239, 0, 0, 0, 0, 0, 13.9, 0, 12.5, 0, 4.758, 207.029, 0, 0, 0, 79, 1, 0.016, 0.016, 95, 100.351, 100, 0, 0, 141, 32.485, 31.985, 100, 4.411, 0, 104.485, 0, 0, 105.485, 114.239, 0, 0, 0, 0, 
5.8, 19.37, 100.44, 70.57, 71.24, , 12.966, 0.982, 665.309, 665.309, , 311.49, 311.49, 311.49, , , 35.06, 37.151, 7.378, 22.39, 0, 0, 93.268, 95.01, 93.268, 95.01, 1, 114.384, 114.384, 0.024, 0.033, , , , , 7.364, 7.378, 22.39, , , 1, 5.848, 0, 0, 12.5, 4.792, 207.143, 0, 0, 0, 79, 16.259, 16.347, 94.742, 100.234, 100, 0, 0, 32.536, 32.072, 100, 4.411, 104.572, 0, 0, 105.5, 115.088, 0, 0, 0, 0, 0, 13.9, 0, 12.5, 0, 4.792, 207.143, 0, 0, 0, 79, 1, 0.016, 0.016, 94.742, 100.234, 100, 0, 0, 141, 32.536, 32.072, 100, 4.411, 0, 104.572, 0, 0, 105.5, 115.088, 0, 0, 0, 0, 
5.85, 19.37, 100.44, 70.57, 71.24, , 12.932, 0.982, 673.648, 673.648, , 310.685, 310.685, 310.685, , , 35.06, 37.115, 7.377, 22.39, 0, 0, 93.549, 95.297, 93.549, 95.297, 1, 115.026, 115.026, 0.024, 0.033, , , , , 7.407, 7.377, 22.39, , , 1, 5.897, 0, 0, 12.5, 4.833, 207.343, 0, 0, 0, 79, 16.243, 16.329, 94.383, 100.086, 100, 0, 0, 32.586, 32.171, 100, 4.413, 104.671, 0, 0, 105.5, 116.141, 0, 0, 0, 0, 0, 13.9, 0, 12.5, 0, 4.833, 207.343, 0, 0, 0, 79, 1, 0.016, 0.016, 94.383, 100.086, 100, 0, 0, 141, 32.586, 32.171, 100, 4.413, 0, 104.671, 0, 0, 105.5, 116.141, 0, 0, 0, 0, 
5.9, 19.37, 100.44, 70.57, 71.24, , 12.917, 0.982, 681.987, 681.987, , 310.374, 310.374, 310.374, , , 35.06, 37.079, 7.377, 22.39, 0, 0, 93.974, 95.729, 93.974, 95.729, 1, 115.663, 115.663, 0.024, 0.033, , , , , 7.45, 7.377, 22.39, , , 1, 5.948, 0, 0, 12.5, 4.874, 207.542, 0, 0, 0, 79, 16.227, 16.311, 94.025, 99.939, 100, 0, 0, 32.635, 32.271, 100, 4.415, 104.771, 0, 0, 105.5, 117.194, 0, 0, 0, 0, 0, 13.9, 0, 12.5, 0, 4.874, 207.542, 0, 0, 0, 79, 1, 0.016, 0.016, 94.025, 99.939, 100, 0, 0, 141, 32.635, 32.271, 100, 4.415, 0, 104.771, 0, 0, 105.5, 117.194, 0, 0, 0, 0, 
5.95, 19.37, 100.44, 70.57, 71.24, , 12.893, 0.982, 690.326, 690.326, , 309.824, 309.824, 309.824, , , 35.06, 37.043, 7.377, 22.39, 0, 0, 94.32, 96.082, 94.32, 96.082, 1, 116.297, 116.297, 0.024, 0.033, , , , , 7.504, 7.377, 22.39, , , 1, 5.998, 0, 0, 12.5, 4.914, 207.741, 0, 0, 0, 79, 16.211, 16.293, 93.666, 99.792, 100, 0, 0, 32.685, 32.371, 100, 4.417, 104.871, 0, 0, 105.5, 118.246, 0, 0, 0, 0, 0, 13.9, 0, 12.5, 0, 4.914, 207.741, 0, 0, 0, 79, 1, 0.016, 0.016, 93.666, 99.792, 100, 0, 0, 141, 32.685, 32.371, 100, 4.417, 0, 104.871, 0, 0, 105.5, 118.246, 0, 0, 0, 0, 
6, 19.37, 100.44, 70.57, 71.24, , 12.885, 0.982, 698.833, 698.833, , 309.651, 309.651, 309.651, , , 35.159, 36.809, 7.377, 22.39, 0, 0, 94.786, 96.558, 94.786, 96.558, 1, 116.939, 116.939, 0.024, 0.033, , , , , 7.557, 7.377, 22.39, , , 1, 6.047, 0, 0, 12.5, 4.955, 207.94, 0, 0, 0, 79, 16.195, 16.275, 93.308, 99.644, 100, 0, 0, 32.735, 32.47, 100, 4.419, 104.97, 0, 0, 105.5, 119.299, 0, 0, 0, 0, 0, 13.9, 0, 12.5, 0, 4.955, 207.94, 0, 0, 0, 79, 1, 0.016, 0.016, 93.308, 99.644, 100, 0, 0, 141, 32.735, 32.47, 100, 4.419, 0, 104.97, 0, 0, 105.5, 119.299, 0, 0, 0, 0, 
6.05, 19.37, 100.44, 70.57, 71.24, , 12.828, 0.982, 707.339, 707.339, , 308.337, 308.337, 308.337, , , 35.267, 36.558, 7.378, 22.39, 0, 0, 94.898, 96.672, 94.898, 96.672, 1, 117.575, 117.575, 0.024, 0.033, , , , , 7.61, 7.378, 22.39, , , 1, 6.098, 0, 0, 12.5, 4.977, 208, 0, 0, 0, 79, 16.194, 16.274, 93.2, 99.546, 100, 0, 0, 32.786, 32.5, 100, 4.419, 105, 0, 0, 105.5, 119.842, 0, 0, 0, 0, 0, 13.9, 0, 12.5, 0, 4.977, 208, 0, 0, 0, 79, 1, 0.016, 0.016, 93.2, 99.546, 100, 0, 0, 141, 32.786, 32.5, 100, 4.419, 0, 105, 0, 0, 105.5, 119.842, 0, 0, 0, 0, 
6.1, 19.37, 100.44, 70.57, 71.24, , 12.795, 0.982, 715.895, 715.895, , 307.566, 307.566, 307.566, , , 35.374, 36.307, 7.379, 22.39, 0, 0, 95.172, 96.95, 95.172, 96.95, 1, 118.203, 118.203, 0.025, 0.033, , , , , 7.662, 7.379, 22.39, , , 1, 6.148, 0, 0, 12.5, 4.992, 208, 0, 0, 0, 79, 16.201, 16.281, 93.2, 99.468, 100, 0, 0, 32.839, 32.5, 100, 4.416, 105, 0, 0, 105.5, 120.166, 0, 0, 0, 0, 0, 13.9, 0, 12.5, 0, 4.992, 208, 0, 0, 0, 79, 1, 0.016, 0.016, 93.2, 99.468, 100, 0, 0, 141, 32.839, 32.5, 100, 4.416, 0, 105, 0, 0, 105.5, 120.166, 0, 0, 0, 0, 
6.15, 19.37, 100.44, 70.57, 71.24, , 12.746, 0.982, 724.629, 724.629, , 306.439, 306.439, 306.439, , , 35.482, 36.056, 7.381, 22.39, 0, 0, 95.34, 97.121, 95.34, 97.121, 1, 118.838, 118.838, 0.025, 0.033, , , , , 7.687, 7.381, 22.39, , , 1, 6.198, 0, 0, 12.5, 5.007, 208, 0, 0, 0, 79, 16.207, 16.287, 93.2, 99.391, 100, 0, 0, 32.891, 32.5, 100, 4.414, 105, 0, 0, 105.5, 120.49, 0, 0, 0, 0, 0, 13.9, 0, 12.5, 0, 5.007, 208, 0, 0, 0, 79, 1, 0.016, 0.016, 93.2, 99.391, 100, 0, 0, 141, 32.891, 32.5, 100, 4.414, 0, 105, 0, 0, 105.5, 120.49, 0, 0, 0, 0, 
6.2, 19.37, 100.44, 70.57, 71.24, , 12.697, 0.982, 735.353, 735.353, , 305.309, 305.309, 305.309, , , 35.589, 35.805, 7.382, 22.39, 0, 0, 95.611, 97.395, 95.611, 97.395, 1, 119.637, 119.637, 0.025, 0.033, , , , , 7.711, 7.382, 22.39, , , 1, 6.248, 0, 0, 12.5, 5.022, 208, 0, 0, 0, 79, 16.213, 16.293, 93.2, 99.314, 100, 0, 0, 32.943, 32.5, 100, 4.412, 105, 0, 0, 105.5, 120.814, 0, 0, 0, 0, 0, 13.9, 0, 12.5, 0, 5.022, 208, 0, 0, 0, 79, 1, 0.016, 0.016, 93.2, 99.314, 100, 0, 0, 141, 32.943, 32.5, 100, 4.412, 0, 105, 0, 0, 105.5, 120.814, 0, 0, 0, 0, 
6.25, 19.37, 100.44, 70.57, 71.24, , 12.648, 0.982, 744.001, 744.001, , 304.169, 304.169, 304.169, , , 35.535, 35.682, 7.383, 22.39, 0, 0, 95.75, 97.536, 95.75, 97.536, 1, 120.26, 120.26, 0.025, 0.033, , , , , 7.736, 7.383, 22.39, , , 1, 6.297, 0, 0, 12.5, 5.037, 208, 0, 0, 0, 79, 16.219, 16.299, 93.2, 99.236, 100, 0, 0, 32.995, 32.5, 100, 4.41, 105, 0, 0, 105.5, 121.138, 0, 0, 0, 0, 0, 13.9, 0, 12.5, 0, 5.037, 208, 0, 0, 0, 79, 1, 0.016, 0.016, 93.2, 99.236, 100, 0, 0, 141, 32.995, 32.5, 100, 4.41, 0, 105, 0, 0, 105.5, 121.138, 0, 0, 0, 0, 
6.3, 19.37, 100.44, 70.57, 71.24, , 12.605, 0.982, 752.822, 752.822, , 303.171, 303.171, 303.171, , , 35.463, 35.574, 7.385, 22.39, 0, 0, 95.934, 97.722, 95.934, 97.722, 1, 120.881, 120.881, 0.025, 0.033, , , , , 7.76, 7.385, 22.39, , , 1, 6.347, 0, 0, 12.5, 5.074, 208, 0, 0, 0, 79, 16.209, 16.287, 92.875, 99.128, 100, 0, 0, 33.226, 32.59, 100, 4.41, 105.138, 0, 0, 105.592, 122.011, 0, 0, 0, 0, 0, 13.9, 0, 12.5, 0, 5.074, 208, 0, 0, 0, 79, 1, 0.016, 0.016, 92.869, 99.128, 100, 0, 0, 141, 33.226, 32.59, 100, 4.41, 0, 105.138, 0, 0, 105.592, 122.011, 0, 0, 0, 0, 
6.35, 19.37, 100.44, 70.57, 71.24, , 12.565, 0.982, 761.57, 761.57, , 302.258, 302.258, 302.258, , , 35.39, 35.466, 7.386, 22.39, 0, 0, 96.135, 97.929, 96.135, 97.929, 1, 121.504, 121.504, 0.025, 0.033, , , , , 7.778, 7.386, 22.39, , , 1, 6.397, 0, 0, 12.5, 5.113, 208, 0, 0, 0, 79, 16.197, 16.273, 92.513, 99.017, 100, 0, 0, 33.477, 32.691, 100, 4.41, 105.288, 0, 0, 105.692, 122.946, 0, 0, 0, 0, 0, 13.9, 0, 12.5, 0, 5.113, 208, 0, 0, 0, 79, 1, 0.016, 0.016, 92.509, 99.017, 100, 0, 0, 141, 33.477, 32.691, 100, 4.41, 0, 105.288, 0, 0, 105.692, 122.946, 0, 0, 0, 0, 
6.4, 19.37, 100.44, 70.57, 71.24, , 12.499, 0.982, 770.371, 770.371, , 300.718, 300.718, 300.718, , , 35.318, 35.357, 7.386, 22.39, 0, 0, 96.131, 97.925, 96.131, 97.925, 1, 122.123, 122.123, 0.025, 0.033, , , , , 7.794, 7.386, 22.39, , , 1, 6.447, 0, 0, 12.5, 5.152, 208, 0, 0, 0, 79, 16.185, 16.259, 92.152, 98.906, 100, 0, 0, 33.728, 32.791, 100, 4.41, 105.438, 0, 0, 105.792, 123.881, 0, 0, 0, 0, 0, 13.9, 0, 12.5, 0, 5.152, 208, 0, 0, 0, 79, 1, 0.016, 0.016, 92.149, 98.906, 100, 0, 0, 141, 33.728, 32.791, 100, 4.41, 0, 105.438, 0, 0, 105.792, 123.881, 0, 0, 0, 0, 
6.45, 19.37, 100.44, 70.57, 71.24, , 12.456, 0.982, 779.285, 779.285, , 299.728, 299.728, 299.728, , , 35.246, 35.249, 7.386, 22.39, 0, 0, 96.303, 98.101, 96.303, 98.101, 1, 122.736, 122.736, 0.025, 0.033, , , , , 7.81, 7.386, 22.39, , , 1, 6.497, 0, 0, 12.5, 5.19, 208, 0, 0, 0, 79, 16.173, 16.245, 91.79, 98.795, 100, 0, 0, 33.979, 32.892, 100, 4.41, 105.588, 0, 0, 105.892, 124.815, 0, 0, 0, 0, 0, 13.9, 0, 12.5, 0, 5.19, 208, 0, 0, 0, 79, 1, 0.016, 0.016, 91.789, 98.795, 100, 0, 0, 141, 33.979, 32.892, 100, 4.41, 0, 105.588, 0, 0, 105.892, 124.815, 0, 0, 0, 0, 
6.5, 19.37, 100.44, 70.57, 71.24, , 12.421, 0.982, 788.153, 788.153, , 298.915, 298.915, 298.915, , , 35.207, 35.77, 7.386, 22.39, 0, 0, 96.521, 98.324, 96.521, 98.324, 1, 123.354, 123.354, 0.025, 0.033, , , , , 7.826, 7.386, 22.39, , , 1, 6.547, 0, 0, 12.5, 5.229, 208, 0, 0, 0, 79, 16.161, 16.231, 91.429, 98.684, 100, 0, 0, 34.23, 32.992, 100, 4.41, 105.738, 0, 0, 105.992, 125.75, 0, 0, 0, 0, 0, 13.9, 0, 12.5, 0, 5.229, 208, 0, 0, 0, 79, 1, 0.016, 0.016, 91.429, 98.684, 100, 0, 0, 141, 34.23, 32.992, 100, 4.41, 0, 105.738, 0, 0, 105.992, 125.75, 0, 0, 0, 0, 
6.55, 19.37, 100.44, 70.57, 71.24, , 12.381, 0.982, 797.133, 797.133, , 297.995, 297.995, 297.995, , , 35.171, 36.346, 7.386, 22.39, 0, 0, 96.702, 98.509, 96.702, 98.509, 1, 123.968, 123.968, 0.025, 0.033, , , , , 7.827, 7.386, 22.39, , , 1, 6.598, 0, 0, 12.5, 5.245, 208, 0, 0, 0, 79, 16.156, 16.213, 91.4, 98.64, 100, 0, 0, 34.298, 33, 100, 4.41, 105.798, 0, 0, 106, 126.123, 0, 0, 0, 0, 0, 13.9, 0, 12.5, 0, 5.245, 208, 0, 0, 0, 79, 1, 0.016, 0.016, 91.4, 98.64, 100, 0, 0, 141, 34.298, 33, 100, 4.41, 0, 105.798, 0, 0, 106, 126.123, 0, 0, 0, 0, 
6.6, , 100.44, 70.57, , , 12.339, 0.982, 806.114, 806.114, , 297.028, 297.028, 297.028, , , 35.135, 36.922, 7.386, 22.39, 0, 0, 96.862, 98.673, 96.862, 98.673, 1, 124.577, 124.577, 0.025, 0.033, , , , , 7.817, 7.386, 22.39, , , 1, 6.647, 0, 0, 12.5, 5.259, 208, 0, 0, 0, 79, 16.152, 16.194, 91.4, 98.601, 100, 0, 0, 34.35, 33, 100, 4.41, 105.85, 0, 0, 106, 126.447, 0, 0, 0, 0, 0, 13.9, 0, 12.5, 0, 5.259, 208, 0, 0, 0, 79, 1, 0.016, 0.016, 91.4, 98.601, 100, 0, 0, 141, 34.35, 33, 100, 4.41, 0, 105.85, 0, 0, 106, 126.447, 0, 0, 0, 0, 
6.65, , 100.44, 70.57, , , 12.298, 0.982, 815.102, 815.102, , 296.067, 296.067, 296.067, , , 35.099, 37.498, 7.386, 22.39, 0, 0, 97.015, 98.828, 97.015, 98.828, 1, 125.188, 125.188, 0.024, 0.033, , , , , 7.806, 7.386, 22.39, , , 1, 6.697, 0, 0, 12.5, 5.272, 208, 0, 0, 0, 79, 16.148, 16.175, 91.4, 98.562, 100, 0, 0, 34.402, 33, 100, 4.41, 105.902, 0, 0, 106, 126.771, 0, 0, 0, 0, 0, 13.9, 0, 12.5, 0, 5.272, 208, 0, 0, 0, 79, 1, 0.016, 0.016, 91.4, 98.562, 100, 0, 0, 141, 34.402, 33, 100, 4.41, 0, 105.902, 0, 0, 106, 126.771, 0, 0, 0, 0, 
6.7, , 100.44, 70.57, , , 12.242, 0.982, 824.256, 824.256, , 294.767, 294.767, 294.767, , , 35.063, 38.074, 7.386, 22.39, 0, 0, 97.059, 98.872, 97.059, 98.872, 1, 125.793, 125.793, 0.024, 0.033, , , , , 7.796, 7.386, 22.39, , , 1, 6.748, 0, 0, 12.5, 5.286, 208, 0, 0, 0, 79, 16.144, 16.156, 91.4, 98.524, 100, 0, 0, 34.454, 33, 100, 4.41, 105.954, 0, 0, 106, 127.095, 0, 0, 0, 0, 0, 13.9, 0, 12.5, 0, 5.286, 208, 0, 0, 0, 79, 1, 0.016, 0.016, 91.4, 98.524, 100, 0, 0, 141, 34.454, 33, 100, 4.41, 0, 105.954, 0, 0, 106, 127.095, 0, 0, 0, 0, 
6.75, , 100.44, 70.57, , , 12.161, 0.982, 833.409, 833.409, , 292.867, 292.867, 292.867, , , 35.093, 37.625, 7.385, 22.39, 0, 0, 96.899, 98.708, 96.899, 98.708, 1, 126.397, 126.397, 0.024, 0.033, , , , , 7.798, 7.385, 22.39, , , 1, 6.797, 0, 0, 12.5, 5.301, 208, 0, 0, 0, 79, 16.14, 16.14, 91.358, 98.481, 100, 0, 0, 34.523, 33.012, 100, 4.41, 106.012, 0, 0, 106.012, 127.452, 0, 0, 0, 0, 0, 13.9, 0, 12.5, 0, 5.301, 208, 0, 0, 0, 79, 1, 0.016, 0.016, 91.358, 98.481, 100, 0, 0, 141, 34.523, 33.012, 100, 4.41, 0, 106.012, 0, 0, 106.012, 127.452, 0, 0, 0, 0, 
6.8, , 100.44, 70.57, , , 12.083, 0.982, 842.577, 842.577, , 291.059, 291.059, 291.059, , , 35.129, 37.087, 7.384, 22.39, 0, 0, 96.76, 98.565, 96.76, 98.565, 1, 126.994, 126.994, 0.025, 0.033, , , , , 7.812, 7.384, 22.39, , , 1, 6.847, 0, 0, 12.5, 5.326, 208, 0, 0, 0, 79, 16.144, 16.144, 91.012, 98.41, 100, 0, 0, 34.715, 33.108, 100, 4.41, 106.108, 0, 0, 106.108, 128.05, 0, 0, 0, 0, 0, 13.9, 0, 12.5, 0, 5.326, 208, 0, 0, 0, 79, 1, 0.016, 0.016, 91.012, 98.41, 100, 0, 0, 141, 34.715, 33.108, 100, 4.41, 0, 106.108, 0, 0, 106.108, 128.05, 0, 0, 0, 0, 
6.85, , 100.44, 70.57, , , 12.018, 0.982, 851.903, 851.903, , 289.53, 289.53, 289.53, , , 35.165, 36.549, 7.383, 22.39, 0, 0, 96.709, 98.514, 96.709, 98.514, 1, 127.59, 127.59, 0.025, 0.033, , , , , 7.825, 7.383, 22.39, , , 1, 6.898, 0, 0, 12.5, 5.352, 208, 0, 0, 0, 79, 16.148, 16.148, 90.666, 98.339, 100, 0, 0, 34.908, 33.204, 100, 4.41, 106.204, 0, 0, 106.204, 128.648, 0, 0, 0, 0, 0, 13.9, 0, 12.5, 0, 5.352, 208, 0, 0, 0, 79, 1, 0.016, 0.016, 90.666, 98.339, 100, 0, 0, 141, 34.908, 33.204, 100, 4.41, 0, 106.204, 0, 0, 106.204, 128.648, 0, 0, 0, 0, 
6.9, , 100.44, 70.57, , , 11.509, 0.982, 861.056, 861.056, , 277.493, 277.493, 277.493, , , 35.201, 36.012, 7.382, 22.39, 0, 0, 93.073, 94.811, 93.073, 94.811, 1, 128.182, 128.182, 0.025, 0.033, , , , , 7.839, 7.382, 22.39, , , 1, 6.947, 0, 0, 12.5, 5.377, 208, 0, 0, 0, 79, 16.152, 16.152, 90.32, 98.268, 100, 0, 0, 35.1, 33.3, 100, 4.41, 106.3, 0, 0, 106.3, 129.246, 0, 0, 0, 0, 0, 13.9, 0, 12.5, 0, 5.377, 208, 0, 0, 0, 79, 1, 0.016, 0.016, 90.32, 98.268, 100, 0, 0, 141, 35.1, 33.3, 100, 4.41, 0, 106.3, 0, 0, 106.3, 129.246, 0, 0, 0, 0, 
6.95, , 100.44, 70.57, , , 9.81, 0.982, 870.396, 870.396, , 237.211, 237.211, 237.211, , , 35.236, 35.474, 7.381, 22.39, 0, 0, 79.806, 81.297, 79.806, 81.297, 1, 128.713, 128.713, 0.025, 0.033, , , , , 7.859, 7.381, 22.39, , , 1, 6.997, 0, 0, 12.5, 5.403, 208, 0, 0, 0, 79, 16.156, 16.156, 89.974, 98.197, 100, 0, 0, 35.292, 33.396, 100, 4.41, 106.396, 0, 0, 106.396, 129.844, 0, 0, 0, 0, 0, 13.9, 0, 12.5, 0, 5.403, 208, 0, 0, 0, 79, 1, 0.016, 0.016, 89.974, 98.197, 100, 0, 0, 141, 35.292, 33.396, 100, 4.41, 0, 106.396, 0, 0, 106.396, 129.844, 0, 0, 0, 0, 
7, , 100.44, 70.57, , , 8.068, 0.982, 879.736, 879.736, , 195.898, 195.898, 195.898, , , 35.303, 35.546, 7.38, 22.39, 0, 0, 66.1, 67.337, 66.1, 67.337, 1, 129.155, 129.155, 0.025, 0.033, , , , , 7.899, 7.38, 22.39, , , 1, 7.048, 0, 0, 12.5, 5.428, 208, 0, 0, 0, 79, 16.16, 16.16, 89.628, 98.126, 100, 0, 0, 35.485, 33.492, 100, 4.41, 106.492, 0, 0, 106.492, 130.442, 0, 0, 0, 0, 0, 13.9, 0, 12.5, 0, 5.428, 208, 0, 0, 0, 79, 1, 0.016, 0.016, 89.628, 98.126, 100, 0, 0, 141, 35.485, 33.492, 100, 4.41, 0, 106.492, 0, 0, 106.492, 130.442, 0, 0, 0, 0, 
7.05, , 100.44, 70.57, , , 6.365, 0.982, 889.247, 889.247, , 155.515, 155.515, 155.515, , , 35.373, 35.686, 7.38, 22.39, 0, 0, 52.633, 53.618, 52.633, 53.618, 1, 129.512, 129.512, 0.025, 0.033, , , , , 7.939, 7.38, 22.39, , , 1, 7.097, 0, 0, 12.5, 5.456, 208, 0, 0, 0, 79, 13.187, 16.103, 89.6, 97.984, 100, 0, 0, 35.592, 33.592, 100, 4.41, 106.224, 0, 0, 106.224, 130.718, 0, 0, 0, 0, 0, 13.9, 0, 12.5, 0, 5.456, 208, 0, 0, 0, 79, 1, 0.013, 0.016, 89.6, 97.984, 100, 0, 0, 141, 35.592, 33.592, 100, 4.41, 0, 106.224, 0, 0, 106.224, 130.718, 0, 0, 0, 0, 
7.1, , 100.44, 70.57, , , 4.668, 0.982, 898.602, 898.602, , 115.27, 115.27, 115.27, , , 35.443, 35.826, 7.38, 22.39, 0, 0, 39.127, 39.858, 39.127, 39.858, 1, 129.79, 129.79, 0.025, 0.033, , , , , 7.979, 7.38, 22.39, , , 1, 7.147, 0, 0, 12.5, 5.484, 208, 0, 0, 0, 79, 9.955, 16.041, 89.6, 97.836, 100, 0, 0, 35.692, 33.692, 100, 4.41, 105.924, 0, 0, 105.924, 130.966, 0, 0, 0, 0, 0, 13.9, 0, 12.5, 0, 5.484, 208, 0, 0, 0, 79, 1, 0.01, 0.016, 89.6, 97.836, 100, 0, 0, 141, 35.692, 33.692, 100, 4.41, 0, 105.924, 0, 0, 105.924, 130.966, 0, 0, 0, 0, 
7.15, , 100.44, 70.57, , , 3.493, 0.982, 908.129, 908.129, , 87.399, 87.399, 87.399, , , 35.513, 35.966, 7.38, 22.39, 0, 0, 29.74, 30.297, 29.74, 30.297, 1, 129.986, 129.986, 0.025, 0.034, , , , , 8.017, 7.38, 22.39, , , 1, 7.197, 0, 0, 12.5, 5.512, 208, 0, 0, 0, 79, 6.723, 15.979, 89.6, 97.688, 100, 0, 0, 35.792, 33.792, 100, 4.41, 105.624, 0, 0, 105.624, 131.214, 0, 0, 0, 0, 0, 13.9, 0, 12.5, 0, 5.512, 208, 0, 0, 0, 79, 1, 0.007, 0.016, 89.6, 97.688, 100, 0, 0, 141, 35.792, 33.792, 100, 4.41, 0, 105.624, 0, 0, 105.624, 131.214, 0, 0, 0, 0, 
7.2, , 100.44, 70.57, , , 3.515, 0.982, 917.655, 917.655, , 87.913, 87.913, 87.913, , , 35.583, 36.106, 7.38, 22.39, 0, 0, 29.955, 30.515, 29.955, 30.515, 1, 130.159, 130.159, 0.025, 0.033, , , , , 8.03, 7.38, 22.39, , , 1, 7.248, 0, 0, 12.5, 5.541, 208, 0, 0, 0, 79, 3.491, 15.917, 89.6, 97.54, 100, 0, 0, 35.892, 33.892, 100, 4.41, 105.324, 0, 0, 105.324, 131.462, 0, 0, 0, 0, 0, 13.9, 0, 12.5, 0, 5.541, 208, 0, 0, 0, 79, 1, 0.003, 0.016, 89.6, 97.54, 100, 0, 0, 141, 35.892, 33.892, 100, 4.41, 0, 105.324, 0, 0, 105.324, 131.462, 0, 0, 0, 0, 
7.25, , 100.44, 70.57, , , 3.541, 0.982, 927.089, 927.089, , 88.542, 88.542, 88.542, , , 35.572, 36.168, 7.38, 22.39, 0, 0, 30.198, 30.762, 30.198, 30.762, 1, 130.311, 130.311, 0.025, 0.033, , , , , 8.043, 7.38, 22.39, , , 1, 7.297, 0, 0, 12.5, 5.569, 208, 0, 0, 0, 79, 0.259, 15.855, 89.6, 97.392, 100, 0, 0, 35.992, 33.992, 100, 4.41, 105.024, 0, 0, 105.024, 131.71, 0, 0, 0, 0, 0, 13.9, 0, 12.5, 0, 5.569, 208, 0, 0, 0, 79, 1, 0, 0.016, 89.6, 97.392, 100, 0, 0, 141, 35.992, 33.992, 100, 4.41, 0, 105.024, 0, 0, 105.024, 131.71, 0, 0, 0, 0, 
7.3, , 100.44, 70.57, , , 3.526, 0.982, 931.852, 931.852, , 88.2, 88.2, 88.2, , , 35.535, 36.205, 7.38, 22.39, 0, 0, 30.102, 30.664, 30.102, 30.664, 1, 130.4, 130.4, 0.025, 0.033, , , , , 8.055, 7.38, 22.39, , , 1, 7.322, , , , , , , , , , , , , , , , , , , , , , , , , , , , , , , , , , , , , , , , , , , , , , , , , , , , , , , , , , , , , , , , 
7.35, , 100.44, 70.57, , , 3.546, 0.982, 936.616, 936.616, , 88.666, 88.666, 88.666, , , 35.497, 36.243, 7.38, 22.39, 0, 0, 30.28, 30.847, 30.28, 30.847, 1, 130.489, 130.489, 0.025, 0.033, , , , , 8.068, 7.38, 22.39, , , 1, 7.347, , , , , , , , , , , , , , , , , , , , , , , , , , , , , , , , , , , , , , , , , , , , , , , , , , , , , , , , , , , , , , , , 
7.4, , 100.44, 70.57, , , 3.466, 0.982, 941.395, 941.395, , 86.767, 86.767, 86.767, , , 35.46, 36.28, , , 0, 0, 29.653, 30.208, 29.653, 30.208, 1, 130.579, 130.579, , , , , , , , , , , , 1, 7.373, , , , , , , , , , , , , , , , , , , , , , , , , , , , , , , , , , , , , , , , , , , , , , , , , , , , , , , , , , , , , , , , 
7.45, , , , , , , , 946.163, 946.163, , , , , , , 35.423, 36.317, , , , , , , , , , 130.667, 130.667, , , , , , , , , , , , 1, 7.398, , , , , , , , , , , , , , , , , , , , , , , , , , , , , , , , , , , , , , , , , , , , , , , , , , , , , , , , , , , , , , , , 
