Time, (DWRT ATMO) Humidity, (DWRT ATMO) Pressure, (DWRT ATMO) Temperature 1, (DWRT ATMO) Temperature 2, (DWRT CPU) ????????????????????????????????????????????????????????????????, (DWRT CPU) Acceleration, (DWRT CPU) Correction Factor, (DWRT CPU) Distance, (DWRT CPU) Distance 1, (DWRT CPU) Engine RPM, (DWRT CPU) Force, (DWRT CPU) Force 1, (DWRT CPU) Force Drum 1, (DWRT CPU) Gear Ratio, (DWRT CPU) Inductive 1 Signal Strength, (DWRT CPU) Internal Temp 1, (DWRT CPU) Internal Temp 2, (DWRT CPU) LC1 Volts Petrol AFR, (DWRT CPU) LC2 Volts Petrol AFR2, (DWRT CPU) Link 0 Status, (DWRT CPU) Link 1 Status, (DWRT CPU) Power, (DWRT CPU) Power (uncorrected), (DWRT CPU) Power Drum 1, (DWRT CPU) Power Drum 1 (uncorrected), (DWRT CPU) Sampling, (DWRT CPU) Speed, (DWRT CPU) Speed 1, (DWRT CPU) TCP RX kB/s, (DWRT CPU) TCP TX kB/s, (DWRT CPU) Torque, (DWRT CPU) Torque (uncorrected), (DWRT CPU) Torque Drum 1, (DWRT CPU) Torque Drum 1 (uncorrected), (DWRT CPU) UDP RX kB/s, (DWRT CPU) User Analog 1, (DWRT CPU) User Analog 2, (DWRT CPU) User Analog 3, (DWRT CPU) User Analog 4, (Gen) Sampling, (Gen) Sampling Duration, (Harley - ECU Type 14 SW Level 141) Accel Enrichment, (Harley - ECU Type 14 SW Level 141) Decel Enleanment, (Harley - ECU Type 14 SW Level 141) Desired Air/Fuel, (Harley - ECU Type 14 SW Level 141) Engine Speed, (Harley - ECU Type 14 SW Level 141) Engine Temperature, (Harley - ECU Type 14 SW Level 141) Front Adaptive Fuel Factor, (Harley - ECU Type 14 SW Level 141) Front Closed Loop Integrator, (Harley - ECU Type 14 SW Level 141) Front Spark Knock Retard, (Harley - ECU Type 14 SW Level 141) Idle Air Control Motor Position, (Harley - ECU Type 14 SW Level 141) Injector Time Front, (Harley - ECU Type 14 SW Level 141) Injector Time Rear, (Harley - ECU Type 14 SW Level 141) Intake Air Temperature, (Harley - ECU Type 14 SW Level 141) Manifold Absolute Pressure, (Harley - ECU Type 14 SW Level 141) Rear Adaptive Fuel Factor, (Harley - ECU Type 14 SW Level 141) Rear Closed Loop Integrator, (Harley - ECU Type 14 SW Level 141) Rear Spark Knock Retard, (Harley - ECU Type 14 SW Level 141) Spark Advance Front, (Harley - ECU Type 14 SW Level 141) Spark Advance Rear, (Harley - ECU Type 14 SW Level 141) Throttle Position, (Harley - ECU Type 14 SW Level 141) Throttle Position Sensor Voltage, (Harley - ECU Type 14 SW Level 141) VE Front, (Harley - ECU Type 14 SW Level 141) VE New Front, (Harley - ECU Type 14 SW Level 141) VE New Rear, (Harley - ECU Type 14 SW Level 141) VE Rear, (Harley - ECU Type 14 SW Level 141) Vehicle Speed, (Harley - ECU Type 14 SW Level 141) WBO2 AFR Front, (Harley - ECU Type 14 SW Level 141) WBO2 AFR Rear, (PV) Accel Enrichment, (PV) AT Lambda 1, (PV) AT Lambda 2, (PV) Battery Voltage, (PV) Decel Enleanment, (PV) Desired Air/Fuel, (PV) Desired Lambda, (PV) Engine Speed, (PV) Engine Temperature, (PV) Front Adaptive Fuel Factor, (PV) Front Closed Loop Integrator, (PV) Front Spark Knock Retard, (PV) Idle Air Control Motor Position, (PV) Idle Set Speed, (PV) Injector Time Front, (PV) Injector Time Rear, (PV) Intake Air Temperature, (PV) Manifold Absolute Pressure, (PV) Rear Adaptive Fuel Factor, (PV) Rear Closed Loop Integrator, (PV) Rear Spark Knock Retard, (PV) Software Level, (PV) Spark Advance Front, (PV) Spark Advance Rear, (PV) Throttle Position, (PV) Throttle Position Sensor, (PV) Twistgrip Position, (PV) VE Front, (PV) VE New Front, (PV) VE New Rear, (PV) VE Rear, (PV) Vehicle Speed, (PV) Warm-up Fuel AFR (Lambda), (PV) Warm-up Fuel AFR (Ratio), (PV) WBO2 AFR Front, (PV) WBO2 AFR Rear, 
0, , , , , , 0.876, , , , , 22.36, 22.36, 22.36, , , , , , , , , , , , , , , , , , , , , , , , , , , , , , , , , , , , , , , , , , , , , , , , , , , , , , , , , , , , , , , , , , , , , , , , , , , , , , , , , , , , , , , , , , , , 
0.05, , , , , , 0.814, , , , , 20.886, 20.886, 20.886, , , , , , , , , , , , , , , , , , , , , , , , , , , , , , , , , , , , , , , , , , , , , , , , , , , , , , , , , , , , , , , , , , , , , , , , , , , , , , , , , , , , , , , , , , , , 
0.1, , , , , , 0.752, , , , , 19.413, 19.413, 19.413, , , , , , , , , , , , , , 28.03, 28.03, , , , , , , , , , , , 1, 0.009, , , , , , , , , , , , , , , , , , , , , , , , , , , , , , , , , , , , , , , , , , , , , , , , , , , , , , , , , , , , , , , , 
0.15, , , , , , 0.837, , 4.567, 4.567, , 21.426, 21.426, 21.426, , , 35.214, 35.368, , , , , 1.51, 1.55, 1.51, 1.55, , 28.076, 28.076, 0.025, 0.033, , , , , 3.882, , , , , 1, 0.083, 0, 0, 14.4, 1.469, 147, 0, 0, 0, 49, 5.961, 5.569, 98.6, 42.03, 100, 0, 0, 17, 17, 3, 0.7, 89, 0, 0, 96, 28.58, 0, 0, 0, 0, 0, 14, 0, 14.4, 0, 1.469, 147, 0, 0, 0, 49, 1, 0.006, 0.006, 98.6, 42.03, 100, 0, 0, 141, 17, 17, 3, 0.7, 0, 89, 0, 0, 96, 28.58, 0, 0, 0, 0, 
0.2, , , , , , 0.979, , 7.666, 7.666, , 24.795, 24.795, 24.795, , , 35.178, 35.296, , , 0, 0, 1.849, 1.897, 1.849, 1.897, 1, 28.146, 28.146, 0.025, 0.033, , , , , 3.855, , , , , 1, 0.158, 0, 0, 14.4, 1.468, 147, 0, 0, 0, 49, 5.972, 5.558, 98.6, 42.03, 100, 0, 0, 17, 17, 3, 0.7, 89, 0, 0, 96, 28.58, 0, 0, 0, 0, 0, 14, 0, 14.4, 0, 1.468, 147, 0, 0, 0, 49, 1, 0.006, 0.006, 98.6, 42.03, 100, 0, 0, 141, 17, 17, 3, 0.7, 0, 89, 0, 0, 96, 28.58, 0, 0, 0, 0, 
0.25, , , , , , 1.368, , 11.224, 11.224, , 34.038, 34.038, 34.038, , , 35.142, 35.224, 7.378, 11.911, 0, 0, 2.573, 2.639, 2.573, 2.639, 1, 28.234, 28.234, 0.024, 0.033, , , , , 3.828, 7.378, 11.911, , , 1, 0.233, 0, 0, 14.4, 1.467, 147, 0, 0, 0, 49, 5.984, 5.546, 98.6, 42.03, 100, 0, 0, 17, 17, 3, 0.7, 89, 0, 0, 96, 28.58, 0, 0, 0, 0, 0, 14, 0, 14.4, 0, 1.467, 147, 0, 0, 0, 49, 1, 0.006, 0.006, 98.6, 42.03, 100, 0, 0, 141, 17, 17, 3, 0.7, 0, 89, 0, 0, 96, 28.58, 0, 0, 0, 0, 
0.3, , , , , , 2.048, , 15.321, 15.321, , 50.176, 50.176, 50.176, , , 35.106, 35.152, 7.379, 11.889, 0, 0, 3.747, 3.843, 3.747, 3.843, 1, 28.335, 28.335, 0.024, 0.033, , , , , 3.801, 7.379, 11.889, , , 1, 0.306, 0, 0, 14.4, 1.466, 147, 0, 0, 0, 49, 5.995, 5.535, 98.6, 42.03, 100, 0, 0, 17, 17, 3, 0.7, 89, 0, 0, 96, 28.58, 0, 0, 0, 0, 0, 14, 0, 14.4, 0, 1.466, 147, 0, 0, 0, 49, 1, 0.006, 0.006, 98.6, 42.03, 100, 0, 0, 141, 17, 17, 3, 0.7, 0, 89, 0, 0, 96, 28.58, 0, 0, 0, 0, 
0.35, 24.75, , , 64.83, , 2.794, , 19.055, 19.055, , 67.877, 67.877, 67.877, , , 35.07, 35.08, 7.379, 11.872, 0, 0, 5.054, 5.183, 5.054, 5.183, 1, 28.465, 28.465, 0.024, 0.033, , , , , 3.78, 7.379, 11.872, , , 1, 0.356, 0, 0, 14.4, 1.465, 147, 0, 0, 0, 49, 6.007, 5.523, 98.6, 42.03, 100, 0, 0, 17, 17, 3, 0.7, 89, 0, 0, 96, 28.58, 0, 0, 0, 0, 0, 14, 0, 14.4, 0, 1.465, 147, 0, 0, 0, 49, 1, 0.006, 0.006, 98.6, 42.03, 100, 0, 0, 141, 17, 17, 3, 0.7, 0, 89, 0, 0, 96, 28.58, 0, 0, 0, 0, 
0.4, 24.75, , , 64.831, , 3.84, , 21.14, 21.14, , 92.696, 92.696, 92.696, , , 35.086, 35.112, 7.38, 11.856, 0, 0, 6.965, 7.144, 6.965, 7.144, 1, 28.601, 28.601, 0.025, 0.033, , , , , 3.805, 7.38, 11.856, , , 1, 0.407, 0.801, 0, 14.345, 1.472, 147, 0, 0, 0, 49.548, 6.584, 5.863, 98.6, 44.483, 100, 0, 0, 17.274, 17.274, 4.302, 0.711, 89.137, 0, 0, 96.343, 28.665, 0, 0, 0.801, 0, 0, 14, 0, 14.345, 0, 1.472, 147, 0, 0, 0, 49.548, 1, 0.007, 0.006, 98.6, 44.483, 100, 0, 0, 141, 17.274, 17.274, 4.302, 0.711, 0, 89.034, 0, 0, 96.343, 28.665, 0, 0, 0, 0, 
0.45, 24.75, , , 64.832, , 4.886, , 23.225, 23.225, , 117.514, 117.514, 117.514, , , 35.122, 35.184, 7.38, 11.852, 0, 0, 8.875, 9.106, 8.875, 9.106, 1, 28.844, 28.844, 0.025, 0.033, , , , , 3.829, 7.38, 11.852, , , 1, 0.456, 1.883, 0, 14.271, 1.482, 147, 0, 0, 0, 50.289, 7.36, 6.326, 98.6, 47.798, 100, 0, 0, 17.644, 17.644, 6.061, 0.726, 89.322, 0, 0, 96.806, 28.78, 0, 0, 1.883, 0, 0, 14, 0, 14.271, 0, 1.482, 147, 0, 0, 0, 50.289, 1, 0.007, 0.007, 98.6, 47.798, 100, 0, 0, 141, 17.644, 17.644, 6.061, 0.726, 0, 89.081, 0, 0, 96.806, 28.78, 0, 0, 0, 0, 
0.5, 24.75, , , 64.833, , 6.233, , 25.31, 25.31, , 149.465, 149.465, 149.465, , , 35.158, 35.256, 7.38, 11.849, 0, 0, 11.442, 11.74, 11.442, 11.74, 1, 29.086, 29.086, 0.025, 0.033, , , , , 3.854, 7.38, 11.849, , , 1, 0.506, 2.966, 0, 14.197, 1.491, 147, 0, 0, 0, 51.03, 8.136, 6.789, 98.6, 51.113, 100, 0, 0, 18.015, 18.015, 7.82, 0.741, 89.507, 0, 0, 97.269, 28.895, 0, 0, 2.966, 0, 0, 14, 0, 14.197, 0, 1.491, 147, 0, 0, 0, 51.03, 1, 0.008, 0.007, 98.6, 51.113, 100, 0, 0, 141, 18.015, 18.015, 7.82, 0.741, 0, 89.127, 0, 0, 97.269, 28.895, 0, 0, 0, 0, 
0.55, 24.75, , , 64.833, , 7.599, , 27.395, 27.395, , 181.871, 181.871, 181.871, , , 35.194, 35.328, 7.38, 11.835, 0, 0, 14.051, 14.417, 14.051, 14.417, 1, 29.446, 29.446, 0.025, 0.033, , , , , 3.878, 7.38, 11.835, , , 1, 0.557, 4.048, 0, 14.123, 1.501, 147, 0, 0, 0, 51.77, 8.912, 7.251, 98.6, 54.427, 100, 0, 0, 18.385, 18.385, 9.58, 0.755, 89.693, 0, 0, 97.731, 29.009, 0, 0, 4.048, 0, 0, 14, 0, 14.123, 0, 1.501, 147, 0, 0, 0, 51.77, 1, 0.009, 0.007, 98.6, 54.427, 100, 0, 0, 141, 18.385, 18.385, 9.58, 0.755, 0, 89.173, 0, 0, 97.731, 29.009, 0, 0, 0, 0, 
0.6, 24.75, , , 64.834, , 8.787, , 29.506, 29.506, , 210.076, 210.076, 210.076, , , 35.23, 35.4, 7.38, 11.818, 0, 0, 16.446, 16.876, 16.446, 16.876, 1, 29.832, 29.832, 0.025, 0.033, , , , , 3.888, 7.38, 11.818, , , 1, 0.606, 5.131, 0, 14.049, 1.511, 147, 0, 0, 0, 52.511, 9.688, 7.714, 98.6, 57.742, 100, 0, 0, 18.756, 18.756, 11.339, 0.77, 89.878, 0, 0, 98.194, 29.124, 0, 0, 5.131, 0, 0, 14, 0, 14.049, 0, 1.511, 147, 0, 0, 0, 52.511, 1, 0.01, 0.008, 98.6, 57.742, 100, 0, 0, 141, 18.756, 18.756, 11.339, 0.77, 0, 89.219, 0, 0, 98.194, 29.124, 0, 0, 0, 0, 
0.65, 24.75, , , 64.835, , 9.9, , 31.629, 31.629, , 236.48, 236.48, 236.48, , , 35.24, 35.446, 7.38, 11.803, 0, 0, 18.751, 19.241, 18.751, 19.241, 1, 30.288, 30.288, 0.025, 0.033, , , , , 3.895, 7.38, 11.803, , , 1, 0.657, 5.784, 0, 13.933, 1.525, 147, 0, 0, 0, 54.552, 10.996, 8.804, 98.6, 61.929, 100, 0, 0, 19.141, 19.194, 13.775, 0.857, 89.982, 0, 0, 97.9, 29.485, 0, 0, 5.784, 0, 0, 14, 0, 13.933, 0, 1.525, 147, 0, 0, 0, 54.552, 1, 0.011, 0.009, 98.6, 61.929, 100, 0, 0, 141, 19.141, 19.194, 13.775, 0.857, 0, 89.285, 0, 0, 97.9, 29.485, 0, 0, 0, 0, 
0.7, 24.75, , , 64.836, , 10.831, , 33.781, 33.781, , 258.567, 258.567, 258.567, , , 35.24, 35.482, 7.38, 11.787, 0, 0, 20.799, 21.345, 20.799, 21.345, 1, 30.789, 30.789, 0.025, 0.033, , , , , 3.901, 7.38, 11.787, , , 1, 0.706, 5.606, 0, 13.735, 1.547, 147, 0, 0, 0, 59.116, 13.337, 11.111, 98.6, 67.809, 100, 0, 0, 19.556, 19.765, 17.525, 1.084, 89.93, 0, 0, 96.137, 30.325, 0, 0, 5.606, 0, 0, 14, 0, 13.735, 0, 1.547, 147, 0, 0, 0, 59.116, 1, 0.013, 0.011, 98.6, 67.809, 100, 0, 0, 141, 19.556, 19.765, 17.525, 1.084, 0, 89.39, 0, 0, 96.137, 30.325, 0, 0, 0, 0, 
0.75, 24.75, , , 64.837, , 11.593, , 35.963, 35.963, , 276.67, 276.67, 276.67, , , 35.24, 35.518, 7.38, 11.786, 0, 0, 22.613, 23.206, 22.613, 23.206, 1, 31.324, 31.324, 0.025, 0.033, , , , , 3.908, 7.38, 11.786, , , 1, 0.756, 5.428, 0, 13.537, 1.57, 147, 0, 0, 0, 63.68, 15.679, 13.419, 98.6, 73.69, 100, 0, 0, 19.971, 20.335, 21.275, 1.312, 89.879, 0, 0, 94.373, 31.164, 0, 0, 5.428, 0, 0, 14, 0, 13.537, 0, 1.57, 147, 0, 0, 0, 63.68, 1, 0.016, 0.013, 98.6, 73.69, 100, 0, 0, 141, 19.971, 20.335, 21.275, 1.312, 0, 89.494, 0, 0, 94.373, 31.164, 0, 0, 0, 0, 
0.8, 24.75, , , 64.837, , 12.195, , 38.184, 38.184, , 290.941, 290.941, 290.941, , , 35.24, 35.554, 7.379, 11.787, 0, 0, 24.166, 24.8, 24.166, 24.8, 1, 31.902, 31.902, 0.025, 0.033, , , , , 3.911, 7.379, 11.787, , , 1, 0.806, 5.25, 0, 13.339, 1.592, 147, 0, 0, 0, 68.245, 18.02, 15.726, 98.6, 79.57, 100, 0, 0, 20.386, 20.906, 25.025, 1.539, 89.827, 0, 0, 92.61, 32.003, 0, 0, 5.25, 0, 0, 14, 0, 13.339, 0, 1.592, 147, 0, 0, 0, 68.245, 1, 0.018, 0.016, 98.6, 79.57, 100, 0, 0, 141, 20.386, 20.906, 25.025, 1.539, 0, 89.598, 0, 0, 92.61, 32.003, 0, 0, 0, 0, 
0.85, 24.75, , , 64.838, , 12.532, , 40.473, 40.473, , 298.96, 298.96, 298.96, , , 35.24, 35.59, 7.379, 11.821, 0, 0, 25.295, 25.959, 25.295, 25.959, 1, 32.491, 32.491, 0.025, 0.033, , , , , 3.913, 7.379, 11.821, , , 1, 0.857, 5.072, 0, 13.141, 1.615, 147, 0, 0, 0, 72.809, 20.361, 18.033, 98.6, 85.45, 100, 0, 0, 20.801, 21.476, 28.775, 1.766, 89.775, 0, 0, 90.846, 32.842, 0, 0, 5.072, 0, 0, 14, 0, 13.141, 0, 1.615, 147, 0, 0, 0, 72.809, 1, 0.02, 0.018, 98.6, 85.45, 100, 0, 0, 141, 20.801, 21.476, 28.775, 1.766, 0, 89.702, 0, 0, 90.846, 32.842, 0, 0, 0, 0, 
0.9, 24.75, , , 64.839, , 12.838, , 42.785, 42.785, , 306.229, 306.229, 306.229, , , 35.395, 35.832, 7.378, 11.862, 0, 0, 26.38, 27.072, 26.38, 27.072, 1, 33.104, 33.104, 0.025, 0.033, , , , , 3.914, 7.378, 11.862, , , 1, 0.906, 4.546, 0, 12.988, 1.634, 147, 0, 0, 0, 75, 21.219, 19.142, 98.6, 89.608, 100, 0, 0, 21.109, 21.723, 31.681, 1.918, 89.886, 0, 0, 89.946, 33.414, 0, 0, 4.546, 0, 0, 14, 0, 12.988, 0, 1.634, 147, 0, 0, 0, 75, 1, 0.021, 0.019, 98.6, 89.608, 100, 0, 0, 141, 21.109, 21.723, 31.681, 1.918, 0, 89.891, 0, 0, 89.946, 33.414, 0, 0, 0, 0, 
0.95, 24.75, , , 64.84, , 13.083, , 45.143, 45.143, , 312.038, 312.038, 312.038, , , 35.61, 36.155, 7.378, 11.917, 0, 0, 27.38, 28.097, 27.38, 28.097, 1, 33.724, 33.724, 0.025, 0.033, , , , , 3.916, 7.378, 11.917, , , 1, 0.956, 3.723, 0, 12.874, 1.649, 147, 0, 0, 0, 75, 20.708, 19.146, 98.6, 92.299, 100, 0, 0, 21.318, 21.671, 33.869, 2.001, 90.147, 0, 0, 89.841, 33.739, 0, 0, 3.723, 0, 0, 14, 0, 12.874, 0, 1.649, 147, 0, 0, 0, 75, 1, 0.021, 0.019, 98.6, 92.299, 100, 0, 0, 141, 21.318, 21.671, 33.869, 2.001, 0, 90.151, 0, 0, 89.841, 33.739, 0, 0, 0, 0, 
1, 24.75, , , 64.84, , 13.308, , 47.536, 47.536, , 317.386, 317.386, 317.386, , , 35.825, 36.478, 7.377, 11.976, 0, 0, 28.362, 29.104, 28.362, 29.104, 1, 34.361, 34.361, 0.025, 0.033, , , , , 3.916, 7.377, 11.976, , , 1, 1.007, 2.9, 0, 12.759, 1.664, 147, 0, 0, 0, 75, 20.196, 19.151, 98.6, 94.989, 100, 0, 0, 21.527, 21.618, 36.056, 2.083, 90.409, 0, 0, 89.736, 34.065, 0, 0, 2.9, 0, 0, 14, 0, 12.759, 0, 1.664, 147, 0, 0, 0, 75, 1, 0.02, 0.019, 98.6, 94.989, 100, 0, 0, 141, 21.527, 21.618, 36.056, 2.083, 0, 90.411, 0, 0, 89.736, 34.065, 0, 0, 0, 0, 
1.05, 24.75, , , 64.841, , 13.498, , 49.994, 49.994, , 321.912, 321.912, 321.912, , , 36.04, 36.8, 7.377, 12.051, 0, 0, 29.313, 30.08, 29.313, 30.08, 1, 35.007, 35.007, 0.025, 0.033, , , , , 3.914, 7.377, 12.051, , , 1, 1.056, 2.077, 0, 12.644, 1.679, 147, 0, 0, 0, 75, 19.684, 19.155, 98.6, 97.68, 100, 0, 0, 21.736, 21.566, 38.244, 2.166, 90.671, 0, 0, 89.632, 34.39, 0, 0, 2.077, 0, 0, 14, 0, 12.644, 0, 1.679, 147, 0, 0, 0, 75, 1, 0.02, 0.019, 98.6, 97.68, 100, 0, 0, 141, 21.736, 21.566, 38.244, 2.166, 0, 90.672, 0, 0, 89.632, 34.39, 0, 0, 0, 0, 
1.1, 24.75, , , 64.842, , 13.625, , 52.487, 52.487, , 324.922, 324.922, 324.922, , , 36.255, 37.123, 7.377, 12.131, 0, 0, 30.133, 30.921, 30.133, 30.921, 1, 35.667, 35.667, 0.025, 0.033, , , , , 3.913, 7.377, 12.131, , , 1, 1.106, 1.254, 0, 12.53, 1.694, 147, 0, 0, 0, 75, 19.173, 19.159, 98.6, 100.37, 100, 0, 0, 21.946, 21.514, 40.431, 2.249, 90.932, 0, 0, 89.527, 34.715, 0, 0, 1.254, 0, 0, 14, 0, 12.53, 0, 1.694, 147, 0, 0, 0, 75, 1, 0.019, 0.019, 98.6, 100.37, 100, 0, 0, 141, 21.946, 21.514, 40.431, 2.249, 0, 90.932, 0, 0, 89.527, 34.715, 0, 0, 0, 0, 
1.15, 24.75, , , 64.843, , 13.676, , 55.025, 55.025, , 326.153, 326.153, 326.153, , , 36.092, 36.916, 7.377, 12.244, 0, 0, 30.8, 31.604, 30.8, 31.604, 1, 36.328, 36.328, 0.025, 0.033, , , , , 3.911, 7.377, 12.244, , , 1, 1.156, 1.022, 0, 12.5, 1.722, 147, 0, 0, 0, 75, 18.994, 19.042, 98.6, 101.017, 100, 0, 0, 22.074, 21.944, 43.378, 2.359, 90.778, 0, 0, 89.5, 35.352, 0, 0, 1.022, 0, 0, 14, 0, 12.5, 0, 1.722, 147, 0, 0, 0, 75, 1, 0.019, 0.019, 98.6, 101.017, 100, 0, 0, 141, 22.074, 21.944, 43.378, 2.359, 0, 90.778, 0, 0, 89.5, 35.352, 0, 0, 0, 0, 
1.2, 24.75, , , 64.843, , 13.766, , 57.632, 57.632, , 328.287, 328.287, 328.287, , , 35.767, 36.483, 7.377, 12.369, 0, 0, 31.567, 32.39, 31.567, 32.39, 1, 36.991, 36.991, 0.025, 0.033, , , , , 3.91, 7.377, 12.369, , , 1, 1.207, 0.998, 0, 12.5, 1.755, 147, 0, 0, 0, 75, 18.932, 18.882, 98.6, 100.944, 100, 0, 0, 22.174, 22.544, 46.59, 2.479, 90.478, 0, 0, 89.5, 36.098, 0, 0, 0.998, 0, 0, 14, 0, 12.5, 0, 1.755, 147, 0, 0, 0, 75, 1, 0.019, 0.019, 98.6, 100.944, 100, 0, 0, 141, 22.174, 22.544, 46.59, 2.479, 0, 90.478, 0, 0, 89.5, 36.098, 0, 0, 0, 0, 
1.25, 24.75, 100.47, 64.17, 64.844, , 13.878, 0.974, 60.285, 60.285, , 330.976, 330.976, 330.976, , , 35.442, 36.049, 7.377, 12.522, 0, 0, 32.394, 33.241, 32.394, 33.241, 1, 37.662, 37.662, 0.025, 0.033, , , , , 3.911, 7.377, 12.522, , , 1, 1.256, 0.974, 0, 12.5, 1.788, 147, 0, 0, 0, 75, 18.87, 18.722, 98.6, 100.872, 100, 0, 0, 22.274, 23.144, 49.803, 2.599, 90.178, 0, 0, 89.5, 36.844, 0, 0, 0.974, 0, 0, 14, 0, 12.5, 0, 1.788, 147, 0, 0, 0, 75, 1, 0.019, 0.018, 98.6, 100.872, 100, 0, 0, 141, 22.274, 23.144, 49.803, 2.599, 0, 90.178, 0, 0, 89.5, 36.844, 0, 0, 0, 0, 
1.3, 24.75, 100.47, 64.17, 64.845, , 13.859, 0.974, 62.991, 62.991, , 330.532, 330.532, 330.532, , , 35.116, 35.615, 7.377, 12.686, 0, 0, 32.929, 33.788, 32.929, 33.788, 1, 38.337, 38.337, 0.025, 0.033, 881.949, 905.077, 881.949, 905.077, 3.912, 7.377, 12.686, , , 1, 1.307, 0.95, 0, 12.5, 1.821, 147, 0, 0, 0, 75, 18.808, 18.562, 98.6, 100.8, 100, 0, 0, 22.374, 23.744, 53.016, 2.719, 89.878, 0, 0, 89.5, 37.59, 0, 0, 0.95, 0, 0, 14, 0, 12.5, 0, 1.821, 147, 0, 0, 0, 75, 1, 0.019, 0.018, 98.6, 100.8, 100, 0, 0, 141, 22.374, 23.744, 53.016, 2.719, 0, 89.878, 0, 0, 89.5, 37.59, 0, 0, 0, 0, 
1.35, 24.75, 100.47, 64.17, 64.846, , 13.829, 0.974, 65.886, 65.886, , 329.819, 329.819, 329.819, , , 34.791, 35.181, 7.377, 12.835, 0, 0, 33.479, 34.353, 33.479, 34.353, 1, 39.331, 39.331, 0.025, 0.033, 644.5, 661.399, 644.5, 661.399, 3.913, 7.377, 12.835, , , 1, 1.357, 0.926, 0, 12.5, 1.854, 147, 0, 0, 0, 75, 18.746, 18.402, 98.6, 100.727, 100, 0, 0, 22.474, 24.344, 56.229, 2.839, 89.578, 0, 0, 89.5, 38.336, 0, 0, 0.926, 0, 0, 14, 0, 12.5, 0, 1.854, 147, 0, 0, 0, 75, 1, 0.019, 0.018, 98.6, 100.727, 100, 0, 0, 141, 22.474, 24.344, 56.229, 2.839, 0, 89.578, 0, 0, 89.5, 38.336, 0, 0, 0, 0, 
1.4, 24.75, 100.47, 64.17, 64.846, , 13.883, 0.974, 70.106, 70.106, , 331.122, 331.122, 331.122, , , 34.803, 35.086, 7.377, 12.978, 0, 0, 34.468, 35.371, 34.468, 35.371, 1, 40.232, 40.232, 0.025, 0.033, 482.107, 494.748, 482.107, 494.748, 3.914, 7.377, 12.978, , , 1, 1.406, 0.799, 0, 12.5, 1.892, 147, 0, 0, 0, 75, 18.694, 18.342, 98.6, 100.654, 100, 0, 0, 22.648, 24.722, 60.482, 2.991, 90.314, 0, 0, 90.018, 38.989, 0, 0, 0.799, 0, 0, 14, 0, 12.5, 0, 1.892, 147, 0, 0, 0, 75, 1, 0.019, 0.018, 98.6, 100.654, 100, 0, 0, 141, 22.648, 24.722, 60.482, 2.991, 0, 90.314, 0, 0, 90.018, 38.989, 0, 0, 0, 0, 
1.45, 24.75, 100.47, 64.17, 64.847, , 13.88, 0.974, 73.711, 73.711, 0.358, 331.067, 331.067, 331.067, , 81.48, 34.947, 35.122, 7.377, 13.065, 0, 0, 35.178, 36.101, 35.178, 36.101, 1, 40.899, 40.899, 0.025, 0.033, 325.472, 334.006, 325.472, 334.006, 3.941, 7.377, 13.065, , , 1, 1.456, 0.635, 0, 12.5, 1.932, 147, 0, 0, 0, 75, 18.646, 18.318, 98.6, 100.58, 100, 0, 0, 22.848, 25.022, 65.064, 3.155, 91.414, 0, 0, 90.718, 39.609, 0, 0, 0.635, 0, 0, 14, 0, 12.5, 0, 1.932, 147, 0, 0, 0, 75, 1, 0.019, 0.018, 98.6, 100.58, 100, 0, 0, 141, 22.848, 25.022, 65.064, 3.155, 0, 91.414, 0, 0, 90.718, 39.609, 0, 0, 0, 0, 
1.5, 24.75, 100.47, 64.17, 64.848, , 13.815, 0.974, 76.594, 76.594, 0.74, 329.539, 329.539, 329.539, 19.564, 71.415, 35.09, 35.158, 7.377, 13.124, 0, 0, 35.585, 36.519, 35.585, 36.519, 1, 41.561, 41.561, 0.025, 0.033, 175.076, 179.665, 175.076, 179.665, 3.97, 7.377, 13.124, , , 1, 1.506, 0.471, 0, 12.5, 1.972, 147, 0, 0, 0, 75, 18.598, 18.294, 98.6, 100.507, 100, 0, 0, 23.048, 25.322, 69.645, 3.319, 92.514, 0, 0, 91.418, 40.229, 0, 0, 0.471, 0, 0, 14, 0, 12.5, 0, 1.972, 147, 0, 0, 0, 75, 1, 0.018, 0.018, 98.6, 100.507, 100, 0, 0, 141, 23.048, 25.322, 69.645, 3.319, 0, 92.514, 0, 0, 91.418, 40.229, 0, 0, 0, 0, 
1.55, 24.75, 100.47, 64.17, 64.849, , 13.81, 0.974, 79.57, 79.57, 1.121, 329.439, 329.439, 329.439, 31.291, 61.351, 35.234, 35.193, 7.377, 13.125, 0, 0, 36.141, 37.089, 36.141, 37.089, 1, 42.223, 42.223, 0.025, 0.033, 138.197, 141.821, 138.197, 141.821, 3.999, 7.377, 13.125, , , 1, 1.557, 0.307, 0, 12.5, 2.012, 147, 0, 0, 0, 75, 18.55, 18.27, 98.6, 100.433, 100, 0, 0, 23.248, 25.622, 74.227, 3.483, 93.614, 0, 0, 92.118, 40.849, 0, 0, 0.307, 0, 0, 14, 0, 12.5, 0, 2.012, 147, 0, 0, 0, 75, 1, 0.018, 0.018, 98.6, 100.433, 100, 0, 0, 141, 23.248, 25.622, 74.227, 3.483, 0, 93.614, 0, 0, 92.118, 40.849, 0, 0, 0, 0, 
1.6, 24.75, 100.47, 64.17, 64.849, , 13.788, 0.974, 82.574, 82.574, 1.502, 328.923, 328.923, 328.923, 35.565, 51.287, 35.377, 35.229, 7.377, 13.096, 0, 0, 36.648, 37.61, 36.648, 37.61, 1, 42.891, 42.891, 0.025, 0.033, 124.381, 127.644, 124.381, 127.644, 4.029, 7.377, 13.096, , , 1, 1.606, 0.143, 0, 12.5, 2.052, 147, 0, 0, 0, 75, 18.502, 18.246, 98.6, 100.359, 100, 0, 0, 23.448, 25.922, 78.809, 3.647, 94.714, 0, 0, 92.818, 41.469, 0, 0, 0.143, 0, 0, 14, 0, 12.5, 0, 2.052, 147, 0, 0, 0, 75, 1, 0.018, 0.018, 98.6, 100.359, 100, 0, 0, 141, 23.448, 25.922, 78.809, 3.647, 0, 94.714, 0, 0, 92.818, 41.469, 0, 0, 0, 0, 
1.65, 24.75, 100.47, 64.17, 64.85, , 13.696, 0.974, 85.607, 85.607, 1.678, 326.737, 326.737, 326.737, 36.922, 59.184, 35.37, 35.24, 7.377, 13.035, 0, 0, 36.97, 37.939, 36.97, 37.939, 1, 43.554, 43.554, 0.025, 0.033, 122.348, 125.558, 122.348, 125.558, 4.052, 7.377, 13.035, , , 1, 1.656, 0.106, 0, 12.5, 2.085, 147, 0, 0, 0, 75, 18.464, 18.246, 98.6, 100.393, 100, 0, 0, 23.713, 26, 82.857, 3.795, 94.787, 0, 0, 93.071, 42.161, 0, 0, 0.106, 0, 0, 14, 0, 12.5, 0, 2.085, 147, 0, 0, 0, 75, 1, 0.018, 0.018, 98.6, 100.393, 100, 0, 0, 141, 23.713, 26, 82.857, 3.795, 0, 94.787, 0, 0, 93.071, 42.161, 0, 0, 0, 0, 
1.7, 24.75, 100.47, 64.17, 64.849, , 13.647, 0.974, 88.73, 88.73, 1.678, 325.589, 325.589, 325.589, 35.588, 64.26, 35.298, 35.24, 7.377, 12.957, 0, 0, 37.401, 38.381, 37.401, 38.381, 1, 44.21, 44.21, 0.025, 0.033, 125.779, 129.079, 125.779, 129.079, 4.074, 7.377, 12.957, , , 1, 1.707, 0.113, 0, 12.5, 2.117, 147, 0, 0, 0, 75, 18.43, 18.253, 98.6, 100.464, 100, 0, 0, 24.002, 26, 86.718, 3.938, 94.498, 0, 0, 93.167, 42.878, 0, 0, 0.113, 0, 0, 14, 0, 12.5, 0, 2.117, 147, 0, 0, 0, 75, 1, 0.018, 0.018, 98.6, 100.464, 100, 0, 0, 141, 24.002, 26, 86.718, 3.938, 0, 94.498, 0, 0, 93.167, 42.878, 0, 0, 0, 0, 
1.75, 24.75, 100.47, 64.17, 64.848, , 13.607, 0.974, 91.897, 91.897, 1.628, 324.658, 324.658, 324.658, 34.017, 65.04, 35.226, 35.24, 7.377, 12.864, 0, 0, 37.85, 38.842, 37.85, 38.842, 1, 44.867, 44.867, 0.025, 0.033, 131.061, 134.499, 131.061, 134.499, 4.097, 7.377, 12.864, , , 1, 1.756, 0.121, 0, 12.5, 2.148, 147, 0, 0, 0, 75, 18.395, 18.261, 98.6, 100.536, 100, 0, 0, 24.29, 26, 90.579, 4.08, 94.21, 0, 0, 93.263, 43.595, 0, 0, 0.121, 0, 0, 14, 0, 12.5, 0, 2.148, 147, 0, 0, 0, 75, 1, 0.018, 0.018, 98.6, 100.536, 100, 0, 0, 141, 24.29, 26, 90.579, 4.08, 0, 94.21, 0, 0, 93.263, 43.595, 0, 0, 0, 0, 
1.8, 24.75, 100.47, 64.17, 64.847, , 13.554, 0.974, 95.095, 95.095, 1.579, 323.41, 323.41, 323.41, 32.476, 65.82, 35.154, 35.24, 7.377, 12.764, 0, 0, 38.252, 39.255, 38.252, 39.255, 1, 45.524, 45.524, 0.025, 0.033, 136.7, 140.285, 136.7, 140.285, 4.119, 7.377, 12.764, , , 1, 1.806, 0.129, 0, 12.5, 2.18, 147, 0, 0, 0, 75, 18.361, 18.269, 98.6, 100.607, 100, 0, 0, 24.579, 26, 94.44, 4.222, 93.921, 0, 0, 93.36, 44.313, 0, 0, 0.129, 0, 0, 14, 0, 12.5, 0, 2.18, 147, 0, 0, 0, 75, 1, 0.018, 0.018, 98.6, 100.607, 100, 0, 0, 141, 24.579, 26, 94.44, 4.222, 0, 93.921, 0, 0, 93.36, 44.313, 0, 0, 0, 0, 
1.85, 24.75, 100.47, 64.17, 64.847, , 13.481, 0.974, 98.366, 98.366, 1.53, 321.704, 321.704, 321.704, 30.968, 66.6, 35.082, 35.24, 7.377, 12.659, 0, 0, 38.6, 39.612, 38.6, 39.612, 1, 46.18, 46.18, 0.025, 0.033, 142.644, 146.386, 142.644, 146.386, 4.13, 7.377, 12.659, , , 1, 1.856, 0.136, 0, 12.5, 2.211, 147, 0, 0, 0, 75, 18.326, 18.276, 98.6, 100.679, 100, 0, 0, 24.867, 26, 98.301, 4.365, 93.633, 0, 0, 93.456, 45.03, 0, 0, 0.136, 0, 0, 14, 0, 12.5, 0, 2.211, 147, 0, 0, 0, 75, 1, 0.018, 0.018, 98.6, 100.679, 100, 0, 0, 141, 24.867, 26, 98.301, 4.365, 0, 93.633, 0, 0, 93.456, 45.03, 0, 0, 0, 0, 
1.9, 24.75, 100.47, 64.17, 64.846, , 13.432, 0.974, 101.673, 101.673, 1.481, 320.551, 320.551, 320.551, 29.511, 67.379, 35.111, 35.518, 7.377, 12.552, 0, 0, 39.01, 40.033, 39.01, 40.033, 1, 46.837, 46.837, 0.025, 0.033, 149.179, 153.091, 149.179, 153.091, 4.138, 7.377, 12.552, , , 1, 1.905, 0.125, 0, 12.5, 2.257, 147.223, 0, 0, 0, 75, 18.23, 18.251, 98.503, 100.791, 100, 0, 0, 25.189, 26.108, 100, 4.43, 93.095, 0, 0, 93.284, 45.931, 0, 0, 0.125, 0, 0, 14, 0, 12.5, 0, 2.257, 147.223, 0, 0, 0, 75, 1, 0.018, 0.018, 98.503, 100.791, 100, 0, 0, 141, 25.189, 26.108, 100, 4.43, 0, 93.095, 0, 0, 93.284, 45.931, 0, 0, 0, 0, 
1.95, 24.75, 100.47, 64.17, 64.845, , 13.429, 0.974, 105.008, 105.008, 1.431, 320.489, 320.489, 320.489, 28.093, 68.159, 35.183, 35.916, 7.377, 12.449, 0, 0, 39.542, 40.582, 39.542, 40.582, 1, 47.492, 47.492, 0.025, 0.033, 156.55, 160.654, 156.55, 160.654, 4.146, 7.377, 12.449, , , 1, 1.956, 0.097, 0, 12.5, 2.313, 147.622, 0, 0, 0, 75, 18.082, 18.198, 98.323, 100.937, 100, 0, 0, 25.539, 26.308, 100, 4.43, 92.345, 0, 0, 92.884, 46.988, 0, 0, 0.097, 0, 0, 14, 0, 12.5, 0, 2.313, 147.622, 0, 0, 0, 75, 1, 0.018, 0.018, 98.323, 100.937, 100, 0, 0, 141, 25.539, 26.308, 100, 4.43, 0, 92.345, 0, 0, 92.884, 46.988, 0, 0, 0, 0, 
2, 24.75, 100.47, 64.17, 64.844, , 13.342, 0.974, 108.44, 108.44, 1.382, 318.432, 318.432, 318.432, 26.711, 68.939, 35.255, 36.313, 7.377, 12.35, 0, 0, 39.828, 40.874, 39.828, 40.874, 1, 48.144, 48.144, 0.025, 0.033, 163.705, 167.996, 163.705, 167.996, 4.154, 7.377, 12.35, , , 1, 2.006, 0.069, 0, 12.5, 2.37, 148.02, 0, 0, 0, 75, 17.934, 18.145, 98.143, 101.082, 100, 0, 0, 25.889, 26.508, 100, 4.43, 91.595, 0, 0, 92.484, 48.045, 0, 0, 0.069, 0, 0, 14, 0, 12.5, 0, 2.37, 148.02, 0, 0, 0, 75, 1, 0.018, 0.018, 98.143, 101.082, 100, 0, 0, 141, 25.889, 26.508, 100, 4.43, 0, 91.595, 0, 0, 92.484, 48.045, 0, 0, 0, 0, 
2.05, 24.75, 100.47, 64.17, 64.844, , 13.312, 0.974, 111.906, 111.906, 1.333, 317.745, 317.745, 317.745, 25.373, 69.719, 35.327, 36.711, 7.377, 12.259, 0, 0, 40.282, 41.339, 40.282, 41.339, 1, 48.789, 48.789, 0.025, 0.033, 172.101, 176.614, 172.101, 176.614, 4.162, 7.377, 12.259, , , 1, 2.056, 0.041, 0, 12.5, 2.427, 148.418, 0, 0, 0, 75, 17.786, 18.092, 97.963, 101.228, 100, 0, 0, 26.239, 26.708, 100, 4.43, 90.845, 0, 0, 92.084, 49.102, 0, 0, 0.041, 0, 0, 14, 0, 12.5, 0, 2.427, 148.418, 0, 0, 0, 75, 1, 0.018, 0.018, 97.963, 101.228, 100, 0, 0, 141, 26.239, 26.708, 100, 4.43, 0, 90.845, 0, 0, 92.084, 49.102, 0, 0, 0, 0, 
2.1, 24.75, 100.47, 64.17, 64.843, , 13.292, 0.974, 115.406, 115.406, 1.283, 317.29, 317.29, 317.29, 24.064, 70.499, 35.4, 37.109, 7.377, 12.175, 0, 0, 40.757, 41.826, 40.757, 41.826, 1, 49.442, 49.442, 0.025, 0.033, 181.122, 185.873, 181.122, 185.873, 4.171, 7.377, 12.175, , , 1, 2.107, 0.013, 0, 12.5, 2.483, 148.817, 0, 0, 0, 75, 17.638, 18.039, 97.783, 101.373, 100, 0, 0, 26.589, 26.908, 100, 4.43, 90.095, 0, 0, 91.684, 50.159, 0, 0, 0.013, 0, 0, 14, 0, 12.5, 0, 2.483, 148.817, 0, 0, 0, 75, 1, 0.018, 0.018, 97.783, 101.373, 100, 0, 0, 141, 26.589, 26.908, 100, 4.43, 0, 90.095, 0, 0, 91.684, 50.159, 0, 0, 0, 0, 
2.15, 24.75, 100.47, 64.17, 64.842, , 13.204, 0.974, 118.943, 118.943, 1.234, 315.208, 315.208, 315.208, 22.798, 71.278, 35.394, 36.909, 7.377, 12.101, 0, 0, 41.012, 42.089, 41.012, 42.089, 1, 50.085, 50.085, 0.025, 0.033, 189.788, 194.767, 189.788, 194.767, 4.179, 7.377, 12.101, , , 1, 2.157, 0, 0, 12.5, 2.519, 149, 0, 0, 0, 75, 17.59, 18.045, 97.599, 101.482, 100, 0, 0, 26.778, 27.056, 100, 4.43, 89.778, 0, 0, 91.556, 50.82, 0, 0, 0, 0, 0, 14, 0, 12.5, 0, 2.519, 149, 0, 0, 0, 75, 1, 0.018, 0.018, 97.599, 101.482, 100, 0, 0, 141, 26.778, 27.056, 100, 4.43, 0, 89.778, 0, 0, 91.556, 50.82, 0, 0, 0, 0, 
2.2, 24.75, 100.47, 64.17, 64.841, , 13.169, 0.974, 122.534, 122.534, 1.185, 314.39, 314.39, 314.39, 21.566, 72.058, 35.358, 36.477, 7.377, 12.038, 0, 0, 41.432, 42.521, 41.432, 42.521, 1, 50.723, 50.723, 0.025, 0.033, 200.383, 205.64, 200.383, 205.64, 4.188, 7.377, 12.038, , , 1, 2.207, 0, 0, 12.5, 2.537, 149, 0, 0, 0, 75, 17.628, 18.1, 97.411, 101.559, 100, 0, 0, 26.83, 27.16, 100, 4.43, 89.831, 0, 0, 91.66, 51.144, 0, 0, 0, 0, 0, 14, 0, 12.5, 0, 2.537, 149, 0, 0, 0, 75, 1, 0.018, 0.018, 97.411, 101.559, 100, 0, 0, 141, 26.83, 27.16, 100, 4.43, 0, 89.831, 0, 0, 91.661, 51.144, 0, 0, 0, 0, 
2.25, 24.75, 100.47, 64.17, 64.841, , 13.177, 0.974, 126.201, 126.201, 1.136, 314.588, 314.588, 314.588, 20.354, 72.838, 35.322, 36.045, 7.377, 11.973, 0, 0, 41.989, 43.093, 41.989, 43.093, 1, 51.365, 51.365, 0.025, 0.033, 212.651, 218.23, 212.651, 218.23, 4.21, 7.377, 11.973, , , 1, 2.258, 0, 0, 12.5, 2.555, 149, 0, 0, 0, 75, 17.665, 18.155, 97.224, 101.637, 100, 0, 0, 26.882, 27.265, 100, 4.43, 89.883, 0, 0, 91.765, 51.468, 0, 0, 0, 0, 0, 14, 0, 12.5, 0, 2.555, 149, 0, 0, 0, 75, 1, 0.018, 0.018, 97.224, 101.637, 100, 0, 0, 141, 26.882, 27.265, 100, 4.43, 0, 89.883, 0, 0, 91.766, 51.468, 0, 0, 0, 0, 
2.3, 24.75, 100.47, 64.17, 64.84, , 13.195, 0.974, 129.908, 129.908, 1.086, 315.038, 315.038, 315.038, 19.177, 73.618, 35.286, 35.613, 7.377, 11.905, 0, 0, 42.683, 43.806, 42.683, 43.806, 1, 52.01, 52.01, 0.025, 0.033, 229.552, 235.573, 229.552, 235.573, 4.246, 7.377, 11.905, , , 1, 2.306, 0, 0, 12.5, 2.574, 149, 0, 0, 0, 75, 17.703, 18.21, 97.036, 101.714, 100, 0, 0, 26.934, 27.369, 100, 4.43, 89.935, 0, 0, 91.869, 51.792, 0, 0, 0, 0, 0, 14, 0, 12.5, 0, 2.574, 149, 0, 0, 0, 75, 1, 0.018, 0.018, 97.036, 101.714, 100, 0, 0, 141, 26.934, 27.369, 100, 4.43, 0, 89.935, 0, 0, 91.87, 51.792, 0, 0, 0, 0, 
2.35, 24.75, 100.47, 64.17, 64.839, , 13.204, 0.974, 133.886, 133.886, 1.037, 315.256, 315.256, 315.256, 17.624, 74.398, 35.25, 35.181, 7.377, 11.834, 0, 0, 43.465, 44.608, 43.465, 44.608, 1, 52.894, 52.894, 0.025, 0.033, 251.519, 258.115, 251.519, 258.115, 4.281, 7.377, 11.834, , , 1, 2.356, 0, 0, 12.5, 2.592, 149, 0, 0, 0, 75, 17.74, 18.266, 96.849, 101.791, 100, 0, 0, 26.986, 27.473, 100, 4.43, 89.987, 0, 0, 91.973, 52.116, 0, 0, 0, 0, 0, 14, 0, 12.5, 0, 2.592, 149, 0, 0, 0, 75, 1, 0.018, 0.018, 96.849, 101.791, 100, 0, 0, 141, 26.986, 27.473, 100, 4.43, 0, 89.987, 0, 0, 91.975, 52.116, 0, 0, 0, 0, 
2.4, 24.75, 100.47, 64.17, 64.838, , 13.247, 0.974, 139.535, 139.535, 0.988, 316.295, 316.295, 316.295, 16.258, 75.177, 35.136, 35.241, 7.378, 11.758, 0, 0, 44.133, 45.293, 44.133, 45.293, 1, 53.689, 53.689, 0.025, 0.033, 269.5, 276.566, 269.5, 276.566, 4.317, 7.378, 11.758, , , 1, 2.406, 0, 0, 12.5, 2.634, 149, 0, 0, 0, 75, 17.841, 18.404, 96.8, 101.918, 100, 0, 0, 27.071, 27.642, 100, 4.43, 90.473, 0, 0, 92.605, 52.907, 0, 0, 0, 0, 0, 14, 0, 12.5, 0, 2.634, 149, 0, 0, 0, 75, 1, 0.018, 0.018, 96.8, 101.918, 100, 0, 0, 141, 27.071, 27.642, 100, 4.43, 0, 90.473, 0, 0, 92.619, 52.907, 0, 0, 0, 0, 
2.45, 24.75, 100.47, 64.17, 64.838, , 13.298, 0.974, 143.602, 143.602, 0.939, 317.524, 317.524, 317.524, 15.181, 75.957, 34.992, 35.493, 7.378, 11.679, 0, 0, 44.839, 46.018, 44.839, 46.018, 1, 54.334, 54.334, 0.025, 0.033, 290.326, 297.938, 290.326, 297.938, 4.353, 7.378, 11.679, , , 1, 2.456, 0, 0, 12.5, 2.684, 149, 0, 0, 0, 75, 17.964, 18.571, 96.8, 102.06, 100, 0, 0, 27.167, 27.835, 100, 4.43, 91.096, 0, 0, 93.422, 53.861, 0, 0, 0, 0, 0, 14, 0, 12.5, 0, 2.684, 149, 0, 0, 0, 75, 1, 0.018, 0.018, 96.8, 102.06, 100, 0, 0, 141, 27.167, 27.835, 100, 4.43, 0, 91.096, 0, 0, 93.433, 53.861, 0, 0, 0, 0, 
2.5, 24.75, 100.47, 64.17, 64.837, , 13.33, 0.974, 147.494, 147.494, 0.889, 318.286, 318.286, 318.286, 14.127, 76.737, 34.848, 35.745, 7.379, 11.598, 0, 0, 45.481, 46.676, 45.481, 46.676, 1, 54.983, 54.983, 0.025, 0.033, 313.117, 321.326, 313.117, 321.326, 4.391, 7.379, 11.598, , , 1, 2.506, 0, 0, 12.5, 2.734, 149, 0, 0, 0, 75, 18.087, 18.738, 96.8, 102.203, 100, 0, 0, 27.263, 28.027, 100, 4.43, 91.718, 0, 0, 94.239, 54.816, 0, 0, 0, 0, 0, 14, 0, 12.5, 0, 2.734, 149, 0, 0, 0, 75, 1, 0.018, 0.019, 96.8, 102.203, 100, 0, 0, 141, 27.263, 28.027, 100, 4.43, 0, 91.718, 0, 0, 94.247, 54.816, 0, 0, 0, 0, 
2.55, 24.75, 100.47, 64.17, 64.836, , 13.377, 0.974, 151.419, 151.419, 0.84, 319.429, 319.429, 319.429, 13.096, 77.517, 34.704, 35.997, 7.38, 11.526, 0, 0, 46.185, 47.398, 46.185, 47.398, 1, 55.634, 55.634, 0.025, 0.033, 339.51, 348.412, 339.51, 348.412, 4.429, 7.38, 11.526, , , 1, 2.557, 0, 0, 12.5, 2.784, 149, 0, 0, 0, 75, 18.21, 18.906, 96.8, 102.345, 100, 0, 0, 27.36, 28.219, 100, 4.43, 92.341, 0, 0, 95.057, 55.771, 0, 0, 0, 0, 0, 14, 0, 12.5, 0, 2.784, 149, 0, 0, 0, 75, 1, 0.018, 0.019, 96.8, 102.345, 100, 0, 0, 141, 27.36, 28.219, 100, 4.43, 0, 92.341, 0, 0, 95.061, 55.771, 0, 0, 0, 0, 
2.6, 24.75, 100.47, 64.17, 64.835, , 13.444, 0.974, 155.398, 155.398, 0.791, 321.02, 321.02, 321.02, 12.1, 78.297, 34.56, 36.249, 7.381, 11.463, 0, 0, 46.961, 48.195, 46.961, 48.195, 1, 56.282, 56.282, 0.025, 0.033, 370.333, 380.043, 370.333, 380.043, 4.468, 7.381, 11.463, , , 1, 2.606, 0, 0, 12.5, 2.834, 149, 0, 0, 0, 75, 18.333, 19.073, 96.8, 102.487, 100, 0, 0, 27.456, 28.412, 100, 4.43, 92.964, 0, 0, 95.874, 56.726, 0, 0, 0, 0, 0, 14, 0, 12.5, 0, 2.834, 149, 0, 0, 0, 75, 1, 0.018, 0.019, 96.8, 102.487, 100, 0, 0, 141, 27.456, 28.412, 100, 4.43, 0, 92.964, 0, 0, 95.875, 56.726, 0, 0, 0, 0, 
2.65, 24.75, 100.47, 64.17, 64.835, , 13.501, 0.974, 159.435, 159.435, 0.742, 322.389, 322.389, 322.389, 11.114, 79.076, 34.67, 36.22, 7.382, 11.41, 0, 0, 47.708, 48.963, 47.708, 48.963, 1, 56.941, 56.941, 0.025, 0.033, 405.267, 415.893, 405.267, 415.893, 4.501, 7.382, 11.41, , , 1, 2.656, 0, 0, 12.5, 2.866, 149, 0, 0, 0, 75, 18.41, 19.182, 96.8, 102.593, 100, 0, 0, 27.556, 28.556, 100, 4.43, 93.334, 0, 0, 96.391, 57.305, 0, 0, 0, 0, 0, 14, 0, 12.5, 0, 2.866, 149, 0, 0, 0, 75, 1, 0.019, 0.019, 96.8, 102.593, 100, 0, 0, 141, 27.556, 28.556, 100, 4.43, 0, 93.334, 0, 0, 96.391, 57.305, 0, 0, 0, 0, 
2.7, 24.75, 100.47, 64.17, 64.834, , 13.567, 0.974, 163.533, 163.533, 0.692, 323.988, 323.988, 323.988, 10.151, 79.856, 34.879, 36.081, 7.382, 11.37, 0, 0, 48.493, 49.767, 48.493, 49.767, 1, 57.601, 57.601, 0.025, 0.033, 446.048, 457.745, 446.048, 457.745, 4.519, 7.382, 11.37, , , 1, 2.707, 0, 0, 12.5, 2.885, 149, 0, 0, 0, 75, 18.448, 19.24, 96.8, 102.67, 100, 0, 0, 27.66, 28.66, 100, 4.43, 93.491, 0, 0, 96.651, 57.564, 0, 0, 0, 0, 0, 14, 0, 12.5, 0, 2.885, 149, 0, 0, 0, 75, 1, 0.019, 0.019, 96.8, 102.67, 100, 0, 0, 141, 27.66, 28.66, 100, 4.43, 0, 93.491, 0, 0, 96.651, 57.564, 0, 0, 0, 0, 
2.75, 24.75, 100.47, 64.17, 64.833, , 13.614, 0.974, 167.703, 167.703, 0.643, 325.112, 325.112, 325.112, 9.211, 80.636, 35.087, 35.942, 7.382, 11.336, 0, 0, 49.228, 50.522, 49.228, 50.522, 1, 58.262, 58.262, 0.025, 0.033, 496.072, 509.08, 496.072, 509.08, 4.537, 7.382, 11.336, , , 1, 2.757, 0, 0, 12.5, 2.903, 149, 0, 0, 0, 75, 18.485, 19.298, 96.8, 102.747, 100, 0, 0, 27.765, 28.765, 100, 4.43, 93.647, 0, 0, 96.911, 57.824, 0, 0, 0, 0, 0, 14, 0, 12.5, 0, 2.903, 149, 0, 0, 0, 75, 1, 0.019, 0.019, 96.8, 102.747, 100, 0, 0, 141, 27.765, 28.765, 100, 4.43, 0, 93.647, 0, 0, 96.911, 57.824, 0, 0, 0, 0, 
2.8, 24.75, 100.47, 64.17, 64.832, , 13.659, 0.974, 171.873, 171.873, 0.594, 326.19, 326.19, 326.19, 8.293, 81.416, 35.296, 35.803, 7.382, 11.311, 0, 0, 49.95, 51.263, 49.95, 51.263, 1, 58.924, 58.924, 0.025, 0.033, 555.489, 570.056, 555.489, 570.056, 4.555, 7.382, 11.311, , , 1, 2.806, 0, 0, 12.5, 2.922, 149, 0, 0, 0, 75, 18.523, 19.357, 96.8, 102.824, 100, 0, 0, 27.869, 28.869, 100, 4.43, 93.803, 0, 0, 97.172, 58.083, 0, 0, 0, 0, 0, 14, 0, 12.5, 0, 2.922, 149, 0, 0, 0, 75, 1, 0.019, 0.019, 96.8, 102.824, 100, 0, 0, 141, 27.869, 28.869, 100, 4.43, 0, 93.803, 0, 0, 97.172, 58.083, 0, 0, 0, 0, 
2.85, 24.75, 100.47, 64.17, 64.831, , 13.746, 0.974, 176.101, 176.101, 0.545, 328.27, 328.27, 328.27, 7.397, 82.195, 35.504, 35.664, 7.382, 11.289, 0, 0, 50.84, 52.176, 50.84, 52.176, 1, 59.588, 59.588, 0.025, 0.033, 631.861, 648.432, 631.861, 648.432, 4.572, 7.382, 11.289, , , 1, 2.856, 0, 0, 12.5, 2.941, 149, 0, 0, 0, 75, 18.56, 19.415, 96.8, 102.902, 100, 0, 0, 27.973, 28.973, 100, 4.43, 93.959, 0, 0, 97.432, 58.343, 0, 0, 0, 0, 0, 14, 0, 12.5, 0, 2.941, 149, 0, 0, 0, 75, 1, 0.019, 0.019, 96.8, 102.902, 100, 0, 0, 141, 27.973, 28.973, 100, 4.43, 0, 93.959, 0, 0, 97.432, 58.343, 0, 0, 0, 0, 
2.9, 24.75, 100.47, 64.17, 64.831, , 13.819, 0.974, 180.4, 180.4, 0.495, 330.02, 330.02, 330.02, 6.507, 82.975, 35.681, 35.499, 7.381, 11.272, 0, 0, 51.697, 53.053, 51.697, 53.053, 1, 60.267, 60.267, 0.025, 0.033, 729.535, 748.668, 729.535, 748.668, 4.608, 7.381, 11.272, , , 1, 2.906, 0, 0, 12.5, 2.985, 149, 0, 0, 0, 75, 18.662, 19.507, 96.553, 102.894, 100, 0, 0, 28.034, 29, 100, 4.43, 94.377, 0, 0, 97.945, 59.262, 0, 0, 0, 0, 0, 14, 0, 12.5, 0, 2.985, 149, 0, 0, 0, 75, 1, 0.019, 0.019, 96.553, 102.894, 100, 0, 0, 141, 28.034, 29, 100, 4.43, 0, 94.377, 0, 0, 97.945, 59.262, 0, 0, 0, 0, 
2.95, 24.75, 100.47, 64.17, 64.83, , 13.926, 0.974, 184.724, 184.724, 0.446, 332.573, 332.573, 332.573, 5.645, 83.755, 35.83, 35.312, 7.38, 11.257, 0, 0, 52.685, 54.067, 52.685, 54.067, 1, 60.943, 60.943, 0.025, 0.033, 859.846, 882.396, 859.846, 882.396, 4.643, 7.38, 11.257, , , 1, 2.956, 0, 0, 12.5, 3.037, 149, 0, 0, 0, 75, 18.787, 19.61, 96.22, 102.86, 100, 0, 0, 28.081, 29, 100, 4.43, 94.886, 0, 0, 98.547, 60.413, 0, 0, 0, 0, 0, 14, 0, 12.5, 0, 3.037, 149, 0, 0, 0, 75, 1, 0.019, 0.019, 96.22, 102.86, 100, 0, 0, 141, 28.081, 29, 100, 4.43, 0, 94.886, 0, 0, 98.547, 60.413, 0, 0, 0, 0, 
3, 24.75, 100.47, 64.17, 64.83, , 14.074, 0.974, 189.091, 189.091, 0.397, 336.094, 336.094, 336.094, 4.796, 84.535, 35.979, 35.126, 7.38, 11.247, 0, 0, 53.841, 55.253, 53.841, 55.253, 1, 61.63, 61.63, 0.025, 0.033, 1044.161, 1071.546, 1044.161, 1071.546, 4.679, 7.38, 11.247, , , 1, 3.006, 0, 0, 12.5, 3.089, 149, 0, 0, 0, 75, 18.912, 19.714, 95.887, 102.825, 100, 0, 0, 28.127, 29, 100, 4.43, 95.395, 0, 0, 99.149, 61.564, 0, 0, 0, 0, 0, 14, 0, 12.5, 0, 3.089, 149, 0, 0, 0, 75, 1, 0.019, 0.02, 95.887, 102.825, 100, 0, 0, 141, 28.127, 29, 100, 4.43, 0, 95.395, 0, 0, 99.149, 61.564, 0, 0, 0, 0, 
3.05, 24.75, 100.47, 64.17, 64.83, , 14.228, 0.974, 193.536, 193.536, 0.348, 339.77, 339.77, 339.77, 3.975, 85.315, 36.129, 34.939, 7.38, 11.24, 0, 0, 55.04, 56.483, 55.04, 56.483, 1, 62.317, 62.317, 0.025, 0.033, 1322.202, 1356.879, 1322.202, 1356.879, 4.715, 7.38, 11.24, , , 1, 3.056, 0, 0, 12.5, 3.142, 149, 0, 0, 0, 75, 19.037, 19.818, 95.553, 102.791, 100, 0, 0, 28.173, 29, 100, 4.43, 95.905, 0, 0, 99.751, 62.714, 0, 0, 0, 0, 0, 14, 0, 12.5, 0, 3.142, 149, 0, 0, 0, 75, 1, 0.019, 0.02, 95.553, 102.791, 100, 0, 0, 141, 28.173, 29, 100, 4.43, 0, 95.905, 0, 0, 99.751, 62.714, 0, 0, 0, 0, 
3.1, 24.75, 100.47, 64.17, 64.83, , 14.374, 0.974, 198.026, 198.026, 0.298, 343.245, 343.245, 343.245, 3.169, 86.094, 36.278, 34.752, 7.381, 11.24, 0, 0, 56.222, 57.695, 56.222, 57.695, 1, 63.016, 63.016, 0.025, 0.033, 1813.76, 1861.329, 1813.76, 1861.329, 4.746, 7.381, 11.24, , , 1, 3.107, 0, 0, 12.5, 3.194, 149, 0, 0, 0, 75, 19.162, 19.922, 95.22, 102.757, 100, 0, 0, 28.219, 29, 100, 4.43, 96.414, 0, 0, 100.353, 63.865, 0, 0, 0, 0, 0, 14, 0, 12.5, 0, 3.194, 149, 0, 0, 0, 75, 1, 0.019, 0.02, 95.22, 102.757, 100, 0, 0, 141, 28.219, 29, 100, 4.43, 0, 96.414, 0, 0, 100.353, 63.865, 0, 0, 0, 0, 
3.15, 24.75, 100.47, 64.17, 64.83, , 14.501, 0.974, 202.55, 202.55, 0.249, 346.275, 346.275, 346.275, 2.373, 86.874, 36.294, 34.7, 7.382, 11.245, 0, 0, 57.349, 58.852, 57.349, 58.852, 1, 63.727, 63.727, 0.025, 0.033, 3195.923, 3279.741, 3195.923, 3279.741, 4.777, 7.382, 11.245, , , 1, 3.157, 0, 0, 12.5, 3.242, 149, 0, 0, 0, 75, 19.281, 20.016, 94.936, 102.721, 100, 0, 0, 28.285, 29, 100, 4.429, 96.927, 0, 0, 100.909, 64.889, 0, 0, 0, 0, 0, 14, 0, 12.5, 0, 3.242, 149, 0, 0, 0, 75, 1, 0.019, 0.02, 94.936, 102.721, 100, 0, 0, 141, 28.285, 29, 100, 4.429, 0, 96.927, 0, 0, 100.909, 64.889, 0, 0, 0, 0, 
3.2, 24.75, 100.47, 64.17, 64.83, , 14.627, 0.974, 207.161, 207.161, 0.2, 349.294, 349.294, 349.294, 1.619, 87.654, 36.258, 34.7, 7.382, 11.259, 0, 0, 58.493, 60.027, 58.493, 60.027, 1, 64.437, 64.437, 0.025, 0.033, 5046.061, 5178.402, 5046.061, 5178.402, 4.808, 7.382, 11.259, , , 1, 3.206, 0, 0, 12.5, 3.282, 149, 0, 0, 0, 75, 19.387, 20.093, 94.749, 102.683, 100, 0, 0, 28.39, 29, 100, 4.427, 97.448, 0, 0, 101.378, 65.665, 0, 0, 0, 0, 0, 14, 0, 12.5, 0, 3.282, 149, 0, 0, 0, 75, 1, 0.019, 0.02, 94.749, 102.683, 100, 0, 0, 141, 28.39, 29, 100, 4.427, 0, 97.448, 0, 0, 101.378, 65.665, 0, 0, 0, 0, 
3.25, 24.75, 100.47, 64.17, 64.83, , 14.761, 0.974, 211.831, 211.831, 0.151, 352.473, 352.473, 352.473, 1.33, 88.434, 36.222, 34.7, 7.382, 11.275, 0, 0, 59.687, 61.253, 59.687, 61.253, 1, 65.159, 65.159, 0.025, 0.033, 5471.943, 5615.454, 5471.943, 5615.454, 4.838, 7.382, 11.275, , , 1, 3.256, 0, 0, 12.5, 3.322, 149, 0, 0, 0, 75, 19.494, 20.17, 94.561, 102.644, 100, 0, 0, 28.494, 29, 100, 4.425, 97.969, 0, 0, 101.847, 66.441, 0, 0, 0, 0, 0, 14, 0, 12.5, 0, 3.322, 149, 0, 0, 0, 75, 1, 0.019, 0.02, 94.561, 102.644, 100, 0, 0, 141, 28.494, 29, 100, 4.425, 0, 97.969, 0, 0, 101.847, 66.441, 0, 0, 0, 0, 
3.3, 24.75, 100.47, 64.17, 64.83, , 14.875, 0.974, 217.342, 217.342, 0.101, 355.2, 355.2, 355.2, 2.143, 89.214, 36.186, 34.7, 7.382, 11.3, 0, 0, 60.936, 62.533, 60.936, 62.533, 1, 66.186, 66.186, 0.025, 0.033, 5087.573, 5221.002, 5087.573, 5221.002, 4.87, 7.382, 11.3, , , 1, 3.307, 0, 0, 12.5, 3.363, 149, 0, 0, 0, 75, 19.6, 20.247, 94.374, 102.605, 100, 0, 0, 28.598, 29, 100, 4.423, 98.49, 0, 0, 102.316, 67.217, 0, 0, 0, 0, 0, 14, 0, 12.5, 0, 3.363, 149, 0, 0, 0, 75, 1, 0.019, 0.02, 94.374, 102.605, 100, 0, 0, 141, 28.598, 29, 100, 4.423, 0, 98.49, 0, 0, 102.316, 67.217, 0, 0, 0, 0, 
3.35, 24.75, 100.47, 64.17, 64.83, , 14.992, 0.974, 223.541, 223.541, 0.052, 358.006, 358.006, 358.006, 3.141, 89.993, 36.15, 34.7, 7.382, 11.326, 0, 0, 62.303, 63.934, 62.303, 63.934, 1, 66.964, 66.964, 0.025, 0.033, 4183.91, 4293.639, 4183.91, 4293.639, 4.903, 7.382, 11.326, , , 1, 3.357, 0, 0, 12.5, 3.403, 149, 0, 0, 0, 75, 19.706, 20.325, 94.186, 102.567, 100, 0, 0, 28.702, 29, 100, 4.421, 99.01, 0, 0, 102.784, 67.993, 0, 0, 0, 0, 0, 14, 0, 12.5, 0, 3.403, 149, 0, 0, 0, 75, 1, 0.019, 0.02, 94.186, 102.567, 100, 0, 0, 141, 28.702, 29, 100, 4.421, 0, 99.01, 0, 0, 102.784, 67.993, 0, 0, 0, 0, 
3.4, 24.75, 100.47, 64.17, 64.83, , 15.058, 0.974, 228.344, 228.344, 0.003, 359.592, 359.592, 359.592, 4.51, 90.773, 36.01, 34.83, 7.38, 11.358, 0, 0, 63.262, 64.919, 63.262, 64.919, 1, 67.689, 67.689, 0.025, 0.033, 2871.136, 2946.436, 2871.136, 2946.436, 4.936, 7.38, 11.358, , , 1, 3.407, 0, 0, 12.5, 3.432, 149, 0, 0, 0, 75, 19.79, 20.385, 93.994, 102.55, 100, 0, 0, 28.779, 29, 100, 4.419, 99.397, 0, 0, 103.118, 68.568, 0, 0, 0, 0, 0, 14, 0, 12.5, 0, 3.432, 149, 0, 0, 0, 75, 1, 0.02, 0.021, 93.994, 102.55, 100, 0, 0, 141, 28.779, 29, 100, 4.419, 0, 99.397, 0, 0, 103.118, 68.568, 0, 0, 0, 0, 
3.45, 24.75, 100.47, 64.17, 64.83, , 15.128, 0.974, 233.208, 233.208, 0.138, 361.272, 361.272, 361.272, 6.305, 88.307, 35.83, 35.01, 7.379, 11.39, 0, 0, 64.247, 65.928, 64.247, 65.928, 1, 68.424, 68.424, 0.025, 0.033, 1233.435, 1265.785, 1233.435, 1265.785, 4.969, 7.379, 11.39, , , 1, 3.457, 0, 0, 12.5, 3.453, 149, 0, 0, 0, 75, 19.854, 20.43, 93.799, 102.55, 100, 0, 0, 28.834, 29, 100, 4.417, 99.67, 0, 0, 103.336, 68.973, 0, 0, 0, 0, 0, 14, 0, 12.5, 0, 3.453, 149, 0, 0, 0, 75, 1, 0.02, 0.021, 93.799, 102.55, 100, 0, 0, 141, 28.834, 29, 100, 4.417, 0, 99.67, 0, 0, 103.336, 68.973, 0, 0, 0, 0, 
3.5, 24.75, 100.47, 64.17, 64.83, , 15.153, 0.974, 238.12, 238.12, 0.285, 361.888, 361.888, 361.888, 8.13, 85.633, 35.65, 35.19, 7.378, 11.419, 0, 0, 65.053, 66.755, 65.053, 66.755, 1, 69.17, 69.17, 0.025, 0.033, 727.9, 746.992, 727.9, 746.992, 5.004, 7.378, 11.419, , , 1, 3.507, 0, 0, 12.5, 3.473, 149, 0, 0, 0, 75, 19.918, 20.476, 93.603, 102.55, 100, 0, 0, 28.888, 29, 100, 4.414, 99.943, 0, 0, 103.555, 69.377, 0, 0, 0, 0, 0, 14, 0, 12.5, 0, 3.473, 149, 0, 0, 0, 75, 1, 0.02, 0.021, 93.603, 102.55, 100, 0, 0, 141, 28.888, 29, 100, 4.414, 0, 99.943, 0, 0, 103.555, 69.377, 0, 0, 0, 0, 
3.55, 24.75, 100.47, 64.17, 64.83, , 15.225, 0.974, 243.088, 243.088, 0.432, 363.601, 363.601, 363.601, 9.895, 82.96, 35.47, 35.37, 7.378, 11.447, 0, 0, 66.053, 67.783, 66.053, 67.783, 1, 69.909, 69.909, 0.025, 0.033, 555.438, 570.007, 555.438, 570.007, 5.043, 7.378, 11.447, , , 1, 3.557, 0, 0, 12.5, 3.494, 149, 0, 0, 0, 75, 19.982, 20.522, 93.407, 102.55, 100, 0, 0, 28.942, 29, 100, 4.412, 100.216, 0, 0, 103.773, 69.781, 0, 0, 0, 0, 0, 14, 0, 12.5, 0, 3.494, 149, 0, 0, 0, 75, 1, 0.02, 0.021, 93.407, 102.55, 100, 0, 0, 141, 28.942, 29, 100, 4.412, 0, 100.216, 0, 0, 103.773, 69.781, 0, 0, 0, 0, 
3.6, 24.75, 100.47, 64.17, 64.83, , 15.254, 0.974, 248.119, 248.119, 0.579, 364.316, 364.316, 364.316, 11.613, 80.286, 35.29, 35.55, 7.377, 11.472, 0, 0, 66.883, 68.637, 66.883, 68.637, 1, 70.648, 70.648, 0.025, 0.033, 456.779, 468.762, 456.779, 468.762, 5.082, 7.377, 11.472, , , 1, 3.607, 0, 0, 12.5, 3.514, 149, 0, 0, 0, 75, 20.046, 20.567, 93.212, 102.55, 100, 0, 0, 28.997, 29, 100, 4.41, 100.489, 0, 0, 103.991, 70.186, 0, 0, 0, 0, 0, 14, 0, 12.5, 0, 3.514, 149, 0, 0, 0, 75, 1, 0.02, 0.021, 93.212, 102.55, 100, 0, 0, 141, 28.997, 29, 100, 4.41, 0, 100.489, 0, 0, 103.991, 70.186, 0, 0, 0, 0, 
3.65, 24.75, 100.47, 64.17, 64.83, , 15.316, 0.974, 253.195, 253.195, 0.726, 365.804, 365.804, 365.804, 13.314, 77.613, 35.266, 35.574, 7.377, 11.495, 0, 0, 67.865, 69.645, 67.865, 69.645, 1, 71.395, 71.395, 0.025, 0.033, 392.099, 402.385, 392.099, 402.385, 5.121, 7.377, 11.495, , , 1, 3.657, 0, 0, 12.5, 3.549, 149, 0, 0, 0, 75, 20.141, 20.638, 93.2, 102.484, 100, 0, 0, 29.174, 29.087, 100, 4.41, 101.033, 0, 0, 104.356, 70.859, 0, 0, 0, 0, 0, 13.982, 0, 12.5, 0, 3.549, 149, 0, 0, 0, 75, 1, 0.02, 0.021, 93.2, 102.484, 100, 0, 0, 141, 29.174, 29.087, 100, 4.41, 0, 101.033, 0, 0, 104.356, 70.859, 0, 0, 0, 0, 
3.7, 24.75, 100.47, 64.17, 64.83, , 15.366, 0.974, 258.355, 258.355, 0.872, 367.02, 367.02, 367.02, 14.979, 74.939, 35.302, 35.538, 7.377, 11.513, 0, 0, 68.809, 70.615, 68.809, 70.615, 1, 72.148, 72.148, 0.025, 0.033, 345.096, 354.15, 345.096, 354.15, 5.149, 7.377, 11.513, , , 1, 3.706, 0, 0, 12.5, 3.584, 149, 0, 0, 0, 75, 20.237, 20.71, 93.2, 102.416, 100, 0, 0, 29.359, 29.18, 100, 4.41, 101.589, 0, 0, 104.726, 71.55, 0, 0, 0, 0, 0, 13.964, 0, 12.5, 0, 3.584, 149, 0, 0, 0, 75, 1, 0.02, 0.021, 93.2, 102.416, 100, 0, 0, 141, 29.359, 29.18, 100, 4.41, 0, 101.589, 0, 0, 104.726, 71.55, 0, 0, 0, 0, 
3.75, 24.75, 100.47, 64.17, 64.83, , 15.445, 0.974, 263.544, 263.544, 1.019, 368.916, 368.916, 368.916, 16.596, 72.266, 35.338, 35.502, 7.377, 11.532, 0, 0, 69.885, 71.72, 69.885, 71.72, 1, 72.896, 72.896, 0.025, 0.033, 310.228, 318.367, 310.228, 318.367, 5.148, 7.377, 11.532, , , 1, 3.756, 0, 0, 12.5, 3.619, 149, 0, 0, 0, 75, 20.333, 20.782, 93.2, 102.347, 100, 0, 0, 29.544, 29.272, 100, 4.41, 102.144, 0, 0, 105.096, 72.241, 0, 0, 0, 0, 0, 13.945, 0, 12.5, 0, 3.619, 149, 0, 0, 0, 75, 1, 0.021, 0.021, 93.2, 102.347, 100, 0, 0, 141, 29.544, 29.272, 100, 4.41, 0, 102.144, 0, 0, 105.096, 72.241, 0, 0, 0, 0, 
3.8, 24.75, 100.47, 64.17, 64.83, , 15.511, 0.974, 268.737, 268.737, 1.166, 370.502, 370.502, 370.502, 18.189, 69.592, 35.374, 35.466, 7.377, 11.553, 0, 0, 70.918, 72.78, 70.918, 72.78, 1, 73.653, 73.653, 0.024, 0.033, 282.662, 290.078, 282.662, 290.078, 5.147, 7.377, 11.553, , , 1, 3.807, 0, 0, 12.5, 3.654, 149, 0, 0, 0, 75, 20.429, 20.855, 93.2, 102.279, 100, 0, 0, 29.73, 29.365, 100, 4.41, 102.7, 0, 0, 105.467, 72.932, 0, 0, 0, 0, 0, 13.927, 0, 12.5, 0, 3.654, 149, 0, 0, 0, 75, 1, 0.021, 0.021, 93.2, 102.279, 100, 0, 0, 141, 29.73, 29.365, 100, 4.41, 0, 102.7, 0, 0, 105.467, 72.932, 0, 0, 0, 0, 
3.85, 24.75, 100.47, 64.17, 64.83, , 15.505, 0.974, 274.064, 274.064, 1.313, 370.371, 370.371, 370.371, 19.735, 66.919, 35.41, 35.43, 7.377, 11.574, 0, 0, 71.61, 73.49, 71.61, 73.49, 1, 74.404, 74.404, 0.024, 0.033, 259.735, 266.55, 259.735, 266.55, 5.146, 7.377, 11.574, , , 1, 3.856, 0, 0, 12.5, 3.689, 149, 0, 0, 0, 75, 20.526, 20.927, 93.2, 102.21, 100, 0, 0, 29.915, 29.457, 100, 4.41, 103.256, 0, 0, 105.837, 73.622, 0, 0, 0, 0, 0, 13.908, 0, 12.5, 0, 3.689, 149, 0, 0, 0, 75, 1, 0.021, 0.021, 93.2, 102.21, 100, 0, 0, 141, 29.915, 29.457, 100, 4.41, 0, 103.256, 0, 0, 105.837, 73.622, 0, 0, 0, 0, 
3.9, 24.75, 100.47, 64.17, 64.83, , 15.548, 0.974, 279.457, 279.457, 1.46, 371.424, 371.424, 371.424, 21.273, 64.245, 35.524, 35.524, 7.377, 11.598, 0, 0, 72.544, 74.448, 72.544, 74.448, 1, 75.169, 75.169, 0.024, 0.033, 241.264, 247.594, 241.264, 247.594, 5.154, 7.377, 11.598, , , 1, 3.906, 0, 0, 12.5, 3.71, 149, 0, 0, 0, 75, 20.57, 20.96, 93.153, 102.17, 100, 0, 0, 30, 29.5, 100, 4.41, 103.595, 0, 0, 106.068, 73.94, 0, 0, 0, 0, 0, 13.9, 0, 12.5, 0, 3.71, 149, 0, 0, 0, 75, 1, 0.021, 0.021, 93.153, 102.17, 100, 0, 0, 141, 30, 29.5, 100, 4.41, 0, 103.595, 0, 0, 106.068, 73.94, 0, 0, 0, 0, 
3.95, 24.75, 100.471, 64.17, 64.83, , 15.509, 0.974, 284.816, 284.816, 1.607, 370.513, 370.513, 370.513, 22.778, 61.572, 35.668, 35.668, 7.377, 11.623, 0, 0, 73.093, 75.011, 73.093, 75.011, 1, 75.93, 75.93, 0.024, 0.033, 224.443, 230.331, 224.443, 230.331, 5.19, 7.377, 11.623, , , 1, 3.956, 0, 0, 12.5, 3.721, 149, 0, 0, 0, 75, 20.57, 20.96, 93.066, 102.152, 100, 0, 0, 30, 29.5, 100, 4.41, 103.765, 0, 0, 106.189, 73.94, 0, 0, 0, 0, 0, 13.9, 0, 12.5, 0, 3.721, 149, 0, 0, 0, 75, 1, 0.021, 0.021, 93.066, 102.152, 100, 0, 0, 141, 30, 29.5, 100, 4.41, 0, 103.765, 0, 0, 106.189, 73.94, 0, 0, 0, 0, 
4, 24.75, 100.471, 64.17, 64.83, , 15.49, 0.974, 290.318, 290.318, 1.754, 370.087, 370.087, 370.087, 24.357, 58.898, 35.812, 35.812, 7.377, 11.649, 0, 0, 73.742, 75.676, 73.742, 75.676, 1, 76.685, 76.685, 0.024, 0.033, 209.661, 215.161, 209.661, 215.161, 5.226, 7.377, 11.649, , , 1, 4.006, 0, 0, 12.5, 3.731, 149, 0, 0, 0, 75, 20.57, 20.96, 92.978, 102.134, 100, 0, 0, 30, 29.5, 100, 4.41, 103.934, 0, 0, 106.31, 73.94, 0, 0, 0, 0, 0, 13.9, 0, 12.5, 0, 3.731, 149, 0, 0, 0, 75, 1, 0.021, 0.021, 92.978, 102.134, 100, 0, 0, 141, 30, 29.5, 100, 4.41, 0, 103.934, 0, 0, 106.31, 73.94, 0, 0, 0, 0, 
4.05, 24.75, 100.472, 64.17, 64.83, , 15.481, 0.974, 295.878, 295.878, 1.9, 369.879, 369.879, 369.879, 26.571, 56.225, 35.956, 35.956, 7.377, 11.673, 0, 0, 74.437, 76.388, 74.437, 76.388, 1, 77.445, 77.445, 0.024, 0.033, 193.956, 199.044, 193.956, 199.044, 5.263, 7.377, 11.673, , , 1, 4.057, 0, 0, 12.5, 3.742, 149, 0, 0, 0, 75, 20.57, 20.96, 92.891, 102.116, 100, 0, 0, 30, 29.5, 100, 4.41, 104.104, 0, 0, 106.431, 73.94, 0, 0, 0, 0, 0, 13.9, 0, 12.5, 0, 3.742, 149, 0, 0, 0, 75, 1, 0.021, 0.021, 92.891, 102.116, 100, 0, 0, 141, 30, 29.5, 100, 4.41, 0, 104.104, 0, 0, 106.431, 73.94, 0, 0, 0, 0, 
4.1, 24.75, 100.472, 64.17, 64.83, , 15.517, 0.974, 301.443, 301.443, 2.047, 370.772, 370.772, 370.772, 28.412, 53.551, 36.1, 36.1, 7.377, 11.689, 0, 0, 75.347, 77.323, 75.347, 77.323, 1, 78.2, 78.2, 0.024, 0.033, 181.483, 186.244, 181.483, 186.244, 5.299, 7.377, 11.689, , , 1, 4.106, 0, 0, 12.5, 3.753, 149, 0, 0, 0, 75, 20.57, 20.96, 92.804, 102.098, 100, 0, 0, 30, 29.5, 100, 4.41, 104.273, 0, 0, 106.552, 73.94, 0, 0, 0, 0, 0, 13.9, 0, 12.5, 0, 3.753, 149, 0, 0, 0, 75, 1, 0.021, 0.021, 92.804, 102.098, 100, 0, 0, 141, 30, 29.5, 100, 4.41, 0, 104.273, 0, 0, 106.552, 73.94, 0, 0, 0, 0, 
4.15, 24.75, 100.472, 64.17, 64.83, , 15.474, 0.974, 307.764, 307.764, 2.194, 369.767, 369.767, 369.767, 29.787, 50.878, 36.01, 36.218, 7.377, 11.702, 0, 0, 75.955, 77.948, 75.955, 77.948, 1, 78.959, 78.959, 0.024, 0.033, 172.056, 176.57, 172.056, 176.57, 5.368, 7.377, 11.702, , , 1, 4.156, 0, 0, 12.5, 3.763, 149, 0, 0, 0, 75, 20.57, 20.96, 92.716, 102.08, 100, 0, 0, 30, 29.5, 100, 4.41, 104.443, 0, 0, 106.673, 73.94, 0, 0, 0, 0, 0, 13.9, 0, 12.5, 0, 3.763, 149, 0, 0, 0, 75, 1, 0.021, 0.021, 92.716, 102.08, 100, 0, 0, 141, 30, 29.5, 100, 4.41, 0, 104.443, 0, 0, 106.673, 73.94, 0, 0, 0, 0, 
4.2, 24.75, 100.473, 64.17, 64.83, , 15.511, 0.974, 315.168, 315.168, 2.341, 370.669, 370.669, 370.669, 30.465, 48.204, 35.83, 36.326, 7.377, 11.701, 0, 0, 77.085, 79.107, 77.085, 79.107, 1, 80.019, 80.019, 0.024, 0.033, 167.739, 172.141, 167.739, 172.141, 5.438, 7.377, 11.701, , , 1, 4.207, 0, 0, 12.5, 3.774, 149, 0, 0, 0, 75, 20.57, 20.96, 92.629, 102.062, 100, 0, 0, 30, 29.5, 100, 4.41, 104.612, 0, 0, 106.795, 73.94, 0, 0, 0, 0, 0, 13.9, 0, 12.5, 0, 3.774, 149, 0, 0, 0, 75, 1, 0.021, 0.021, 92.629, 102.062, 100, 0, 0, 141, 30, 29.5, 100, 4.41, 0, 104.612, 0, 0, 106.795, 73.94, 0, 0, 0, 0, 
4.25, 24.75, 100.473, 64.17, 64.83, , 15.494, 0.974, 320.863, 320.863, 2.616, 370.298, 370.298, 370.298, 30.504, 64.624, 35.65, 36.434, 7.377, 11.7, 0, 0, 77.726, 79.767, 77.726, 79.767, 1, 80.79, 80.79, 0.024, 0.033, 166.723, 171.098, 166.723, 171.098, 5.508, 7.377, 11.7, , , 1, 4.256, 0, 0, 12.5, 3.785, 149, 0, 0, 0, 75, 20.57, 20.96, 92.542, 102.044, 100, 0, 0, 30, 29.5, 100, 4.41, 104.782, 0, 0, 106.916, 73.94, 0, 0, 0, 0, 0, 13.9, 0, 12.5, 0, 3.785, 149, 0, 0, 0, 75, 1, 0.021, 0.021, 92.542, 102.044, 100, 0, 0, 141, 30, 29.5, 100, 4.41, 0, 104.782, 0, 0, 106.916, 73.94, 0, 0, 0, 0, 
4.3, 24.75, 100.474, 64.17, 64.831, , 15.426, 0.974, 326.666, 326.666, 2.555, 368.696, 368.696, 368.696, 29.603, 65.359, 35.47, 36.542, 7.377, 11.683, 0, 0, 78.11, 80.161, 78.11, 80.161, 1, 81.537, 81.537, 0.024, 0.033, 170.41, 174.882, 170.41, 174.882, 5.578, 7.377, 11.683, , , 1, 4.306, 0, 0, 12.5, 3.795, 149, 0, 0, 0, 75, 20.57, 20.96, 92.455, 102.026, 100, 0, 0, 30, 29.5, 100, 4.41, 104.952, 0, 0, 107.037, 73.94, 0, 0, 0, 0, 0, 13.9, 0, 12.5, 0, 3.795, 149, 0, 0, 0, 75, 1, 0.021, 0.021, 92.455, 102.026, 100, 0, 0, 141, 30, 29.5, 100, 4.41, 0, 104.952, 0, 0, 107.037, 73.94, 0, 0, 0, 0, 
4.35, 24.75, 100.474, 64.17, 64.831, , 15.389, 0.974, 332.528, 332.528, 2.494, 367.841, 367.841, 367.841, 28.601, 66.095, 35.29, 36.65, 7.377, 11.665, 0, 0, 78.662, 80.727, 78.662, 80.727, 1, 82.297, 82.297, 0.024, 0.033, 176.041, 180.66, 176.041, 180.66, 5.626, 7.377, 11.665, , , 1, 4.356, 0, 0, 12.5, 3.806, 149, 0, 0, 0, 75, 20.57, 20.96, 92.367, 102.008, 100, 0, 0, 30, 29.5, 100, 4.41, 105.121, 0, 0, 107.158, 73.94, 0, 0, 0, 0, 0, 13.9, 0, 12.5, 0, 3.806, 149, 0, 0, 0, 75, 1, 0.021, 0.021, 92.367, 102.008, 100, 0, 0, 141, 30, 29.5, 100, 4.41, 0, 105.121, 0, 0, 107.158, 73.94, 0, 0, 0, 0, 
4.4, 24.75, 100.474, 64.17, 64.832, , 15.344, 0.974, 338.515, 338.515, 2.434, 366.791, 366.791, 366.791, 27.632, 66.831, 35.292, 36.369, 7.377, 11.638, 0, 0, 79.148, 81.225, 79.148, 81.225, 1, 83.042, 83.042, 0.024, 0.033, 181.697, 186.464, 181.697, 186.464, 5.674, 7.377, 11.638, , , 1, 4.406, 0, 0, 12.5, 3.817, 149, 0, 0, 0, 75, 20.57, 20.96, 92.28, 101.991, 100, 0, 0, 30, 29.5, 100, 4.41, 105.291, 0, 0, 107.279, 73.94, 0, 0, 0, 0, 0, 13.9, 0, 12.5, 0, 3.817, 149, 0, 0, 0, 75, 1, 0.021, 0.021, 92.28, 101.991, 100, 0, 0, 141, 30, 29.5, 100, 4.41, 0, 105.291, 0, 0, 107.279, 73.94, 0, 0, 0, 0, 
4.45, 24.75, 100.475, 64.17, 64.833, , 15.292, 0.974, 344.502, 344.502, 2.373, 365.582, 365.582, 365.582, 26.673, 67.567, 35.364, 35.937, 7.377, 11.61, 0, 0, 79.605, 81.692, 79.605, 81.692, 1, 83.795, 83.795, 0.024, 0.033, 187.634, 192.556, 187.634, 192.556, 5.721, 7.377, 11.61, , , 1, 4.456, 0, 0, 12.5, 3.827, 149, 0, 0, 0, 75, 20.57, 20.96, 92.193, 101.973, 100, 0, 0, 30, 29.5, 100, 4.41, 105.46, 0, 0, 107.4, 73.94, 0, 0, 0, 0, 0, 13.9, 0, 12.5, 0, 3.827, 149, 0, 0, 0, 75, 1, 0.021, 0.021, 92.193, 101.973, 100, 0, 0, 141, 30, 29.5, 100, 4.41, 0, 105.46, 0, 0, 107.4, 73.94, 0, 0, 0, 0, 
4.5, 24.75, 100.475, 64.17, 64.834, , 15.237, 0.974, 350.496, 350.496, 2.312, 364.301, 364.301, 364.301, 25.73, 68.303, 35.436, 35.505, 7.377, 11.58, 0, 0, 80.034, 82.132, 80.034, 82.132, 1, 84.548, 84.548, 0.024, 0.033, 193.799, 198.881, 193.799, 198.881, 5.769, 7.377, 11.58, , , 1, 4.506, 0, 0, 12.5, 3.838, 149, 0, 0, 0, 75, 20.57, 20.96, 92.105, 101.955, 100, 0, 0, 30, 29.5, 100, 4.41, 105.63, 0, 0, 107.521, 73.94, 0, 0, 0, 0, 0, 13.9, 0, 12.5, 0, 3.838, 149, 0, 0, 0, 75, 1, 0.021, 0.021, 92.105, 101.955, 100, 0, 0, 141, 30, 29.5, 100, 4.41, 0, 105.63, 0, 0, 107.521, 73.94, 0, 0, 0, 0, 
4.55, 24.75, 100.475, 64.17, 64.834, , 15.205, 0.974, 356.641, 356.641, 2.251, 363.573, 363.573, 363.573, 24.807, 69.039, 35.508, 35.073, 7.377, 11.55, 0, 0, 80.582, 82.694, 80.582, 82.694, 1, 85.294, 85.294, 0.024, 0.033, 200.674, 205.937, 200.674, 205.937, 5.823, 7.377, 11.55, , , 1, 4.556, 0, 0, 12.5, 3.849, 149, 0, 0, 0, 75, 20.57, 20.96, 92.018, 101.937, 100, 0, 0, 30, 29.5, 100, 4.41, 105.799, 0, 0, 107.642, 73.94, 0, 0, 0, 0, 0, 13.9, 0, 12.5, 0, 3.849, 149, 0, 0, 0, 75, 1, 0.021, 0.021, 92.018, 101.937, 100, 0, 0, 141, 30, 29.5, 100, 4.41, 0, 105.799, 0, 0, 107.642, 73.94, 0, 0, 0, 0, 
4.6, 24.75, 100.476, 64.17, 64.835, , 15.16, 0.974, 362.785, 362.785, 2.191, 362.524, 362.524, 362.524, 23.9, 69.775, 35.58, 34.641, 7.378, 11.522, 0, 0, 81.049, 83.175, 81.049, 83.175, 1, 86.036, 86.036, 0.024, 0.033, 207.71, 213.157, 207.71, 213.157, 5.881, 7.378, 11.522, , , 1, 4.607, 0, 0, 12.5, 3.859, 149, 0, 0, 0, 75, 20.57, 20.96, 91.931, 101.919, 100, 0, 0, 30, 29.5, 100, 4.41, 105.969, 0, 0, 107.764, 73.94, 0, 0, 0, 0, 0, 13.9, 0, 12.5, 0, 3.859, 149, 0, 0, 0, 75, 1, 0.021, 0.021, 91.931, 101.919, 100, 0, 0, 141, 30, 29.5, 100, 4.41, 0, 105.969, 0, 0, 107.764, 73.94, 0, 0, 0, 0, 
4.65, 24.75, 100.476, 64.17, 64.836, , 15.141, 0.974, 368.93, 368.93, 2.13, 362.087, 362.087, 362.087, 23.009, 70.511, 35.574, 34.624, 7.378, 11.494, 0, 0, 81.64, 83.781, 81.64, 83.781, 1, 86.779, 86.779, 0.024, 0.033, 215.364, 221.013, 215.364, 221.013, 5.938, 7.378, 11.494, , , 1, 4.656, 0, 0, 12.5, 3.87, 149, 0, 0, 0, 75, 20.57, 20.96, 91.843, 101.901, 100, 0, 0, 30, 29.5, 100, 4.41, 106.139, 0, 0, 107.885, 73.94, 0, 0, 0, 0, 0, 13.9, 0, 12.5, 0, 3.87, 149, 0, 0, 0, 75, 1, 0.021, 0.021, 91.843, 101.901, 100, 0, 0, 141, 30, 29.5, 100, 4.41, 0, 106.139, 0, 0, 107.885, 73.94, 0, 0, 0, 0, 
4.7, 24.75, 100.477, 64.17, 64.837, , 15.064, 0.974, 375.241, 375.241, 2.069, 360.291, 360.291, 360.291, 22.125, 71.246, 35.538, 34.768, 7.379, 11.474, 0, 0, 81.933, 84.083, 81.933, 84.083, 1, 87.526, 87.526, 0.025, 0.033, 222.902, 228.748, 222.902, 228.748, 5.995, 7.379, 11.474, , , 1, 4.706, 0, 0, 12.5, 3.881, 149, 0, 0, 0, 75, 20.57, 20.96, 91.756, 101.883, 100, 0, 0, 30, 29.5, 100, 4.41, 106.308, 0, 0, 108.006, 73.94, 0, 0, 0, 0, 0, 13.9, 0, 12.5, 0, 3.881, 149, 0, 0, 0, 75, 1, 0.021, 0.021, 91.756, 101.883, 100, 0, 0, 141, 30, 29.5, 100, 4.41, 0, 106.308, 0, 0, 108.006, 73.94, 0, 0, 0, 0, 
4.75, 24.75, 100.477, 64.17, 64.837, , 15.007, 0.974, 381.552, 381.552, 2.008, 358.977, 358.977, 358.977, 21.265, 71.982, 35.502, 34.912, 7.379, 11.455, 0, 0, 82.32, 84.48, 82.32, 84.48, 1, 88.262, 88.262, 0.025, 0.033, 231.07, 237.131, 231.07, 237.131, 6.028, 7.379, 11.455, , , 1, 4.756, 0, 0, 12.5, 3.891, 149, 0, 0, 0, 75, 20.57, 20.96, 91.669, 101.865, 100, 0, 0, 30, 29.5, 100, 4.41, 106.478, 0, 0, 108.127, 73.94, 0, 0, 0, 0, 0, 13.9, 0, 12.5, 0, 3.891, 149, 0, 0, 0, 75, 1, 0.021, 0.021, 91.669, 101.865, 100, 0, 0, 141, 30, 29.5, 100, 4.41, 0, 106.478, 0, 0, 108.127, 73.94, 0, 0, 0, 0, 
4.8, 24.75, 100.477, 64.17, 64.838, , 14.943, 0.974, 387.989, 387.989, 1.948, 357.474, 357.474, 357.474, 20.426, 72.718, 35.466, 35.056, 7.38, 11.444, 0, 0, 82.666, 84.833, 82.666, 84.833, 1, 88.99, 88.99, 0.025, 0.033, 239.756, 246.046, 239.756, 246.046, 6.049, 7.38, 11.444, , , 1, 4.806, 0, 0, 12.5, 3.902, 149, 0, 0, 0, 75, 20.57, 20.96, 91.582, 101.847, 100, 0, 0, 30, 29.5, 100, 4.41, 106.647, 0, 0, 108.248, 73.94, 0, 0, 0, 0, 0, 13.9, 0, 12.5, 0, 3.902, 149, 0, 0, 0, 75, 1, 0.021, 0.021, 91.582, 101.847, 100, 0, 0, 141, 30, 29.5, 100, 4.41, 0, 106.647, 0, 0, 108.248, 73.94, 0, 0, 0, 0, 
4.85, 24.75, 100.478, 64.17, 64.839, , 14.883, 0.974, 394.356, 394.356, 1.887, 356.063, 356.063, 356.063, 19.593, 73.454, 35.43, 35.2, 7.38, 11.433, 0, 0, 83.005, 85.181, 83.005, 85.181, 1, 89.723, 89.723, 0.025, 0.033, 248.827, 255.355, 248.827, 255.355, 6.071, 7.38, 11.433, , , 1, 4.856, 0, 0, 12.5, 3.913, 149, 0, 0, 0, 75, 20.57, 20.96, 91.494, 101.829, 100, 0, 0, 30, 29.5, 100, 4.41, 106.817, 0, 0, 108.369, 73.94, 0, 0, 0, 0, 0, 13.9, 0, 12.5, 0, 3.913, 149, 0, 0, 0, 75, 1, 0.021, 0.021, 91.494, 101.829, 100, 0, 0, 141, 30, 29.5, 100, 4.41, 0, 106.817, 0, 0, 108.369, 73.94, 0, 0, 0, 0, 
4.9, 24.75, 100.478, 64.17, 64.84, , 14.832, 0.974, 400.842, 400.842, 1.826, 354.875, 354.875, 354.875, 18.777, 74.19, 35.264, 35.37, 7.38, 11.425, 0, 0, 83.405, 85.592, 83.405, 85.592, 1, 90.452, 90.452, 0.025, 0.033, 258.893, 265.685, 258.893, 265.685, 6.092, 7.38, 11.425, , , 1, 4.906, 0, 0, 12.5, 3.923, 149, 0, 0, 0, 75, 20.57, 20.96, 91.407, 101.811, 100, 0, 0, 30, 29.5, 100, 4.41, 106.986, 0, 0, 108.49, 73.94, 0, 0, 0, 0, 0, 13.9, 0, 12.5, 0, 3.923, 149, 0, 0, 0, 75, 1, 0.021, 0.021, 91.407, 101.811, 100, 0, 0, 141, 30, 29.5, 100, 4.41, 0, 106.986, 0, 0, 108.49, 73.94, 0, 0, 0, 0, 
4.95, 24.75, 100.478, 64.17, 64.84, , 14.748, 0.974, 407.357, 407.357, 1.765, 352.922, 352.922, 352.922, 17.967, 74.926, 35.048, 35.55, 7.379, 11.417, 0, 0, 83.607, 85.798, 83.607, 85.798, 1, 91.184, 91.184, 0.025, 0.033, 268.922, 275.978, 268.922, 275.978, 6.126, 7.379, 11.417, , , 1, 4.956, , , , , , , , , , , , , , , , , , , , , , , , , , , , , , , , , , , , , , , , , , , , , , , , , , , , , , , , , , , , , , , , 
5, 24.75, 100.479, 64.17, 64.841, , 14.689, 0.974, 414.029, 414.029, 1.705, 351.528, 351.528, 351.528, 17.181, 75.662, 34.832, 35.73, 7.379, 11.409, 0, 0, 83.944, 86.144, 83.944, 86.144, 1, 91.902, 91.902, 0.025, 0.033, 280.393, 287.749, 280.393, 287.749, 6.176, 7.379, 11.409, , , 1, 5.006, , , , , , , , , , , , , , , , , , , , , , , , , , , , , , , , , , , , , , , , , , , , , , , , , , , , , , , , , , , , , , , , 
5.05, 24.75, 100.479, 64.17, 64.842, , 14.618, 0.974, 420.9, 420.9, 1.644, 349.889, 349.889, 349.889, 16.251, 76.397, 34.616, 35.91, 7.378, 11.401, 0, 0, 84.233, 86.441, 84.233, 86.441, 1, 92.766, 92.766, 0.025, 0.033, 292.948, 300.633, 292.948, 300.633, 6.227, 7.378, 11.401, , , 1, 5.056, , , , , , , , , , , , , , , , , , , , , , , , , , , , , , , , , , , , , , , , , , , , , , , , , , , , , , , , , , , , , , , , 
5.1, 24.75, 100.48, 64.17, 64.843, , 14.562, 0.974, 429.707, 429.707, 1.583, 348.583, 348.583, 348.583, 15.38, 77.133, 34.4, 36.09, 7.378, 11.39, 0, 0, 84.77, 86.993, 84.77, 86.993, 1, 93.585, 93.585, 0.025, 0.033, 311.31, 319.476, 311.31, 319.476, 6.277, 7.378, 11.39, , , 1, 5.106, , , , , , , , , , , , , , , , , , , , , , , , , , , , , , , , , , , , , , , , , , , , , , , , , , , , , , , , , , , , , , , , 
5.15, 24.75, 100.48, 64.17, 64.844, , 14.471, 0.974, 436.378, 436.378, 1.522, 346.451, 346.451, 346.451, 14.628, 77.869, 34.599, 35.803, 7.378, 11.38, 0, 0, 84.902, 87.127, 84.902, 87.127, 1, 94.302, 94.302, 0.025, 0.033, 325.463, 333.999, 325.463, 333.999, 6.33, 7.378, 11.38, , , 1, 5.156, , , , , , , , , , , , , , , , , , , , , , , , , , , , , , , , , , , , , , , , , , , , , , , , , , , , , , , , , , , , , , , , 
5.2, 24.75, 100.48, 64.17, 64.844, , 14.406, 0.974, 443.238, 443.238, 1.462, 344.938, 344.938, 344.938, 13.891, 78.605, 34.959, 35.335, 7.379, 11.37, 0, 0, 85.154, 87.387, 85.154, 87.387, 1, 95.01, 95.01, 0.025, 0.033, 341.115, 350.061, 341.115, 350.061, 6.387, 7.379, 11.37, , , 1, 5.206, , , , , , , , , , , , , , , , , , , , , , , , , , , , , , , , , , , , , , , , , , , , , , , , , , , , , , , , , , , , , , , , 
5.25, 24.75, 100.479, 64.17, 64.845, , 14.326, 0.974, 450.106, 450.106, 1.401, 343.055, 343.055, 343.055, 13.165, 79.341, 35.319, 34.867, 7.379, 11.359, 0, 0, 85.316, 87.553, 85.316, 87.553, 1, 95.715, 95.715, 0.025, 0.033, 358, 367.388, 358, 367.388, 6.444, 7.379, 11.359, , , 1, 5.256, , , , , , , , , , , , , , , , , , , , , , , , , , , , , , , , , , , , , , , , , , , , , , , , , , , , , , , , , , , , , , , , 
5.3, 24.75, 100.479, 64.17, 64.846, , 14.235, 0.974, 457.023, 457.023, 1.34, 340.928, 340.928, 340.928, 12.442, 80.077, 35.679, 34.399, 7.379, 11.34, 0, 0, 85.409, 87.649, 85.409, 87.649, 1, 96.424, 96.424, 0.025, 0.033, 376.492, 386.364, 376.492, 386.364, 6.501, 7.379, 11.34, , , 1, 5.306, , , , , , , , , , , , , , , , , , , , , , , , , , , , , , , , , , , , , , , , , , , , , , , , , , , , , , , , , , , , , , , , 
5.35, 24.75, 100.478, 64.17, 64.847, , 14.137, 0.974, 463.978, 463.978, 1.279, 338.618, 338.618, 338.618, 11.74, 80.813, 36.039, 33.931, 7.38, 11.318, 0, 0, 85.441, 87.682, 85.441, 87.682, 1, 97.117, 97.117, 0.025, 0.033, 396.443, 406.838, 396.443, 406.838, 6.553, 7.38, 11.318, , , 1, 5.356, , , , , , , , , , , , , , , , , , , , , , , , , , , , , , , , , , , , , , , , , , , , , , , , , , , , , , , , , , , , , , , , 
5.4, 24.75, 100.478, 64.17, 64.847, , 14.03, 0.974, 471.033, 471.033, 1.219, 336.116, 336.116, 336.116, 11.052, 81.549, 36.036, 34.059, 7.38, 11.286, 0, 0, 85.419, 87.66, 85.419, 87.66, 1, 97.804, 97.804, 0.025, 0.033, 418.804, 429.786, 418.804, 429.786, 6.585, 7.38, 11.286, , , 1, 5.406, , , , , , , , , , , , , , , , , , , , , , , , , , , , , , , , , , , , , , , , , , , , , , , , , , , , , , , , , , , , , , , , 
5.45, 24.75, 100.478, 64.17, 64.848, , 13.962, 0.974, 478.109, 478.109, 1.158, 334.511, 334.511, 334.511, 10.367, 82.284, 35.892, 34.419, 7.379, 11.25, 0, 0, 85.61, 87.857, 85.61, 87.857, 1, 98.495, 98.495, 0.025, 0.033, 444.554, 456.212, 444.554, 456.212, 6.617, 7.379, 11.25, , , 1, 5.456, , , , , , , , , , , , , , , , , , , , , , , , , , , , , , , , , , , , , , , , , , , , , , , , , , , , , , , , , , , , , , , , 
5.5, 24.75, 100.477, 64.17, 64.849, , 13.911, 0.974, 485.242, 485.242, 1.097, 333.328, 333.328, 333.328, 9.689, 83.02, 35.748, 34.779, 7.379, 11.207, 0, 0, 85.904, 88.159, 85.904, 88.159, 1, 99.185, 99.185, 0.025, 0.033, 474.556, 487.001, 474.556, 487.001, 6.649, 7.379, 11.207, , , 1, 5.506, , , , , , , , , , , , , , , , , , , , , , , , , , , , , , , , , , , , , , , , , , , , , , , , , , , , , , , , , , , , , , , , 
5.55, 24.75, 100.477, 64.17, 64.85, , 13.814, 0.974, 492.402, 492.402, 1.036, 331.055, 331.055, 331.055, 9.028, 83.756, 35.604, 35.139, 7.379, 11.162, 0, 0, 85.905, 88.16, 85.905, 88.16, 1, 99.866, 99.866, 0.025, 0.033, 506.295, 519.573, 506.295, 519.573, 6.681, 7.379, 11.162, , , 1, 5.556, , , , , , , , , , , , , , , , , , , , , , , , , , , , , , , , , , , , , , , , , , , , , , , , , , , , , , , , , , , , , , , , 
5.6, 24.75, 100.477, 64.17, 64.85, , 13.761, 0.974, 499.69, 499.69, 0.976, 329.821, 329.821, 329.821, 8.366, 84.492, 35.46, 35.499, 7.379, 11.117, 0, 0, 86.172, 88.434, 86.172, 88.434, 1, 100.553, 100.553, 0.025, 0.033, 545.344, 559.646, 545.344, 559.646, 6.719, 7.379, 11.117, , , 1, 5.606, , , , , , , , , , , , , , , , , , , , , , , , , , , , , , , , , , , , , , , , , , , , , , , , , , , , , , , , , , , , , , , , 
5.65, 24.75, 100.476, 64.17, 64.851, , 13.693, 0.974, 506.987, 506.987, 0.915, 328.227, 328.227, 328.227, 7.719, 85.228, 35.368, 35.548, 7.379, 11.073, 0, 0, 86.334, 88.598, 86.334, 88.598, 1, 101.23, 101.23, 0.025, 0.033, 589.125, 604.574, 589.125, 604.574, 6.757, 7.379, 11.073, , , 1, 5.656, , , , , , , , , , , , , , , , , , , , , , , , , , , , , , , , , , , , , , , , , , , , , , , , , , , , , , , , , , , , , , , , 
5.7, 24.75, 100.476, 64.17, 64.852, , 13.617, 0.974, 514.284, 514.284, 0.854, 326.445, 326.445, 326.445, 7.082, 85.964, 35.296, 35.476, 7.379, 11.034, 0, 0, 86.435, 88.701, 86.435, 88.701, 1, 101.901, 101.901, 0.025, 0.033, 640.356, 657.148, 640.356, 657.148, 6.796, 7.379, 11.034, , , 1, 5.706, , , , , , , , , , , , , , , , , , , , , , , , , , , , , , , , , , , , , , , , , , , , , , , , , , , , , , , , , , , , , , , , 
5.75, 24.75, 100.475, 64.17, 64.853, , 13.535, 0.974, 521.609, 521.609, 0.793, 324.519, 324.519, 324.519, 6.45, 86.7, 35.224, 35.404, 7.38, 10.996, 0, 0, 86.486, 88.753, 86.486, 88.753, 1, 102.571, 102.571, 0.025, 0.033, 700.151, 718.513, 700.151, 718.513, 6.834, 7.38, 10.996, , , 1, 5.756, , , , , , , , , , , , , , , , , , , , , , , , , , , , , , , , , , , , , , , , , , , , , , , , , , , , , , , , , , , , , , , , 
5.8, 24.75, 100.475, 64.17, 64.853, , 13.457, 0.974, 529.023, 529.023, 0.733, 322.706, 322.706, 322.706, 5.831, 87.435, 35.152, 35.332, 7.38, 10.973, 0, 0, 86.556, 88.825, 86.556, 88.825, 1, 103.23, 103.23, 0.025, 0.033, 772.831, 793.1, 772.831, 793.1, 6.852, 7.38, 10.973, , , 1, 5.806, , , , , , , , , , , , , , , , , , , , , , , , , , , , , , , , , , , , , , , , , , , , , , , , , , , , , , , , , , , , , , , , 
5.85, 24.75, 100.475, 64.17, 64.854, , 13.392, 0.974, 536.523, 536.523, 0.672, 321.185, 321.185, 321.185, 5.211, 88.171, 35.08, 35.26, 7.38, 10.955, 0, 0, 86.701, 88.974, 86.701, 88.974, 1, 103.896, 103.896, 0.024, 0.033, 864.925, 887.609, 864.925, 887.609, 6.87, 7.38, 10.955, , , 1, 5.856, , , , , , , , , , , , , , , , , , , , , , , , , , , , , , , , , , , , , , , , , , , , , , , , , , , , , , , , , , , , , , , , 
5.9, 24.75, 100.474, 64.17, 64.855, , 13.377, 0.974, 544.055, 544.055, 0.611, 320.86, 320.86, 320.86, 4.604, 88.907, 35.136, 35.366, 7.38, 10.954, 0, 0, 87.166, 89.452, 87.166, 89.452, 1, 104.555, 104.555, 0.024, 0.033, 984.006, 1009.814, 984.006, 1009.814, 6.888, 7.38, 10.954, , , 1, 5.906, , , , , , , , , , , , , , , , , , , , , , , , , , , , , , , , , , , , , , , , , , , , , , , , , , , , , , , , , , , , , , , , 
5.95, 24.75, 100.474, 64.17, 64.856, , 13.299, 0.974, 551.683, 551.683, 0.55, 319.032, 319.032, 319.032, 4.008, 89.643, 35.241, 35.541, 7.38, 10.96, 0, 0, 87.215, 89.502, 87.215, 89.502, 1, 105.208, 105.208, 0.024, 0.033, 1138.12, 1167.97, 1138.12, 1167.97, 6.906, 7.38, 10.96, , , 1, 5.956, , , , , , , , , , , , , , , , , , , , , , , , , , , , , , , , , , , , , , , , , , , , , , , , , , , , , , , , , , , , , , , , 
6, 24.75, 100.474, 64.17, 64.856, , 13.24, 0.974, 559.933, 559.933, 0.49, 317.659, 317.659, 317.659, 3.281, 90.379, 35.346, 35.716, 7.38, 10.986, 0, 0, 87.543, 89.838, 87.543, 89.838, 1, 106.015, 106.015, 0.024, 0.033, 1464.266, 1502.668, 1464.266, 1502.668, 6.919, 7.38, 10.986, , , 1, 6.006, , , , , , , , , , , , , , , , , , , , , , , , , , , , , , , , , , , , , , , , , , , , , , , , , , , , , , , , , , , , , , , , 
6.05, 24.75, 100.473, 64.17, 64.857, , 13.206, 0.974, 569.288, 569.288, 0.429, 316.867, 316.867, 316.867, 2.664, 91.115, 35.451, 35.891, 7.38, 11.02, 0, 0, 87.858, 90.162, 87.858, 90.162, 1, 106.708, 106.708, 0.024, 0.033, 1856.192, 1904.872, 1856.192, 1904.872, 6.932, 7.38, 11.02, , , 1, 6.056, , , , , , , , , , , , , , , , , , , , , , , , , , , , , , , , , , , , , , , , , , , , , , , , , , , , , , , , , , , , , , , , 
6.1, 24.75, 100.473, 64.17, 64.858, , 13.169, 0.974, 577.056, 577.056, 0.368, 316.026, 316.026, 316.026, 2.087, 91.851, 35.556, 36.066, 7.38, 11.065, 0, 0, 88.161, 90.473, 88.161, 90.473, 1, 107.363, 107.363, 0.024, 0.033, 2663.404, 2733.254, 2663.404, 2733.254, 6.944, 7.38, 11.065, , , 1, 6.106, , , , , , , , , , , , , , , , , , , , , , , , , , , , , , , , , , , , , , , , , , , , , , , , , , , , , , , , , , , , , , , , 
6.15, 24.75, 100.472, 64.17, 64.859, , 13.075, 0.974, 584.84, 584.84, 0.307, 313.812, 313.812, 313.812, 1.519, 92.587, 35.493, 36.033, 7.379, 11.114, 0, 0, 88.071, 90.381, 88.071, 90.381, 1, 108.009, 108.009, 0.024, 0.033, 4812.61, 4938.827, 4812.61, 4938.827, 6.957, 7.379, 11.114, , , 1, 6.156, , , , , , , , , , , , , , , , , , , , , , , , , , , , , , , , , , , , , , , , , , , , , , , , , , , , , , , , , , , , , , , , 
6.2, 24.75, 100.472, 64.17, 64.86, , 13.043, 0.974, 592.623, 592.623, 0.247, 313.081, 313.081, 313.081, 1.351, 93.322, 35.307, 35.847, 7.379, 11.184, 0, 0, 88.384, 90.702, 88.384, 90.702, 1, 108.65, 108.65, 0.024, 0.033, 5628.316, 5775.926, 5628.316, 5775.926, 6.967, 7.379, 11.184, , , 1, 6.206, , , , , , , , , , , , , , , , , , , , , , , , , , , , , , , , , , , , , , , , , , , , , , , , , , , , , , , , , , , , , , , , 
6.25, 24.75, 100.472, 64.17, 64.86, , 12.979, 0.974, 600.498, 600.498, 0.186, 311.588, 311.588, 311.588, 1.944, 94.058, 35.122, 35.662, 7.379, 11.265, 0, 0, 88.486, 90.808, 88.486, 90.808, 1, 109.296, 109.296, 0.024, 0.033, 5403.552, 5545.268, 5403.552, 5545.268, 6.977, 7.379, 11.265, , , 1, 6.256, , , , , , , , , , , , , , , , , , , , , , , , , , , , , , , , , , , , , , , , , , , , , , , , , , , , , , , , , , , , , , , , 
6.3, 24.75, 100.471, 64.17, 64.861, , 12.938, 0.974, 608.388, 608.388, 0.125, 310.634, 310.634, 310.634, 3.361, 94.794, 34.937, 35.477, 7.38, 11.36, 0, 0, 88.727, 91.055, 88.727, 91.055, 1, 109.933, 109.933, 0.024, 0.033, 4987.003, 5117.794, 4987.003, 5117.794, 6.986, 7.38, 11.36, , , 1, 6.306, , , , , , , , , , , , , , , , , , , , , , , , , , , , , , , , , , , , , , , , , , , , , , , , , , , , , , , , , , , , , , , , 
6.35, 24.75, 100.471, 64.17, 64.862, , 12.854, 0.974, 616.44, 616.44, 0.064, 308.671, 308.671, 308.671, 5.562, 95.53, 34.752, 35.292, 7.381, 11.463, 0, 0, 88.684, 91.011, 88.684, 91.011, 1, 110.565, 110.565, 0.024, 0.033, 4247.543, 4358.941, 4247.543, 4358.941, 6.996, 7.381, 11.463, , , 1, 6.357, , , , , , , , , , , , , , , , , , , , , , , , , , , , , , , , , , , , , , , , , , , , , , , , , , , , , , , , , , , , , , , , 
6.4, 24.75, 100.47, 64.17, 64.863, , 12.816, 0.974, 624.492, 624.492, 0.004, 307.791, 307.791, 307.791, 8.584, 96.266, 34.804, 35.266, 7.382, 11.582, 0, 0, 88.936, 91.269, 88.936, 91.269, 1, 111.201, 111.201, 0.024, 0.033, 2231.165, 2289.681, 2231.165, 2289.681, 7.03, 7.382, 11.582, , , 1, 6.407, , , , , , , , , , , , , , , , , , , , , , , , , , , , , , , , , , , , , , , , , , , , , , , , , , , , , , , , , , , , , , , , 
6.45, 24.75, 100.47, 64.17, 64.863, , 12.755, 0.974, 632.543, 632.543, 0.446, 306.38, 306.38, 306.38, 12.219, 90.392, 34.948, 35.302, 7.383, 11.712, 0, 0, 89.031, 91.367, 89.031, 91.367, 1, 111.832, 111.832, 0.024, 0.033, 475.336, 487.802, 475.336, 487.802, 7.086, 7.383, 11.712, , , 1, 6.456, , , , , , , , , , , , , , , , , , , , , , , , , , , , , , , , , , , , , , , , , , , , , , , , , , , , , , , , , , , , , , , , 
6.5, 24.75, 100.47, 64.17, 64.864, , 12.718, 0.974, 640.595, 640.595, 0.92, 305.518, 305.518, 305.518, 15.905, 84.096, 35.092, 35.338, 7.384, 11.834, 0, 0, 89.275, 91.617, 89.275, 91.617, 1, 112.464, 112.464, 0.024, 0.033, 303.87, 311.839, 303.87, 311.839, 7.142, 7.384, 11.834, , , 1, 6.506, , , , , , , , , , , , , , , , , , , , , , , , , , , , , , , , , , , , , , , , , , , , , , , , , , , , , , , , , , , , , , , , 
6.55, 24.75, 100.47, 64.17, 64.865, , 12.616, 0.974, 648.796, 648.796, 1.394, 303.116, 303.116, 303.116, 19.541, 77.801, 35.236, 35.374, 7.384, 11.949, 0, 0, 89.07, 91.407, 89.07, 91.407, 1, 113.091, 113.091, 0.024, 0.033, 230.786, 236.838, 230.786, 236.838, 7.197, 7.384, 11.949, , , 1, 6.556, , , , , , , , , , , , , , , , , , , , , , , , , , , , , , , , , , , , , , , , , , , , , , , , , , , , , , , , , , , , , , , , 
6.6, 24.75, 100.47, 64.17, 64.866, , 12.563, 0.974, 656.969, 656.969, 1.868, 301.883, 301.883, 301.883, 23.42, 71.505, 35.38, 35.41, 7.384, 12.068, 0, 0, 89.193, 91.533, 89.193, 91.533, 1, 113.71, 113.71, 0.024, 0.033, 193.443, 198.516, 193.443, 198.516, 7.263, 7.384, 12.068, , , 1, 6.606, , , , , , , , , , , , , , , , , , , , , , , , , , , , , , , , , , , , , , , , , , , , , , , , , , , , , , , , , , , , , , , , 
6.65, 24.75, 100.47, 64.17, 64.866, , 12.511, 0.974, 665.233, 665.233, 2.342, 300.681, 300.681, 300.681, 25.334, 65.21, 35.368, 35.42, 7.383, 12.19, 0, 0, 89.323, 91.666, 89.323, 91.666, 1, 114.324, 114.324, 0.024, 0.033, 174.092, 178.657, 174.092, 178.657, 7.337, 7.383, 12.19, , , 1, 6.656, , , , , , , , , , , , , , , , , , , , , , , , , , , , , , , , , , , , , , , , , , , , , , , , , , , , , , , , , , , , , , , , 
6.7, 24.75, 100.47, 64.17, 64.867, , 11.664, 0.974, 673.481, 673.481, 2.817, 280.618, 280.618, 280.618, 27.337, 58.914, 35.296, 35.42, 7.382, 12.308, 0, 0, 83.74, 85.937, 83.74, 85.937, 1, 114.931, 114.931, 0.025, 0.033, 158.834, 162.997, 158.834, 162.997, 7.411, 7.382, 12.308, , , 1, 6.706, , , , , , , , , , , , , , , , , , , , , , , , , , , , , , , , , , , , , , , , , , , , , , , , , , , , , , , , , , , , , , , , 
6.75, 24.75, 100.47, 64.17, 64.868, , 9.89, 0.974, 681.82, 681.82, 3.291, 238.541, 238.541, 238.541, 29.543, 52.618, 35.224, 35.42, 7.381, 12.424, 0, 0, 71.437, 73.311, 71.437, 73.311, 1, 115.462, 115.462, 0.025, 0.033, 146.62, 150.463, 146.62, 150.463, 7.486, 7.381, 12.424, , , 1, 6.756, , , , , , , , , , , , , , , , , , , , , , , , , , , , , , , , , , , , , , , , , , , , , , , , , , , , , , , , , , , , , , , , 
6.8, 24.75, 100.47, 64.17, 64.869, , 9.008, 0.974, 690.295, 690.295, 3.765, 217.64, 217.64, 217.64, 32.896, 46.323, 35.152, 35.42, 7.381, 12.649, 0, 0, 65.465, 67.183, 65.465, 67.183, 1, 115.946, 115.946, 0.025, 0.033, 136.566, 140.149, 136.566, 140.149, 7.55, 7.381, 12.649, , , 1, 6.806, , , , , , , , , , , , , , , , , , , , , , , , , , , , , , , , , , , , , , , , , , , , , , , , , , , , , , , , , , , , , , , , 
6.85, 24.75, 100.47, 64.17, 64.869, , 6.168, 0.974, 698.665, 698.665, , 150.29, 150.29, 150.29, , , 35.08, 35.42, 7.382, 12.975, 0, 0, 45.31, 46.499, 45.31, 46.499, 1, 116.328, 116.328, 0.025, 0.033, , , , , 7.59, 7.382, 12.975, , , 1, 6.856, , , , , , , , , , , , , , , , , , , , , , , , , , , , , , , , , , , , , , , , , , , , , , , , , , , , , , , , , , , , , , , , 
6.9, 24.75, 100.47, 64.17, 64.87, , 3.559, 0.974, 707.171, 707.171, , 88.403, 88.403, 88.403, , , 35.06, 35.42, 7.382, 13.455, 0, 0, 26.719, 27.421, 26.719, 27.421, 1, 116.564, 116.564, 0.025, 0.033, , , , , 7.63, 7.382, 13.455, , , 1, 6.906, , , , , , , , , , , , , , , , , , , , , , , , , , , , , , , , , , , , , , , , , , , , , , , , , , , , , , , , , , , , , , , , 
6.95, 24.75, 100.47, 64.17, 64.869, , 1.856, 0.974, 715.721, 715.721, , 47.996, 47.996, 47.996, , , 35.06, 35.42, 7.382, 14.088, 0, 0, 14.535, 14.916, 14.535, 14.916, 1, 116.692, 116.692, 0.025, 0.033, , , , , 7.67, 7.382, 14.088, , , 1, 6.956, , , , , , , , , , , , , , , , , , , , , , , , , , , , , , , , , , , , , , , , , , , , , , , , , , , , , , , , , , , , , , , , 
7, 24.75, 100.47, 64.17, 64.868, , 0.909, 0.974, 724.196, 724.196, , 25.533, 25.533, 25.533, , , 35.06, 35.42, 7.382, 14.95, 0, 0, 7.737, 7.94, 7.737, 7.94, 1, 116.76, 116.76, 0.025, 0.033, , , , , 7.709, 7.382, 14.95, , , 1, 7.006, , , , , , , , , , , , , , , , , , , , , , , , , , , , , , , , , , , , , , , , , , , , , , , , , , , , , , , , , , , , , , , , 
7.05, 24.75, 100.47, 64.17, 64.868, , 1.391, 0.974, 732.844, 732.844, , 36.961, 36.961, 36.961, , , 35.06, 35.42, 7.382, 16.059, 0, 0, 11.238, 11.534, 11.238, 11.534, 1, 116.808, 116.808, 0.025, 0.033, , , , , 7.74, 7.382, 16.059, , , 1, 7.056, , , , , , , , , , , , , , , , , , , , , , , , , , , , , , , , , , , , , , , , , , , , , , , , , , , , , , , , , , , , , , , , 
7.1, 24.75, 100.47, 64.17, 64.867, , 1.605, 0.974, 741.319, 741.319, , 42.061, 42.061, 42.061, , , 35.06, 35.42, 7.381, 17.028, 0, 0, 12.782, 13.117, 12.782, 13.117, 1, 116.885, 116.885, 0.025, 0.033, , , , , 7.77, 7.381, 17.028, , , 1, 7.106, , , , , , , , , , , , , , , , , , , , , , , , , , , , , , , , , , , , , , , , , , , , , , , , , , , , , , , , , , , , , , , , 
7.15, 24.75, 100.47, 64.17, 64.866, , 0.447, 0.974, 749.967, 749.967, , 14.572, 14.572, 14.572, , , 35.216, 35.446, 7.38, 17.829, 0, 0, 4.424, 4.54, 4.424, 4.54, 1, 116.945, 116.945, 0.025, 0.033, , , , , 7.801, 7.38, 17.829, , , 1, 7.156, , , , , , , , , , , , , , , , , , , , , , , , , , , , , , , , , , , , , , , , , , , , , , , , , , , , , , , , , , , , , , , , 
7.2, 24.75, 100.47, 64.17, 64.865, , -0.742, 0.974, 758.443, 758.443, , -13.632, -13.632, -13.632, , , 35.432, 35.482, 7.379, 18.485, 0, 0, -4.129, -4.237, -4.129, -4.237, 1, 116.935, 116.935, 0.025, 0.033, , , , , 7.831, 7.379, 18.485, , , 1, 7.206, , , , , , , , , , , , , , , , , , , , , , , , , , , , , , , , , , , , , , , , , , , , , , , , , , , , , , , , , , , , , , , , 
7.25, 24.75, 100.47, 64.17, 64.864, , -2.259, 0.974, 767.048, 767.048, , -49.627, -49.627, -49.627, , , 35.648, 35.518, 7.379, 18.955, 0, 0, -15.02, -15.413, -15.02, -15.413, 1, 116.868, 116.868, 0.025, 0.033, , , , , 7.834, 7.379, 18.955, , , 1, 7.256, , , , , , , , , , , , , , , , , , , , , , , , , , , , , , , , , , , , , , , , , , , , , , , , , , , , , , , , , , , , , , , , 
7.3, 24.75, 100.47, 64.17, 64.864, , -5.414, 0.974, 775.566, 775.566, , -124.483, -124.483, -124.483, , , 35.864, 35.554, 7.379, 19.105, 0, 0, -37.708, -38.697, -37.708, -38.697, 1, 116.669, 116.669, 0.025, 0.033, , , , , 7.831, 7.379, 19.105, , , 1, 7.306, , , , , , , , , , , , , , , , , , , , , , , , , , , , , , , , , , , , , , , , , , , , , , , , , , , , , , , , , , , , , , , , 
7.35, 24.75, 100.47, 64.17, 64.863, , -6.312, 0.974, 784.214, 784.214, , -145.789, -145.789, -145.789, , , 36.08, 35.59, 7.38, 18.772, 0, 0, -44.082, -45.237, -44.082, -45.237, 1, 116.373, 116.373, 0.025, 0.033, , , , , 7.827, 7.38, 18.772, , , 1, 7.356, , , , , , , , , , , , , , , , , , , , , , , , , , , , , , , , , , , , , , , , , , , , , , , , , , , , , , , , , , , , , , , , 
7.4, 24.75, 100.47, 64.17, 64.862, , -6.476, 0.974, 792.732, 792.732, , -149.7, -149.7, -149.7, , , 36.036, 35.522, 7.382, 18.484, 0, 0, -45.144, -46.326, -45.144, -46.326, 1, 116.047, 116.047, 0.024, 0.033, , , , , 7.824, 7.382, 18.484, , , 1, 7.406, , , , , , , , , , , , , , , , , , , , , , , , , , , , , , , , , , , , , , , , , , , , , , , , , , , , , , , , , , , , , , , , 
7.45, 24.75, 100.47, 64.17, 64.861, , -6.463, 0.974, 801.337, 801.337, , -149.4, -149.4, -149.4, , , 35.892, 35.414, 7.383, 18.269, 0, 0, -44.929, -46.105, -44.929, -46.105, 1, 115.722, 115.722, 0.024, 0.033, , , , , 7.837, 7.383, 18.269, , , 1, 7.456, , , , , , , , , , , , , , , , , , , , , , , , , , , , , , , , , , , , , , , , , , , , , , , , , , , , , , , , , , , , , , , , 
7.5, 24.75, 100.47, 64.17, 64.861, , -6.282, 0.974, 809.813, 809.813, , -145.129, -145.129, -145.129, , , 35.748, 35.306, 7.384, 17.982, 0, 0, -43.522, -44.662, -43.522, -44.662, 1, 115.398, 115.398, 0.024, 0.033, , , , , 7.864, 7.384, 17.982, , , 1, 7.506, , , , , , , , , , , , , , , , , , , , , , , , , , , , , , , , , , , , , , , , , , , , , , , , , , , , , , , , , , , , , , , , 
7.55, 24.75, 100.47, 64.17, 64.86, , -6.249, 0.974, 818.288, 818.288, , -144.36, -144.36, -144.36, , , 35.604, 35.198, 7.384, 17.568, 0, 0, -43.18, -44.311, -43.18, -44.311, 1, 115.086, 115.086, 0.024, 0.033, , , , , 7.89, 7.384, 17.568, , , 1, 7.556, , , , , , , , , , , , , , , , , , , , , , , , , , , , , , , , , , , , , , , , , , , , , , , , , , , , , , , , , , , , , , , , 
7.6, 24.75, 100.47, 64.17, 64.859, , -6.237, 0.974, 826.763, 826.763, , -144.082, -144.082, -144.082, , , 35.46, 35.09, 7.384, 17.259, 0, 0, -42.977, -44.103, -42.977, -44.103, 1, 114.775, 114.775, 0.024, 0.033, , , , , 7.917, 7.384, 17.259, , , 1, 7.606, , , , , , , , , , , , , , , , , , , , , , , , , , , , , , , , , , , , , , , , , , , , , , , , , , , , , , , , , , , , , , , , 
7.65, 24.75, 100.47, 64.17, 64.858, , -6.204, 0.974, 835.263, 835.263, , -143.308, -143.308, -143.308, , , 35.264, 35.06, 7.382, 17.155, 0, 0, -42.622, -43.74, -42.622, -43.74, 1, 114.461, 114.461, 0.024, 0.033, , , , , 7.943, 7.382, 17.155, , , 1, 7.656, , , , , , , , , , , , , , , , , , , , , , , , , , , , , , , , , , , , , , , , , , , , , , , , , , , , , , , , , , , , , , , , 
7.7, 24.75, 100.47, 64.17, 64.858, , -6.225, 0.974, 843.713, 843.713, , -143.809, -143.809, -143.809, , , 35.048, 35.06, 7.381, 17.074, 0, 0, -42.65, -43.769, -42.65, -43.769, 1, 114.151, 114.151, 0.024, 0.033, , , , , 7.968, 7.381, 17.074, , , 1, 7.706, , , , , , , , , , , , , , , , , , , , , , , , , , , , , , , , , , , , , , , , , , , , , , , , , , , , , , , , , , , , , , , , 
7.75, 24.75, 100.47, 64.17, 64.857, , -6.329, 0.974, 852.108, 852.108, , -146.287, -146.287, -146.287, , , 34.832, 35.06, 7.379, 17.039, 0, 0, -43.265, -44.4, -43.265, -44.4, 1, 113.833, 113.833, 0.024, 0.033, , , , , 7.993, 7.379, 17.039, , , 1, 7.756, , , , , , , , , , , , , , , , , , , , , , , , , , , , , , , , , , , , , , , , , , , , , , , , , , , , , , , , , , , , , , , , 
7.8, 24.75, , , 64.856, , -6.441, , 860.448, 860.448, , -148.962, -148.962, -148.962, , , 34.616, 35.06, 7.378, 17.093, 0, 0, -43.937, -45.089, -43.937, -45.089, 1, 113.512, 113.512, 0.024, 0.033, , , , , 8.018, 7.378, 17.093, , , 1, 7.806, , , , , , , , , , , , , , , , , , , , , , , , , , , , , , , , , , , , , , , , , , , , , , , , , , , , , , , , , , , , , , , , 
7.85, 24.75, , , 64.855, , -6.46, , 868.787, 868.787, , -149.439, -149.439, -149.439, , , 34.4, 35.06, 7.378, 17.352, 0, 0, -43.952, -45.105, -43.952, -45.105, 1, 113.188, 113.188, 0.024, 0.033, , , , , 8.029, 7.378, 17.352, , , 1, 7.856, , , , , , , , , , , , , , , , , , , , , , , , , , , , , , , , , , , , , , , , , , , , , , , , , , , , , , , , , , , , , , , , 
7.9, 24.75, , , 64.855, , -6.446, , 877.126, 877.126, , -149.113, -149.113, -149.113, , , 34.444, 35.138, 7.378, 17.655, 0, 0, -43.73, -44.877, -43.73, -44.877, 1, 112.863, 112.863, 0.024, 0.033, , , , , 8.027, 7.378, 17.655, , , 1, 7.906, , , , , , , , , , , , , , , , , , , , , , , , , , , , , , , , , , , , , , , , , , , , , , , , , , , , , , , , , , , , , , , , 
7.95, 24.75, , , 64.854, , -6.438, , 885.465, 885.465, , -148.932, -148.932, -148.932, , , 34.588, 35.246, 7.38, 18.068, 0, 0, -43.55, -44.693, -43.55, -44.693, 1, 112.537, 112.537, 0.024, 0.033, , , , , 8.024, 7.38, 18.068, , , 1, 7.956, , , , , , , , , , , , , , , , , , , , , , , , , , , , , , , , , , , , , , , , , , , , , , , , , , , , , , , , , , , , , , , , 
8, 24.75, , , 64.853, , -6.41, , 893.805, 893.805, , -148.293, -148.293, -148.293, , , 34.732, 35.354, 7.381, 18.508, 0, 0, -43.237, -44.372, -43.237, -44.372, 1, 112.212, 112.212, 0.024, 0.033, , , , , 8.021, 7.381, 18.508, , , 1, 8.006, , , , , , , , , , , , , , , , , , , , , , , , , , , , , , , , , , , , , , , , , , , , , , , , , , , , , , , , , , , , , , , , 
8.05, 24.75, , , 64.852, , -6.42, , 901.977, 901.977, , -148.53, -148.53, -148.53, , , 34.876, 35.462, 7.383, 19.022, 0, 0, -43.183, -44.316, -43.183, -44.316, 1, 111.892, 111.892, 0.024, 0.033, , , , , 8.02, 7.383, 19.022, , , 1, 8.056, , , , , , , , , , , , , , , , , , , , , , , , , , , , , , , , , , , , , , , , , , , , , , , , , , , , , , , , , , , , , , , , 
8.1, 24.75, , , 64.852, , -6.417, , 910.316, 910.316, , -148.474, -148.474, -148.474, , , 35.02, 35.57, 7.384, 19.553, 0, 0, -43.04, -44.169, -43.04, -44.169, 1, 111.567, 111.567, 0.024, 0.033, , , , , 8.023, 7.384, 19.553, , , 1, 8.106, , , , , , , , , , , , , , , , , , , , , , , , , , , , , , , , , , , , , , , , , , , , , , , , , , , , , , , , , , , , , , , , 
8.15, 24.75, , , 64.851, , -6.407, , 918.489, 918.489, , -148.24, -148.24, -148.24, , , 35.086, 35.6, 7.384, 20.136, 0, 0, -42.85, -43.974, -42.85, -43.974, 1, 111.244, 111.244, 0.024, 0.033, , , , , 8.027, 7.384, 20.136, , , 1, 8.156, , , , , , , , , , , , , , , , , , , , , , , , , , , , , , , , , , , , , , , , , , , , , , , , , , , , , , , , , , , , , , , , 
8.2, 24.75, , , 64.85, , -6.389, , 926.661, 926.661, , -147.832, -147.832, -147.832, , , 35.122, 35.6, 7.384, 20.701, 0, 0, -42.61, -43.728, -42.61, -43.728, 1, 110.923, 110.923, 0.024, 0.033, , , , , 8.03, 7.384, 20.701, , , 1, 8.206, , , , , , , , , , , , , , , , , , , , , , , , , , , , , , , , , , , , , , , , , , , , , , , , , , , , , , , , , , , , , , , , 
8.25, , , , , , -6.393, , 934.834, 934.834, , -147.946, -147.946, -147.946, , , 35.158, 35.6, 7.383, 21.202, 0, 0, -42.526, -43.642, -42.526, -43.642, 1, 110.599, 110.599, 0.024, 0.033, , , , , 8.032, 7.383, 21.202, , , 1, 8.256, , , , , , , , , , , , , , , , , , , , , , , , , , , , , , , , , , , , , , , , , , , , , , , , , , , , , , , , , , , , , , , , 
8.3, , , , , , -6.377, , 940.844, 940.844, , -147.573, -147.573, -147.573, , , 35.194, 35.6, 7.382, 21.656, 0, 0, -42.356, -43.468, -42.356, -43.468, 1, 110.411, 110.411, 0.024, 0.033, , , , , 8.025, 7.382, 21.656, , , 1, 8.303, , , , , , , , , , , , , , , , , , , , , , , , , , , , , , , , , , , , , , , , , , , , , , , , , , , , , , , , , , , , , , , , 
8.35, , , , , , -6.36, , 944.87, 944.87, , -147.17, -147.17, -147.17, , , 35.23, 35.6, 7.381, 21.896, 0, 0, -42.18, -43.287, -42.18, -43.287, 1, 110.251, 110.251, 0.024, 0.033, , , , , 8.018, 7.381, 21.896, , , 1, 8.328, , , , , , , , , , , , , , , , , , , , , , , , , , , , , , , , , , , , , , , , , , , , , , , , , , , , , , , , , , , , , , , , 
8.4, , , , , , -6.363, , 948.976, 948.976, , -147.244, -147.244, -147.244, , , , , 7.38, 22.121, 0, 0, -42.139, -43.245, -42.139, -43.245, 1, 110.094, 110.094, 0.024, 0.033, , , , , 8.012, 7.38, 22.121, , , 1, 8.354, , , , , , , , , , , , , , , , , , , , , , , , , , , , , , , , , , , , , , , , , , , , , , , , , , , , , , , , , , , , , , , , 
8.45, , , , , , -6.398, , 953.002, 953.002, , -148.083, -148.083, -148.083, , , , , 7.38, 22.266, 0, 0, -42.318, -43.428, -42.318, -43.428, 1, 109.935, 109.935, 0.024, 0.033, , , , , 8.005, 7.38, 22.266, , , 1, 8.378, , , , , , , , , , , , , , , , , , , , , , , , , , , , , , , , , , , , , , , , , , , , , , , , , , , , , , , , , , , , , , , , 
8.5, , , , , , , , 957.028, 957.028, , , , , , , , , , , , , , , , , , , , , , , , , , , , , , , , , , , , , , , , , , , , , , , , , , , , , , , , , , , , , , , , , , , , , , , , , , , , , , , , , , , , , , , , , , , , , , , , 
