Time, (DWRT ATMO) Humidity, (DWRT ATMO) Pressure, (DWRT ATMO) Temperature 1, (DWRT ATMO) Temperature 2, (DWRT CPU) ????????????????????????????????????????????????????????????????, (DWRT CPU) Acceleration, (DWRT CPU) Correction Factor, (DWRT CPU) Distance, (DWRT CPU) Distance 1, (DWRT CPU) Engine RPM, (DWRT CPU) Force, (DWRT CPU) Force 1, (DWRT CPU) Force Drum 1, (DWRT CPU) Gear Ratio, (DWRT CPU) Inductive 1 Signal Strength, (DWRT CPU) Internal Temp 1, (DWRT CPU) Internal Temp 2, (DWRT CPU) LC1 Volts Petrol AFR, (DWRT CPU) LC2 Volts Petrol AFR2, (DWRT CPU) Link 0 Status, (DWRT CPU) Link 1 Status, (DWRT CPU) Power, (DWRT CPU) Power (uncorrected), (DWRT CPU) Power Drum 1, (DWRT CPU) Power Drum 1 (uncorrected), (DWRT CPU) Sampling, (DWRT CPU) Speed, (DWRT CPU) Speed 1, (DWRT CPU) TCP RX kB/s, (DWRT CPU) TCP TX kB/s, (DWRT CPU) Torque, (DWRT CPU) Torque (uncorrected), (DWRT CPU) Torque Drum 1, (DWRT CPU) Torque Drum 1 (uncorrected), (DWRT CPU) UDP RX kB/s, (DWRT CPU) User Analog 1, (DWRT CPU) User Analog 2, (DWRT CPU) User Analog 3, (DWRT CPU) User Analog 4, (Gen) Sampling, (Gen) Sampling Duration, (Harley - ECU Type 14 SW Level 141) Accel Enrichment, (Harley - ECU Type 14 SW Level 141) Decel Enleanment, (Harley - ECU Type 14 SW Level 141) Desired Air/Fuel, (Harley - ECU Type 14 SW Level 141) Engine Speed, (Harley - ECU Type 14 SW Level 141) Engine Temperature, (Harley - ECU Type 14 SW Level 141) Front Adaptive Fuel Factor, (Harley - ECU Type 14 SW Level 141) Front Closed Loop Integrator, (Harley - ECU Type 14 SW Level 141) Front Spark Knock Retard, (Harley - ECU Type 14 SW Level 141) Idle Air Control Motor Position, (Harley - ECU Type 14 SW Level 141) Injector Time Front, (Harley - ECU Type 14 SW Level 141) Injector Time Rear, (Harley - ECU Type 14 SW Level 141) Intake Air Temperature, (Harley - ECU Type 14 SW Level 141) Manifold Absolute Pressure, (Harley - ECU Type 14 SW Level 141) Rear Adaptive Fuel Factor, (Harley - ECU Type 14 SW Level 141) Rear Closed Loop Integrator, (Harley - ECU Type 14 SW Level 141) Rear Spark Knock Retard, (Harley - ECU Type 14 SW Level 141) Spark Advance Front, (Harley - ECU Type 14 SW Level 141) Spark Advance Rear, (Harley - ECU Type 14 SW Level 141) Throttle Position, (Harley - ECU Type 14 SW Level 141) Throttle Position Sensor Voltage, (Harley - ECU Type 14 SW Level 141) VE Front, (Harley - ECU Type 14 SW Level 141) VE New Front, (Harley - ECU Type 14 SW Level 141) VE New Rear, (Harley - ECU Type 14 SW Level 141) VE Rear, (Harley - ECU Type 14 SW Level 141) Vehicle Speed, (Harley - ECU Type 14 SW Level 141) WBO2 AFR Front, (Harley - ECU Type 14 SW Level 141) WBO2 AFR Rear, (PV) Accel Enrichment, (PV) AT Lambda 1, (PV) AT Lambda 2, (PV) Battery Voltage, (PV) Decel Enleanment, (PV) Desired Air/Fuel, (PV) Desired Lambda, (PV) Engine Speed, (PV) Engine Temperature, (PV) Front Adaptive Fuel Factor, (PV) Front Closed Loop Integrator, (PV) Front Spark Knock Retard, (PV) Idle Air Control Motor Position, (PV) Idle Set Speed, (PV) Injector Time Front, (PV) Injector Time Rear, (PV) Intake Air Temperature, (PV) Manifold Absolute Pressure, (PV) Rear Adaptive Fuel Factor, (PV) Rear Closed Loop Integrator, (PV) Rear Spark Knock Retard, (PV) Software Level, (PV) Spark Advance Front, (PV) Spark Advance Rear, (PV) Throttle Position, (PV) Throttle Position Sensor, (PV) Twistgrip Position, (PV) VE Front, (PV) VE New Front, (PV) VE New Rear, (PV) VE Rear, (PV) Vehicle Speed, (PV) Warm-up Fuel AFR (Lambda), (PV) Warm-up Fuel AFR (Ratio), (PV) WBO2 AFR Front, (PV) WBO2 AFR Rear, 
0, , , , , , 2.279, , , , , 55.97, 55.97, 55.97, , , , , , , , , , , , , , , , , , , , , , , , , , , , , , , , , , , , , , , , , , , , , , , , , , , , , , , , , , , , , , , , , , , , , , , , , , , , , , , , , , , , , , , , , , , , 
0.05, , , , , , 2.593, , , , , 63.428, 63.428, 63.428, , , , , , , , , , , , , , 47.649, 47.649, , , , , , , , , , , , 1, 0.069, , , , , , , , , , , , , , , , , , , , , , , , , , , , , , , , , , , , , , , , , , , , , , , , , , , , , , , , , , , , , , , , 
0.1, , , , , , 3.087, , 6.934, 6.934, 2.483, 75.145, 75.145, 75.145, 51.98, , , , , , , , 10.095, 10.392, 10.095, 10.392, , 47.77, 47.77, , , 24.358, 25.072, 24.358, 25.072, , , , , , 1, 0.121, 0.098, 0, 14.5, 2.483, 185, 0, 0, 0, 51.323, 4.798, 4.755, 111.2, 34.537, 100, 0, 0, 34.323, 34.231, 6.185, 0.848, 92.623, 0, 0, 101.146, 48.527, 0, 0, 0.098, 0, 0, 14.005, 0, 14.5, 0, 2.483, 185, 0, 0, 0, 51.323, 1, 0.005, 0.005, 111.2, 34.537, 100, 0, 0, 141, 34.323, 34.231, 6.185, 0.848, 0, 92.623, 0, 0, 101.146, 48.527, 0, 0, 0, 0, 
0.15, , , , , , 3.721, , 13.372, 13.372, 2.491, 90.174, 90.174, 90.174, 51.939, , , , 7.377, 13.699, 0, 0, 12.21, 12.568, 12.21, 12.568, 1, 48.166, 48.166, 0.025, 0.135, 28.567, 29.404, 28.567, 29.404, 4.712, 7.377, 13.699, , , 1, 0.195, 0.508, 0, 14.5, 2.491, 185, 0, 0, 0, 52.669, 5.706, 5.484, 111.2, 35.606, 100, 0, 0, 35.669, 35.192, 6.954, 0.883, 95.219, 0, 0, 103.838, 48.766, 0, 0, 0.508, 0, 0, 14.024, 0, 14.5, 0, 2.491, 185, 0, 0, 0, 52.669, 1, 0.006, 0.006, 111.2, 35.606, 100, 0, 0, 141, 35.669, 35.192, 6.958, 0.883, 0, 95.219, 0, 0, 103.838, 48.766, 0, 0, 0, 0, 
0.2, , , , , , 4.454, , 18.679, 18.679, 2.5, 107.58, 107.58, 107.58, 51.834, , 35.257, 35.181, 7.378, 13.78, 0, 0, 14.617, 15.047, 14.617, 15.047, 1, 48.58, 48.58, 0.025, 0.135, 33.58, 34.564, 33.58, 34.564, 4.741, 7.378, 13.78, , , 1, 0.27, 0.918, 0, 14.5, 2.5, 185, 0, 0, 0, 54.015, 6.613, 6.213, 111.2, 36.676, 100, 0, 0, 37.015, 36.154, 7.723, 0.918, 97.815, 0, 0, 106.531, 49.004, 0, 0, 0.918, 0, 0, 14.043, 0, 14.5, 0, 2.5, 185, 0, 0, 0, 54.015, 1, 0.007, 0.006, 111.2, 36.676, 100, 0, 0, 141, 37.015, 36.154, 7.73, 0.918, 0, 97.815, 0, 0, 106.531, 49.004, 0, 0, 0, 0, 
0.25, , , , , , 6.228, , 23.986, 23.986, 2.508, 149.682, 149.682, 149.682, 51.706, , 35.293, 35.434, 7.379, 13.782, 0, 0, 19.284, 19.85, 19.284, 19.85, 1, 48.973, 48.973, 0.025, 0.135, 40.716, 41.911, 40.716, 41.911, 4.769, 7.379, 13.782, , , 1, 0.344, 1.327, 0, 14.5, 2.508, 185, 0, 0, 0, 55.362, 7.521, 6.941, 111.2, 37.745, 100, 0, 0, 38.362, 37.115, 8.492, 0.952, 100.412, 0, 0, 109.223, 49.243, 0, 0, 1.327, 0, 0, 14.062, 0, 14.5, 0, 2.508, 185, 0, 0, 0, 55.362, 1, 0.007, 0.007, 111.2, 37.745, 100, 0, 0, 141, 38.362, 37.115, 8.502, 0.952, 0, 100.412, 0, 0, 109.223, 49.243, 0, 0, 0, 0, 
0.3, , , , , , 7.297, , 28.09, 28.09, 2.516, 175.054, 175.054, 175.054, 51.598, , 35.33, 35.687, 7.38, 13.712, 0, 0, 22.407, 23.065, 22.407, 23.065, 1, 49.308, 49.308, 0.025, 0.135, 46.18, 47.537, 46.18, 47.537, 4.798, 7.38, 13.712, , , 1, 0.397, 1.737, 0, 14.5, 2.516, 185, 0, 0, 0, 56.708, 8.429, 7.67, 111.2, 38.815, 100, 0, 0, 39.708, 38.077, 9.262, 0.987, 103.008, 0, 0, 111.915, 49.481, 0, 0, 1.737, 0, 0, 14.082, 0, 14.5, 0, 2.516, 185, 0, 0, 0, 56.708, 1, 0.008, 0.007, 111.2, 38.815, 100, 0, 0, 141, 39.708, 38.077, 9.274, 0.987, 0, 103.008, 0, 0, 111.915, 49.481, 0, 0, 0, 0, 
0.35, , , , , , 7.978, , 31.647, 31.647, 2.525, 191.217, 191.217, 191.217, 51.524, , 35.366, 35.94, 7.38, 13.519, 0, 0, 24.654, 25.378, 24.654, 25.378, 1, 49.69, 49.69, 0.025, 0.135, 50.51, 51.995, 50.51, 51.995, 4.823, 7.38, 13.519, , , 1, 0.447, 2.125, 0, 14.497, 2.525, 185, 0, 0, 0, 58.1, 9.332, 8.413, 111.214, 40.132, 100, 0, 0, 40.952, 38.971, 10.119, 1.025, 105.487, 0, 0, 114.437, 49.736, 0, 0, 2.125, 0, 0, 14.1, 0, 14.497, 0, 2.525, 185, 0, 0, 0, 58.1, 1, 0.009, 0.008, 111.214, 40.132, 100, 0, 0, 141, 40.952, 38.971, 10.178, 1.025, 0, 105.487, 0, 0, 114.437, 49.736, 0, 0, 0, 0, 
0.4, , 100.52, 62.92, , , 8.564, 0.971, 35.242, 35.242, 2.554, 205.12, 205.12, 205.12, 51.453, , 35.402, 36.193, 7.379, 13.204, 0, 0, 26.652, 27.434, 26.652, 27.434, 1, 50.098, 50.098, 0.025, 0.135, 54.254, 55.85, 54.254, 55.85, 4.832, 7.379, 13.204, , , 1, 0.497, 1.998, 0, 14.41, 2.554, 185, 0, 0, 0, 60.6, 10.12, 9.495, 111.56, 45.327, 100, 0, 0, 39.75, 38.25, 13.1, 1.148, 105.15, 0, 0, 112.85, 50.393, 0, 0, 1.998, 0, 0, 14.09, 0, 14.41, 0, 2.554, 185, 0, 0, 0, 60.6, 1, 0.01, 0.009, 111.56, 45.327, 100, 0, 0, 141, 39.75, 38.25, 13.148, 1.148, 0, 105.15, 0, 0, 112.85, 50.393, 0, 0, 0, 0, 
0.45, , 100.52, 62.92, , , 9.11, 0.971, 38.891, 38.891, 2.583, 218.093, 218.093, 218.093, 51.38, , 35.492, 36.23, 7.379, 12.959, 0, 0, 28.583, 29.418, 28.583, 29.418, 1, 50.53, 50.53, 0.025, 0.135, 57.769, 59.469, 57.769, 59.469, 4.84, 7.379, 12.959, , , 1, 0.547, 1.871, 0, 14.323, 2.583, 185, 0, 0, 0, 63.1, 10.908, 10.577, 111.906, 50.523, 100, 0, 0, 38.548, 37.529, 16.081, 1.271, 104.813, 0, 0, 111.263, 51.05, 0, 0, 1.871, 0, 0, 14.08, 0, 14.323, 0, 2.583, 185, 0, 0, 0, 63.1, 1, 0.011, 0.01, 111.906, 50.523, 100, 0, 0, 141, 38.548, 37.529, 16.117, 1.271, 0, 104.813, 0, 0, 111.263, 51.05, 0, 0, 0, 0, 
0.5, , 100.521, 62.92, , , 9.564, 0.971, 42.539, 42.539, 2.611, 228.862, 228.862, 228.862, 51.301, , 35.636, 36.05, 7.379, 12.799, 0, 0, 30.266, 31.15, 30.266, 31.15, 1, 50.988, 50.988, 0.025, 0.135, 60.714, 62.5, 60.714, 62.5, 4.849, 7.379, 12.799, , , 1, 0.597, 1.744, 0, 14.237, 2.611, 185, 0, 0, 0, 65.6, 11.697, 11.658, 112.252, 55.718, 100, 0, 0, 37.346, 36.808, 19.062, 1.394, 104.477, 0, 0, 109.677, 51.706, 0, 0, 1.744, 0, 0, 14.071, 0, 14.237, 0, 2.611, 185, 0, 0, 0, 65.6, 1, 0.012, 0.012, 112.252, 55.718, 100, 0, 0, 141, 37.346, 36.808, 19.086, 1.394, 0, 104.477, 0, 0, 109.677, 51.706, 0, 0, 0, 0, 
0.55, , 100.521, 62.92, , , 9.991, 0.971, 46.216, 46.216, 2.64, 239.002, 239.002, 239.002, 51.22, , 35.78, 35.87, 7.379, 12.687, 0, 0, 31.904, 32.837, 31.904, 32.837, 1, 51.47, 51.47, 0.025, 0.135, 63.502, 65.369, 63.502, 65.369, 4.858, 7.379, 12.687, , , 1, 0.647, 1.617, 0, 14.15, 2.64, 185, 0, 0, 0, 68.1, 12.485, 12.74, 112.598, 60.913, 100, 0, 0, 36.144, 36.087, 22.042, 1.517, 104.14, 0, 0, 108.09, 52.363, 0, 0, 1.617, 0, 0, 14.061, 0, 14.15, 0, 2.64, 185, 0, 0, 0, 68.1, 1, 0.012, 0.013, 112.598, 60.913, 100, 0, 0, 141, 36.144, 36.087, 22.056, 1.517, 0, 104.14, 0, 0, 108.09, 52.363, 0, 0, 0, 0, 
0.6, , 100.522, 62.92, , , 10.419, 0.971, 49.937, 49.937, 2.669, 249.16, 249.16, 249.16, 51.14, , 35.924, 35.69, 7.379, 12.638, 0, 0, 33.579, 34.563, 33.579, 34.563, 1, 51.969, 51.969, 0.025, 0.135, 66.303, 68.252, 66.303, 68.252, 4.853, 7.379, 12.638, , , 1, 0.697, 1.49, 0, 14.064, 2.669, 185, 0, 0, 0, 70.6, 13.274, 13.822, 112.945, 66.109, 100, 0, 0, 34.942, 35.365, 25.023, 1.64, 103.804, 0, 0, 106.504, 53.02, 0, 0, 1.49, 0, 0, 14.052, 0, 14.064, 0, 2.669, 185, 0, 0, 0, 70.6, 1, 0.013, 0.014, 112.945, 66.109, 100, 0, 0, 141, 34.942, 35.365, 25.025, 1.64, 0, 103.804, 0, 0, 106.504, 53.02, 0, 0, 0, 0, 
0.65, , 100.522, 62.92, , , 10.85, 0.971, 53.703, 53.703, 2.683, 259.393, 259.393, 259.393, 51.052, , 36.068, 35.51, 7.379, 12.613, 0, 0, 35.298, 36.332, 35.298, 36.332, 1, 52.66, 52.66, 0.025, 0.135, 69.13, 71.162, 69.13, 71.162, 4.847, 7.379, 12.613, , , 1, 0.747, 1.546, 0, 13.971, 2.683, 185, 0, 0, 0, 71, 13.685, 14.296, 113, 68.464, 100, 0, 0, 34.355, 34.767, 26.291, 1.692, 103.003, 0, 0, 105.415, 53.398, 0, 0, 1.546, 0, 0, 14.041, 0, 13.971, 0, 2.683, 185, 0, 0, 0, 71, 1, 0.014, 0.014, 113, 68.464, 100, 0, 0, 141, 34.355, 34.767, 26.291, 1.692, 0, 103.003, 0, 0, 105.415, 53.398, 0, 0, 0, 0, 
0.7, , 100.522, 62.92, , , 11.393, 0.971, 59.445, 59.445, 2.695, 272.294, 272.294, 272.294, 50.976, , 35.96, 35.438, 7.38, 12.623, 0, 0, 37.657, 38.763, 37.657, 38.763, 1, 53.374, 53.374, 0.025, 0.135, 72.686, 74.821, 72.686, 74.821, 4.841, 7.38, 12.623, , , 1, 0.797, 1.636, 0, 13.877, 2.695, 185, 0, 0, 0, 71, 14.024, 14.655, 113, 70.277, 100, 0, 0, 33.884, 34.191, 27.232, 1.729, 102.114, 0, 0, 104.422, 53.724, 0, 0, 1.636, 0, 0, 14.031, 0, 13.877, 0, 2.695, 185, 0, 0, 0, 71, 1, 0.014, 0.015, 113, 70.277, 100, 0, 0, 141, 33.884, 34.191, 27.232, 1.729, 0, 102.114, 0, 0, 104.422, 53.724, 0, 0, 0, 0, 
0.75, , 100.523, 62.92, , , 11.815, 0.971, 63.694, 63.694, 2.706, 282.323, 282.323, 282.323, 50.93, , 35.6, 35.474, 7.38, 12.622, 0, 0, 39.501, 40.661, 39.501, 40.661, 1, 53.94, 53.94, 0.025, 0.135, 75.435, 77.65, 75.435, 77.65, 4.835, 7.38, 12.622, , , 1, 0.846, 1.725, 0, 13.783, 2.706, 185, 0, 0, 0, 71, 14.363, 15.014, 113, 72.091, 100, 0, 0, 33.413, 33.616, 28.174, 1.767, 101.225, 0, 0, 103.428, 54.049, 0, 0, 1.725, 0, 0, 14.02, 0, 13.783, 0, 2.706, 185, 0, 0, 0, 71, 1, 0.014, 0.015, 113, 72.091, 100, 0, 0, 141, 33.413, 33.616, 28.174, 1.767, 0, 101.225, 0, 0, 103.428, 54.049, 0, 0, 0, 0, 
0.8, , 100.523, 62.92, , , 12.185, 0.971, 67.557, 67.557, 2.718, 291.11, 291.11, 291.11, 50.893, , 35.24, 35.51, 7.379, 12.603, 0, 0, 41.167, 42.376, 41.167, 42.376, 1, 54.527, 54.527, 0.025, 0.135, 77.834, 80.12, 77.834, 80.12, 4.845, 7.379, 12.603, , , 1, 0.897, 1.815, 0, 13.688, 2.718, 185, 0, 0, 0, 71, 14.701, 15.373, 113, 73.905, 100, 0, 0, 32.942, 33.041, 29.115, 1.805, 100.336, 0, 0, 102.434, 54.374, 0, 0, 1.815, 0, 0, 14.01, 0, 13.688, 0, 2.718, 185, 0, 0, 0, 71, 1, 0.015, 0.016, 113, 73.905, 100, 0, 0, 141, 32.942, 33.041, 29.115, 1.805, 0, 100.336, 0, 0, 102.434, 54.374, 0, 0, 0, 0, 
0.85, 21.65, 100.523, 62.92, 63.59, , 12.521, 0.971, 71.473, 71.473, 2.731, 299.101, 299.101, 299.101, 50.868, 97.646, 34.88, 35.546, 7.379, 12.557, 0, 0, 42.759, 44.015, 42.759, 44.015, 1, 55.126, 55.126, 0.025, 0.135, 80.007, 82.358, 80.007, 82.358, 4.857, 7.379, 12.557, , , 1, 0.947, 1.894, 0, 13.587, 2.731, 185, 0, 0, 0, 71, 15.046, 15.722, 112.978, 75.769, 100, 0, 0, 32.464, 32.458, 30.12, 1.845, 99.428, 0, 0, 101.446, 54.717, 0, 0, 1.894, 0, 0, 14, 0, 13.587, 0, 2.731, 185, 0, 0, 0, 71, 1, 0.015, 0.016, 112.978, 75.769, 100, 0, 0, 141, 32.464, 32.458, 30.12, 1.845, 0, 99.428, 0, 0, 101.446, 54.717, 0, 0, 0, 0, 
0.9, 21.65, 100.524, 62.92, 63.59, , 12.823, 0.971, 75.431, 75.431, 2.762, 306.275, 306.275, 306.275, 50.855, 94.721, 34.52, 35.582, 7.378, 12.464, 0, 0, 44.269, 45.569, 44.269, 45.569, 1, 55.75, 55.75, 0.025, 0.135, 81.947, 84.356, 81.947, 84.356, 4.868, 7.378, 12.464, , , 1, 0.997, 1.788, 0, 13.367, 2.762, 185, 0, 0, 0, 71, 15.476, 15.924, 112.618, 78.427, 100, 0, 0, 31.864, 31.758, 32.12, 1.923, 98.228, 0, 0, 100.546, 55.339, 0, 0, 1.788, 0, 0, 14, 0, 13.367, 0, 2.762, 185, 0, 0, 0, 71, 1, 0.015, 0.016, 112.618, 78.427, 100, 0, 0, 141, 31.864, 31.758, 32.12, 1.923, 0, 98.228, 0, 0, 100.546, 55.339, 0, 0, 0, 0, 
0.95, 21.65, 100.524, 62.92, 63.59, , 13.122, 0.971, 79.388, 79.388, 2.794, 313.391, 313.391, 313.391, 50.845, 91.796, 34.322, 35.888, 7.378, 12.366, 0, 0, 45.802, 47.147, 45.802, 47.147, 1, 56.385, 56.385, 0.024, 0.135, 83.867, 86.332, 83.867, 86.332, 4.879, 7.378, 12.366, , , 1, 1.048, 1.682, 0, 13.147, 2.794, 185, 0, 0, 0, 71, 15.906, 16.126, 112.258, 81.085, 100, 0, 0, 31.264, 31.058, 34.12, 2.001, 97.028, 0, 0, 99.646, 55.961, 0, 0, 1.682, 0, 0, 14, 0, 13.147, 0, 2.794, 185, 0, 0, 0, 71, 1, 0.016, 0.016, 112.258, 81.085, 100, 0, 0, 141, 31.264, 31.058, 34.12, 2.001, 0, 97.028, 0, 0, 99.646, 55.961, 0, 0, 0, 0, 
1, 21.65, 100.525, 62.92, 63.59, , 13.35, 0.971, 83.484, 83.484, 2.825, 318.82, 318.82, 318.82, 50.832, 88.871, 34.286, 36.464, 7.378, 12.258, 0, 0, 47.123, 48.508, 47.123, 48.508, 1, 57.025, 57.025, 0.025, 0.135, 85.342, 87.85, 85.342, 87.85, 4.899, 7.378, 12.258, , , 1, 1.097, 1.576, 0, 12.927, 2.825, 185, 0, 0, 0, 71, 16.336, 16.328, 111.898, 83.743, 100, 0, 0, 30.664, 30.358, 36.12, 2.079, 95.828, 0, 0, 98.746, 56.583, 0, 0, 1.576, 0, 0, 14, 0, 12.927, 0, 2.825, 185, 0, 0, 0, 71, 1, 0.016, 0.017, 111.898, 83.743, 100, 0, 0, 141, 30.664, 30.358, 36.12, 2.079, 0, 95.828, 0, 0, 98.746, 56.583, 0, 0, 0, 0, 
1.05, 21.65, 100.525, 62.92, 63.59, , 13.533, 0.971, 87.581, 87.581, 2.856, 323.162, 323.162, 323.162, 50.819, 85.946, 34.25, 37.04, 7.378, 12.163, 0, 0, 48.305, 49.725, 48.305, 49.725, 1, 57.675, 57.675, 0.025, 0.135, 86.524, 89.067, 86.524, 89.067, 4.924, 7.378, 12.163, , , 1, 1.147, 1.47, 0, 12.707, 2.856, 185, 0, 0, 0, 71, 16.766, 16.53, 111.538, 86.401, 100, 0, 0, 30.064, 29.658, 38.12, 2.157, 94.628, 0, 0, 97.846, 57.205, 0, 0, 1.47, 0, 0, 14, 0, 12.707, 0, 2.856, 185, 0, 0, 0, 71, 1, 0.017, 0.017, 111.538, 86.401, 100, 0, 0, 141, 30.064, 29.658, 38.12, 2.157, 0, 94.628, 0, 0, 97.846, 57.205, 0, 0, 0, 0, 
1.1, 21.65, 100.525, 62.92, 63.59, , 13.7, 0.971, 91.73, 91.73, 2.889, 327.149, 327.149, 327.149, 50.81, 83.021, 34.214, 37.616, 7.379, 12.094, 0, 0, 49.464, 50.918, 49.464, 50.918, 1, 58.343, 58.343, 0.025, 0.135, 87.608, 90.183, 87.608, 90.183, 4.949, 7.379, 12.094, , , 1, 1.197, 1.358, 0, 12.5, 2.889, 185, 0, 0, 0, 71, 17.17, 16.731, 111.2, 89.026, 100, 0, 0, 29.485, 29, 40.27, 2.239, 93.482, 0, 0, 96.976, 57.85, 0, 0, 1.358, 0, 0, 14, 0, 12.5, 0, 2.889, 185, 0, 0, 0, 71, 1, 0.017, 0.017, 111.2, 89.026, 100, 0, 0, 141, 29.485, 29, 40.27, 2.239, 0, 93.482, 0, 0, 96.976, 57.85, 0, 0, 0, 0, 
1.15, 21.65, 100.526, 62.92, 63.59, , 13.833, 0.971, 95.9, 95.9, 2.944, 330.32, 330.32, 330.32, 50.811, 80.096, 34.178, 38.192, 7.38, 12.042, 0, 0, 50.513, 51.996, 50.513, 51.996, 1, 59.011, 59.011, 0.025, 0.135, 88.456, 91.056, 88.456, 91.056, 4.974, 7.38, 12.042, , , 1, 1.247, 1.154, 0, 12.5, 2.944, 185, 0, 0, 0, 71, 17.173, 16.92, 111.2, 91.129, 100, 0, 0, 29.235, 29, 44.77, 2.39, 93.182, 0, 0, 96.576, 58.843, 0, 0, 1.154, 0, 0, 14, 0, 12.5, 0, 2.944, 185, 0, 0, 0, 71, 1, 0.017, 0.017, 111.2, 91.129, 100, 0, 0, 141, 29.235, 29, 44.77, 2.39, 0, 93.182, 0, 0, 96.576, 58.843, 0, 0, 0, 0, 
1.2, 21.65, 100.526, 62.92, 63.59, , 13.958, 0.971, 100.144, 100.144, 2.998, 333.295, 333.295, 333.295, 50.825, 77.172, 34.268, 38.246, 7.381, 12.026, 0, 0, 51.551, 53.065, 51.551, 53.065, 1, 59.689, 59.689, 0.025, 0.136, 89.227, 91.85, 89.227, 91.85, 4.995, 7.381, 12.026, , , 1, 1.297, 0.95, 0, 12.5, 2.998, 185, 0, 0, 0, 71, 17.176, 17.109, 111.2, 93.232, 100, 0, 0, 28.985, 29, 49.27, 2.541, 92.882, 0, 0, 96.176, 59.836, 0, 0, 0.95, 0, 0, 14, 0, 12.5, 0, 2.998, 185, 0, 0, 0, 71, 1, 0.017, 0.017, 111.2, 93.232, 100, 0, 0, 141, 28.985, 29, 49.27, 2.541, 0, 92.882, 0, 0, 96.176, 59.836, 0, 0, 0, 0, 
1.25, 21.65, 100.526, 62.92, 63.59, , 14.078, 0.971, 104.469, 104.469, 3.052, 336.168, 336.168, 336.168, 50.854, 74.247, 34.484, 37.778, 7.382, 12.015, 0, 0, 52.594, 54.139, 52.594, 54.139, 1, 60.379, 60.379, 0.025, 0.136, 89.946, 92.59, 89.946, 92.59, 5.012, 7.382, 12.015, , , 1, 1.347, 0.746, 0, 12.5, 3.052, 185, 0, 0, 0, 71, 17.179, 17.298, 111.2, 95.335, 100, 0, 0, 28.735, 29, 53.77, 2.692, 92.582, 0, 0, 95.776, 60.829, 0, 0, 0.746, 0, 0, 14, 0, 12.5, 0, 3.052, 185, 0, 0, 0, 71, 1, 0.017, 0.017, 111.2, 95.335, 100, 0, 0, 141, 28.735, 29, 53.77, 2.692, 0, 92.582, 0, 0, 95.776, 60.829, 0, 0, 0, 0, 
1.3, 21.65, 100.527, 62.92, 63.59, , 14.183, 0.971, 108.793, 108.793, 3.106, 338.658, 338.658, 338.658, 50.898, 71.322, 34.7, 37.31, 7.382, 12.018, 0, 0, 53.587, 55.161, 53.587, 55.161, 1, 61.065, 61.065, 0.025, 0.136, 90.537, 93.197, 90.537, 93.197, 5.028, 7.382, 12.018, , , 1, 1.397, 0.542, 0, 12.5, 3.106, 185, 0, 0, 0, 71, 17.182, 17.487, 111.2, 97.438, 100, 0, 0, 28.485, 29, 58.27, 2.843, 92.282, 0, 0, 95.376, 61.822, 0, 0, 0.542, 0, 0, 14, 0, 12.5, 0, 3.106, 185, 0, 0, 0, 71, 1, 0.017, 0.017, 111.2, 97.438, 100, 0, 0, 141, 28.485, 29, 58.27, 2.843, 0, 92.282, 0, 0, 95.376, 61.822, 0, 0, 0, 0, 
1.35, 21.65, 100.527, 62.92, 63.59, , 14.312, 0.971, 113.157, 113.157, 3.159, 341.738, 341.738, 341.738, 50.955, 68.397, 34.916, 36.842, 7.382, 12.015, 0, 0, 54.688, 56.294, 54.688, 56.294, 1, 61.759, 61.759, 0.025, 0.136, 91.26, 93.941, 91.26, 93.941, 5.044, 7.382, 12.015, , , 1, 1.447, 0.351, 0, 12.5, 3.159, 185, 0, 0, 0, 71, 17.193, 17.674, 111.2, 99.431, 100, 0, 0, 28.253, 29, 62.594, 2.988, 92.025, 0, 0, 95.025, 62.778, 0, 0, 0.351, 0, 0, 14, 0, 12.5, 0, 3.159, 185, 0, 0, 0, 71, 1, 0.018, 0.018, 111.2, 99.431, 100, 0, 0, 141, 28.253, 29, 62.594, 2.988, 0, 92.025, 0, 0, 95.025, 62.778, 0, 0, 0, 0, 
1.4, 21.65, 100.528, 62.92, 63.59, , 14.442, 0.971, 117.647, 117.647, 3.179, 344.839, 344.839, 344.839, 51.014, 65.472, 35.132, 36.374, 7.382, 12, 0, 0, 55.819, 57.462, 55.819, 57.462, 1, 62.465, 62.465, 0.025, 0.137, 91.976, 94.678, 91.976, 94.678, 5.061, 7.382, 12, , , 1, 1.497, 0.361, 0, 12.5, 3.179, 185, 0, 0, 0, 71, 17.321, 17.818, 111.2, 99.701, 100, 0, 0, 28.305, 29, 64.156, 3.041, 92.442, 0, 0, 95.442, 63.167, 0, 0, 0.361, 0, 0, 14, 0, 12.5, 0, 3.179, 185, 0, 0, 0, 71, 1, 0.018, 0.018, 111.2, 99.701, 100, 0, 0, 141, 28.305, 29, 64.156, 3.041, 0, 92.442, 0, 0, 95.442, 63.167, 0, 0, 0, 0, 
1.45, 21.65, 100.528, 62.92, 63.59, , 14.556, 0.971, 122.137, 122.137, 3.2, 347.558, 347.558, 347.558, 51.056, 62.547, 35.24, 36.086, 7.382, 11.981, 0, 0, 56.889, 58.564, 56.889, 58.564, 1, 63.172, 63.172, 0.025, 0.136, 92.624, 95.346, 92.624, 95.346, 5.087, 7.382, 11.981, , , 1, 1.547, 0.371, 0, 12.5, 3.2, 185, 0, 0, 0, 71, 17.449, 17.963, 111.2, 99.971, 100, 0, 0, 28.357, 29, 65.719, 3.094, 92.858, 0, 0, 95.858, 63.555, 0, 0, 0.371, 0, 0, 14, 0, 12.5, 0, 3.2, 185, 0, 0, 0, 71, 1, 0.018, 0.018, 111.2, 99.971, 100, 0, 0, 141, 28.357, 29, 65.719, 3.094, 0, 92.858, 0, 0, 95.858, 63.555, 0, 0, 0, 0, 
1.5, 21.65, 100.528, 62.92, 63.59, , 14.667, 0.971, 126.639, 126.639, 3.22, 350.224, 350.224, 350.224, 51.076, 59.622, 35.24, 35.979, 7.381, 11.95, 0, 0, 57.969, 59.674, 57.969, 59.674, 1, 63.885, 63.885, 0.025, 0.136, 93.298, 96.038, 93.298, 96.038, 5.113, 7.381, 11.95, , , 1, 1.597, 0.382, 0, 12.5, 3.22, 185, 0, 0, 0, 71, 17.577, 18.108, 111.2, 100.241, 100, 0, 0, 28.409, 29, 67.281, 3.148, 93.275, 0, 0, 96.275, 63.944, 0, 0, 0.382, 0, 0, 14, 0, 12.5, 0, 3.22, 185, 0, 0, 0, 71, 1, 0.018, 0.018, 111.2, 100.241, 100, 0, 0, 141, 28.409, 29, 67.281, 3.148, 0, 93.275, 0, 0, 96.275, 63.944, 0, 0, 0, 0, 
1.55, 21.65, 100.529, 62.92, 63.59, , 14.759, 0.971, 131.226, 131.226, 3.241, 352.411, 352.411, 352.411, 51.075, 56.697, 35.24, 35.871, 7.38, 11.916, 0, 0, 58.979, 60.714, 58.979, 60.714, 1, 64.601, 64.601, 0.025, 0.136, 93.88, 96.638, 93.88, 96.638, 5.139, 7.38, 11.916, , , 1, 1.647, 0.392, 0, 12.5, 3.241, 185, 0, 0, 0, 71, 17.705, 18.253, 111.2, 100.51, 100, 0, 0, 28.461, 29, 68.844, 3.201, 93.692, 0, 0, 96.692, 64.332, 0, 0, 0.392, 0, 0, 14, 0, 12.5, 0, 3.241, 185, 0, 0, 0, 71, 1, 0.018, 0.018, 111.2, 100.51, 100, 0, 0, 141, 28.461, 29, 68.844, 3.201, 0, 93.692, 0, 0, 96.692, 64.332, 0, 0, 0, 0, 
1.6, 21.65, 100.529, 62.92, 63.59, , 14.885, 0.971, 136.13, 136.13, 3.271, 355.424, 355.424, 355.424, 51.053, 53.772, 35.24, 35.764, 7.381, 11.877, 0, 0, 60.153, 61.924, 60.153, 61.924, 1, 65.323, 65.323, 0.025, 0.136, 94.723, 97.506, 94.723, 97.506, 5.166, 7.381, 11.877, , , 1, 1.698, 0.394, 0, 12.5, 3.271, 185.1, 0, 0, 0, 71, 17.861, 18.411, 111.11, 100.765, 100, 0, 0, 28.538, 29.012, 71.075, 3.282, 94.35, 0, 0, 97.325, 64.931, 0, 0, 0.394, 0, 0, 14, 0, 12.5, 0, 3.271, 185.1, 0, 0, 0, 71, 1, 0.018, 0.018, 111.11, 100.765, 100, 0, 0, 141, 28.538, 29.012, 71.075, 3.282, 0, 94.35, 0, 0, 97.325, 64.931, 0, 0, 0, 0, 
1.65, 21.65, 100.53, 62.92, 63.59, , 14.942, 0.971, 142.91, 142.91, 3.327, 356.806, 356.806, 356.806, 51.028, 50.847, 35.24, 35.656, 7.382, 11.839, 0, 0, 61.113, 62.91, 61.113, 62.91, 1, 66.273, 66.273, 0.025, 0.135, 95.153, 97.948, 95.153, 97.948, 5.206, 7.382, 11.839, , , 1, 1.747, 0.372, 0, 12.5, 3.327, 185.485, 0, 0, 0, 71, 18.094, 18.605, 110.764, 100.977, 100, 0, 0, 28.682, 29.061, 75.21, 3.441, 95.696, 0, 0, 98.575, 66.126, 0, 0, 0.372, 0, 0, 14, 0, 12.5, 0, 3.327, 185.485, 0, 0, 0, 71, 1, 0.018, 0.018, 110.764, 100.977, 100, 0, 0, 141, 28.682, 29.061, 75.21, 3.441, 0, 95.696, 0, 0, 98.575, 66.126, 0, 0, 0, 0, 
1.7, 21.65, 100.53, 62.92, 63.59, , 15.072, 0.971, 147.687, 147.687, 3.384, 359.913, 359.913, 359.913, 51.027, 47.922, 35.257, 35.652, 7.383, 11.807, 0, 0, 62.611, 64.45, 62.611, 64.45, 1, 67.143, 67.143, 0.025, 0.135, 95.972, 98.791, 95.972, 98.791, 5.246, 7.383, 11.807, , , 1, 1.798, 0.35, 0, 12.5, 3.384, 185.869, 0, 0, 0, 71, 18.328, 18.799, 110.418, 101.188, 100, 0, 0, 28.826, 29.109, 79.344, 3.601, 97.042, 0, 0, 99.825, 67.321, 0, 0, 0.35, 0, 0, 14, 0, 12.5, 0, 3.384, 185.869, 0, 0, 0, 71, 1, 0.018, 0.019, 110.418, 101.188, 100, 0, 0, 141, 28.826, 29.109, 79.344, 3.601, 0, 97.042, 0, 0, 99.825, 67.321, 0, 0, 0, 0, 
1.75, 21.65, 100.53, 62.92, 63.59, , 15.118, 0.971, 152.552, 152.552, 3.441, 361.026, 361.026, 361.026, 51.054, 44.997, 35.293, 35.76, 7.384, 11.778, 0, 0, 63.495, 65.361, 63.495, 65.361, 1, 67.88, 67.88, 0.025, 0.135, 96.218, 99.043, 96.218, 99.043, 5.287, 7.384, 11.778, , , 1, 1.847, 0.328, 0, 12.5, 3.441, 186.254, 0, 0, 0, 71, 18.562, 18.993, 110.072, 101.4, 100, 0, 0, 28.97, 29.157, 83.479, 3.76, 98.388, 0, 0, 101.075, 68.516, 0, 0, 0.328, 0, 0, 14, 0, 12.5, 0, 3.441, 186.254, 0, 0, 0, 71, 1, 0.019, 0.019, 110.072, 101.4, 100, 0, 0, 141, 28.97, 29.157, 83.479, 3.76, 0, 98.388, 0, 0, 101.075, 68.516, 0, 0, 0, 0, 
1.8, 21.65, 100.53, 62.92, 63.59, , 15.21, 0.971, 157.416, 157.416, 3.497, 363.216, 363.216, 363.216, 51.103, 42.072, 35.33, 35.869, 7.384, 11.757, 0, 0, 64.573, 66.47, 64.573, 66.47, 1, 68.618, 68.618, 0.025, 0.134, 96.707, 99.547, 96.707, 99.547, 5.327, 7.384, 11.757, , , 1, 1.897, 0.306, 0, 12.5, 3.497, 186.638, 0, 0, 0, 71, 18.795, 19.187, 109.725, 101.611, 100, 0, 0, 29.114, 29.205, 87.613, 3.92, 99.735, 0, 0, 102.325, 69.712, 0, 0, 0.306, 0, 0, 14, 0, 12.5, 0, 3.497, 186.638, 0, 0, 0, 71, 1, 0.019, 0.019, 109.725, 101.611, 100, 0, 0, 141, 29.114, 29.205, 87.613, 3.92, 0, 99.735, 0, 0, 102.325, 69.712, 0, 0, 0, 0, 
1.85, 21.65, 100.53, 62.92, 63.59, , 15.264, 0.971, 162.305, 162.305, 3.553, 364.508, 364.508, 364.508, 51.175, 59.411, 35.366, 35.977, 7.384, 11.738, 0, 0, 65.502, 67.426, 65.502, 67.426, 1, 69.362, 69.362, 0.025, 0.134, 96.918, 99.764, 96.918, 99.764, 5.35, 7.384, 11.738, , , 1, 1.947, 0.284, 0, 12.5, 3.553, 187, 0, 0, 0, 71, 19.022, 19.375, 109.389, 101.812, 100, 0, 0, 29.259, 29.253, 91.606, 4.074, 101.044, 0, 0, 103.538, 70.882, 0, 0, 0.284, 0, 0, 14, 0, 12.5, 0, 3.553, 187, 0, 0, 0, 71, 1, 0.019, 0.02, 109.389, 101.812, 100, 0, 0, 141, 29.259, 29.253, 91.606, 4.074, 0, 101.044, 0, 0, 103.538, 70.882, 0, 0, 0, 0, 
1.9, 21.65, 100.53, 62.92, 63.59, , 15.359, 0.971, 167.306, 167.306, 3.596, 366.802, 366.802, 366.802, 51.254, 60.281, 35.402, 36.086, 7.382, 11.731, 0, 0, 66.626, 68.584, 66.626, 68.584, 1, 70.106, 70.106, 0.025, 0.134, 97.379, 100.237, 97.379, 100.237, 5.369, 7.382, 11.731, , , 1, 1.997, 0.263, 0, 12.5, 3.596, 187, 0, 0, 0, 71, 19.131, 19.453, 109.201, 101.851, 100, 0, 0, 29.416, 29.305, 93.377, 4.145, 101.773, 0, 0, 104.162, 71.659, 0, 0, 0.263, 0, 0, 14, 0, 12.5, 0, 3.596, 187, 0, 0, 0, 71, 1, 0.019, 0.02, 109.201, 101.851, 100, 0, 0, 141, 29.416, 29.305, 93.377, 4.145, 0, 101.773, 0, 0, 104.162, 71.659, 0, 0, 0, 0, 
1.95, 21.65, 100.53, 62.92, 63.59, , 15.46, 0.971, 172.382, 172.382, 3.64, 369.198, 369.198, 369.198, 51.318, 61.151, 35.42, 36.086, 7.381, 11.725, 0, 0, 67.784, 69.777, 67.784, 69.777, 1, 70.863, 70.863, 0.025, 0.134, 97.89, 100.763, 97.89, 100.763, 5.387, 7.381, 11.725, , , 1, 2.047, 0.242, 0, 12.5, 3.64, 187, 0, 0, 0, 71, 19.24, 19.531, 109.014, 101.889, 100, 0, 0, 29.572, 29.357, 95.148, 4.216, 102.502, 0, 0, 104.788, 72.436, 0, 0, 0.242, 0, 0, 14, 0, 12.5, 0, 3.64, 187, 0, 0, 0, 71, 1, 0.019, 0.02, 109.014, 101.889, 100, 0, 0, 141, 29.572, 29.357, 95.148, 4.216, 0, 102.502, 0, 0, 104.788, 72.436, 0, 0, 0, 0, 
2, 21.65, 100.53, 62.92, 63.59, , 15.528, 0.971, 177.458, 177.458, 3.683, 370.832, 370.832, 370.832, 51.37, 62.02, 35.42, 35.978, 7.379, 11.721, 0, 0, 68.808, 70.829, 68.808, 70.829, 1, 71.615, 71.615, 0.025, 0.134, 98.228, 101.111, 98.228, 101.111, 5.405, 7.379, 11.721, , , 1, 2.097, 0.221, 0, 12.5, 3.683, 187, 0, 0, 0, 71, 19.35, 19.609, 108.826, 101.928, 100, 0, 0, 29.728, 29.409, 96.919, 4.287, 103.231, 0, 0, 105.412, 73.213, 0, 0, 0.221, 0, 0, 14, 0, 12.5, 0, 3.683, 187, 0, 0, 0, 71, 1, 0.019, 0.02, 108.826, 101.928, 100, 0, 0, 141, 29.728, 29.409, 96.919, 4.287, 0, 103.231, 0, 0, 105.412, 73.213, 0, 0, 0, 0, 
2.05, 21.65, 100.53, 62.92, 63.59, , 15.613, 0.971, 182.595, 182.595, 3.726, 372.876, 372.876, 372.876, 51.403, 62.89, 35.42, 35.87, 7.378, 11.717, 0, 0, 69.915, 71.967, 69.915, 71.967, 1, 72.366, 72.366, 0.025, 0.134, 98.702, 101.601, 98.702, 101.601, 5.435, 7.378, 11.717, , , 1, 2.147, 0.2, 0, 12.5, 3.726, 187, 0, 0, 0, 71, 19.459, 19.687, 108.639, 101.966, 100, 0, 0, 29.884, 29.461, 98.69, 4.358, 103.96, 0, 0, 106.038, 73.99, 0, 0, 0.2, 0, 0, 14, 0, 12.5, 0, 3.726, 187, 0, 0, 0, 71, 1, 0.019, 0.02, 108.639, 101.966, 100, 0, 0, 141, 29.884, 29.461, 98.69, 4.358, 0, 103.96, 0, 0, 106.038, 73.99, 0, 0, 0, 0, 
2.1, 21.65, 100.53, 62.92, 63.59, , 15.661, 0.971, 187.784, 187.784, 3.764, 374.045, 374.045, 374.045, 51.421, 63.76, 35.42, 35.762, 7.378, 11.714, 0, 0, 70.868, 72.948, 70.868, 72.948, 1, 73.129, 73.129, 0.025, 0.134, 98.976, 101.882, 98.976, 101.882, 5.474, 7.378, 11.714, , , 1, 2.197, 0.18, 0, 12.5, 3.764, 187, 0, 0, 0, 71, 19.553, 19.754, 108.451, 101.985, 100, 0, 0, 30.027, 29.5, 100, 4.41, 104.581, 0, 0, 106.554, 74.666, 0, 0, 0.18, 0, 0, 14, 0, 12.5, 0, 3.764, 187, 0, 0, 0, 71, 1, 0.02, 0.02, 108.451, 101.985, 100, 0, 0, 141, 30.027, 29.5, 100, 4.41, 0, 104.581, 0, 0, 106.554, 74.666, 0, 0, 0, 0, 
2.15, 21.65, 100.53, 62.92, 63.59, , 15.725, 0.971, 193.06, 193.06, 3.784, 375.586, 375.586, 375.586, 51.426, 64.63, 35.42, 35.654, 7.377, 11.712, 0, 0, 71.907, 74.016, 71.907, 74.016, 1, 73.903, 73.903, 0.025, 0.134, 99.37, 102.288, 99.37, 102.288, 5.514, 7.377, 11.712, , , 1, 2.247, 0.163, 0, 12.5, 3.784, 187, 0, 0, 0, 71, 19.603, 19.791, 108.264, 101.946, 100, 0, 0, 30.131, 29.5, 100, 4.41, 104.894, 0, 0, 106.762, 75.055, 0, 0, 0.163, 0, 0, 14, 0, 12.5, 0, 3.784, 187, 0, 0, 0, 71, 1, 0.02, 0.02, 108.264, 101.946, 100, 0, 0, 141, 30.131, 29.5, 100, 4.41, 0, 104.894, 0, 0, 106.762, 75.055, 0, 0, 0, 0, 
2.2, 21.65, 100.53, 62.92, 63.589, , 15.702, 0.971, 198.367, 198.367, 3.805, 375.046, 375.046, 375.046, 51.427, 65.499, 35.402, 35.654, 7.378, 11.712, 0, 0, 72.547, 74.675, 72.547, 74.675, 1, 74.67, 74.67, 0.025, 0.134, 99.223, 102.138, 99.223, 102.138, 5.553, 7.378, 11.712, , , 1, 2.297, 0.145, 0, 12.5, 3.805, 187, 0, 0, 0, 71, 19.653, 19.827, 108.076, 101.908, 100, 0, 0, 30.235, 29.5, 100, 4.41, 105.206, 0, 0, 106.971, 75.443, 0, 0, 0.145, 0, 0, 14, 0, 12.5, 0, 3.805, 187, 0, 0, 0, 71, 1, 0.02, 0.02, 108.076, 101.908, 100, 0, 0, 141, 30.235, 29.5, 100, 4.41, 0, 105.206, 0, 0, 106.971, 75.443, 0, 0, 0, 0, 
2.25, 21.65, 100.53, 62.92, 63.588, , 15.745, 0.971, 203.795, 203.795, 3.825, 376.084, 376.084, 376.084, 51.425, 66.369, 35.366, 35.762, 7.378, 11.713, 0, 0, 73.503, 75.658, 73.503, 75.658, 1, 75.438, 75.438, 0.025, 0.134, 99.502, 102.425, 99.502, 102.425, 5.593, 7.378, 11.713, , , 1, 2.347, 0.127, 0, 12.5, 3.825, 187, 0, 0, 0, 71, 19.703, 19.864, 107.889, 101.869, 100, 0, 0, 30.34, 29.5, 100, 4.41, 105.519, 0, 0, 107.179, 75.832, 0, 0, 0.127, 0, 0, 14, 0, 12.5, 0, 3.825, 187, 0, 0, 0, 71, 1, 0.02, 0.02, 107.889, 101.869, 100, 0, 0, 141, 30.34, 29.5, 100, 4.41, 0, 105.519, 0, 0, 107.179, 75.832, 0, 0, 0, 0, 
2.3, 21.65, 100.53, 62.92, 63.588, , 15.729, 0.971, 209.225, 209.225, 3.846, 375.729, 375.729, 375.729, 51.419, 67.239, 35.33, 35.87, 7.379, 11.728, 0, 0, 74.183, 76.36, 74.183, 76.36, 1, 76.207, 76.207, 0.025, 0.134, 99.42, 102.339, 99.42, 102.339, 5.633, 7.379, 11.728, , , 1, 2.397, 0.11, 0, 12.5, 3.846, 187, 0, 0, 0, 71, 19.753, 19.9, 107.701, 101.831, 100, 0, 0, 30.444, 29.5, 100, 4.41, 105.831, 0, 0, 107.388, 76.22, 0, 0, 0.11, 0, 0, 14, 0, 12.5, 0, 3.846, 187, 0, 0, 0, 71, 1, 0.02, 0.02, 107.701, 101.831, 100, 0, 0, 141, 30.444, 29.5, 100, 4.41, 0, 105.831, 0, 0, 107.388, 76.22, 0, 0, 0, 0, 
2.35, 21.65, 100.53, 62.92, 63.587, , 15.742, 0.971, 214.707, 214.707, 3.885, 376.07, 376.07, 376.07, 51.41, 68.108, 35.294, 35.978, 7.379, 11.743, 0, 0, 74.999, 77.2, 74.999, 77.2, 1, 76.984, 76.984, 0.025, 0.134, 99.526, 102.45, 99.526, 102.45, 5.672, 7.379, 11.743, , , 1, 2.447, 0.091, 0, 12.5, 3.885, 187, 0, 0, 0, 71, 19.82, 19.97, 107.52, 101.729, 100, 0, 0, 30.566, 29.566, 100, 4.411, 106.42, 0, 0, 107.876, 76.98, 0, 0, 0.091, 0, 0, 14, 0, 12.5, 0, 3.885, 187, 0, 0, 0, 71, 1, 0.02, 0.02, 107.52, 101.728, 100, 0, 0, 141, 30.566, 29.566, 100, 4.411, 0, 106.42, 0, 0, 107.876, 76.98, 0, 0, 0, 0, 
2.4, 21.65, 100.53, 62.92, 63.586, , 15.75, 0.971, 220.267, 220.267, 3.945, 376.277, 376.277, 376.277, 51.406, 68.978, 35.258, 36.086, 7.38, 11.772, 0, 0, 75.795, 78.02, 75.795, 78.02, 1, 77.756, 77.756, 0.025, 0.134, 99.591, 102.516, 99.591, 102.516, 5.712, 7.38, 11.772, , , 1, 2.497, 0.072, 0, 12.5, 3.945, 187, 0, 0, 0, 71, 19.908, 20.08, 107.347, 101.552, 100, 0, 0, 30.711, 29.711, 100, 4.413, 107.334, 0, 0, 108.693, 78.175, 0, 0, 0.072, 0, 0, 14, 0, 12.5, 0, 3.945, 187, 0, 0, 0, 71, 1, 0.02, 0.02, 107.347, 101.551, 100, 0, 0, 141, 30.711, 29.711, 100, 4.413, 0, 107.334, 0, 0, 108.693, 78.175, 0, 0, 0, 0, 
2.45, 21.65, 100.53, 62.92, 63.585, , 15.803, 0.971, 225.827, 225.827, 4.006, 377.56, 377.56, 377.56, 51.411, 69.848, 35.258, 36.14, 7.38, 11.8, 0, 0, 76.803, 79.058, 76.803, 79.058, 1, 78.526, 78.526, 0.025, 0.134, 99.92, 102.854, 99.92, 102.854, 5.736, 7.38, 11.8, , , 1, 2.547, 0.053, 0, 12.5, 4.006, 187, 0, 0, 0, 71, 19.995, 20.19, 107.174, 101.375, 100, 0, 0, 30.855, 29.855, 100, 4.415, 108.247, 0, 0, 109.511, 79.37, 0, 0, 0.053, 0, 0, 14, 0, 12.5, 0, 4.006, 187, 0, 0, 0, 71, 1, 0.02, 0.02, 107.174, 101.373, 100, 0, 0, 141, 30.855, 29.855, 100, 4.415, 0, 108.247, 0, 0, 109.511, 79.37, 0, 0, 0, 0, 
2.5, 21.65, 100.53, 62.92, 63.584, , 15.78, 0.971, 233.841, 233.841, 4.066, 377.032, 377.032, 377.032, 51.44, 70.718, 35.294, 36.14, 7.38, 11.833, 0, 0, 77.753, 80.036, 77.753, 80.036, 1, 79.474, 79.474, 0.025, 0.134, 99.713, 102.641, 99.713, 102.641, 5.745, 7.38, 11.833, , , 1, 2.597, 0.033, 0, 12.5, 4.066, 187, 0, 0, 0, 71, 20.083, 20.299, 107.001, 101.198, 100, 0, 0, 30.999, 29.999, 100, 4.417, 109.161, 0, 0, 110.328, 80.565, 0, 0, 0.033, 0, 0, 14, 0, 12.5, 0, 4.066, 187, 0, 0, 0, 71, 1, 0.02, 0.02, 107.001, 101.195, 100, 0, 0, 141, 30.999, 29.999, 100, 4.417, 0, 109.161, 0, 0, 110.328, 80.565, 0, 0, 0, 0, 
2.55, 21.65, 100.53, 62.92, 63.584, , 15.752, 0.971, 239.57, 239.57, 4.126, 376.406, 376.406, 376.406, 51.482, 71.587, 35.33, 36.14, 7.379, 11.866, 0, 0, 78.367, 80.669, 78.367, 80.669, 1, 80.381, 80.381, 0.025, 0.134, 99.481, 102.402, 99.481, 102.402, 5.755, 7.379, 11.866, , , 1, 2.647, 0.014, 0, 12.5, 4.126, 187, 0, 0, 0, 71, 20.17, 20.409, 106.828, 101.021, 100, 0, 0, 31.143, 30.143, 100, 4.419, 110.074, 0, 0, 111.145, 81.761, 0, 0, 0.014, 0, 0, 14, 0, 12.5, 0, 4.126, 187, 0, 0, 0, 71, 1, 0.02, 0.02, 106.828, 101.018, 100, 0, 0, 141, 31.143, 30.143, 100, 4.419, 0, 110.074, 0, 0, 111.145, 81.761, 0, 0, 0, 0, 
2.6, 21.65, 100.53, 62.92, 63.583, , 15.717, 0.971, 245.345, 245.345, 4.177, 375.602, 375.602, 375.602, 51.52, 72.457, 35.366, 36.14, 7.379, 11.894, 0, 0, 78.944, 81.263, 78.944, 81.263, 1, 81.141, 81.141, 0.025, 0.134, 99.206, 102.118, 99.206, 102.118, 5.764, 7.379, 11.894, , , 1, 2.697, 0, 0, 12.5, 4.177, 187, 0, 0, 0, 71, 20.243, 20.502, 106.651, 100.88, 100, 0, 0, 31.264, 30.264, 100, 4.419, 110.818, 0, 0, 111.818, 82.746, 0, 0, 0, 0, 0, 14, 0, 12.5, 0, 4.177, 187, 0, 0, 0, 71, 1, 0.02, 0.021, 106.651, 100.88, 100, 0, 0, 141, 31.264, 30.264, 100, 4.419, 0, 110.818, 0, 0, 111.818, 82.746, 0, 0, 0, 0, 
2.65, 21.65, 100.53, 62.92, 63.582, , 15.665, 0.971, 251.128, 251.128, 4.199, 374.381, 374.381, 374.381, 51.508, 73.327, 35.402, 36.14, 7.378, 11.922, 0, 0, 79.437, 81.771, 79.437, 81.771, 1, 81.913, 81.913, 0.025, 0.134, 98.899, 101.803, 98.899, 101.803, 5.777, 7.378, 11.922, , , 1, 2.747, 0, 0, 12.5, 4.199, 187, 0, 0, 0, 71, 20.276, 20.55, 106.464, 100.843, 100, 0, 0, 31.316, 30.316, 100, 4.417, 111.078, 0, 0, 112.078, 83.135, 0, 0, 0, 0, 0, 14, 0, 12.5, 0, 4.199, 187, 0, 0, 0, 71, 1, 0.02, 0.021, 106.464, 100.842, 100, 0, 0, 141, 31.316, 30.316, 100, 4.417, 0, 111.078, 0, 0, 112.078, 83.135, 0, 0, 0, 0, 
2.7, 21.65, 100.53, 62.92, 63.581, , 15.609, 0.971, 257.088, 257.088, 4.222, 373.072, 373.072, 373.072, 51.44, 74.196, 35.385, 36.069, 7.378, 11.935, 0, 0, 79.903, 82.251, 79.903, 82.251, 1, 82.682, 82.682, 0.025, 0.134, 98.676, 101.574, 98.676, 101.574, 5.803, 7.378, 11.935, , , 1, 2.797, 0, 0, 12.5, 4.222, 187, 0, 0, 0, 71, 20.308, 20.598, 106.276, 100.805, 100, 0, 0, 31.368, 30.368, 100, 4.415, 111.339, 0, 0, 112.339, 83.523, 0, 0, 0, 0, 0, 14, 0, 12.5, 0, 4.222, 187, 0, 0, 0, 71, 1, 0.02, 0.021, 106.276, 100.804, 100, 0, 0, 141, 31.368, 30.368, 100, 4.415, 0, 111.339, 0, 0, 112.339, 83.523, 0, 0, 0, 0, 
2.75, 21.65, 100.53, 62.92, 63.581, , 15.564, 0.971, 263.075, 263.075, 4.244, 372.041, 372.041, 372.041, 51.317, 75.066, 35.314, 35.928, 7.377, 11.948, 0, 0, 80.42, 82.783, 80.42, 82.783, 1, 83.442, 83.442, 0.025, 0.134, 98.651, 101.55, 98.651, 101.55, 5.83, 7.377, 11.948, , , 1, 2.847, 0, 0, 12.5, 4.244, 187, 0, 0, 0, 71, 20.34, 20.646, 106.089, 100.768, 100, 0, 0, 31.42, 30.42, 100, 4.413, 111.599, 0, 0, 112.599, 83.912, 0, 0, 0, 0, 0, 14, 0, 12.5, 0, 4.244, 187, 0, 0, 0, 71, 1, 0.02, 0.021, 106.089, 100.767, 100, 0, 0, 141, 31.42, 30.42, 100, 4.413, 0, 111.599, 0, 0, 112.599, 83.912, 0, 0, 0, 0, 
2.8, 21.65, 100.53, 62.92, 63.58, , 15.538, 0.971, 269.062, 269.062, 4.267, 371.43, 371.43, 371.43, 51.134, 75.936, 35.244, 35.787, 7.378, 11.939, 0, 0, 81.018, 83.399, 81.018, 83.399, 1, 84.2, 84.2, 0.025, 0.134, 98.845, 101.751, 98.845, 101.751, 5.856, 7.378, 11.939, , , 1, 2.897, 0, 0, 12.5, 4.267, 187, 0, 0, 0, 71, 20.373, 20.694, 105.901, 100.73, 100, 0, 0, 31.472, 30.472, 100, 4.411, 111.859, 0, 0, 112.859, 84.3, 0, 0, 0, 0, 0, 14, 0, 12.5, 0, 4.267, 187, 0, 0, 0, 71, 1, 0.02, 0.021, 105.901, 100.729, 100, 0, 0, 141, 31.472, 30.472, 100, 4.411, 0, 111.859, 0, 0, 112.859, 84.3, 0, 0, 0, 0, 
2.85, 21.65, 100.53, 62.92, 63.579, , 15.513, 0.971, 275.16, 275.16, 4.296, 370.882, 370.882, 370.882, 50.888, 76.805, 35.173, 35.646, 7.378, 11.93, 0, 0, 81.628, 84.027, 81.628, 84.027, 1, 84.963, 84.963, 0.025, 0.134, 99.167, 102.082, 99.167, 102.082, 5.884, 7.378, 11.93, , , 1, 2.947, 0, 0, 12.5, 4.296, 187, 0, 0, 0, 71, 20.398, 20.724, 105.732, 100.675, 100, 0, 0, 31.519, 30.538, 100, 4.41, 112.113, 0, 0, 113.104, 84.955, 0, 0, 0, 0, 0, 13.998, 0, 12.5, 0, 4.296, 187, 0, 0, 0, 71, 1, 0.02, 0.021, 105.732, 100.674, 100, 0, 0, 141, 31.519, 30.538, 100, 4.41, 0, 112.113, 0, 0, 113.104, 84.955, 0, 0, 0, 0, 
2.9, 21.65, 100.53, 62.92, 63.578, , 15.494, 0.971, 281.208, 281.208, 4.333, 370.452, 370.452, 370.452, 50.624, 77.675, 35.102, 35.505, 7.379, 11.899, 0, 0, 82.255, 84.672, 82.255, 84.672, 1, 85.716, 85.716, 0.025, 0.133, 99.566, 102.493, 99.566, 102.493, 5.917, 7.379, 11.899, , , 1, 2.996, 0, 0, 12.5, 4.333, 187, 0, 0, 0, 71, 20.416, 20.732, 105.585, 100.599, 100, 0, 0, 31.56, 30.62, 100, 4.41, 112.359, 0, 0, 113.329, 85.923, 0, 0, 0, 0, 0, 13.994, 0, 12.5, 0, 4.333, 187, 0, 0, 0, 71, 1, 0.02, 0.021, 105.585, 100.598, 100, 0, 0, 141, 31.56, 30.62, 100, 4.41, 0, 112.359, 0, 0, 113.329, 85.923, 0, 0, 0, 0, 
2.95, 21.65, 100.53, 62.92, 63.578, , 15.419, 0.971, 287.449, 287.449, 4.369, 368.69, 368.69, 368.69, 50.36, 78.545, 35.075, 35.405, 7.379, 11.868, 0, 0, 82.591, 85.018, 82.591, 85.018, 1, 86.483, 86.483, 0.025, 0.133, 99.609, 102.536, 99.609, 102.536, 5.951, 7.379, 11.868, , , 1, 3.046, 0, 0, 12.5, 4.369, 187, 0, 0, 0, 71, 20.434, 20.74, 105.437, 100.523, 100, 0, 0, 31.601, 30.702, 100, 4.41, 112.605, 0, 0, 113.555, 86.89, 0, 0, 0, 0, 0, 13.99, 0, 12.5, 0, 4.369, 187, 0, 0, 0, 71, 1, 0.02, 0.021, 105.437, 100.522, 100, 0, 0, 141, 31.601, 30.702, 100, 4.41, 0, 112.605, 0, 0, 113.555, 86.89, 0, 0, 0, 0, 
3, 21.65, 100.53, 62.92, 63.577, , 15.386, 0.971, 293.703, 293.703, 4.406, 367.927, 367.927, 367.927, 50.108, 79.415, 35.111, 35.369, 7.38, 11.823, 0, 0, 83.142, 85.585, 83.142, 85.585, 1, 87.232, 87.232, 0.025, 0.132, 99.911, 102.846, 99.911, 102.846, 5.985, 7.38, 11.823, , , 1, 3.096, 0, 0, 12.5, 4.406, 187, 0, 0, 0, 71, 20.452, 20.748, 105.29, 100.447, 100, 0, 0, 31.642, 30.784, 100, 4.41, 112.851, 0, 0, 113.78, 87.858, 0, 0, 0, 0, 0, 13.986, 0, 12.5, 0, 4.406, 187, 0, 0, 0, 71, 1, 0.02, 0.021, 105.29, 100.446, 100, 0, 0, 141, 31.642, 30.784, 100, 4.41, 0, 112.851, 0, 0, 113.78, 87.858, 0, 0, 0, 0, 
3.05, 21.65, 100.53, 62.918, 63.576, , 15.326, 0.971, 300.014, 300.014, 4.443, 366.527, 366.527, 366.527, 49.858, 80.284, 35.148, 35.332, 7.38, 11.778, 0, 0, 83.545, 85.999, 83.545, 85.999, 1, 87.988, 87.988, 0.024, 0.132, 100.029, 102.967, 100.029, 102.967, 6.018, 7.38, 11.778, , , 1, 3.147, 0, 0, 12.5, 4.443, 187, 0, 0, 0, 71, 20.47, 20.757, 105.142, 100.371, 100, 0, 0, 31.683, 30.866, 100, 4.41, 113.097, 0, 0, 114.005, 88.826, 0, 0, 0, 0, 0, 13.982, 0, 12.5, 0, 4.443, 187, 0, 0, 0, 71, 1, 0.02, 0.021, 105.142, 100.37, 100, 0, 0, 141, 31.683, 30.866, 100, 4.41, 0, 113.097, 0, 0, 114.005, 88.826, 0, 0, 0, 0, 
3.1, 21.65, 100.529, 62.914, 63.575, , 15.272, 0.971, 306.325, 306.325, 4.479, 365.272, 365.272, 365.272, 49.615, 81.154, 35.184, 35.296, 7.38, 11.745, 0, 0, 83.967, 86.434, 83.967, 86.434, 1, 88.736, 88.736, 0.025, 0.132, 100.174, 103.117, 100.174, 103.117, 6.063, 7.38, 11.745, , , 1, 3.197, 0, 0, 12.5, 4.479, 187, 0, 0, 0, 71, 20.488, 20.765, 104.994, 100.295, 100, 0, 0, 31.724, 30.948, 100, 4.41, 113.343, 0, 0, 114.231, 89.793, 0, 0, 0, 0, 0, 13.978, 0, 12.5, 0, 4.479, 187, 0, 0, 0, 71, 1, 0.02, 0.021, 104.994, 100.295, 100, 0, 0, 141, 31.724, 30.948, 100, 4.41, 0, 113.343, 0, 0, 114.231, 89.793, 0, 0, 0, 0, 
3.15, 21.65, 100.529, 62.911, 63.575, , 15.234, 0.971, 312.758, 312.758, 4.516, 364.395, 364.395, 364.395, 49.375, 82.024, 35.221, 35.259, 7.38, 11.712, 0, 0, 84.486, 86.967, 84.486, 86.967, 1, 89.493, 89.493, 0.025, 0.132, 100.424, 103.375, 100.424, 103.375, 6.108, 7.38, 11.712, , , 1, 3.247, 0, 0, 12.5, 4.516, 187, 0, 0, 0, 71, 20.506, 20.773, 104.847, 100.219, 100, 0, 0, 31.765, 31.03, 100, 4.41, 113.589, 0, 0, 114.456, 90.761, 0, 0, 0, 0, 0, 13.974, 0, 12.5, 0, 4.516, 187, 0, 0, 0, 71, 1, 0.021, 0.021, 104.847, 100.219, 100, 0, 0, 141, 31.765, 31.03, 100, 4.41, 0, 113.589, 0, 0, 114.456, 90.761, 0, 0, 0, 0, 
3.2, 21.65, 100.529, 62.907, 63.574, , 15.197, 0.971, 319.245, 319.245, 4.553, 363.541, 363.541, 363.541, 49.14, 82.893, 35.275, 35.275, 7.38, 11.692, 0, 0, 84.987, 87.482, 84.987, 87.482, 1, 90.242, 90.242, 0.025, 0.132, 100.66, 103.618, 100.66, 103.618, 6.152, 7.38, 11.692, , , 1, 3.296, 0, 0, 12.5, 4.553, 187, 0, 0, 0, 71, 20.525, 20.781, 104.699, 100.143, 100, 0, 0, 31.806, 31.111, 100, 4.41, 113.834, 0, 0, 114.682, 91.728, 0, 0, 0, 0, 0, 13.969, 0, 12.5, 0, 4.553, 187, 0, 0, 0, 71, 1, 0.021, 0.021, 104.699, 100.143, 100, 0, 0, 141, 31.806, 31.111, 100, 4.41, 0, 113.834, 0, 0, 114.682, 91.728, 0, 0, 0, 0, 
3.25, 21.65, 100.528, 62.903, 63.573, , 15.162, 0.971, 325.731, 325.731, 4.589, 362.721, 362.721, 362.721, 48.991, 83.763, 35.347, 35.347, 7.38, 11.672, 0, 0, 85.495, 88.005, 85.495, 88.005, 1, 90.983, 90.983, 0.025, 0.131, 100.76, 103.72, 100.76, 103.72, 6.197, 7.38, 11.672, , , 1, 3.347, 0, 0, 12.5, 4.589, 187, 0, 0, 0, 71, 20.543, 20.789, 104.552, 100.068, 100, 0, 0, 31.847, 31.193, 100, 4.41, 114.08, 0, 0, 114.907, 92.696, 0, 0, 0, 0, 0, 13.965, 0, 12.5, 0, 4.589, 187, 0, 0, 0, 71, 1, 0.021, 0.021, 104.552, 100.067, 100, 0, 0, 141, 31.847, 31.193, 100, 4.41, 0, 114.08, 0, 0, 114.907, 92.696, 0, 0, 0, 0, 
3.3, 21.65, 100.528, 62.899, 63.572, , 15.086, 0.971, 332.236, 332.236, 4.626, 360.957, 360.957, 360.957, 49.016, 84.633, 35.419, 35.419, 7.38, 11.662, 0, 0, 85.761, 88.28, 85.761, 88.28, 1, 91.725, 91.725, 0.025, 0.132, 100.234, 103.178, 100.234, 103.178, 6.237, 7.38, 11.662, , , 1, 3.397, 0, 0, 12.5, 4.626, 187, 0, 0, 0, 71, 20.561, 20.798, 104.404, 99.992, 100, 0, 0, 31.888, 31.275, 100, 4.41, 114.326, 0, 0, 115.132, 93.664, 0, 0, 0, 0, 0, 13.961, 0, 12.5, 0, 4.626, 187, 0, 0, 0, 71, 1, 0.021, 0.021, 104.404, 99.991, 100, 0, 0, 141, 31.888, 31.275, 100, 4.41, 0, 114.326, 0, 0, 115.132, 93.664, 0, 0, 0, 0, 
3.35, 21.65, 100.528, 62.895, 63.572, , 15.047, 0.971, 340.242, 340.242, 4.663, 360.059, 360.059, 360.059, 49.243, 85.503, 35.492, 35.492, 7.38, 11.653, 0, 0, 86.376, 88.912, 86.376, 88.912, 1, 92.492, 92.492, 0.025, 0.132, 99.321, 102.239, 99.321, 102.239, 6.277, 7.38, 11.653, , , 1, 3.447, 0, 0, 12.5, 4.663, 187, 0, 0, 0, 71, 20.579, 20.806, 104.257, 99.916, 100, 0, 0, 31.929, 31.357, 100, 4.41, 114.572, 0, 0, 115.358, 94.631, 0, 0, 0, 0, 0, 13.957, 0, 12.5, 0, 4.663, 187, 0, 0, 0, 71, 1, 0.021, 0.021, 104.257, 99.915, 100, 0, 0, 141, 31.929, 31.357, 100, 4.41, 0, 114.572, 0, 0, 115.358, 94.631, 0, 0, 0, 0, 
3.4, 21.65, 100.527, 62.892, 63.571, , 14.97, 0.971, 347.914, 347.914, 4.7, 358.254, 358.254, 358.254, 49.861, 86.372, 35.564, 35.564, 7.38, 11.639, 0, 0, 86.729, 89.276, 86.729, 89.276, 1, 93.459, 93.459, 0.025, 0.132, 97.85, 100.722, 97.85, 100.722, 6.317, 7.38, 11.639, , , 1, 3.497, 0, 0, 12.5, 4.7, 187, 0, 0, 0, 71, 20.597, 20.814, 104.109, 99.84, 100, 0, 0, 31.97, 31.439, 100, 4.41, 114.818, 0, 0, 115.583, 95.599, 0, 0, 0, 0, 0, 13.953, 0, 12.5, 0, 4.7, 187, 0, 0, 0, 71, 1, 0.021, 0.021, 104.109, 99.84, 100, 0, 0, 141, 31.97, 31.439, 100, 4.41, 0, 114.818, 0, 0, 115.583, 95.599, 0, 0, 0, 0, 
3.45, 21.65, 100.527, 62.888, 63.57, , 14.935, 0.971, 354.719, 354.719, 4.746, 357.449, 357.449, 357.449, 50.428, 87.242, 35.654, 35.672, 7.379, 11.623, 0, 0, 87.214, 89.778, 87.214, 89.778, 1, 94.186, 94.186, 0.025, 0.132, 96.495, 99.327, 96.495, 99.327, 6.357, 7.379, 11.623, , , 1, 3.547, 0, 0, 12.5, 4.746, 187, 0, 0, 0, 71, 20.605, 20.814, 103.854, 99.709, 100, 0, 0, 32.027, 31.527, 100, 4.41, 115.041, 0, 0, 115.777, 96.5, 0, 0, 0, 0, 0, 13.953, 0, 12.5, 0, 4.746, 187, 0, 0, 0, 71, 1, 0.021, 0.021, 103.854, 99.709, 100, 0, 0, 141, 32.027, 31.527, 100, 4.41, 0, 115.041, 0, 0, 115.777, 96.5, 0, 0, 0, 0, 
3.5, 21.649, 100.526, 62.884, 63.569, , 14.848, 0.971, 361.512, 361.512, 4.818, 355.41, 355.41, 355.41, 50.991, 88.112, 35.762, 35.816, 7.379, 11.609, 0, 0, 87.392, 89.96, 87.392, 89.96, 1, 94.924, 94.924, 0.025, 0.132, 94.859, 97.642, 94.859, 97.642, 6.374, 7.379, 11.609, , , 1, 3.597, 0, 0, 12.5, 4.818, 187, 0, 0, 0, 71, 20.585, 20.792, 103.291, 99.44, 100, 0, 0, 32.131, 31.631, 100, 4.41, 115.197, 0, 0, 115.881, 97.211, 0, 0, 0, 0, 0, 13.963, 0, 12.5, 0, 4.818, 187, 0, 0, 0, 71, 1, 0.021, 0.021, 103.291, 99.44, 100, 0, 0, 141, 32.131, 31.631, 100, 4.41, 0, 115.197, 0, 0, 115.881, 97.211, 0, 0, 0, 0, 
3.55, 21.648, 100.526, 62.88, 63.568, , 14.814, 0.971, 368.38, 368.38, 4.889, 354.64, 354.64, 354.64, 51.439, 88.981, 35.87, 35.96, 7.378, 11.594, 0, 0, 87.87, 90.451, 87.87, 90.451, 1, 95.653, 95.653, 0.025, 0.132, 93.835, 96.588, 93.835, 96.588, 6.373, 7.378, 11.594, , , 1, 3.647, 0, 0, 12.5, 4.889, 187, 0, 0, 0, 71, 20.565, 20.771, 102.729, 99.17, 100, 0, 0, 32.235, 31.735, 100, 4.41, 115.353, 0, 0, 115.985, 97.923, 0, 0, 0, 0, 0, 13.974, 0, 12.5, 0, 4.889, 187, 0, 0, 0, 71, 1, 0.021, 0.021, 102.729, 99.17, 100, 0, 0, 141, 32.235, 31.735, 100, 4.41, 0, 115.353, 0, 0, 115.985, 97.923, 0, 0, 0, 0, 
3.6, 21.647, 100.526, 62.876, 63.567, , 14.759, 0.971, 375.247, 375.247, 4.961, 353.352, 353.352, 353.352, 51.753, 89.851, 35.978, 36.104, 7.378, 11.584, 0, 0, 88.213, 90.804, 88.213, 90.804, 1, 96.375, 96.375, 0.025, 0.132, 92.901, 95.627, 92.901, 95.627, 6.372, 7.378, 11.584, , , 1, 3.697, 0, 0, 12.5, 4.961, 187, 0, 0, 0, 71, 20.545, 20.749, 102.166, 98.9, 100, 0, 0, 32.34, 31.84, 100, 4.41, 115.509, 0, 0, 116.09, 98.634, 0, 0, 0, 0, 0, 13.984, 0, 12.5, 0, 4.961, 187, 0, 0, 0, 71, 1, 0.021, 0.021, 102.166, 98.9, 100, 0, 0, 141, 32.34, 31.84, 100, 4.41, 0, 115.509, 0, 0, 116.09, 98.634, 0, 0, 0, 0, 
3.65, 21.645, 100.525, 62.873, 63.565, , 14.662, 0.971, 382.252, 382.252, 5.033, 351.087, 351.087, 351.087, 51.95, 90.721, 36.086, 36.248, 7.378, 11.574, 0, 0, 88.31, 90.904, 88.31, 90.904, 1, 97.099, 97.099, 0.025, 0.132, 91.954, 94.651, 91.954, 94.651, 6.372, 7.378, 11.574, , , 1, 3.747, 0, 0, 12.5, 5.033, 187, 0, 0, 0, 71, 20.526, 20.727, 101.604, 98.63, 100, 0, 0, 32.444, 31.944, 100, 4.41, 115.666, 0, 0, 116.194, 99.346, 0, 0, 0, 0, 0, 13.995, 0, 12.5, 0, 5.033, 187, 0, 0, 0, 71, 1, 0.021, 0.021, 101.604, 98.63, 100, 0, 0, 141, 32.444, 31.944, 100, 4.41, 0, 115.666, 0, 0, 116.194, 99.346, 0, 0, 0, 0, 
3.7, 21.644, 100.525, 62.869, 63.564, , 14.603, 0.971, 389.236, 389.236, 5.089, 349.711, 349.711, 349.711, 52.026, 91.59, 36.012, 36.226, 7.378, 11.567, 0, 0, 88.613, 91.216, 88.613, 91.216, 1, 97.818, 97.818, 0.025, 0.131, 91.463, 94.145, 91.463, 94.145, 6.377, 7.378, 11.567, , , 1, 3.797, 0, 0, 12.5, 5.089, 187, 0, 0, 0, 71, 20.516, 20.716, 101.12, 98.374, 100, 0, 0, 32.575, 32, 100, 4.41, 115.8, 0, 0, 116.275, 100.072, 0, 0, 0, 0, 0, 13.995, 0, 12.5, 0, 5.089, 187, 0, 0, 0, 71, 1, 0.02, 0.021, 101.12, 98.374, 100, 0, 0, 141, 32.575, 32, 100, 4.41, 0, 115.8, 0, 0, 116.275, 100.072, 0, 0, 0, 0, 
3.75, 21.643, 100.524, 62.865, 63.563, , 14.502, 0.971, 396.311, 396.311, 5.128, 347.331, 347.331, 347.331, 52.048, 92.46, 35.755, 36.038, 7.379, 11.559, 0, 0, 88.654, 91.256, 88.654, 91.256, 1, 98.536, 98.536, 0.025, 0.131, 90.799, 93.463, 90.799, 93.463, 6.396, 7.379, 11.559, , , 1, 3.847, 0, 0, 12.5, 5.128, 187, 0, 0, 0, 71, 20.518, 20.718, 100.729, 98.133, 100, 0, 0, 32.738, 32, 100, 4.41, 115.909, 0, 0, 116.329, 100.814, 0, 0, 0, 0, 0, 13.984, 0, 12.5, 0, 5.128, 187, 0, 0, 0, 71, 1, 0.02, 0.021, 100.729, 98.133, 100, 0, 0, 141, 32.738, 32, 100, 4.41, 0, 115.909, 0, 0, 116.329, 100.814, 0, 0, 0, 0, 
3.8, 21.642, 100.524, 62.861, 63.562, , 14.446, 0.971, 403.387, 403.387, 5.168, 346.022, 346.022, 346.022, 52.066, 93.33, 35.498, 35.849, 7.379, 11.547, 0, 0, 88.953, 91.564, 88.953, 91.564, 1, 99.245, 99.245, 0.025, 0.131, 90.424, 93.078, 90.424, 93.078, 6.414, 7.379, 11.547, , , 1, 3.897, 0, 0, 12.5, 5.168, 187, 0, 0, 0, 71, 20.52, 20.72, 100.337, 97.892, 100, 0, 0, 32.901, 32, 100, 4.41, 116.017, 0, 0, 116.384, 101.556, 0, 0, 0, 0, 0, 13.973, 0, 12.5, 0, 5.168, 187, 0, 0, 0, 71, 1, 0.02, 0.021, 100.337, 97.892, 100, 0, 0, 141, 32.901, 32, 100, 4.41, 0, 116.017, 0, 0, 116.384, 101.556, 0, 0, 0, 0, 
3.85, 21.641, 100.524, 62.857, 63.561, , 14.347, 0.971, 410.604, 410.604, 5.207, 343.706, 343.706, 343.706, 52.08, 93.812, 35.242, 35.661, 7.38, 11.533, 0, 0, 88.989, 91.602, 88.989, 91.602, 1, 99.956, 99.956, 0.025, 0.131, 89.795, 92.43, 89.795, 92.43, 6.433, 7.38, 11.533, , , 1, 3.947, 0, 0, 12.5, 5.207, 187, 0, 0, 0, 71, 20.523, 20.723, 99.946, 97.65, 100, 0, 0, 33.064, 32, 100, 4.41, 116.126, 0, 0, 116.438, 102.299, 0, 0, 0, 0, 0, 13.962, 0, 12.5, 0, 5.207, 187, 0, 0, 0, 71, 1, 0.02, 0.021, 99.946, 97.65, 100, 0, 0, 141, 33.064, 32, 100, 4.41, 0, 116.126, 0, 0, 116.438, 102.299, 0, 0, 0, 0, 
3.9, 21.64, 100.523, 62.854, 63.56, , 14.259, 0.971, 417.817, 417.817, 5.246, 341.646, 341.646, 341.646, 52.09, 89.842, 34.985, 35.473, 7.38, 11.511, 0, 0, 89.077, 91.692, 89.077, 91.692, 1, 100.653, 100.653, 0.025, 0.13, 89.239, 91.859, 89.239, 91.859, 6.455, 7.38, 11.511, , , 1, 3.997, 0, 0, 12.5, 5.246, 187, 0, 0, 0, 71, 20.525, 20.725, 99.555, 97.409, 100, 0, 0, 33.227, 32, 100, 4.41, 116.235, 0, 0, 116.492, 103.041, 0, 0, 0, 0, 0, 13.951, 0, 12.5, 0, 5.246, 187, 0, 0, 0, 71, 1, 0.02, 0.021, 99.555, 97.409, 100, 0, 0, 141, 33.227, 32, 100, 4.41, 0, 116.235, 0, 0, 116.492, 103.041, 0, 0, 0, 0, 
3.95, 21.639, 100.523, 62.85, 63.559, , 14.172, 0.971, 425.114, 425.114, 5.284, 339.593, 339.593, 339.593, 52.096, 85.871, 34.776, 35.335, 7.38, 11.486, 0, 0, 89.155, 91.773, 89.155, 91.773, 1, 101.355, 101.355, 0.025, 0.131, 88.689, 91.294, 88.689, 91.294, 6.484, 7.38, 11.486, , , 1, 4.046, 0, 0, 12.5, 5.284, 187, 0, 0, 0, 71, 20.493, 20.685, 99.332, 97.275, 100, 0, 0, 33.343, 32.047, 100, 4.412, 116.297, 0, 0, 116.5, 103.784, 0, 0, 0, 0, 0, 13.94, 0, 12.5, 0, 5.284, 187, 0, 0, 0, 71, 1, 0.02, 0.021, 99.332, 97.275, 100, 0, 0, 141, 33.343, 32.047, 100, 4.412, 0, 116.297, 0, 0, 116.5, 103.784, 0, 0, 0, 0, 
4, 21.637, 100.523, 62.846, 63.557, , 14.061, 0.971, 432.425, 432.425, 5.321, 336.982, 336.982, 336.982, 52.109, 81.901, 34.719, 35.354, 7.38, 11.457, 0, 0, 89.07, 91.688, 89.07, 91.688, 1, 102.055, 102.055, 0.025, 0.131, 87.987, 90.572, 87.987, 90.572, 6.514, 7.38, 11.457, , , 1, 4.097, 0, 0, 12.5, 5.321, 187, 0, 0, 0, 71, 20.456, 20.638, 99.136, 97.155, 100, 0, 0, 33.452, 32.101, 100, 4.414, 116.351, 0, 0, 116.5, 104.528, 0, 0, 0, 0, 0, 13.93, 0, 12.5, 0, 5.321, 187, 0, 0, 0, 71, 1, 0.02, 0.021, 99.136, 97.155, 100, 0, 0, 141, 33.452, 32.101, 100, 4.414, 0, 116.351, 0, 0, 116.5, 104.528, 0, 0, 0, 0, 
4.05, 21.636, 100.522, 62.842, 63.556, , 13.96, 0.971, 439.854, 439.854, 5.359, 334.618, 334.618, 334.618, 52.125, 77.93, 34.662, 35.373, 7.38, 11.427, 0, 0, 89.05, 91.667, 89.05, 91.667, 1, 102.745, 102.745, 0.025, 0.131, 87.342, 89.908, 87.342, 89.908, 6.543, 7.38, 11.427, , , 1, 4.147, 0, 0, 12.5, 5.359, 187, 0, 0, 0, 71, 20.419, 20.591, 98.94, 97.036, 100, 0, 0, 33.561, 32.155, 100, 4.416, 116.405, 0, 0, 116.5, 105.271, 0, 0, 0, 0, 0, 13.919, 0, 12.5, 0, 5.359, 187, 0, 0, 0, 71, 1, 0.02, 0.021, 98.94, 97.036, 100, 0, 0, 141, 33.561, 32.155, 100, 4.416, 0, 116.405, 0, 0, 116.5, 105.271, 0, 0, 0, 0, 
4.1, 21.635, 100.522, 62.838, 63.555, , 13.892, 0.971, 447.339, 447.339, 5.396, 333.028, 333.028, 333.028, 52.147, 73.959, 34.605, 35.392, 7.38, 11.398, 0, 0, 89.223, 91.845, 89.223, 91.845, 1, 103.428, 103.428, 0.025, 0.131, 86.891, 89.445, 86.891, 89.445, 6.573, 7.38, 11.398, , , 1, 4.197, 0, 0, 12.5, 5.396, 187, 0, 0, 0, 71, 20.382, 20.545, 98.745, 96.916, 100, 0, 0, 33.67, 32.21, 100, 4.418, 116.46, 0, 0, 116.5, 106.015, 0, 0, 0, 0, 0, 13.908, 0, 12.5, 0, 5.396, 187, 0, 0, 0, 71, 1, 0.02, 0.021, 98.745, 96.916, 100, 0, 0, 141, 33.67, 32.21, 100, 4.418, 0, 116.46, 0, 0, 116.5, 106.015, 0, 0, 0, 0, 
4.15, 21.634, 100.521, 62.834, 63.554, , 13.79, 0.971, 454.872, 454.872, 5.433, 330.627, 330.627, 330.627, 52.17, 69.989, 34.548, 35.411, 7.38, 11.368, 0, 0, 89.167, 91.789, 89.167, 91.789, 1, 104.111, 104.111, 0.025, 0.131, 86.225, 88.76, 86.225, 88.76, 6.627, 7.38, 11.368, , , 1, 4.247, 0, 0, 12.5, 5.433, 187, 0, 0, 0, 71, 20.342, 20.492, 98.6, 96.795, 100, 0, 0, 33.765, 32.265, 100, 4.421, 116.5, 0, 0, 116.5, 106.657, 0, 0, 0, 0, 0, 13.9, 0, 12.5, 0, 5.433, 187, 0, 0, 0, 71, 1, 0.02, 0.02, 98.6, 96.795, 100, 0, 0, 141, 33.765, 32.265, 100, 4.421, 0, 116.293, 0, 0, 116.5, 106.657, 0, 0, 0, 0, 
4.2, 21.633, 100.521, 62.831, 63.553, , 13.735, 0.971, 462.404, 462.404, 5.47, 329.35, 329.35, 329.35, 52.189, 66.018, 34.628, 35.51, 7.38, 11.347, 0, 0, 89.406, 92.033, 89.406, 92.033, 1, 104.789, 104.789, 0.025, 0.131, 85.864, 88.388, 85.864, 88.388, 6.68, 7.38, 11.347, , , 1, 4.297, 0, 0, 12.5, 5.47, 187, 0, 0, 0, 71, 20.293, 20.424, 98.6, 96.671, 100, 0, 0, 33.822, 32.322, 100, 4.423, 116.5, 0, 0, 116.5, 107.01, 0, 0, 0, 0, 0, 13.9, 0, 12.5, 0, 5.47, 187, 0, 0, 0, 71, 1, 0.02, 0.02, 98.6, 96.671, 100, 0, 0, 141, 33.822, 32.322, 100, 4.423, 0, 115.498, 0, 0, 116.5, 107.01, 0, 0, 0, 0, 
4.25, 21.632, 100.521, 62.827, 63.552, , 13.73, 0.971, 470.238, 470.238, 5.508, 329.27, 329.27, 329.27, 52.194, 62.048, 34.844, 35.69, 7.379, 11.331, 0, 0, 89.982, 92.625, 89.982, 92.625, 1, 105.468, 105.468, 0.025, 0.131, 85.834, 88.357, 85.834, 88.357, 6.733, 7.379, 11.331, , , 1, 4.347, 0, 0, 12.5, 5.508, 187, 0, 0, 0, 71, 20.245, 20.356, 98.6, 96.546, 100, 0, 0, 33.878, 32.378, 100, 4.425, 116.5, 0, 0, 116.5, 107.364, 0, 0, 0, 0, 0, 13.9, 0, 12.5, 0, 5.508, 187, 0, 0, 0, 71, 1, 0.02, 0.02, 98.6, 96.546, 100, 0, 0, 141, 33.878, 32.378, 100, 4.425, 0, 114.702, 0, 0, 116.5, 107.364, 0, 0, 0, 0, 
4.3, 21.631, 100.52, 62.823, 63.551, , 13.651, 0.971, 479.919, 479.919, 5.545, 327.427, 327.427, 327.427, 52.182, 58.077, 35.06, 35.87, 7.379, 11.335, 0, 0, 90.197, 92.847, 90.197, 92.847, 1, 106.345, 106.345, 0.025, 0.132, 85.371, 87.881, 85.371, 87.881, 6.787, 7.379, 11.335, , , 1, 4.397, 0, 0, 12.5, 5.545, 187, 0, 0, 0, 71, 20.196, 20.288, 98.6, 96.422, 100, 0, 0, 33.935, 32.435, 100, 4.427, 116.5, 0, 0, 116.5, 107.717, 0, 0, 0, 0, 0, 13.9, 0, 12.5, 0, 5.545, 187, 0, 0, 0, 71, 1, 0.02, 0.02, 98.6, 96.422, 100, 0, 0, 141, 33.935, 32.435, 100, 4.427, 0, 113.907, 0, 0, 116.5, 107.717, 0, 0, 0, 0, 
4.35, 21.629, 100.52, 62.821, 63.549, , 13.607, 0.971, 487.637, 487.637, 5.582, 326.402, 326.402, 326.402, 52.166, 54.106, 35.276, 36.05, 7.378, 11.351, 0, 0, 90.484, 93.143, 90.484, 93.143, 1, 107.023, 107.023, 0.025, 0.132, 85.129, 87.631, 85.129, 87.631, 6.866, 7.378, 11.351, , , 1, 4.447, 0, 0, 12.5, 5.582, 187, 0, 0, 0, 71, 20.147, 20.22, 98.6, 96.297, 100, 0, 0, 33.992, 32.492, 100, 4.43, 116.5, 0, 0, 116.5, 108.071, 0, 0, 0, 0, 0, 13.9, 0, 12.5, 0, 5.582, 187, 0, 0, 0, 71, 1, 0.02, 0.02, 98.6, 96.297, 100, 0, 0, 141, 33.992, 32.492, 100, 4.43, 0, 113.111, 0, 0, 116.5, 108.071, 0, 0, 0, 0, 
4.4, 21.628, 100.52, 62.825, 63.548, , 13.579, 0.971, 495.33, 495.33, 5.618, 325.762, 325.762, 325.762, 52.148, 59.078, 35.492, 36.23, 7.378, 11.39, 0, 0, 90.864, 93.533, 90.864, 93.533, 1, 107.681, 107.681, 0.025, 0.132, 84.993, 87.491, 84.993, 87.491, 6.951, 7.378, 11.39, , , 1, 4.497, 0, 0, 12.5, 5.618, 187, 0, 0, 0, 71, 19.751, 19.835, 98.118, 96.114, 100, 0, 0, 34.178, 32.589, 100, 4.426, 114.582, 0, 0, 114.627, 109.007, 0, 0, 0, 0, 0, 13.9, 0, 12.5, 0, 5.618, 187, 0, 0, 0, 71, 1, 0.02, 0.02, 98.118, 96.114, 100, 0, 0, 141, 34.178, 32.589, 100, 4.426, 0, 111.701, 0, 0, 114.627, 109.007, 0, 0, 0, 0, 
4.45, 21.627, 100.521, 62.828, 63.547, , 13.514, 0.971, 503.113, 503.113, 5.653, 324.251, 324.251, 324.251, 52.136, , 35.564, 36.195, 7.377, 11.446, 0, 0, 91.005, 93.677, 91.005, 93.677, 1, 108.349, 108.349, 0.025, 0.132, 84.618, 87.105, 84.618, 87.105, 7.036, 7.377, 11.446, , , 1, 4.547, 0, 0, 12.5, 5.653, 187, 0, 0, 0, 71, 19.299, 19.4, 97.558, 95.922, 100, 0, 0, 34.386, 32.693, 100, 4.422, 112.352, 0, 0, 112.448, 110.038, 0, 0, 0, 0, 0, 13.9, 0, 12.5, 0, 5.653, 187, 0, 0, 0, 71, 1, 0.019, 0.019, 97.558, 95.922, 100, 0, 0, 141, 34.386, 32.693, 100, 4.422, 0, 110.191, 0, 0, 112.448, 110.038, 0, 0, 0, 0, 
4.5, 21.626, 100.521, 62.832, 63.546, , 13.453, 0.971, 511.052, 511.052, 5.688, 322.829, 322.829, 322.829, 52.134, , 35.492, 35.944, 7.377, 11.523, 0, 0, 91.168, 93.845, 91.168, 93.845, 1, 109.018, 109.018, 0.025, 0.132, 84.249, 86.726, 84.249, 86.726, 7.122, 7.377, 11.523, , , 1, 4.596, 0, 0, 12.5, 5.688, 187, 0, 0, 0, 71, 18.846, 18.964, 96.998, 95.729, 100, 0, 0, 34.593, 32.797, 100, 4.418, 110.121, 0, 0, 110.27, 111.069, 0, 0, 0, 0, 0, 13.9, 0, 12.5, 0, 5.688, 187, 0, 0, 0, 71, 1, 0.019, 0.019, 96.998, 95.729, 100, 0, 0, 141, 34.593, 32.797, 100, 4.418, 0, 108.68, 0, 0, 110.27, 111.069, 0, 0, 0, 0, 
4.55, 21.625, 100.522, 62.836, 63.545, , 13.382, 0.971, 518.851, 518.851, 5.723, 321.172, 321.172, 321.172, 52.142, , 35.421, 35.693, 7.377, 11.617, 0, 0, 91.254, 93.932, 91.254, 93.932, 1, 109.678, 109.678, 0.025, 0.132, 83.804, 86.268, 83.804, 86.268, 7.201, 7.377, 11.617, , , 1, 4.647, 0, 0, 12.5, 5.723, 187, 0, 0, 0, 71, 18.394, 18.528, 96.438, 95.536, 100, 0, 0, 34.801, 32.9, 100, 4.414, 107.891, 0, 0, 108.091, 112.1, 0, 0, 0, 0, 0, 13.9, 0, 12.5, 0, 5.723, 187, 0, 0, 0, 71, 1, 0.018, 0.018, 96.438, 95.536, 100, 0, 0, 141, 34.801, 32.9, 100, 4.414, 0, 107.17, 0, 0, 108.091, 112.1, 0, 0, 0, 0, 
4.6, 21.624, 100.522, 62.84, 63.544, , 13.329, 0.971, 526.903, 526.903, 5.757, 319.94, 319.94, 319.94, 52.156, , 35.349, 35.442, 7.377, 11.721, 0, 0, 91.446, 94.129, 91.446, 94.129, 1, 110.332, 110.332, 0.025, 0.132, 83.455, 85.909, 83.455, 85.909, 7.275, 7.377, 11.721, , , 1, 4.697, 0, 0, 12.5, 5.757, 187, 0, 0, 0, 71, 17.954, 18.104, 95.892, 95.348, 100, 0, 0, 35.004, 33.004, 100, 4.41, 105.719, 0, 0, 105.971, 113.106, 0, 0, 0, 0, 0, 13.9, 0, 12.5, 0, 5.757, 187, 0, 0, 0, 71, 1, 0.018, 0.018, 95.892, 95.348, 100, 0, 0, 141, 35.004, 33.004, 100, 4.41, 0, 105.703, 0, 0, 105.971, 113.106, 0, 0, 0, 0, 
4.65, 21.623, 100.522, 62.844, 63.543, , 13.257, 0.971, 534.869, 534.869, 5.775, 318.249, 318.249, 318.249, 52.153, , 35.277, 35.191, 7.377, 11.833, 0, 0, 91.502, 94.188, 91.502, 94.188, 1, 110.992, 110.992, 0.025, 0.132, 83.024, 85.464, 83.024, 85.464, 7.35, 7.377, 11.833, , , 1, 4.747, 0, 0, 12.5, 5.775, 187, 0, 0, 0, 71, 17.816, 17.964, 95.704, 95.232, 100, 0, 0, 35.109, 33.109, 100, 4.41, 104.934, 0, 0, 105.238, 113.495, 0, 0, 0, 0, 0, 13.9, 0, 12.5, 0, 5.775, 187, 0, 0, 0, 71, 1, 0.018, 0.018, 95.704, 95.232, 100, 0, 0, 141, 35.109, 33.109, 100, 4.41, 0, 104.922, 0, 0, 105.238, 113.495, 0, 0, 0, 0, 
4.7, 21.621, 100.523, 62.847, 63.541, , 13.189, 0.971, 542.845, 542.845, 5.794, 316.655, 316.655, 316.655, 52.106, , 35.188, 35.199, 7.377, 11.955, 0, 0, 91.575, 94.265, 91.575, 94.265, 1, 111.645, 111.645, 0.025, 0.132, 82.679, 85.108, 82.679, 85.108, 7.424, 7.377, 11.955, , , 1, 4.797, 0, 0, 12.5, 5.794, 187, 0, 0, 0, 71, 17.678, 17.824, 95.516, 95.116, 100, 0, 0, 35.213, 33.213, 100, 4.41, 104.15, 0, 0, 104.506, 113.884, 0, 0, 0, 0, 0, 13.9, 0, 12.5, 0, 5.794, 187, 0, 0, 0, 71, 1, 0.018, 0.018, 95.516, 95.116, 100, 0, 0, 141, 35.213, 33.213, 100, 4.41, 0, 104.141, 0, 0, 104.506, 113.884, 0, 0, 0, 0, 
4.75, 21.62, 100.523, 62.851, 63.54, , 13.113, 0.971, 551.058, 551.058, 5.813, 314.887, 314.887, 314.887, 52.02, , 35.08, 35.488, 7.378, 12.085, 0, 0, 91.6, 94.291, 91.6, 94.291, 1, 112.291, 112.291, 0.025, 0.132, 82.354, 84.772, 82.354, 84.772, 7.477, 7.378, 12.085, , , 1, 4.847, 0, 0, 12.5, 5.813, 187, 0, 0, 0, 71, 17.54, 17.684, 95.328, 95, 100, 0, 0, 35.318, 33.318, 100, 4.41, 103.365, 0, 0, 103.774, 114.273, 0, 0, 0, 0, 0, 13.9, 0, 12.5, 0, 5.813, 187, 0, 0, 0, 71, 1, 0.017, 0.017, 95.328, 95, 100, 0, 0, 141, 35.318, 33.318, 100, 4.41, 0, 103.359, 0, 0, 103.774, 114.273, 0, 0, 0, 0, 
4.8, 21.621, 100.524, 62.855, 63.54, , 13.048, 0.971, 559.11, 559.11, 5.832, 313.372, 313.372, 313.372, 51.892, , 34.971, 35.777, 7.378, 12.216, 0, 0, 91.677, 94.37, 91.677, 94.37, 1, 112.942, 112.942, 0.025, 0.131, 82.16, 84.571, 82.16, 84.571, 7.511, 7.378, 12.216, , , 1, 4.897, 0, 0, 12.5, 5.832, 187, 0, 0, 0, 71, 17.402, 17.544, 95.139, 94.884, 100, 0, 0, 35.423, 33.423, 100, 4.41, 102.581, 0, 0, 103.042, 114.662, 0, 0, 0, 0, 0, 13.9, 0, 12.5, 0, 5.832, 187, 0, 0, 0, 71, 1, 0.017, 0.017, 95.139, 94.884, 100, 0, 0, 141, 35.423, 33.423, 100, 4.41, 0, 102.578, 0, 0, 103.042, 114.662, 0, 0, 0, 0, 
4.85, 21.622, 100.524, 62.859, 63.54, , 12.969, 0.971, 567.323, 567.323, 5.848, 311.528, 311.528, 311.528, 51.724, , 34.863, 36.066, 7.379, 12.348, 0, 0, 91.655, 94.349, 91.655, 94.349, 1, 113.587, 113.587, 0.025, 0.131, 81.943, 84.348, 81.943, 84.348, 7.545, 7.379, 12.348, , , 1, 4.946, 0, 0, 12.5, 5.848, 187, 0, 0, 0, 70.895, 17.145, 17.286, 94.983, 93.971, 100, 0, 0, 35.5, 33.519, 98.974, 4.373, 101.905, 0, 0, 102.433, 114.998, 0, 0, 0, 0, 0, 13.901, 0, 12.5, 0, 5.848, 187, 0, 0, 0, 70.895, 1, 0.017, 0.017, 94.983, 93.969, 100, 0, 0, 141, 35.5, 33.519, 98.974, 4.373, 0, 101.905, 0, 0, 102.433, 114.998, 0, 0, 0, 0, 
4.9, 21.623, 100.524, 62.863, 63.54, , 12.882, 0.971, 575.576, 575.576, 5.859, 309.477, 309.477, 309.477, 51.539, , 34.754, 36.355, 7.38, 12.48, 0, 0, 91.565, 94.256, 91.565, 94.256, 1, 114.219, 114.219, 0.025, 0.131, 81.699, 84.098, 81.699, 84.098, 7.58, 7.38, 12.48, , , 1, 4.997, 0, 0, 12.5, 5.859, 187, 0, 0, 0, 70.491, 16.549, 16.694, 94.917, 91.008, 100, 0, 0, 35.5, 33.593, 95.308, 4.232, 101.537, 0, 0, 102.176, 115.18, 0, 0, 0, 0, 0, 13.905, 0, 12.5, 0, 5.859, 187, 0, 0, 0, 70.491, 1, 0.016, 0.016, 94.917, 91.003, 100, 0, 0, 141, 35.5, 33.593, 95.308, 4.232, 0, 101.537, 0, 0, 102.176, 115.18, 0, 0, 0, 0, 
4.95, 21.624, 100.525, 62.866, 63.54, , 12.818, 0.971, 583.916, 583.916, 5.87, 307.993, 307.993, 307.993, 51.353, , 34.862, 36.41, 7.381, 12.613, 0, 0, 91.636, 94.328, 91.636, 94.328, 1, 114.857, 114.857, 0.025, 0.131, 81.6, 83.996, 81.6, 83.996, 7.612, 7.381, 12.613, , , 1, 5.047, 0, 0.001, 12.5, 5.87, 187, 0, 0, 0, 70.087, 15.953, 16.103, 94.851, 88.046, 100, 0, 0, 35.5, 33.666, 91.642, 4.091, 101.17, 0, 0, 101.919, 115.363, 0, 0, 0, 0, 0, 13.908, 0.001, 12.5, 0, 5.87, 187, 0, 0, 0, 70.087, 1, 0.016, 0.016, 94.851, 88.036, 100, 0, 0, 141, 35.5, 33.666, 91.642, 4.091, 0, 101.17, 0, 0, 101.919, 115.363, 0, 0, 0, 0, 
5, 21.625, 100.525, 62.87, 63.54, , 11.925, 0.971, 592.255, 592.255, 5.881, 286.833, 286.833, 286.833, 51.178, , 35.186, 36.23, 7.383, 12.753, 0, 0, 85.735, 88.253, 85.735, 88.253, 1, 115.475, 115.475, 0.025, 0.131, 76.215, 78.455, 76.215, 78.455, 7.639, 7.383, 12.753, , , 1, 5.096, 0, 0.001, 12.5, 5.881, 187, 0, 0, 0, 69.684, 15.356, 15.511, 94.785, 85.084, 100, 0, 0, 35.5, 33.739, 87.977, 3.95, 100.803, 0, 0, 101.662, 115.546, 0, 0, 0, 0, 0, 13.912, 0.001, 12.5, 0, 5.881, 187, 0, 0, 0, 69.684, 1, 0.015, 0.015, 94.785, 85.07, 100, 0, 0, 141, 35.5, 33.739, 87.977, 3.95, 0, 100.803, 0, 0, 101.662, 115.546, 0, 0, 0, 0, 
5.05, 21.627, 100.525, 62.874, 63.54, , 9.991, 0.971, 600.594, 600.594, 5.892, 240.972, 240.972, 240.972, 51.038, , 35.51, 36.05, 7.384, 12.902, 0, 0, 72.273, 74.396, 72.273, 74.396, 1, 116.018, 116.018, 0.025, 0.13, 64.164, 66.049, 64.164, 66.049, 7.665, 7.384, 12.902, , , 1, 5.147, 0, 0.002, 12.5, 5.892, 187, 0, 0, 0, 69.28, 14.76, 14.919, 94.719, 82.122, 100, 0, 0, 35.5, 33.813, 84.311, 3.809, 100.436, 0, 0, 101.405, 115.729, 0, 0, 0, 0, 0, 13.916, 0.002, 12.5, 0, 5.892, 187, 0, 0, 0, 69.28, 1, 0.014, 0.014, 94.719, 82.103, 100, 0, 0, 141, 35.5, 33.813, 84.311, 3.809, 0, 100.436, 0, 0, 101.405, 115.729, 0, 0, 0, 0, 
5.1, 21.628, 100.526, 62.878, 63.54, , 8.07, 0.971, 609.001, 609.001, 5.903, 195.41, 195.41, 195.41, 50.941, , 35.834, 35.87, 7.385, 13.186, 0, 0, 58.808, 60.535, 58.808, 60.535, 1, 116.468, 116.468, 0.025, 0.13, 52.132, 53.663, 52.132, 53.663, 7.692, 7.385, 13.186, , , 1, 5.197, 0, 0.002, 12.5, 5.903, 187, 0, 0, 0, 68.876, 14.164, 14.327, 94.652, 79.159, 100, 0, 0, 35.5, 33.886, 80.645, 3.669, 100.069, 0, 0, 101.148, 115.912, 0, 0, 0, 0, 0, 13.919, 0.002, 12.5, 0, 5.903, 187, 0, 0, 0, 68.876, 1, 0.014, 0.014, 94.652, 79.136, 100, 0, 0, 141, 35.5, 33.886, 80.645, 3.669, 0, 100.069, 0, 0, 101.148, 115.912, 0, 0, 0, 0, 
5.15, 21.629, 100.526, 62.882, 63.54, , 6.209, 0.971, 617.476, 617.476, 5.914, 151.274, 151.274, 151.274, 50.889, , 36.158, 35.69, 7.386, 13.629, 0, 0, 45.684, 47.024, 45.684, 47.024, 1, 116.821, 116.821, 0.025, 0.13, 40.422, 41.609, 40.422, 41.609, 7.718, 7.386, 13.629, , , 1, 5.247, 0, 0.002, 12.5, 5.914, 187, 0, 0, 0, 68.472, 13.568, 13.735, 94.586, 76.197, 100, 0, 0, 35.5, 33.96, 76.979, 3.528, 99.702, 0, 0, 100.891, 116.094, 0, 0, 0, 0, 0, 13.923, 0.002, 12.5, 0, 5.914, 187, 0, 0, 0, 68.472, 1, 0.013, 0.013, 94.586, 76.17, 100, 0, 0, 141, 35.5, 33.96, 76.979, 3.528, 0, 99.702, 0, 0, 100.891, 116.094, 0, 0, 0, 0, 
5.2, 21.63, 100.527, 62.885, 63.54, , 4.355, 0.971, 625.951, 625.951, 5.925, 107.296, 107.296, 107.296, 50.876, , 36.122, 35.69, 7.386, 14.271, 0, 0, 32.514, 33.468, 32.514, 33.468, 1, 117.081, 117.081, 0.025, 0.13, 28.696, 29.538, 28.696, 29.538, 7.738, 7.386, 14.271, , , 1, 5.297, 0, 0.003, 12.5, 5.925, 187, 0, 0, 0, 68.068, 12.972, 13.144, 94.52, 73.235, 100, 0, 0, 35.5, 34.033, 73.314, 3.387, 99.335, 0, 0, 100.634, 116.277, 0, 0, 0, 0, 0, 13.927, 0.003, 12.5, 0, 5.925, 187, 0, 0, 0, 68.068, 1, 0.013, 0.013, 94.52, 73.203, 100, 0, 0, 141, 35.5, 34.033, 73.314, 3.387, 0, 99.335, 0, 0, 100.634, 116.277, 0, 0, 0, 0, 
5.25, 21.631, 100.527, 62.889, 63.54, , 3.105, 0.971, 634.599, 634.599, 5.936, 77.651, 77.651, 77.651, 50.898, , 35.726, 35.87, 7.385, 15.167, 0, 0, 23.585, 24.276, 23.585, 24.276, 1, 117.261, 117.261, 0.025, 0.129, 20.758, 21.367, 20.758, 21.367, 7.758, 7.385, 15.167, , , 1, 5.347, 0, 0.003, 12.5, 5.936, 187, 0, 0, 0, 67.664, 12.376, 12.552, 94.454, 70.273, 100, 0, 0, 35.5, 34.106, 69.648, 3.246, 98.968, 0, 0, 100.377, 116.46, 0, 0, 0, 0, 0, 13.93, 0.003, 12.5, 0, 5.936, 187, 0, 0, 0, 67.664, 1, 0.012, 0.012, 94.454, 70.237, 100, 0, 0, 141, 35.5, 34.106, 69.648, 3.246, 0, 98.968, 0, 0, 100.377, 116.46, 0, 0, 0, 0, 
5.3, 21.632, 100.527, 62.893, 63.54, , 2.375, 0.971, 643.124, 643.124, 5.947, 60.345, 60.345, 60.345, 50.938, , 35.33, 36.05, 7.383, 16.175, 0, 0, 18.339, 18.877, 18.339, 18.877, 1, 117.399, 117.399, 0.025, 0.129, 16.129, 16.602, 16.129, 16.602, 7.777, 7.383, 16.175, , , 1, 5.397, 0, 0.003, 12.5, 5.947, 187, 0, 0, 0, 67.261, 11.779, 11.96, 94.388, 67.31, 100, 0, 0, 35.5, 34.18, 65.982, 3.105, 98.601, 0, 0, 100.12, 116.643, 0, 0, 0, 0, 0, 13.934, 0.003, 12.5, 0, 5.947, 187, 0, 0, 0, 67.261, 1, 0.012, 0.012, 94.388, 67.27, 100, 0, 0, 141, 35.5, 34.18, 65.982, 3.105, 0, 98.601, 0, 0, 100.12, 116.643, 0, 0, 0, 0, 
5.35, 21.633, 100.528, 62.897, 63.54, , 0.523, 0.971, 651.722, 651.722, 5.958, 16.413, 16.413, 16.413, 50.982, , 34.934, 36.23, 7.382, 17.337, 0, 0, 4.99, 5.136, 4.99, 5.136, 1, 117.481, 117.481, 0.025, 0.129, 4.415, 4.544, 4.415, 4.544, 7.797, 7.382, 17.337, , , 1, 5.447, 0, 0.004, 12.5, 5.958, 187, 0, 0, 0, 66.857, 11.183, 11.368, 94.322, 64.348, 100, 0, 0, 35.5, 34.253, 62.317, 2.964, 98.233, 0, 0, 99.863, 116.826, 0, 0, 0, 0, 0, 13.938, 0.004, 12.5, 0, 5.958, 187, 0, 0, 0, 66.857, 1, 0.011, 0.011, 94.322, 64.303, 100, 0, 0, 141, 35.5, 34.253, 62.317, 2.964, 0, 98.233, 0, 0, 99.863, 116.826, 0, 0, 0, 0, 
5.4, 21.635, 100.528, 62.901, 63.54, , -1.851, 0.971, 660.371, 660.371, 5.969, -39.925, -39.925, -39.925, 51.048, , 34.538, 36.41, 7.381, 18.376, 0, 0, -12.11, -12.466, -12.11, -12.466, 1, 117.444, 117.444, 0.025, 0.129, -10.581, -10.892, -10.581, -10.892, 7.809, 7.381, 18.376, , , 1, 5.496, 0, 0.004, 12.5, 5.969, 187, 0, 0, 0, 66.453, 10.587, 10.777, 94.256, 61.386, 100, 0, 0, 35.5, 34.327, 58.651, 2.823, 97.866, 0, 0, 99.606, 117.009, 0, 0, 0, 0, 0, 13.941, 0.004, 12.5, 0, 5.969, 187, 0, 0, 0, 66.453, 1, 0.01, 0.01, 94.256, 61.337, 100, 0, 0, 141, 35.5, 34.327, 58.651, 2.823, 0, 97.866, 0, 0, 99.606, 117.009, 0, 0, 0, 0, 
5.45, 21.636, 100.528, 62.904, 63.54, , -3.809, 0.971, 669.019, 669.019, 5.98, -86.373, -86.373, -86.373, 51.134, , 34.448, 36.374, 7.379, 19.216, 0, 0, -26.189, -26.958, -26.189, -26.958, 1, 117.3, 117.3, 0.025, 0.129, -22.929, -23.602, -22.929, -23.602, 7.819, 7.379, 19.216, , , 1, 5.547, 0, 0.005, 12.5, 5.98, 187, 0, 0, 0, 66.049, 9.991, 10.185, 94.19, 58.424, 100, 0, 0, 35.5, 34.4, 54.985, 2.682, 97.499, 0, 0, 99.349, 117.191, 0, 0, 0, 0, 0, 13.945, 0.005, 12.5, 0, 5.98, 187, 0, 0, 0, 66.049, 1, 0.01, 0.01, 94.19, 58.37, 100, 0, 0, 141, 35.5, 34.4, 54.985, 2.682, 0, 97.499, 0, 0, 99.349, 117.191, 0, 0, 0, 0, 
5.5, 21.637, 100.529, 62.908, 63.54, , -5.351, 0.971, 677.494, 677.494, 5.992, -122.972, -122.972, -122.972, 51.23, , 34.664, 36.122, 7.378, 19.882, 0, 0, -37.262, -38.356, -37.262, -38.356, 1, 117.066, 117.066, 0.025, 0.129, -32.638, -33.596, -32.638, -33.596, 7.829, 7.378, 19.882, , , 1, 5.597, 0, 0.005, 12.5, 5.992, 187, 0, 0, 0, 65.645, 9.395, 9.593, 94.124, 55.461, 100, 0, 0, 35.5, 34.474, 51.32, 2.541, 97.132, 0, 0, 99.093, 117.374, 0, 0, 0, 0, 0, 13.949, 0.005, 12.5, 0, 5.992, 187, 0, 0, 0, 65.645, 1, 0.009, 0.009, 94.124, 55.404, 100, 0, 0, 141, 35.5, 34.474, 51.32, 2.541, 0, 97.132, 0, 0, 99.093, 117.374, 0, 0, 0, 0, 
5.55, 21.638, 100.529, 62.912, 63.54, , -6.3, 0.971, 686.143, 686.143, 5.994, -145.49, -145.49, -145.49, 51.33, , 34.88, 35.87, 7.377, 20.242, 0, 0, -44.028, -45.321, -44.028, -45.321, 1, 116.771, 116.771, 0.024, 0.129, -38.578, -39.71, -38.578, -39.71, 7.84, 7.377, 20.242, , , 1, 5.647, 0, 0.006, 12.5, 5.994, 187, 0, 0, 0, 64.764, 8.268, 8.447, 93.979, 49.062, 100, 0, 0, 35.433, 34.567, 43.277, 2.23, 97.202, 0, 0, 99.336, 117.357, 0, 0, 0, 0, 0, 13.957, 0.006, 12.5, 0, 5.994, 187, 0, 0, 0, 64.764, 1, 0.008, 0.008, 93.979, 48.918, 100, 0, 0, 141, 35.433, 34.567, 43.277, 2.23, 0, 97.202, 0, 0, 99.336, 117.357, 0, 0, 0, 0, 
5.6, 21.639, 100.53, 62.916, 63.54, , -6.068, 0.971, 694.791, 694.791, 5.992, -139.995, -139.995, -139.995, 51.442, , 35.096, 35.618, 7.377, 20.527, 0, 0, -42.253, -43.494, -42.253, -43.494, 1, 116.454, 116.454, 0.024, 0.129, -37.041, -38.129, -37.041, -38.129, 7.863, 7.377, 20.527, , , 1, 5.696, 0, 0.007, 12.5, 5.992, 187, 0, 0, 0, 63.613, 6.844, 6.989, 93.791, 40.729, 100, 0, 0, 35.328, 34.672, 32.773, 1.824, 97.517, 0, 0, 99.861, 117.227, 0, 0, 0, 0, 0, 13.967, 0.007, 12.5, 0, 5.992, 187, 0, 0, 0, 63.613, 1, 0.007, 0.007, 93.791, 40.62, 100, 0, 0, 141, 35.328, 34.672, 32.773, 1.824, 0, 97.517, 0, 0, 99.861, 117.227, 0, 0, 0, 0, 
5.65, 21.64, 100.53, 62.92, 63.54, , -5.66, 0.971, 703.334, 703.334, 5.99, -130.342, -130.342, -130.342, 51.554, , 35.312, 35.366, 7.378, 20.667, 0, 0, -39.224, -40.377, -39.224, -40.377, 1, 116.164, 116.164, 0.024, 0.129, -34.4, -35.41, -34.4, -35.41, 7.892, 7.378, 20.667, , , 1, 5.746, 0, 0.008, 12.5, 5.99, 187, 0, 0, 0, 62.462, 5.419, 5.53, 93.603, 32.396, 100, 0, 0, 35.224, 34.776, 22.269, 1.419, 97.832, 0, 0, 100.387, 117.098, 0, 0, 0, 0, 0, 13.978, 0.008, 12.5, 0, 5.99, 187, 0, 0, 0, 62.462, 1, 0.005, 0.005, 93.603, 32.322, 100, 0, 0, 141, 35.224, 34.776, 22.269, 1.419, 0, 97.832, 0, 0, 100.387, 117.098, 0, 0, 0, 0, 
5.7, 21.641, , , 63.54, , -5.598, , 711.915, 711.915, 5.987, -128.876, -128.876, -128.876, 51.672, , 35.402, 35.456, 7.378, 20.865, 0, 0, -38.685, -39.823, -38.685, -39.823, 1, 115.884, 115.884, 0.024, 0.129, -33.932, -34.928, -33.932, -34.928, 7.921, 7.378, 20.865, , , 1, 5.797, 0, 0.009, 12.5, 5.987, 187, 0, 0, 0, 61.312, 3.994, 4.072, 93.415, 24.063, 100, 0, 0, 35.119, 34.881, 11.765, 1.013, 98.147, 0, 0, 100.912, 116.968, 0, 0, 0, 0, 0, 13.988, 0.009, 12.5, 0, 5.987, 187, 0, 0, 0, 61.312, 1, 0.004, 0.004, 93.415, 24.024, 100, 0, 0, 141, 35.119, 34.881, 11.765, 1.013, 0, 98.147, 0, 0, 100.912, 116.968, 0, 0, 0, 0, 
5.75, 21.643, , , 63.54, , -5.564, , 720.39, 720.39, 5.985, -128.077, -128.077, -128.077, 51.804, , 35.366, 35.888, 7.379, 21.184, 0, 0, -38.356, -39.483, -38.356, -39.483, 1, 115.6, 115.6, 0.024, 0.129, -33.639, -34.627, -33.639, -34.627, 7.95, 7.379, 21.184, , , 1, 5.847, 0, 0.01, 12.5, 5.985, 187, 0, 0, 0, 60.161, 2.569, 2.614, 93.226, 15.73, 100, 0, 0, 35.015, 34.985, 1.261, 0.607, 98.462, 0, 0, 101.437, 116.838, 0, 0, 0, 0, 0, 13.999, 0.01, 12.5, 0, 5.985, 187, 0, 0, 0, 60.161, 1, 0.002, 0.002, 93.226, 15.726, 100, 0, 0, 141, 35.015, 34.985, 1.261, 0.607, 0, 98.462, 0, 0, 101.437, 116.838, 0, 0, 0, 0, 
5.8, 21.644, , , 63.54, , -5.457, , 728.865, 728.865, 5.986, -125.557, -125.557, -125.557, 51.919, , 35.33, 36.32, 7.379, 21.466, 0, 0, -37.517, -38.62, -37.517, -38.62, 1, 115.322, 115.322, 0.024, 0.129, -33.565, -34.55, -33.565, -34.55, 7.971, 7.379, 21.466, , , 1, 5.896, 0, 0.008, 12.5, 5.986, 187, 0, 0, 0, 57.592, 1.962, 1.995, 93.2, 14.47, 100, 0, 0, 35, 35, 0, 0.55, 98.852, 0, 0, 101.852, 116.607, 0, 0, 0, 0, 0, 14, 0.008, 12.5, 0, 5.986, 187, 0, 0, 0, 57.592, 1, 0.002, 0.002, 93.2, 14.47, 100, 0, 0, 141, 35, 35, 0, 0.55, 0, 98.852, 0, 0, 101.852, 116.607, 0, 0, 0, 0, 
5.85, 21.645, , , 63.54, , -5.374, , 737.358, 737.358, 5.988, -123.599, -123.599, -123.599, 51.99, , 35.294, 36.752, 7.38, 21.662, 0, 0, -36.844, -37.927, -36.844, -37.927, 1, 115.05, 115.05, 0.024, 0.128, -33.367, -34.346, -33.367, -34.346, 7.982, 7.38, 21.662, , , 1, 5.947, 0, 0.006, 12.5, 5.988, 187, 0, 0, 0, 54.792, 1.488, 1.513, 93.2, 14.174, 100, 0, 0, 35, 35, 0, 0.55, 99.252, 0, 0, 102.252, 116.359, 0, 0, 0, 0, 0, 14, 0.006, 12.5, 0, 5.988, 187, 0, 0, 0, 54.792, 1, 0.001, 0.001, 93.2, 14.174, 100, 0, 0, 141, 35, 35, 0, 0.55, 0, 99.252, 0, 0, 102.252, 116.359, 0, 0, 0, 0, 
5.9, 21.646, , , 63.54, , -5.374, , 745.864, 745.864, 5.99, -123.606, -123.606, -123.606, 52.06, , 35.258, 37.184, 7.38, 21.777, 0, 0, -36.755, -37.834, -36.755, -37.834, 1, 114.78, 114.78, 0.024, 0.128, -32.791, -33.753, -32.791, -33.753, 7.993, 7.38, 21.777, , , 1, 5.997, 0, 0.004, 12.5, 5.99, 187, 0, 0, 0, 51.992, 1.014, 1.031, 93.2, 13.878, 100, 0, 0, 35, 35, 0, 0.55, 99.652, 0, 0, 102.652, 116.111, 0, 0, 0, 0, 0, 14, 0.004, 12.5, 0, 5.99, 187, 0, 0, 0, 51.992, 1, 0.001, 0.001, 93.2, 13.878, 100, 0, 0, 141, 35, 35, 0, 0.55, 0, 99.652, 0, 0, 102.652, 116.111, 0, 0, 0, 0, 
5.95, 21.647, , , 63.54, , -5.407, , 754.37, 754.37, 5.991, -124.386, -124.386, -124.386, 52.128, , 35.222, 37.187, 7.38, 21.681, 0, 0, -36.892, -37.976, -36.892, -37.976, 1, 114.507, 114.507, 0.024, 0.128, -31.788, -32.72, -31.788, -32.72, 8.004, 7.38, 21.681, , , 1, 6.043, 0, 0.002, 12.5, 5.991, 187, 0, 0, 0, 49.192, 0.54, 0.549, 93.2, 13.582, 100, 0, 0, 35, 35, 0, 0.55, 100.052, 0, 0, 103.052, 115.863, 0, 0, 0, 0, 0, 14, 0.002, 12.5, 0, 5.991, 187, 0, 0, 0, 49.192, 1, 0, 0, 93.2, 13.582, 100, 0, 0, 141, 35, 35, 0, 0.55, 0, 100.052, 0, 0, 103.052, 115.863, 0, 0, 0, 0, 
6, 21.648, , , 63.54, , -5.44, , 761.958, 761.958, 5.993, -125.177, -125.177, -125.177, 52.194, , 35.187, 36.76, 7.38, 21.56, 0, 0, -37.072, -38.161, -37.072, -38.161, 1, 114.302, 114.302, , , , , , , , 7.38, 21.56, , , 1, 6.068, 0, 0, 12.5, 5.993, 187, 0, 0, 0, 46.392, 0.066, 0.067, 93.2, 13.286, 100, 0, 0, 35, 35, 0, 0.55, 100.452, 0, 0, 103.452, 115.615, 0, 0, 0, 0, 0, 14, 0, 12.5, 0, 5.993, 187, 0, 0, 0, 46.392, 1, 0, 0, 93.2, 13.286, 100, 0, 0, 141, 35, 35, 0, 0.55, 0, 100.452, 0, 0, 103.452, 115.615, 0, 0, 0, 0, 
6.05, 21.649, , , 63.54, , -5.607, , 766.211, 766.211, , -129.151, -129.151, -129.151, , , 35.151, 36.333, 7.38, 21.367, 0, 0, -38.208, -39.33, -38.208, -39.33, 1, 114.166, 114.166, , , , , , , , 7.38, 21.367, , , 1, 6.093, , , , , , , , , , , , , , , , , , , , , , , , , , , , , , , , , , , , , , , , , , , , , , , , , , , , , , , , , , , , , , , , 
6.1, , , , , , -5.768, , 770.381, 770.381, , -132.985, -132.985, -132.985, , , 35.115, 35.906, 7.38, 21.159, 0, 0, -39.297, -40.453, -39.297, -40.453, 1, 114.026, 114.026, , , , , , , , 7.38, 21.159, , , , 6.118, , , , , , , , , , , , , , , , , , , , , , , , , , , , , , , , , , , , , , , , , , , , , , , , , , , , , , , , , , , , , , , , 
6.15, , , , , , -5.793, , 774.551, 774.551, , -133.568, -133.568, -133.568, , , 35.08, 35.479, 7.38, 20.908, 0, 0, -39.417, -40.579, -39.417, -40.579, 1, 113.883, 113.883, , , , , , , , 7.38, 20.908, , , , , , , , , , , , , , , , , , , , , , , , , , , , , , , , , , , , , , , , , , , , , , , , , , , , , , , , , , , , , , , , , , , , 
6.2, , , , , , , , 778.72, 778.72, , , , , , , , , , , , , , , , , , 113.74, 113.74, , , , , , , , , , , , , , , , , , , , , , , , , , , , , , , , , , , , , , , , , , , , , , , , , , , , , , , , , , , , , , , , , , , , , , , , , , , , , 
