Time, (DWRT ATMO) Humidity, (DWRT ATMO) Pressure, (DWRT ATMO) Temperature 1, (DWRT ATMO) Temperature 2, (DWRT CPU) ????????????????????????????????????????????????????????????????, (DWRT CPU) Acceleration, (DWRT CPU) Correction Factor, (DWRT CPU) Distance, (DWRT CPU) Distance 1, (DWRT CPU) Engine RPM, (DWRT CPU) Force, (DWRT CPU) Force 1, (DWRT CPU) Force Drum 1, (DWRT CPU) Gear Ratio, (DWRT CPU) Inductive 1 Signal Strength, (DWRT CPU) Internal Temp 1, (DWRT CPU) Internal Temp 2, (DWRT CPU) LC1 Volts Petrol AFR, (DWRT CPU) LC2 Volts Petrol AFR2, (DWRT CPU) Link 0 Status, (DWRT CPU) Link 1 Status, (DWRT CPU) Power, (DWRT CPU) Power (uncorrected), (DWRT CPU) Power Drum 1, (DWRT CPU) Power Drum 1 (uncorrected), (DWRT CPU) Sampling, (DWRT CPU) Speed, (DWRT CPU) Speed 1, (DWRT CPU) TCP RX kB/s, (DWRT CPU) TCP TX kB/s, (DWRT CPU) Torque, (DWRT CPU) Torque (uncorrected), (DWRT CPU) Torque Drum 1, (DWRT CPU) Torque Drum 1 (uncorrected), (DWRT CPU) UDP RX kB/s, (DWRT CPU) User Analog 1, (DWRT CPU) User Analog 2, (DWRT CPU) User Analog 3, (DWRT CPU) User Analog 4, (Gen) Sampling, (Gen) Sampling Duration, (Harley - ECU Type 14 SW Level 141) Accel Enrichment, (Harley - ECU Type 14 SW Level 141) Decel Enleanment, (Harley - ECU Type 14 SW Level 141) Desired Air/Fuel, (Harley - ECU Type 14 SW Level 141) Engine Speed, (Harley - ECU Type 14 SW Level 141) Engine Temperature, (Harley - ECU Type 14 SW Level 141) Front Adaptive Fuel Factor, (Harley - ECU Type 14 SW Level 141) Front Closed Loop Integrator, (Harley - ECU Type 14 SW Level 141) Front Spark Knock Retard, (Harley - ECU Type 14 SW Level 141) Idle Air Control Motor Position, (Harley - ECU Type 14 SW Level 141) Injector Time Front, (Harley - ECU Type 14 SW Level 141) Injector Time Rear, (Harley - ECU Type 14 SW Level 141) Intake Air Temperature, (Harley - ECU Type 14 SW Level 141) Manifold Absolute Pressure, (Harley - ECU Type 14 SW Level 141) Rear Adaptive Fuel Factor, (Harley - ECU Type 14 SW Level 141) Rear Closed Loop Integrator, (Harley - ECU Type 14 SW Level 141) Rear Spark Knock Retard, (Harley - ECU Type 14 SW Level 141) Spark Advance Front, (Harley - ECU Type 14 SW Level 141) Spark Advance Rear, (Harley - ECU Type 14 SW Level 141) Throttle Position, (Harley - ECU Type 14 SW Level 141) Throttle Position Sensor Voltage, (Harley - ECU Type 14 SW Level 141) VE Front, (Harley - ECU Type 14 SW Level 141) VE New Front, (Harley - ECU Type 14 SW Level 141) VE New Rear, (Harley - ECU Type 14 SW Level 141) VE Rear, (Harley - ECU Type 14 SW Level 141) Vehicle Speed, (Harley - ECU Type 14 SW Level 141) WBO2 AFR Front, (Harley - ECU Type 14 SW Level 141) WBO2 AFR Rear, (PV) Accel Enrichment, (PV) AT Lambda 1, (PV) AT Lambda 2, (PV) Battery Voltage, (PV) Decel Enleanment, (PV) Desired Air/Fuel, (PV) Desired Lambda, (PV) Engine Speed, (PV) Engine Temperature, (PV) Front Adaptive Fuel Factor, (PV) Front Closed Loop Integrator, (PV) Front Spark Knock Retard, (PV) Idle Air Control Motor Position, (PV) Idle Set Speed, (PV) Injector Time Front, (PV) Injector Time Rear, (PV) Intake Air Temperature, (PV) Manifold Absolute Pressure, (PV) Rear Adaptive Fuel Factor, (PV) Rear Closed Loop Integrator, (PV) Rear Spark Knock Retard, (PV) Software Level, (PV) Spark Advance Front, (PV) Spark Advance Rear, (PV) Throttle Position, (PV) Throttle Position Sensor, (PV) Twistgrip Position, (PV) VE Front, (PV) VE New Front, (PV) VE New Rear, (PV) VE Rear, (PV) Vehicle Speed, (PV) Warm-up Fuel AFR (Lambda), (PV) Warm-up Fuel AFR (Ratio), (PV) WBO2 AFR Front, (PV) WBO2 AFR Rear, 
0, , , , , , , , , , , , , , , , , , , , , , , , , , , , , 0.025, 0.034, , , , , 4.275, , , , , 1, 0, , , , , , , , , , , , , , , , , , , , , , , , , , , , , , , , , , , , , , , , , , , , , , , , , , , , , , , , , , , , , , , , 
0.05, , , , , , -1.988, , , , , -45.498, -45.498, -45.498, , , , , 7.377, 22.39, , , , , , , , 34.468, 34.468, 0.025, 0.034, , , , , 4.277, 7.377, 22.39, , , 1, 0.05, , , , , , , , , , , , , , , , , , , , , , , , , , , , , , , , , , , , , , , , , , , , , , , , , , , , , , , , , , , , , , , , 
0.1, , , , , , -1.629, , 2.837, 2.837, , -36.966, -36.966, -36.966, , , , , 7.377, 22.39, , , -3.298, -3.389, -3.298, -3.389, , 34.387, 34.387, 0.025, 0.034, , , , , 4.279, 7.377, 22.39, , , 1, 0.1, , , , , , , , , , , , , , , , , , , , , , , , , , , , , , , , , , , , , , , , , , , , , , , , , , , , , , , , , , , , , , , , 
0.15, , , , , , -1.863, , 7.859, 7.859, , -42.531, -42.531, -42.531, , , , , 7.377, 22.39, 0, 0, -3.782, -3.881, -3.782, -3.881, 1, 34.292, 34.292, 0.025, 0.034, , , , , 4.281, 7.377, 22.39, , , 1, 0.15, 0.045, 0, 14.11, 1.835, 187, 0, 0, 0, 45, 3.238, 3.13, 109.4, 26.28, 100, 0, 0, 16.05, 16.05, 0, 0.551, 79.5, 0, 0, 84.125, 34.706, 0, 0, 0.045, 0, 0, 14.1, 0, 14.11, 0, 1.835, 187, 0, 0, 0, 45, 1, 0.003, 0.003, 109.4, 26.28, 100, 0, 0, 141, 16.05, 16.05, 0, 0.551, 0, 79.5, 0, 0, 84.125, 34.706, 0, 0, 0, 0, 
0.2, , , , , , -2.024, , 12.278, 12.278, , -46.35, -46.35, -46.35, , , , , 7.377, 22.39, 0, 0, -4.11, -4.214, -4.11, -4.214, 1, 34.136, 34.136, 0.025, 0.034, , , , , 4.283, 7.377, 22.39, , , 1, 0.2, 0.135, 0, 14.13, 1.822, 187, 0, 0, 0, 45, 3.373, 3.31, 109.4, 26.5, 100, 0, 0, 16.15, 16.15, 0, 0.553, 79.5, 0, 0, 84.375, 34.519, 0, 0, 0.135, 0, 0, 14.1, 0, 14.13, 0, 1.822, 187, 0, 0, 0, 45, 1, 0.003, 0.003, 109.4, 26.5, 100, 0, 0, 141, 16.15, 16.15, 0, 0.553, 0, 79.5, 0, 0, 84.375, 34.519, 0, 0, 0, 0, 
0.25, , , , , , -1.952, , 14.788, 14.788, , -44.64, -44.64, -44.64, , , 35.06, 35.262, 7.377, 22.39, 0, 0, -3.941, -4.043, -3.941, -4.043, 1, 33.984, 33.984, 0.025, 0.034, , , , , 4.297, 7.377, 22.39, , , 1, 0.349, 0.225, 0, 14.15, 1.809, 187, 0, 0, 0, 45, 3.508, 3.49, 109.4, 26.72, 100, 0, 0, 16.25, 16.25, 0, 0.555, 79.5, 0, 0, 84.625, 34.332, 0, 0, 0.225, 0, 0, 14.1, 0, 14.15, 0, 1.809, 187, 0, 0, 0, 45, 1, 0.004, 0.004, 109.4, 26.72, 100, 0, 0, 141, 16.25, 16.25, 0, 0.555, 0, 79.5, 0, 0, 84.625, 34.332, 0, 0, 0, 0, 
0.3, 24.32, , , 64.92, , -1.93, , 17.761, 17.761, , -44.116, -44.116, -44.116, , , 35.06, 35.37, 7.377, 22.39, 0, 0, -3.878, -3.98, -3.878, -3.98, 1, 33.84, 33.84, 0.025, 0.034, , , , , 4.317, 7.377, 22.39, , , 1, 0.4, 0.315, 0, 14.17, 1.795, 187, 0, 0, 0, 45, 3.643, 3.67, 109.4, 26.94, 100, 0, 0, 16.35, 16.35, 0, 0.557, 79.5, 0, 0, 84.875, 34.146, 0, 0, 0.315, 0, 0, 14.1, 0, 14.17, 0, 1.795, 187, 0, 0, 0, 45, 1, 0.004, 0.004, 109.4, 26.94, 100, 0, 0, 141, 16.35, 16.35, 0, 0.557, 0, 79.5, 0, 0, 84.875, 34.146, 0, 0, 0, 0, 
0.35, 24.32, , , 64.92, , -1.989, , 21.487, 21.487, , -45.525, -45.525, -45.525, , , 35.06, 35.478, 7.377, 22.39, 0, 0, -3.988, -4.093, -3.988, -4.093, 1, 33.715, 33.715, 0.025, 0.034, , , , , 4.337, 7.377, 22.39, , , 1, 0.451, 0.405, 0, 14.19, 1.782, 187, 0, 0, 0, 45, 3.778, 3.85, 109.4, 27.16, 100, 0, 0, 16.45, 16.45, 0, 0.559, 79.5, 0, 0, 85.125, 33.958, 0, 0, 0.405, 0, 0, 14.1, 0, 14.19, 0, 1.782, 187, 0, 0, 0, 45, 1, 0.004, 0.004, 109.4, 27.16, 100, 0, 0, 141, 16.45, 16.45, 0, 0.559, 0, 79.5, 0, 0, 85.125, 33.958, 0, 0, 0, 0, 
0.4, 24.32, , , 64.92, , -1.878, , 24.592, 24.592, , -42.883, -42.883, -42.883, , , 35.06, 35.586, 7.377, 22.39, 0, 0, -3.748, -3.846, -3.748, -3.846, 1, 33.612, 33.612, 0.025, 0.034, -276.952, -284.19, -276.952, -284.19, 4.357, 7.377, 22.39, , , 1, 0.501, 0.497, 0, 14.2, 1.776, 187, 0, 0, 0, 45, 3.914, 4.03, 109.4, 27.27, 100, 0, 0, 16.5, 16.5, 0, 0.561, 79.5, 0, 0, 85.38, 33.832, 0, 0, 0.497, 0, 0, 14.1, 0, 14.2, 0, 1.776, 187, 0, 0, 0, 45, 1, 0.004, 0.004, 109.4, 27.27, 100, 0, 0, 141, 16.5, 16.5, 0, 0.561, 0, 79.5, 0, 0, 85.38, 33.832, 0, 0, 0, 0, 
0.45, 24.32, , , 64.92, , -1.595, , 27.076, 27.076, , -36.188, -36.188, -36.188, , , 35.06, 35.694, 7.377, 22.39, 0, 0, -3.156, -3.239, -3.156, -3.239, 1, 33.525, 33.525, 0.025, 0.034, -196.515, -201.651, -196.515, -201.651, 4.366, 7.377, 22.39, , , 1, 0.551, 0.591, 0, 14.2, 1.776, 187, 0, 0, 0, 45, 4.053, 4.209, 109.4, 27.27, 100, 0, 0, 16.5, 16.5, 0, 0.563, 79.5, 0, 0, 85.641, 33.767, 0, 0, 0.591, 0, 0, 14.1, 0, 14.2, 0, 1.776, 187, 0, 0, 0, 45, 1, 0.004, 0.004, 109.4, 27.27, 100, 0, 0, 141, 16.5, 16.5, 0, 0.563, 0, 79.5, 0, 0, 85.641, 33.767, 0, 0, 0, 0, 
0.5, 24.32, , , 64.92, , -1.095, , 29.543, 29.543, , -24.312, -24.312, -24.312, , , 35.06, 35.758, 7.378, 22.39, 0, 0, -2.118, -2.174, -2.118, -2.174, 1, 33.452, 33.452, 0.025, 0.034, -142.687, -146.416, -142.687, -146.416, 4.366, 7.378, 22.39, , , 1, 0.601, 0.684, 0, 14.2, 1.776, 187, 0, 0, 0, 45, 4.191, 4.388, 109.4, 27.27, 100, 0, 0, 16.5, 16.5, 0, 0.565, 79.5, 0, 0, 85.901, 33.701, 0, 0, 0.684, 0, 0, 14.1, 0, 14.2, 0, 1.776, 187, 0, 0, 0, 45, 1, 0.005, 0.005, 109.4, 27.27, 100, 0, 0, 141, 16.5, 16.5, 0, 0.565, 0, 79.5, 0, 0, 85.901, 33.701, 0, 0, 0, 0, 
0.55, 24.32, , , 64.92, , -0.448, , 32.001, 32.001, 0.041, -8.982, -8.982, -8.982, , 90.314, 35.06, 35.65, 7.378, 22.39, 0, 0, -0.781, -0.804, -0.781, -0.804, 1, 33.417, 33.417, 0.025, 0.034, -106.598, -109.385, -106.598, -109.385, 4.366, 7.378, 22.39, , , 1, 0.651, 0.778, 0, 14.2, 1.777, 187, 0, 0, 0, 45, 4.33, 4.567, 109.4, 27.27, 100, 0, 0, 16.5, 16.5, 0, 0.567, 79.5, 0, 0, 86.161, 33.635, 0, 0, 0.778, 0, 0, 14.1, 0, 14.2, 0, 1.777, 187, 0, 0, 0, 45, 1, 0.005, 0.005, 109.4, 27.27, 100, 0, 0, 141, 16.5, 16.5, 0, 0.567, 0, 79.5, 0, 0, 86.161, 33.635, 0, 0, 0, 0, 
0.6, 24.32, , , 64.92, , 0.017, , 34.44, 34.44, 0.16, 2.059, 2.059, 2.059, , 87.649, 35.06, 35.542, 7.379, 22.39, 0, 0, 0.181, 0.183, 0.181, 0.183, 1, 33.403, 33.403, 0.025, 0.034, -56.817, -58.303, -56.817, -58.303, 4.367, 7.379, 22.39, , , 1, 0.7, 0.872, 0, 14.2, 1.777, 187, 0, 0, 0, 45, 4.468, 4.746, 109.4, 27.27, 100, 0, 0, 16.5, 16.5, 0, 0.569, 79.5, 0, 0, 86.422, 33.57, 0, 0, 0.872, 0, 0, 14.1, 0, 14.2, 0, 1.777, 187, 0, 0, 0, 45, 1, 0.005, 0.005, 109.4, 27.27, 100, 0, 0, 141, 16.5, 16.5, 0, 0.569, 0, 79.5, 0, 0, 86.422, 33.57, 0, 0, 0, 0, 
0.65, 24.32, , , 64.92, , 0.412, , 36.873, 36.873, 0.279, 11.432, 11.432, 11.432, 10.122, 84.984, 35.06, 35.434, 7.379, 22.39, 0, 0, 0.997, 1.019, 0.997, 1.019, 1, 33.418, 33.418, 0.025, 0.034, -1.711, -1.756, -1.711, -1.756, 4.36, 7.379, 22.39, , , 1, 0.751, 0.812, 0, 14.226, 1.779, 187, 0, 0, 0, 45.517, 4.51, 4.734, 109.4, 28.275, 100, 0, 0, 17.017, 17.017, 0.389, 0.584, 80.796, 0, 0, 87.861, 33.55, 0, 0, 0.812, 0, 0, 14.1, 0, 14.226, 0, 1.779, 187, 0, 0, 0, 45.517, 1, 0.005, 0.005, 109.4, 28.275, 100, 0, 0, 141, 17.017, 17.017, 0.389, 0.584, 0, 80.796, 0, 0, 87.861, 33.55, 0, 0, 0, 0, 
0.7, 24.32, , , 64.92, , 0.504, , 39.326, 39.326, 0.398, 13.6, 13.6, 13.6, 15.676, 82.319, 35.06, 35.326, 7.38, 22.39, 0, 0, 1.185, 1.212, 1.185, 1.212, 1, 33.443, 33.443, 0.025, 0.034, 10.558, 10.833, 10.558, 10.833, 4.341, 7.38, 22.39, , , 1, 0.801, 0.686, 0, 14.263, 1.782, 187, 0, 0, 0, 46.255, 4.51, 4.64, 109.4, 29.71, 100, 0, 0, 17.755, 17.755, 0.944, 0.605, 82.648, 0, 0, 89.806, 33.55, 0, 0, 0.686, 0, 0, 14.1, 0, 14.263, 0, 1.782, 187, 0, 0, 0, 46.255, 1, 0.005, 0.005, 109.4, 29.71, 100, 0, 0, 141, 17.755, 17.755, 0.944, 0.605, 0, 82.648, 0, 0, 89.806, 33.55, 0, 0, 0, 0, 
0.75, 24.32, , , 64.92, , 0.519, , 41.784, 41.784, 0.517, 13.967, 13.967, 13.967, 21.237, 79.655, 35.06, 35.24, 7.38, 22.39, 0, 0, 1.217, 1.244, 1.217, 1.244, 1, 33.467, 33.467, 0.025, 0.034, 12.117, 12.433, 12.117, 12.433, 4.321, 7.38, 22.39, , , 1, 0.851, 0.56, 0, 14.3, 1.785, 187, 0, 0, 0, 46.993, 4.51, 4.546, 109.4, 31.145, 100, 0, 0, 18.493, 18.493, 1.5, 0.625, 84.5, 0, 0, 91.75, 33.55, 0, 0, 0.56, 0, 0, 14.1, 0, 14.3, 0, 1.785, 187, 0, 0, 0, 46.993, 1, 0.005, 0.005, 109.4, 31.145, 100, 0, 0, 141, 18.493, 18.493, 1.5, 0.625, 0, 84.5, 0, 0, 91.75, 33.55, 0, 0, 0, 0, 
0.8, 24.32, , , 64.92, , 0.406, , 44.242, 44.242, 0.637, 11.276, 11.276, 11.276, 26.8, 76.99, 35.06, 35.24, 7.38, 22.39, 0, 0, 0.983, 1.005, 0.983, 1.005, 1, 33.492, 33.492, 0.025, 0.034, 7.811, 8.014, 7.811, 8.014, 4.301, 7.38, 22.39, , , 1, 0.901, 0.434, 0, 14.337, 1.788, 187, 0, 0, 0, 47.731, 4.51, 4.452, 109.4, 32.58, 100, 0, 0, 19.231, 19.231, 2.056, 0.645, 86.352, 0, 0, 93.694, 33.55, 0, 0, 0.434, 0, 0, 14.1, 0, 14.337, 0, 1.788, 187, 0, 0, 0, 47.731, 1, 0.005, 0.004, 109.4, 32.58, 100, 0, 0, 141, 19.231, 19.231, 2.056, 0.645, 0, 86.352, 0, 0, 93.694, 33.55, 0, 0, 0, 0, 
0.85, 24.32, , , 64.92, , 0.278, , 46.7, 46.7, 0.756, 8.247, 8.247, 8.247, 30.61, 74.325, 35.06, 35.24, 7.379, 22.39, 0, 0, 0.72, 0.737, 0.72, 0.737, 1, 33.507, 33.507, 0.025, 0.034, 2.853, 2.927, 2.853, 2.927, 4.279, 7.379, 22.39, , , 1, 0.951, 0.308, 0, 14.374, 1.791, 187, 0, 0, 0, 48.469, 4.51, 4.358, 109.4, 34.015, 100, 0, 0, 19.969, 19.969, 2.611, 0.665, 88.204, 0, 0, 95.639, 33.55, 0, 0, 0.308, 0, 0, 14.1, 0, 14.374, 0, 1.791, 187, 0, 0, 0, 48.469, 1, 0.005, 0.004, 109.4, 34.015, 100, 0, 0, 141, 19.969, 19.969, 2.611, 0.665, 0, 88.204, 0, 0, 95.639, 33.55, 0, 0, 0, 0, 
0.9, 24.32, , , 64.92, , 0.477, , 49.133, 49.133, 0.875, 12.979, 12.979, 12.979, 34.307, 71.66, 35.06, 35.24, 7.379, 22.39, 0, 0, 1.133, 1.16, 1.133, 1.16, 1, 33.521, 33.521, 0.025, 0.034, 4.28, 4.39, 4.28, 4.39, 4.252, 7.379, 22.39, , , 1, 1.001, 0.243, 0, 14.4, 1.792, 187.075, 0, 0, 0, 49.035, 4.557, 4.333, 109.4, 35.076, 100, 0, 0, 20.482, 20.482, 3.038, 0.681, 89.538, 0, 0, 97.038, 33.572, 0, 0, 0.243, 0, 0, 14.1, 0, 14.4, 0, 1.792, 187.075, 0, 0, 0, 49.035, 1, 0.005, 0.004, 109.4, 35.076, 100, 0, 0, 141, 20.482, 20.482, 3.038, 0.681, 0, 89.538, 0, 0, 97.038, 33.572, 0, 0, 0, 0, 
0.95, 24.32, , , 64.92, , 0.7, , 51.568, 51.568, 0.994, 18.253, 18.253, 18.253, 37.975, 68.995, 35.06, 35.24, 7.378, 22.39, 0, 0, 1.594, 1.633, 1.594, 1.633, 1, 33.555, 33.555, 0.025, 0.034, 5.853, 6.003, 5.853, 6.003, 4.225, 7.378, 22.39, , , 1, 1.051, 0.321, 0, 14.4, 1.787, 187.325, 0, 0, 0, 49.16, 4.725, 4.487, 109.4, 35.26, 100, 0, 0, 20.42, 20.42, 3.162, 0.683, 89.662, 0, 0, 97.162, 33.651, 0, 0, 0.321, 0, 0, 14.1, 0, 14.4, 0, 1.787, 187.325, 0, 0, 0, 49.16, 1, 0.005, 0.004, 109.4, 35.26, 100, 0, 0, 141, 20.42, 20.42, 3.162, 0.683, 0, 89.662, 0, 0, 97.162, 33.651, 0, 0, 0, 0, 
1, 24.32, , , 64.92, , 1.184, , 54.026, 54.026, 1.113, 29.755, 29.755, 29.755, 41.631, 66.33, 35.116, 35.247, 7.378, 22.301, 0, 0, 2.603, 2.67, 2.603, 2.67, 1, 33.594, 33.594, 0.025, 0.034, 9.095, 9.331, 9.095, 9.331, 4.197, 7.378, 22.301, , , 1, 1.1, 0.398, 0, 14.4, 1.783, 187.575, 0, 0, 0, 49.286, 4.893, 4.641, 109.4, 35.446, 100, 0, 0, 20.357, 20.357, 3.288, 0.686, 89.788, 0, 0, 97.288, 33.73, 0, 0, 0.398, 0, 0, 14.1, 0, 14.4, 0, 1.783, 187.575, 0, 0, 0, 49.286, 1, 0.005, 0.005, 109.4, 35.446, 100, 0, 0, 141, 20.357, 20.357, 3.288, 0.686, 0, 89.788, 0, 0, 97.288, 33.73, 0, 0, 0, 0, 
1.05, 24.32, , , 64.92, , 1.631, , 56.483, 56.483, 1.233, 40.362, 40.362, 40.362, 45.208, 63.665, 35.396, 35.282, 7.377, 22.208, 0, 0, 3.535, 3.628, 3.535, 3.628, 1, 33.673, 33.673, 0.025, 0.034, 11.91, 12.221, 11.91, 12.221, 4.172, 7.377, 22.208, , , 1, 1.151, 0.476, 0, 14.4, 1.779, 187.825, 0, 0, 0, 49.411, 5.061, 4.796, 109.4, 35.631, 100, 0, 0, 20.294, 20.294, 3.412, 0.688, 89.912, 0, 0, 97.412, 33.809, 0, 0, 0.476, 0, 0, 14.1, 0, 14.4, 0, 1.779, 187.825, 0, 0, 0, 49.411, 1, 0.005, 0.005, 109.4, 35.631, 100, 0, 0, 141, 20.294, 20.294, 3.412, 0.688, 0, 89.912, 0, 0, 97.412, 33.809, 0, 0, 0, 0, 
1.1, 24.32, , , 64.92, , 1.907, , 58.941, 58.941, 1.352, 46.89, 46.89, 46.89, 48.765, 61.001, 35.676, 35.317, 7.377, 21.946, 0, 0, 4.121, 4.228, 4.121, 4.228, 1, 33.758, 33.758, 0.025, 0.034, 12.782, 13.118, 12.782, 13.118, 4.167, 7.377, 21.946, , , 1, 1.201, 0.553, 0, 14.4, 1.775, 188.075, 0, 0, 0, 49.536, 5.229, 4.95, 109.4, 35.816, 100, 0, 0, 20.232, 20.232, 3.538, 0.691, 90.038, 0, 0, 97.538, 33.888, 0, 0, 0.553, 0, 0, 14.1, 0, 14.4, 0, 1.775, 188.075, 0, 0, 0, 49.536, 1, 0.006, 0.005, 109.4, 35.816, 100, 0, 0, 141, 20.232, 20.232, 3.538, 0.691, 0, 90.038, 0, 0, 97.538, 33.888, 0, 0, 0, 0, 
1.15, 24.32, , , 64.92, , 2.291, , 61.407, 61.407, 1.471, 56.014, 56.014, 56.014, 52.256, 58.336, 35.956, 35.352, 7.377, 21.677, 0, 0, 4.941, 5.069, 4.941, 5.069, 1, 33.862, 33.862, 0.025, 0.034, 14.227, 14.602, 14.227, 14.602, 4.163, 7.377, 21.677, , , 1, 1.25, 0.631, 0, 14.4, 1.77, 188.325, 0, 0, 0, 49.662, 5.397, 5.104, 109.4, 36, 100, 0, 0, 20.169, 20.169, 3.662, 0.693, 90.162, 0, 0, 97.662, 33.967, 0, 0, 0.631, 0, 0, 14.1, 0, 14.4, 0, 1.77, 188.325, 0, 0, 0, 49.662, 1, 0.006, 0.005, 109.4, 36, 100, 0, 0, 141, 20.169, 20.169, 3.662, 0.693, 0, 90.162, 0, 0, 97.662, 33.967, 0, 0, 0, 0, 
1.2, 24.32, 100.47, 64.27, 64.92, , 2.957, 0.975, 63.891, 63.891, 1.59, 71.816, 71.816, 71.816, 55.562, 55.671, 36.237, 35.387, 7.377, 21.17, 0, 0, 6.363, 6.53, 6.363, 6.53, 1, 33.987, 33.987, 0.025, 0.034, 17.146, 17.597, 17.146, 17.597, 4.159, 7.377, 21.17, , , 1, 1.3, 0.708, 0, 14.4, 1.766, 188.575, 0, 0, 0, 49.787, 5.565, 5.258, 109.4, 36.186, 100, 0, 0, 20.107, 20.107, 3.788, 0.696, 90.288, 0, 0, 97.788, 34.046, 0, 0, 0.708, 0, 0, 14.1, 0, 14.4, 0, 1.766, 188.575, 0, 0, 0, 49.787, 1, 0.006, 0.006, 109.4, 36.186, 100, 0, 0, 141, 20.107, 20.107, 3.788, 0.696, 0, 90.288, 0, 0, 97.788, 34.046, 0, 0, 0, 0, 
1.25, 24.32, 100.47, 64.27, 64.92, , 3.637, 0.975, 66.375, 66.375, 1.71, 87.948, 87.948, 87.948, 58.509, 53.006, 36.502, 35.429, 7.377, 20.647, 0, 0, 7.833, 8.039, 7.833, 8.039, 1, 34.153, 34.153, 0.025, 0.034, 20.24, 20.771, 20.24, 20.771, 4.155, 7.377, 20.647, , , 1, 1.351, 0.786, 0, 14.4, 1.762, 188.825, 0, 0, 0, 49.912, 5.732, 5.412, 109.4, 36.37, 100, 0, 0, 20.044, 20.044, 3.912, 0.698, 90.412, 0, 0, 97.912, 34.125, 0, 0, 0.786, 0, 0, 14.1, 0, 14.4, 0, 1.762, 188.825, 0, 0, 0, 49.912, 1, 0.006, 0.006, 109.4, 36.37, 100, 0, 0, 141, 20.044, 20.044, 3.912, 0.698, 0, 90.412, 0, 0, 97.912, 34.125, 0, 0, 0, 0, 
1.3, 24.32, 100.47, 64.27, 64.92, , 4.338, 0.975, 68.859, 68.859, 1.829, 104.578, 104.578, 104.578, 60.381, 50.341, 36.539, 35.577, 7.377, 20.021, 0, 0, 9.374, 9.618, 9.374, 9.618, 1, 34.349, 34.349, 0.025, 0.034, 23.598, 24.216, 23.598, 24.216, 4.173, 7.377, 20.021, , , 1, 1.401, 0.963, 0, 14.406, 1.76, 189, 0, 0, 0, 50.48, 6.116, 5.736, 109.4, 37.098, 100, 0, 0, 20.33, 20.24, 4.24, 0.711, 90.92, 0, 0, 98.42, 34.217, 0, 0, 0.963, 0, 0, 14.1, 0, 14.406, 0, 1.76, 189, 0, 0, 0, 50.48, 1, 0.006, 0.006, 109.4, 37.098, 100, 0, 0, 141, 20.33, 20.24, 4.24, 0.711, 0, 90.92, 0, 0, 98.42, 34.217, 0, 0, 0, 0, 
1.35, 24.32, 100.47, 64.27, 64.92, , 5.231, 0.975, 71.357, 71.357, 1.948, 125.785, 125.785, 125.785, 60.993, 47.676, 36.576, 35.725, 7.377, 19.385, 0, 0, 11.362, 11.659, 11.362, 11.659, 1, 34.58, 34.58, 0.025, 0.034, 28.469, 29.215, 28.469, 29.215, 4.197, 7.377, 19.385, , , 1, 1.451, 1.373, 0, 14.426, 1.765, 189, 0, 0, 0, 52.08, 7.002, 6.456, 109.4, 39.09, 100, 0, 0, 21.43, 21.04, 5.04, 0.747, 92.32, 0, 0, 99.82, 34.341, 0, 0, 1.373, 0, 0, 14.1, 0, 14.426, 0, 1.765, 189, 0, 0, 0, 52.08, 1, 0.007, 0.007, 109.4, 39.09, 100, 0, 0, 141, 21.43, 21.04, 5.04, 0.747, 0, 92.32, 0, 0, 99.82, 34.341, 0, 0, 0, 0, 
1.4, 24.32, 100.47, 64.27, 64.92, , 6.303, 0.975, 73.867, 73.867, 2.067, 151.216, 151.216, 151.216, 60.536, 45.012, 36.613, 35.873, 7.377, 18.755, 0, 0, 13.764, 14.125, 13.764, 14.125, 1, 34.868, 34.868, 0.025, 0.034, 34.736, 35.646, 34.736, 35.646, 4.221, 7.377, 18.755, , , 1, 1.501, 1.783, 0, 14.446, 1.77, 189, 0, 0, 0, 53.68, 7.888, 7.176, 109.4, 41.082, 100, 0, 0, 22.53, 21.84, 5.84, 0.783, 93.72, 0, 0, 101.22, 34.465, 0, 0, 1.783, 0, 0, 14.1, 0, 14.446, 0, 1.77, 189, 0, 0, 0, 53.68, 1, 0.008, 0.007, 109.4, 41.082, 100, 0, 0, 141, 22.53, 21.84, 5.84, 0.783, 0, 93.72, 0, 0, 101.22, 34.465, 0, 0, 0, 0, 
1.45, 24.32, 100.47, 64.27, 64.92, , 7.375, 0.975, 76.396, 76.396, 2.183, 176.651, 176.651, 176.651, 59.304, 42.664, 36.65, 36.021, 7.377, 18.125, 0, 0, 16.247, 16.673, 16.247, 16.673, 1, 35.198, 35.198, 0.025, 0.034, 41.914, 43.013, 41.914, 43.013, 4.245, 7.377, 18.125, , , 1, 1.551, 2.193, 0, 14.466, 1.774, 189, 0, 0, 0, 55.28, 8.774, 7.896, 109.4, 43.074, 100, 0, 0, 23.63, 22.64, 6.64, 0.819, 95.12, 0, 0, 102.62, 34.589, 0, 0, 2.193, 0, 0, 14.1, 0, 14.466, 0, 1.774, 189, 0, 0, 0, 55.28, 1, 0.009, 0.008, 109.4, 43.074, 100, 0, 0, 141, 23.63, 22.64, 6.64, 0.819, 0, 95.12, 0, 0, 102.62, 34.589, 0, 0, 0, 0, 
1.5, 24.32, 100.47, 64.27, 64.92, , 8.447, 0.975, 78.934, 78.934, 2.108, 202.088, 202.088, 202.088, 57.077, 55.856, 36.63, 36.198, 7.377, 17.608, 0, 0, 18.772, 19.264, 18.772, 19.264, 1, 35.593, 35.593, 0.025, 0.034, 49.56, 50.861, 49.56, 50.861, 4.253, 7.377, 17.608, , , 1, 1.601, 2.603, 0, 14.486, 1.779, 189, 0, 0, 0, 56.88, 9.66, 8.616, 109.4, 45.066, 100, 0, 0, 24.73, 23.44, 7.44, 0.855, 96.52, 0, 0, 104.02, 34.713, 0, 0, 2.603, 0, 0, 14.1, 0, 14.486, 0, 1.779, 189, 0, 0, 0, 56.88, 1, 0.009, 0.009, 109.4, 45.066, 100, 0, 0, 141, 24.73, 23.44, 7.44, 0.855, 0, 96.52, 0, 0, 104.02, 34.713, 0, 0, 0, 0, 
1.55, 24.32, 100.47, 64.27, 64.92, , 9.386, 0.975, 81.495, 81.495, 2.05, 224.376, 224.376, 224.376, 54.501, 60.14, 36.378, 36.486, 7.378, 17.109, 0, 0, 21.099, 21.652, 21.099, 21.652, 1, 36.011, 36.011, 0.025, 0.034, 57.172, 58.671, 57.172, 58.671, 4.252, 7.378, 17.109, , , 1, 1.651, 2.918, 0, 14.5, 1.787, 189, 0, 0, 0, 59.02, 10.582, 9.404, 109.4, 47.611, 100, 0, 0, 25.56, 24.3, 8.66, 0.911, 98.13, 0, 0, 105.33, 34.949, 0, 0, 2.918, 0, 0, 14.1, 0, 14.5, 0, 1.787, 189, 0, 0, 0, 59.02, 1, 0.01, 0.009, 109.4, 47.611, 100, 0, 0, 141, 25.56, 24.3, 8.66, 0.911, 0, 98.13, 0, 0, 105.33, 34.949, 0, 0, 0, 0, 
1.6, 24.32, 100.47, 64.27, 64.92, , 10.292, 0.975, 84.061, 84.061, 1.998, 245.879, 245.879, 245.879, 52.346, 60.959, 36.126, 36.774, 7.378, 16.751, 0, 0, 23.376, 23.991, 23.376, 23.991, 1, 36.505, 36.505, 0.025, 0.034, 64.773, 66.47, 64.773, 66.47, 4.25, 7.378, 16.751, , , 1, 1.702, 3.012, 0, 14.5, 1.804, 189, 0, 0, 0, 62.42, 11.59, 10.352, 109.4, 51.449, 100, 0, 0, 25.76, 25.3, 10.86, 1.013, 100.23, 0, 0, 106.43, 35.445, 0, 0, 3.012, 0, 0, 14.1, 0, 14.5, 0, 1.804, 189, 0, 0, 0, 62.42, 1, 0.011, 0.01, 109.4, 51.449, 100, 0, 0, 141, 25.76, 25.3, 10.86, 1.013, 0, 100.23, 0, 0, 106.43, 35.445, 0, 0, 0, 0, 
1.65, 24.322, 100.47, 64.27, 64.92, , 11.006, 0.975, 86.714, 86.714, 1.946, 262.828, 262.828, 262.828, 50.24, 61.778, 35.874, 37.062, 7.379, 16.42, 0, 0, 25.356, 26.022, 25.356, 26.022, 1, 37.014, 37.014, 0.025, 0.034, 72.252, 74.142, 72.252, 74.142, 4.248, 7.379, 16.42, , , 1, 1.751, 3.106, 0, 14.5, 1.822, 189, 0, 0, 0, 65.82, 12.598, 11.3, 109.4, 55.287, 100, 0, 0, 25.96, 26.3, 13.06, 1.115, 102.33, 0, 0, 107.53, 35.941, 0, 0, 3.106, 0, 0, 14.1, 0, 14.5, 0, 1.822, 189, 0, 0, 0, 65.82, 1, 0.012, 0.011, 109.4, 55.287, 100, 0, 0, 141, 25.96, 26.3, 13.06, 1.115, 0, 102.33, 0, 0, 107.53, 35.941, 0, 0, 0, 0, 
1.7, 24.325, 100.47, 64.27, 64.92, , 11.666, 0.975, 89.374, 89.374, 1.895, 278.485, 278.485, 278.485, 48.158, 62.597, 35.622, 37.35, 7.379, 16.31, 0, 0, 27.239, 27.955, 27.239, 27.955, 1, 37.58, 37.58, 0.025, 0.034, 79.638, 81.718, 79.638, 81.718, 4.242, 7.379, 16.31, , , 1, 1.801, 3.2, 0, 14.5, 1.839, 189, 0, 0, 0, 69.22, 13.606, 12.248, 109.4, 59.125, 100, 0, 0, 26.16, 27.3, 15.26, 1.217, 104.43, 0, 0, 108.63, 36.437, 0, 0, 3.2, 0, 0, 14.1, 0, 14.5, 0, 1.839, 189, 0, 0, 0, 69.22, 1, 0.013, 0.012, 109.4, 59.125, 100, 0, 0, 141, 26.16, 27.3, 15.26, 1.217, 0, 104.43, 0, 0, 108.63, 36.437, 0, 0, 0, 0, 
1.75, 24.328, 100.47, 64.27, 64.92, , 12.153, 0.975, 92.058, 92.058, 1.843, 290.047, 290.047, 290.047, 46.107, 63.416, 35.427, 37.544, 7.38, 16.25, 0, 0, 28.816, 29.573, 28.816, 29.573, 1, 38.157, 38.157, 0.025, 0.034, 86.725, 88.99, 86.725, 88.99, 4.227, 7.38, 16.25, , , 1, 1.851, 3.294, 0, 14.5, 1.856, 189, 0, 0, 0, 72.62, 14.614, 13.196, 109.4, 62.963, 100, 0, 0, 26.36, 28.3, 17.46, 1.319, 106.53, 0, 0, 109.73, 36.933, 0, 0, 3.294, 0, 0, 14.1, 0, 14.5, 0, 1.856, 189, 0, 0, 0, 72.62, 1, 0.014, 0.013, 109.4, 62.963, 100, 0, 0, 141, 26.36, 28.3, 17.46, 1.319, 0, 106.53, 0, 0, 109.73, 36.933, 0, 0, 0, 0, 
1.8, 24.33, 100.47, 64.27, 64.92, , 12.704, 0.975, 95.485, 95.485, 1.792, 303.141, 303.141, 303.141, 44.109, 64.235, 35.463, 37.364, 7.38, 16.281, 0, 0, 30.734, 31.54, 30.734, 31.54, 1, 38.754, 38.754, 0.025, 0.034, 96.18, 98.693, 96.18, 98.693, 4.212, 7.38, 16.281, , , 1, 1.901, 3.201, 0, 14.382, 1.876, 189, 0, 0, 0, 75, 15.536, 14.221, 109.4, 67.097, 100, 0, 0, 26.283, 28.876, 19.747, 1.42, 107.876, 0, 0, 110.159, 37.473, 0, 0, 3.201, 0, 0, 14.1, 0, 14.382, 0, 1.876, 189, 0, 0, 0, 75, 1, 0.015, 0.014, 109.4, 67.097, 100, 0, 0, 141, 26.283, 28.876, 19.747, 1.42, 0, 107.876, 0, 0, 110.159, 37.473, 0, 0, 0, 0, 
1.85, 24.333, 100.47, 64.27, 64.92, , 13.315, 0.975, 99.654, 99.654, 1.74, 317.649, 317.649, 317.649, 41.529, 65.054, 35.499, 37.184, 7.379, 16.334, 0, 0, 32.965, 33.829, 32.965, 33.829, 1, 39.602, 39.602, 0.025, 0.034, 107.822, 110.641, 107.822, 110.641, 4.198, 7.379, 16.334, , , 1, 1.951, 2.672, 0, 13.988, 1.904, 189, 0, 0, 0, 75, 16.255, 15.426, 109.4, 71.921, 100, 0, 0, 25.56, 28.463, 22.237, 1.519, 107.463, 0, 0, 109.023, 38.115, 0, 0, 2.67, 0, 0, 14.1, 0, 13.988, 0, 1.904, 189, 0, 0, 0, 75, 1, 0.016, 0.016, 109.4, 71.921, 100, 0, 0, 141, 25.56, 28.463, 22.237, 1.519, 0, 107.463, 0, 0, 109.023, 38.115, 0, 0, 0, 0, 
1.9, 24.336, 100.47, 64.27, 64.92, , 13.559, 0.975, 102.769, 102.769, 1.688, 323.441, 323.441, 323.441, 38.671, 65.873, 35.535, 37.004, 7.379, 16.369, 0, 0, 34.134, 35.026, 34.134, 35.026, 1, 40.573, 40.573, 0.025, 0.034, 115.405, 118.424, 115.405, 118.424, 4.185, 7.379, 16.369, , , 1, 2.001, 2.143, 0, 13.593, 1.932, 189, 0, 0, 0, 75, 16.974, 16.63, 109.4, 76.744, 100, 0, 0, 24.837, 28.05, 24.726, 1.618, 107.05, 0, 0, 107.886, 38.758, 0, 0, 2.138, 0, 0, 14.1, 0, 13.593, 0, 1.932, 189, 0, 0, 0, 75, 1, 0.017, 0.017, 109.4, 76.744, 100, 0, 0, 141, 24.837, 28.05, 24.726, 1.618, 0, 107.05, 0, 0, 107.886, 38.758, 0, 0, 0, 0, 
1.95, 24.338, 100.47, 64.27, 64.92, , 13.72, 0.975, 105.659, 105.659, 1.637, 327.283, 327.283, 327.283, 36.866, 66.692, 35.571, 36.824, 7.378, 16.399, 0, 0, 35.078, 35.992, 35.078, 35.992, 1, 41.229, 41.229, 0.025, 0.033, 122.305, 125.506, 122.305, 125.506, 4.179, 7.378, 16.399, , , 1, 2.051, 1.615, 0, 13.199, 1.96, 189, 0, 0, 0, 75, 17.693, 17.835, 109.4, 81.568, 100, 0, 0, 24.114, 27.636, 27.216, 1.717, 106.636, 0, 0, 106.75, 39.4, 0, 0, 1.607, 0, 0, 14.1, 0, 13.199, 0, 1.96, 189, 0, 0, 0, 75, 1, 0.018, 0.018, 109.4, 81.568, 100, 0, 0, 141, 24.114, 27.636, 27.216, 1.717, 0, 106.636, 0, 0, 106.75, 39.4, 0, 0, 0, 0, 
2, 24.341, 100.47, 64.27, 64.92, , 13.833, 0.975, 108.577, 108.577, 1.585, 329.96, 329.96, 329.96, 35.093, 67.511, 35.578, 36.644, 7.378, 16.258, 0, 0, 35.931, 36.868, 35.931, 36.868, 1, 41.888, 41.888, 0.025, 0.033, 129.568, 132.96, 129.568, 132.96, 4.173, 7.378, 16.258, , , 1, 2.101, 1.086, 0, 12.805, 1.988, 189, 0, 0, 0, 75, 18.412, 19.04, 109.4, 86.392, 100, 0, 0, 23.39, 27.223, 29.705, 1.816, 106.223, 0, 0, 105.614, 40.043, 0, 0, 1.076, 0, 0, 14.1, 0, 12.805, 0, 1.988, 189, 0, 0, 0, 75, 1, 0.019, 0.019, 109.4, 86.392, 100, 0, 0, 141, 23.39, 27.223, 29.705, 1.816, 0, 106.223, 0, 0, 105.614, 40.043, 0, 0, 0, 0, 
2.05, 24.344, 100.47, 64.27, 64.92, , 13.855, 0.975, 111.541, 111.541, 1.533, 330.501, 330.501, 330.501, 33.37, 68.33, 35.47, 36.464, 7.377, 16.057, 0, 0, 36.552, 37.505, 36.552, 37.505, 1, 42.553, 42.553, 0.025, 0.033, 136.424, 139.995, 136.424, 139.995, 4.166, 7.377, 16.057, , , 1, 2.151, 0.733, 0, 12.591, 2.019, 189, 0, 0, 0, 75, 18.658, 19.455, 109.4, 89.954, 100, 0, 0, 23.129, 26.914, 34.033, 1.979, 105.056, 0, 0, 104.056, 40.71, 0, 0, 0.73, 0, 0, 14.091, 0, 12.591, 0, 2.019, 189, 0, 0, 0, 75, 1, 0.019, 0.02, 109.4, 89.954, 100, 0, 0, 141, 23.129, 26.914, 34.033, 1.979, 0, 105.056, 0, 0, 104.056, 40.71, 0, 0, 0, 0, 
2.1, 24.346, 100.47, 64.27, 64.92, , 13.822, 0.975, 114.54, 114.54, 1.482, 329.726, 329.726, 329.726, 31.699, 69.149, 35.362, 36.284, 7.377, 15.829, 0, 0, 37.031, 37.997, 37.031, 37.997, 1, 43.224, 43.224, 0.025, 0.033, 143.082, 146.826, 143.082, 146.826, 4.161, 7.377, 15.829, , , 1, 2.201, 0.588, 0, 12.572, 2.053, 189, 0, 0, 0, 75, 18.351, 18.944, 109.4, 92.149, 100, 0, 0, 23.409, 26.728, 40.353, 2.216, 103.004, 0, 0, 102.004, 41.406, 0, 0, 0.585, 0, 0, 14.072, 0, 12.572, 0, 2.053, 189, 0, 0, 0, 75, 1, 0.018, 0.019, 109.4, 92.149, 100, 0, 0, 141, 23.409, 26.728, 40.353, 2.216, 0, 103.004, 0, 0, 102.004, 41.406, 0, 0, 0, 0, 
2.15, 24.349, 100.47, 64.27, 64.92, , 13.785, 0.975, 117.653, 117.653, 1.43, 328.867, 328.867, 328.867, 30.066, 69.968, 35.254, 36.104, 7.377, 15.592, 0, 0, 37.503, 38.482, 37.503, 38.482, 1, 43.894, 43.894, 0.025, 0.033, 150.524, 154.464, 150.524, 154.464, 4.18, 7.377, 15.592, , , 1, 2.251, 0.442, 0, 12.554, 2.087, 189, 0, 0, 0, 75, 18.043, 18.432, 109.4, 94.344, 100, 0, 0, 23.688, 26.541, 46.673, 2.453, 100.951, 0, 0, 99.951, 42.102, 0, 0, 0.44, 0, 0, 14.054, 0, 12.554, 0, 2.087, 189, 0, 0, 0, 75, 1, 0.018, 0.019, 109.4, 94.344, 100, 0, 0, 141, 23.688, 26.541, 46.673, 2.453, 0, 100.951, 0, 0, 99.951, 42.102, 0, 0, 0, 0, 
2.2, 24.352, 100.47, 64.27, 64.92, , 13.764, 0.975, 120.789, 120.789, 1.378, 328.368, 328.368, 328.368, 28.497, 70.787, 35.146, 35.924, 7.377, 15.377, 0, 0, 38.015, 39.008, 38.015, 39.008, 1, 44.557, 44.557, 0.025, 0.033, 158.662, 162.814, 158.662, 162.814, 4.2, 7.377, 15.377, , , 1, 2.301, 0.296, 0, 12.535, 2.121, 189, 0, 0, 0, 75, 17.735, 17.921, 109.4, 96.539, 100, 0, 0, 23.968, 26.354, 52.993, 2.69, 98.899, 0, 0, 97.899, 42.798, 0, 0, 0.295, 0, 0, 14.035, 0, 12.535, 0, 2.121, 189, 0, 0, 0, 75, 1, 0.018, 0.018, 109.4, 96.539, 100, 0, 0, 141, 23.968, 26.354, 52.993, 2.69, 0, 98.899, 0, 0, 97.899, 42.798, 0, 0, 0, 0, 
2.25, 24.354, 100.47, 64.27, 64.92, , 13.748, 0.975, 123.95, 123.95, 1.327, 328.018, 328.018, 328.018, 26.977, 71.607, 35.146, 35.766, 7.377, 15.171, 0, 0, 38.542, 39.551, 38.542, 39.551, 1, 45.222, 45.222, 0.025, 0.034, 167.399, 171.777, 167.399, 171.777, 4.219, 7.377, 15.171, , , 1, 2.351, 0.151, 0, 12.517, 2.155, 189, 0, 0, 0, 75, 17.427, 17.41, 109.4, 98.734, 100, 0, 0, 24.248, 26.168, 59.312, 2.927, 96.847, 0, 0, 95.847, 43.494, 0, 0, 0.15, 0, 0, 14.017, 0, 12.517, 0, 2.155, 189, 0, 0, 0, 75, 1, 0.017, 0.018, 109.4, 98.734, 100, 0, 0, 141, 24.248, 26.168, 59.312, 2.927, 0, 96.847, 0, 0, 95.847, 43.494, 0, 0, 0, 0, 
2.3, 24.357, 100.47, 64.27, 64.92, , 13.657, 0.975, 127.193, 127.193, 1.275, 325.874, 325.874, 325.874, 25.489, 72.426, 35.578, 35.694, 7.377, 15.04, 0, 0, 38.855, 39.872, 38.855, 39.872, 1, 45.885, 45.885, 0.025, 0.034, 176.194, 180.801, 176.194, 180.801, 4.239, 7.377, 15.04, , , 1, 2.401, 0.02, 0, 12.5, 2.189, 189, 0, 0, 0, 75, 17.14, 16.949, 109.363, 100.695, 100, 0, 0, 24.531, 26.01, 65.726, 3.167, 94.907, 0, 0, 93.948, 44.197, 0, 0, 0.02, 0, 0, 14, 0, 12.5, 0, 2.189, 189, 0, 0, 0, 75, 1, 0.017, 0.017, 109.363, 100.695, 100, 0, 0, 141, 24.531, 26.01, 65.726, 3.167, 0, 94.907, 0, 0, 93.948, 44.197, 0, 0, 0, 0, 
2.35, 24.36, 100.47, 64.27, 64.92, , 13.619, 0.975, 130.493, 130.493, 1.223, 324.972, 324.972, 324.972, 24.039, 73.245, 36.01, 35.622, 7.377, 14.942, 0, 0, 39.307, 40.336, 39.307, 40.336, 1, 46.547, 46.547, 0.025, 0.034, 186.367, 191.24, 186.367, 191.24, 4.27, 7.377, 14.942, , , 1, 2.45, 0.015, 0, 12.5, 2.23, 189, 0, 0, 0, 75, 17.04, 16.943, 108.989, 100.541, 100, 0, 0, 24.842, 26.114, 72.988, 3.434, 93.973, 0, 0, 93.429, 44.971, 0, 0, 0.015, 0, 0, 14, 0, 12.5, 0, 2.23, 189, 0, 0, 0, 75, 1, 0.017, 0.017, 108.989, 100.541, 100, 0, 0, 141, 24.842, 26.114, 72.988, 3.434, 0, 93.973, 0, 0, 93.429, 44.971, 0, 0, 0, 0, 
2.4, 24.362, 100.47, 64.27, 64.92, , 13.589, 0.975, 133.839, 133.839, 1.172, 324.269, 324.269, 324.269, 22.646, 74.064, 36.442, 35.55, 7.377, 14.849, 0, 0, 39.773, 40.815, 39.773, 40.815, 1, 47.206, 47.206, 0.025, 0.034, 197.322, 202.48, 197.322, 202.48, 4.301, 7.377, 14.849, , , 1, 2.5, 0.011, 0, 12.5, 2.27, 189, 0, 0, 0, 75, 16.941, 16.937, 108.616, 100.388, 100, 0, 0, 25.154, 26.218, 80.249, 3.702, 93.039, 0, 0, 92.911, 45.745, 0, 0, 0.011, 0, 0, 14, 0, 12.5, 0, 2.27, 189, 0, 0, 0, 75, 1, 0.017, 0.017, 108.616, 100.388, 100, 0, 0, 141, 25.154, 26.218, 80.249, 3.702, 0, 93.039, 0, 0, 92.911, 45.745, 0, 0, 0, 0, 
2.45, 24.365, 100.47, 64.27, 64.92, , 13.484, 0.975, 137.224, 137.224, 1.12, 321.798, 321.798, 321.798, 21.281, 74.883, 36.874, 35.478, 7.377, 14.76, 0, 0, 40.016, 41.065, 40.016, 41.065, 1, 47.865, 47.865, 0.025, 0.034, 208.297, 213.741, 208.297, 213.741, 4.332, 7.377, 14.76, , , 1, 2.551, 0.007, 0, 12.5, 2.311, 189, 0, 0, 0, 75, 16.841, 16.931, 108.242, 100.234, 100, 0, 0, 25.465, 26.322, 87.51, 3.97, 92.106, 0, 0, 92.392, 46.519, 0, 0, 0.007, 0, 0, 14, 0, 12.5, 0, 2.311, 189, 0, 0, 0, 75, 1, 0.017, 0.017, 108.242, 100.234, 100, 0, 0, 141, 25.465, 26.322, 87.51, 3.97, 0, 92.106, 0, 0, 92.392, 46.519, 0, 0, 0, 0, 
2.5, 24.368, 100.47, 64.27, 64.92, , 13.404, 0.975, 140.649, 140.649, 1.068, 319.912, 319.912, 319.912, 19.946, 75.702, 37.155, 35.42, 7.377, 14.662, 0, 0, 40.322, 41.38, 40.322, 41.38, 1, 48.522, 48.522, 0.025, 0.034, 221.037, 226.816, 221.037, 226.816, 4.363, 7.377, 14.662, , , 1, 2.601, 0.003, 0, 12.5, 2.352, 189, 0, 0, 0, 75, 16.742, 16.924, 107.869, 100.081, 100, 0, 0, 25.776, 26.425, 94.772, 4.237, 91.172, 0, 0, 91.873, 47.293, 0, 0, 0.003, 0, 0, 14, 0, 12.5, 0, 2.352, 189, 0, 0, 0, 75, 1, 0.017, 0.017, 107.869, 100.081, 100, 0, 0, 141, 25.776, 26.425, 94.772, 4.237, 0, 91.172, 0, 0, 91.873, 47.293, 0, 0, 0, 0, 
2.55, 24.37, 100.47, 64.27, 64.92, , 13.327, 0.975, 144.133, 144.133, 1.017, 318.096, 318.096, 318.096, 18.657, 76.521, 36.831, 35.42, 7.377, 14.559, 0, 0, 40.63, 41.696, 40.63, 41.696, 1, 49.173, 49.173, 0.025, 0.034, 235.105, 241.252, 235.105, 241.252, 4.363, 7.377, 14.559, , , 1, 2.651, 0.001, 0, 12.5, 2.391, 189, 0, 0, 0, 75, 16.678, 16.934, 107.6, 100.012, 100, 0, 0, 26.056, 26.528, 100, 4.43, 90.444, 0, 0, 91.5, 48.024, 0, 0, 0.001, 0, 0, 14, 0, 12.5, 0, 2.391, 189, 0, 0, 0, 75, 1, 0.017, 0.017, 107.6, 100.012, 100, 0, 0, 141, 26.056, 26.528, 100, 4.43, 0, 90.444, 0, 0, 91.5, 48.024, 0, 0, 0, 0, 
2.6, 24.373, 100.47, 64.27, 64.92, , 13.247, 0.975, 147.671, 147.671, 0.965, 316.215, 316.215, 316.215, 17.408, 77.34, 36.507, 35.42, 7.377, 14.442, 0, 0, 40.925, 41.998, 40.925, 41.998, 1, 49.82, 49.82, 0.025, 0.034, 250.666, 257.221, 250.666, 257.221, 4.363, 7.377, 14.442, , , 1, 2.701, 0.005, 0, 12.5, 2.426, 189, 0, 0, 0, 75, 16.706, 16.984, 107.6, 100.16, 100, 0, 0, 26.257, 26.629, 100, 4.43, 90.243, 0, 0, 91.5, 48.647, 0, 0, 0.005, 0, 0, 14, 0, 12.5, 0, 2.426, 189, 0, 0, 0, 75, 1, 0.017, 0.017, 107.6, 100.16, 100, 0, 0, 141, 26.257, 26.629, 100, 4.43, 0, 90.243, 0, 0, 91.5, 48.647, 0, 0, 0, 0, 
2.65, 24.376, 100.47, 64.27, 64.92, , 13.163, 0.975, 151.208, 151.208, 0.913, 314.233, 314.233, 314.233, 16.191, 78.159, 36.183, 35.42, 7.377, 14.315, 0, 0, 41.203, 42.283, 41.203, 42.283, 1, 50.461, 50.461, 0.025, 0.034, 268.439, 275.459, 268.439, 275.459, 4.364, 7.377, 14.315, , , 1, 2.751, 0.009, 0, 12.5, 2.461, 189, 0, 0, 0, 75, 16.734, 17.034, 107.6, 100.309, 100, 0, 0, 26.458, 26.729, 100, 4.43, 90.042, 0, 0, 91.5, 49.269, 0, 0, 0.009, 0, 0, 14, 0, 12.5, 0, 2.461, 189, 0, 0, 0, 75, 1, 0.017, 0.017, 107.6, 100.309, 100, 0, 0, 141, 26.458, 26.729, 100, 4.43, 0, 90.042, 0, 0, 91.5, 49.269, 0, 0, 0, 0, 
2.7, 24.378, 100.47, 64.27, 64.92, , 13.158, 0.975, 154.839, 154.839, 0.862, 314.135, 314.135, 314.135, 15.003, 78.978, 35.859, 35.42, 7.377, 14.184, 0, 0, 41.721, 42.811, 41.721, 42.811, 1, 51.099, 51.099, 0.025, 0.034, 290.521, 298.118, 290.521, 298.118, 4.364, 7.377, 14.184, , , 1, 2.8, 0.013, 0, 12.5, 2.496, 189, 0, 0, 0, 75, 16.762, 17.085, 107.6, 100.457, 100, 0, 0, 26.659, 26.829, 100, 4.43, 89.841, 0, 0, 91.5, 49.892, 0, 0, 0.013, 0, 0, 14, 0, 12.5, 0, 2.496, 189, 0, 0, 0, 75, 1, 0.017, 0.017, 107.6, 100.457, 100, 0, 0, 141, 26.659, 26.829, 100, 4.43, 0, 89.841, 0, 0, 91.5, 49.892, 0, 0, 0, 0, 
2.75, 24.381, 100.47, 64.27, 64.92, , 13.146, 0.975, 158.52, 158.52, 0.81, 313.869, 313.869, 313.869, 13.828, 79.797, 35.578, 35.384, 7.377, 14.051, 0, 0, 42.208, 43.309, 42.208, 43.309, 1, 51.746, 51.746, 0.025, 0.034, 315.096, 323.336, 315.096, 323.336, 4.371, 7.377, 14.051, , , 1, 2.85, 0.017, 0, 12.5, 2.531, 189, 0, 0, 0, 75, 16.79, 17.135, 107.6, 100.606, 100, 0, 0, 26.859, 26.93, 100, 4.43, 89.641, 0, 0, 91.5, 50.514, 0, 0, 0.017, 0, 0, 14, 0, 12.5, 0, 2.531, 189, 0, 0, 0, 75, 1, 0.017, 0.017, 107.6, 100.606, 100, 0, 0, 141, 26.859, 26.93, 100, 4.43, 0, 89.641, 0, 0, 91.5, 50.514, 0, 0, 0, 0, 
2.8, 24.384, 100.47, 64.27, 64.92, , 13.131, 0.975, 162.81, 162.81, 0.758, 313.515, 313.515, 313.515, 12.211, 80.616, 35.47, 35.204, 7.377, 13.924, 0, 0, 42.755, 43.872, 42.755, 43.872, 1, 52.678, 52.678, 0.025, 0.034, 349.387, 358.523, 349.387, 358.523, 4.38, 7.377, 13.924, , , 1, 2.901, 0.019, 0, 12.5, 2.567, 189, 0, 0, 0, 75, 16.827, 17.204, 107.6, 100.732, 100, 0, 0, 27, 27.06, 100, 4.43, 89.65, 0, 0, 91.68, 51.174, 0, 0, 0.019, 0, 0, 14, 0, 12.5, 0, 2.567, 189, 0, 0, 0, 75, 1, 0.017, 0.017, 107.6, 100.732, 100, 0, 0, 141, 27, 27.06, 100, 4.43, 0, 89.65, 0, 0, 91.68, 51.174, 0, 0, 0, 0, 
2.85, 24.386, 100.47, 64.27, 64.92, , 13.142, 0.975, 168.35, 168.35, 0.707, 313.791, 313.791, 313.791, 10.949, 81.435, 35.362, 35.024, 7.377, 13.801, 0, 0, 43.554, 44.693, 43.554, 44.693, 1, 53.419, 53.419, 0.025, 0.034, 402.91, 413.446, 402.91, 413.446, 4.388, 7.377, 13.801, , , 1, 2.951, 0.015, 0, 12.5, 2.602, 189, 0, 0, 0, 75, 16.885, 17.316, 107.6, 100.804, 100, 0, 0, 27, 27.26, 100, 4.43, 90.15, 0, 0, 92.28, 51.92, 0, 0, 0.015, 0, 0, 14, 0, 12.5, 0, 2.602, 189, 0, 0, 0, 75, 1, 0.017, 0.017, 107.6, 100.804, 100, 0, 0, 141, 27, 27.26, 100, 4.43, 0, 90.15, 0, 0, 92.28, 51.92, 0, 0, 0, 0, 
2.9, 24.389, 100.47, 64.27, 64.92, , 13.176, 0.975, 172.178, 172.178, 0.655, 314.613, 314.613, 314.613, 9.888, 82.254, 35.254, 34.844, 7.377, 13.674, 0, 0, 44.194, 45.351, 44.194, 45.351, 1, 54.059, 54.059, 0.025, 0.033, 450.013, 461.782, 450.013, 461.782, 4.397, 7.377, 13.674, , , 1, 3.001, 0.011, 0, 12.5, 2.637, 189, 0, 0, 0, 75, 16.943, 17.428, 107.6, 100.876, 100, 0, 0, 27, 27.46, 100, 4.43, 90.65, 0, 0, 92.88, 52.666, 0, 0, 0.011, 0, 0, 14, 0, 12.5, 0, 2.637, 189, 0, 0, 0, 75, 1, 0.017, 0.017, 107.6, 100.876, 100, 0, 0, 141, 27, 27.46, 100, 4.43, 0, 90.65, 0, 0, 92.88, 52.666, 0, 0, 0, 0, 
2.95, 24.392, 100.47, 64.27, 64.921, , 13.205, 0.975, 176.06, 176.06, 0.603, 315.333, 315.333, 315.333, 8.856, 83.073, 35.146, 34.664, 7.377, 13.545, 0, 0, 44.824, 45.999, 44.824, 45.999, 1, 54.696, 54.696, 0.025, 0.033, 508.425, 521.722, 508.425, 521.722, 4.407, 7.377, 13.545, , , 1, 3.051, 0.007, 0, 12.5, 2.673, 189, 0, 0, 0, 75, 17.001, 17.54, 107.6, 100.948, 100, 0, 0, 27, 27.66, 100, 4.43, 91.15, 0, 0, 93.48, 53.412, 0, 0, 0.007, 0, 0, 14, 0, 12.5, 0, 2.673, 189, 0, 0, 0, 75, 1, 0.017, 0.018, 107.6, 100.948, 100, 0, 0, 141, 27, 27.66, 100, 4.43, 0, 91.15, 0, 0, 93.48, 53.412, 0, 0, 0, 0, 
3, 24.395, 100.47, 64.27, 64.924, , 13.235, 0.975, 179.994, 179.994, 0.552, 316.047, 316.047, 316.047, 7.846, 83.892, 35.06, 34.542, 7.377, 13.395, 0, 0, 45.456, 46.647, 45.456, 46.647, 1, 55.336, 55.336, 0.025, 0.033, 581.472, 596.681, 581.472, 596.681, 4.418, 7.377, 13.395, , , 1, 3.101, 0.003, 0, 12.5, 2.708, 189, 0, 0, 0, 75, 17.059, 17.652, 107.6, 101.02, 100, 0, 0, 27, 27.86, 100, 4.43, 91.65, 0, 0, 94.08, 54.158, 0, 0, 0.003, 0, 0, 14, 0, 12.5, 0, 2.708, 189, 0, 0, 0, 75, 1, 0.017, 0.018, 107.6, 101.02, 100, 0, 0, 141, 27, 27.86, 100, 4.43, 0, 91.65, 0, 0, 94.08, 54.158, 0, 0, 0, 0, 
3.05, 24.398, 100.47, 64.27, 64.926, , 13.272, 0.975, 183.952, 183.952, 0.5, 316.932, 316.932, 316.932, 6.844, 84.712, 35.06, 34.65, 7.377, 13.228, 0, 0, 46.118, 47.326, 46.118, 47.326, 1, 55.99, 55.99, 0.025, 0.033, 677.13, 694.841, 677.13, 694.841, 4.43, 7.377, 13.228, , , 1, 3.151, 0, 0, 12.5, 2.749, 189, 0, 0, 0, 75, 17.135, 17.772, 107.488, 101.127, 100, 0, 0, 27.046, 28.046, 100, 4.43, 92.139, 0, 0, 94.717, 54.969, 0, 0, 0, 0, 0, 14, 0, 12.5, 0, 2.749, 189, 0, 0, 0, 75, 1, 0.017, 0.018, 107.488, 101.127, 100, 0, 0, 141, 27.046, 28.046, 100, 4.43, 0, 92.139, 0, 0, 94.717, 54.969, 0, 0, 0, 0, 
3.1, 24.401, 100.47, 64.27, 64.928, , 13.321, 0.975, 187.948, 187.948, 0.448, 318.114, 318.114, 318.114, 5.876, 85.531, 35.06, 34.758, 7.377, 13.044, 0, 0, 46.827, 48.053, 46.827, 48.053, 1, 56.637, 56.637, 0.025, 0.033, 806.944, 828.051, 806.944, 828.051, 4.441, 7.377, 13.044, , , 1, 3.201, 0, 0, 12.5, 2.803, 189, 0, 0, 0, 75, 17.252, 17.914, 107.117, 101.318, 100, 0, 0, 27.201, 28.201, 100, 4.43, 92.604, 0, 0, 95.44, 55.932, 0, 0, 0, 0, 0, 14, 0, 12.5, 0, 2.803, 189, 0, 0, 0, 75, 1, 0.017, 0.018, 107.117, 101.318, 100, 0, 0, 141, 27.201, 28.201, 100, 4.43, 0, 92.604, 0, 0, 95.44, 55.932, 0, 0, 0, 0, 
3.15, 24.404, 100.47, 64.27, 64.931, , 13.38, 0.975, 192.044, 192.044, 0.397, 319.519, 319.519, 319.519, 4.938, 86.35, 35.06, 34.866, 7.377, 12.844, 0, 0, 47.563, 48.808, 47.563, 48.808, 1, 57.281, 57.281, 0.025, 0.033, 990.805, 1016.722, 990.805, 1016.722, 4.458, 7.377, 12.844, , , 1, 3.251, 0, 0, 12.5, 2.858, 189, 0, 0, 0, 75, 17.368, 18.056, 106.745, 101.51, 100, 0, 0, 27.356, 28.356, 100, 4.43, 93.069, 0, 0, 96.163, 56.894, 0, 0, 0, 0, 0, 14, 0, 12.5, 0, 2.858, 189, 0, 0, 0, 75, 1, 0.017, 0.018, 106.745, 101.51, 100, 0, 0, 141, 27.356, 28.356, 100, 4.43, 0, 93.069, 0, 0, 96.163, 56.894, 0, 0, 0, 0, 
3.2, 24.407, 100.47, 64.27, 64.933, , 13.433, 0.975, 196.141, 196.141, 0.345, 320.798, 320.798, 320.798, 4.013, 87.169, 35.06, 34.974, 7.377, 12.654, 0, 0, 48.3, 49.564, 48.3, 49.564, 1, 57.934, 57.934, 0.025, 0.033, 1279.384, 1312.85, 1279.384, 1312.85, 4.485, 7.377, 12.654, , , 1, 3.301, 0, 0, 12.5, 2.912, 189, 0, 0, 0, 75, 17.485, 18.197, 106.373, 101.701, 100, 0, 0, 27.511, 28.511, 100, 4.43, 93.534, 0, 0, 96.886, 57.857, 0, 0, 0, 0, 0, 14, 0, 12.5, 0, 2.912, 189, 0, 0, 0, 75, 1, 0.017, 0.018, 106.373, 101.701, 100, 0, 0, 141, 27.511, 28.511, 100, 4.43, 0, 93.534, 0, 0, 96.886, 57.857, 0, 0, 0, 0, 
3.25, 24.41, 100.47, 64.27, 64.935, , 13.437, 0.975, 200.31, 200.31, 0.293, 320.923, 320.923, 320.923, 3.105, 87.988, 35.103, 35.139, 7.377, 12.475, 0, 0, 48.863, 50.141, 48.863, 50.141, 1, 58.591, 58.591, 0.025, 0.033, 1896.416, 1946.023, 1896.416, 1946.023, 4.511, 7.377, 12.475, , , 1, 3.351, 0, 0, 12.5, 2.966, 189, 0, 0, 0, 75, 17.602, 18.339, 106.001, 101.892, 100, 0, 0, 27.666, 28.666, 100, 4.43, 93.999, 0, 0, 97.61, 58.82, 0, 0, 0, 0, 0, 14, 0, 12.5, 0, 2.966, 189, 0, 0, 0, 75, 1, 0.017, 0.018, 106.001, 101.892, 100, 0, 0, 141, 27.666, 28.666, 100, 4.43, 0, 93.999, 0, 0, 97.61, 58.82, 0, 0, 0, 0, 
3.3, 24.413, 100.47, 64.27, 64.937, , 13.495, 0.975, 204.546, 204.546, 0.242, 322.296, 322.296, 322.296, 2.309, 88.807, 35.319, 35.535, 7.377, 12.319, 0, 0, 49.624, 50.924, 49.624, 50.924, 1, 59.245, 59.245, 0.025, 0.034, 7069.374, 7254.298, 7069.374, 7254.298, 4.537, 7.377, 12.319, , , 1, 3.401, 0, 0, 12.5, 3.003, 189, 0, 0, 0, 75, 17.686, 18.437, 105.8, 102.013, 100, 0, 0, 27.774, 28.774, 100, 4.43, 94.322, 0, 0, 98.096, 59.489, 0, 0, 0, 0, 0, 14, 0, 12.5, 0, 3.003, 189, 0, 0, 0, 75, 1, 0.018, 0.019, 105.8, 102.013, 100, 0, 0, 141, 27.774, 28.774, 100, 4.43, 0, 94.322, 0, 0, 98.096, 59.489, 0, 0, 0, 0, 
3.35, 24.416, 100.47, 64.27, 64.94, , 13.572, 0.975, 208.792, 208.792, 0.19, 324.146, 324.146, 324.146, 1.889, 89.626, 35.535, 35.931, 7.377, 12.189, 0, 0, 50.47, 51.793, 50.47, 51.793, 1, 59.905, 59.905, 0.025, 0.034, 8408.242, 8628.19, 8408.242, 8628.19, 4.568, 7.377, 12.189, , , 1, 3.451, 0, 0, 12.5, 3.021, 189, 0, 0, 0, 75, 17.73, 18.483, 105.8, 102.051, 100, 0, 0, 27.826, 28.826, 100, 4.43, 94.478, 0, 0, 98.304, 59.811, 0, 0, 0, 0, 0, 14, 0, 12.5, 0, 3.021, 189, 0, 0, 0, 75, 1, 0.018, 0.019, 105.8, 102.051, 100, 0, 0, 141, 27.826, 28.826, 100, 4.43, 0, 94.478, 0, 0, 98.304, 59.811, 0, 0, 0, 0, 
3.4, 24.419, 100.47, 64.27, 64.942, , 13.649, 0.975, 213.09, 213.09, 0.138, 325.979, 325.979, 325.979, 2.213, 90.445, 35.751, 36.327, 7.377, 12.075, 0, 0, 51.316, 52.662, 51.316, 52.662, 1, 60.573, 60.573, 0.025, 0.034, 8340.137, 8558.302, 8340.137, 8558.302, 4.606, 7.377, 12.075, , , 1, 3.5, 0, 0, 12.5, 3.039, 189, 0, 0, 0, 75, 17.775, 18.53, 105.8, 102.09, 100, 0, 0, 27.878, 28.878, 100, 4.43, 94.634, 0, 0, 98.512, 60.134, 0, 0, 0, 0, 0, 14, 0, 12.5, 0, 3.039, 189, 0, 0, 0, 75, 1, 0.018, 0.019, 105.8, 102.09, 100, 0, 0, 141, 27.878, 28.878, 100, 4.43, 0, 94.634, 0, 0, 98.512, 60.134, 0, 0, 0, 0, 
3.45, 24.422, 100.47, 64.27, 64.944, , 13.744, 0.975, 217.463, 217.463, 0.087, 328.258, 328.258, 328.258, 3.264, 91.264, 35.967, 36.723, 7.377, 11.98, 0, 0, 52.251, 53.62, 52.251, 53.62, 1, 61.236, 61.236, 0.025, 0.034, 8085.981, 8297.498, 8085.981, 8297.498, 4.645, 7.377, 11.98, , , 1, 3.55, 0, 0, 12.5, 3.057, 189, 0, 0, 0, 75, 17.82, 18.577, 105.8, 102.128, 100, 0, 0, 27.93, 28.93, 100, 4.43, 94.791, 0, 0, 98.721, 60.457, 0, 0, 0, 0, 0, 14, 0, 12.5, 0, 3.057, 189, 0, 0, 0, 75, 1, 0.018, 0.019, 105.8, 102.128, 100, 0, 0, 141, 27.93, 28.93, 100, 4.43, 0, 94.791, 0, 0, 98.721, 60.457, 0, 0, 0, 0, 
3.5, 24.425, 100.47, 64.27, 64.947, , 13.865, 0.975, 221.869, 221.869, 0.035, 331.138, 331.138, 331.138, 5.072, 92.083, 36.097, 36.975, 7.377, 11.891, 0, 0, 53.292, 54.686, 53.292, 54.686, 1, 61.91, 61.91, 0.025, 0.034, 7546.062, 7743.456, 7546.062, 7743.456, 4.683, 7.377, 11.891, , , 1, 3.601, 0, 0, 12.5, 3.075, 189, 0, 0, 0, 75, 17.865, 18.624, 105.8, 102.167, 100, 0, 0, 27.982, 28.982, 100, 4.43, 94.947, 0, 0, 98.929, 60.78, 0, 0, 0, 0, 0, 14, 0, 12.5, 0, 3.075, 189, 0, 0, 0, 75, 1, 0.018, 0.019, 105.8, 102.167, 100, 0, 0, 141, 27.982, 28.982, 100, 4.43, 0, 94.947, 0, 0, 98.929, 60.78, 0, 0, 0, 0, 
3.55, 24.428, 100.47, 64.27, 64.949, , 14.004, 0.975, 226.315, 226.315, 0.068, 334.462, 334.462, 334.462, 7.682, 91.36, 35.881, 36.651, 7.377, 11.81, 0, 0, 54.415, 55.838, 54.415, 55.838, 1, 62.595, 62.595, 0.025, 0.034, 4179.298, 4288.621, 4179.298, 4288.621, 4.719, 7.377, 11.81, , , 1, 3.651, 0, 0, 12.5, 3.103, 189, 0, 0, 0, 75, 17.94, 18.689, 105.8, 102.229, 100, 0, 0, 28.066, 29, 100, 4.43, 95.331, 0, 0, 99.265, 61.384, 0, 0, 0, 0, 0, 14, 0, 12.5, 0, 3.103, 189, 0, 0, 0, 75, 1, 0.018, 0.019, 105.8, 102.229, 100, 0, 0, 141, 28.066, 29, 100, 4.43, 0, 95.331, 0, 0, 99.265, 61.384, 0, 0, 0, 0, 
3.6, 24.431, 100.47, 64.27, 64.951, , 14.142, 0.975, 230.806, 230.806, 0.282, 337.74, 337.74, 337.74, 10.718, 87.359, 35.665, 36.327, 7.377, 11.734, 0, 0, 55.557, 57.009, 55.557, 57.009, 1, 63.281, 63.281, 0.025, 0.034, 574.443, 589.467, 574.443, 589.467, 4.728, 7.377, 11.734, , , 1, 3.701, 0, 0, 12.5, 3.137, 189, 0, 0, 0, 75, 18.03, 18.763, 105.8, 102.304, 100, 0, 0, 28.167, 29, 100, 4.43, 95.833, 0, 0, 99.667, 62.133, 0, 0, 0, 0, 0, 14, 0, 12.5, 0, 3.137, 189, 0, 0, 0, 75, 1, 0.018, 0.019, 105.8, 102.304, 100, 0, 0, 141, 28.167, 29, 100, 4.43, 0, 95.833, 0, 0, 99.667, 62.133, 0, 0, 0, 0, 
3.65, 24.435, 100.47, 64.27, 64.953, , 14.277, 0.975, 235.368, 235.368, 0.495, 340.956, 340.956, 340.956, 13.729, 83.358, 35.449, 36.003, 7.377, 11.666, 0, 0, 56.706, 58.187, 56.706, 58.187, 1, 63.976, 63.976, 0.025, 0.034, 385.246, 395.321, 385.246, 395.321, 4.737, 7.377, 11.666, , , 1, 3.751, 0, 0, 12.5, 3.17, 189, 0, 0, 0, 75, 18.12, 18.838, 105.8, 102.378, 100, 0, 0, 28.267, 29, 100, 4.43, 96.335, 0, 0, 100.068, 62.882, 0, 0, 0, 0, 0, 14, 0, 12.5, 0, 3.17, 189, 0, 0, 0, 75, 1, 0.018, 0.019, 105.8, 102.378, 100, 0, 0, 141, 28.267, 29, 100, 4.43, 0, 96.335, 0, 0, 100.068, 62.882, 0, 0, 0, 0, 
3.7, 24.438, 100.47, 64.27, 64.956, , 14.432, 0.975, 240.001, 240.001, 0.709, 344.662, 344.662, 344.662, 16.644, 79.357, 35.233, 35.679, 7.377, 11.61, 0, 0, 57.947, 59.46, 57.947, 59.46, 1, 64.672, 64.672, 0.025, 0.034, 304.306, 312.263, 304.306, 312.263, 4.746, 7.377, 11.61, , , 1, 3.801, 0, 0, 12.5, 3.203, 189, 0, 0, 0, 75, 18.211, 18.912, 105.8, 102.453, 100, 0, 0, 28.367, 29, 100, 4.43, 96.837, 0, 0, 100.47, 63.631, 0, 0, 0, 0, 0, 14, 0, 12.5, 0, 3.203, 189, 0, 0, 0, 75, 1, 0.018, 0.019, 105.8, 102.453, 100, 0, 0, 141, 28.367, 29, 100, 4.43, 0, 96.837, 0, 0, 100.47, 63.631, 0, 0, 0, 0, 
3.75, 24.441, 100.47, 64.27, 64.958, , 14.58, 0.975, 244.651, 244.651, 0.922, 348.19, 348.19, 348.19, 19.509, 75.356, 35.067, 35.42, 7.377, 11.574, 0, 0, 59.182, 60.729, 59.182, 60.729, 1, 65.381, 65.381, 0.025, 0.034, 255.203, 261.875, 255.203, 261.875, 4.755, 7.377, 11.574, , , 1, 3.851, 0, 0, 12.5, 3.237, 189, 0, 0, 0, 75, 18.301, 18.986, 105.8, 102.528, 100, 0, 0, 28.468, 29, 100, 4.43, 97.339, 0, 0, 100.871, 64.38, 0, 0, 0, 0, 0, 14, 0, 12.5, 0, 3.237, 189, 0, 0, 0, 75, 1, 0.018, 0.019, 105.8, 102.528, 100, 0, 0, 141, 28.468, 29, 100, 4.43, 0, 97.339, 0, 0, 100.871, 64.38, 0, 0, 0, 0, 
3.8, 24.444, 100.47, 64.27, 64.96, , 14.726, 0.975, 250.312, 250.312, 1.136, 351.666, 351.666, 351.666, 23.526, 71.355, 35.103, 35.42, 7.377, 11.549, 0, 0, 60.555, 62.14, 60.555, 62.14, 1, 66.421, 66.421, 0.025, 0.034, 218.514, 224.226, 218.514, 224.226, 4.782, 7.377, 11.549, , , 1, 3.901, 0, 0, 12.5, 3.274, 189, 0, 0, 0, 75, 18.394, 19.071, 105.556, 102.55, 100, 0, 0, 28.568, 29, 100, 4.43, 97.771, 0, 0, 101.271, 65.125, 0, 0, 0, 0, 0, 14, 0, 12.5, 0, 3.274, 189, 0, 0, 0, 75, 1, 0.018, 0.019, 105.556, 102.55, 100, 0, 0, 141, 28.568, 29, 100, 4.43, 0, 97.771, 0, 0, 101.271, 65.125, 0, 0, 0, 0, 
3.85, 24.447, 100.47, 64.27, 64.963, , 14.879, 0.975, 256.461, 256.461, 1.349, 355.325, 355.325, 355.325, 26.372, 67.354, 35.139, 35.42, 7.377, 11.542, 0, 0, 62.045, 63.669, 62.045, 63.669, 1, 67.179, 67.179, 0.025, 0.034, 189.498, 194.453, 189.498, 194.453, 4.814, 7.377, 11.542, , , 1, 3.952, 0, 0, 12.5, 3.311, 189, 0, 0, 0, 75, 18.487, 19.161, 105.198, 102.55, 100, 0, 0, 28.667, 29, 100, 4.43, 98.169, 0, 0, 101.669, 65.868, 0, 0, 0, 0, 0, 14, 0, 12.5, 0, 3.311, 189, 0, 0, 0, 75, 1, 0.018, 0.019, 105.198, 102.55, 100, 0, 0, 141, 28.667, 29, 100, 4.43, 0, 98.169, 0, 0, 101.669, 65.868, 0, 0, 0, 0, 
3.9, 24.45, 100.47, 64.27, 64.965, , 15.009, 0.975, 261.325, 261.325, 1.563, 358.425, 358.425, 358.425, 29.123, 63.353, 35.175, 35.42, 7.377, 11.544, 0, 0, 63.269, 64.925, 63.269, 64.925, 1, 67.912, 67.912, 0.025, 0.034, 172.372, 176.881, 172.372, 176.881, 4.845, 7.377, 11.544, , , 1, 4.002, 0, 0, 12.5, 3.349, 189, 0, 0, 0, 75, 18.581, 19.25, 104.839, 102.55, 100, 0, 0, 28.767, 29, 100, 4.43, 98.568, 0, 0, 102.068, 66.611, 0, 0, 0, 0, 0, 14, 0, 12.5, 0, 3.349, 189, 0, 0, 0, 75, 1, 0.019, 0.019, 104.839, 102.55, 100, 0, 0, 141, 28.767, 29, 100, 4.43, 0, 98.568, 0, 0, 102.068, 66.611, 0, 0, 0, 0, 
3.95, 24.453, 100.47, 64.27, 64.967, , 15.097, 0.975, 266.19, 266.19, 1.777, 360.528, 360.528, 360.528, 31.25, 59.353, 35.211, 35.42, 7.377, 11.561, 0, 0, 64.323, 66.008, 64.323, 66.008, 1, 68.647, 68.647, 0.025, 0.034, 160.19, 164.381, 160.19, 164.381, 4.877, 7.377, 11.561, , , 1, 4.051, 0, 0, 12.5, 3.387, 189, 0, 0, 0, 75, 18.675, 19.34, 104.48, 102.55, 100, 0, 0, 28.867, 29, 100, 4.43, 98.966, 0, 0, 102.466, 67.354, 0, 0, 0, 0, 0, 14, 0, 12.5, 0, 3.387, 189, 0, 0, 0, 75, 1, 0.019, 0.019, 104.48, 102.55, 100, 0, 0, 141, 28.867, 29, 100, 4.43, 0, 98.966, 0, 0, 102.466, 67.354, 0, 0, 0, 0, 
4, 24.456, 100.47, 64.27, 64.969, , 15.185, 0.975, 271.108, 271.108, 1.99, 362.648, 362.648, 362.648, 32.687, 55.352, 35.204, 35.413, 7.377, 11.58, 0, 0, 65.396, 67.109, 65.396, 67.109, 1, 69.375, 69.375, 0.025, 0.034, 152.694, 156.689, 152.694, 156.689, 4.933, 7.377, 11.58, , , 1, 4.101, 0, 0, 12.5, 3.425, 189, 0, 0, 0, 75, 18.768, 19.43, 104.122, 102.55, 100, 0, 0, 28.966, 29, 100, 4.43, 99.365, 0, 0, 102.865, 68.097, 0, 0, 0, 0, 0, 14, 0, 12.5, 0, 3.425, 189, 0, 0, 0, 75, 1, 0.019, 0.019, 104.122, 102.55, 100, 0, 0, 141, 28.966, 29, 100, 4.43, 0, 99.365, 0, 0, 102.865, 68.097, 0, 0, 0, 0, 
4.05, 24.459, 100.47, 64.27, 64.972, , 15.278, 0.975, 276.076, 276.076, 2.204, 364.865, 364.865, 364.865, 33.478, 51.351, 35.024, 35.377, 7.377, 11.603, 0, 0, 66.497, 68.237, 66.497, 68.237, 1, 70.117, 70.117, 0.025, 0.034, 149.311, 153.217, 149.311, 153.217, 4.994, 7.377, 11.603, , , 1, 4.151, 0, 0, 12.5, 3.465, 189, 0, 0, 0, 75, 18.849, 19.484, 104, 102.501, 100, 0, 0, 29.066, 29, 100, 4.43, 99.899, 0, 0, 103.333, 68.844, 0, 0, 0, 0, 0, 14, 0, 12.5, 0, 3.465, 189, 0, 0, 0, 75, 1, 0.019, 0.019, 104, 102.501, 100, 0, 0, 141, 29.066, 29, 100, 4.43, 0, 99.899, 0, 0, 103.333, 68.844, 0, 0, 0, 0, 
4.1, 24.462, 100.47, 64.27, 64.974, , 15.347, 0.975, 281.114, 281.114, 2.413, 366.527, 366.527, 366.527, 33.613, 49.836, 34.844, 35.341, 7.377, 11.624, 0, 0, 67.51, 69.274, 67.51, 69.274, 1, 70.868, 70.868, 0.025, 0.034, 149.187, 153.091, 149.187, 153.091, 5.055, 7.377, 11.624, , , 1, 4.201, 0, 0, 12.5, 3.505, 189, 0, 0, 0, 75, 18.923, 19.52, 104, 102.426, 100, 0, 0, 29.167, 29, 100, 4.43, 100.504, 0, 0, 103.837, 69.593, 0, 0, 0, 0, 0, 14, 0, 12.5, 0, 3.505, 189, 0, 0, 0, 75, 1, 0.019, 0.019, 104, 102.426, 100, 0, 0, 141, 29.167, 29, 100, 4.43, 0, 100.504, 0, 0, 103.837, 69.593, 0, 0, 0, 0, 
4.15, 24.465, 100.47, 64.27, 64.976, , 15.393, 0.975, 286.19, 286.19, 2.499, 367.631, 367.631, 367.631, 33.07, 65.082, 34.664, 35.305, 7.377, 11.644, 0, 0, 68.427, 70.214, 68.427, 70.214, 1, 71.619, 71.619, 0.025, 0.034, 152.383, 156.369, 152.383, 156.369, 5.116, 7.377, 11.644, , , 1, 4.25, 0, 0, 12.5, 3.546, 189, 0, 0, 0, 75, 18.998, 19.556, 104, 102.352, 100, 0, 0, 29.267, 29, 100, 4.43, 101.109, 0, 0, 104.341, 70.342, 0, 0, 0, 0, 0, 14, 0, 12.5, 0, 3.546, 189, 0, 0, 0, 75, 1, 0.019, 0.02, 104, 102.352, 100, 0, 0, 141, 29.267, 29, 100, 4.43, 0, 101.109, 0, 0, 104.341, 70.342, 0, 0, 0, 0, 
4.2, 24.468, 100.47, 64.27, 64.979, , 15.431, 0.975, 291.357, 291.357, 2.483, 368.554, 368.554, 368.554, 32.015, 65.267, 34.484, 35.269, 7.377, 11.662, 0, 0, 69.321, 71.132, 69.321, 71.132, 1, 72.376, 72.376, 0.025, 0.034, 157.547, 161.667, 157.547, 161.667, 5.175, 7.377, 11.662, , , 1, 4.301, 0, 0, 12.5, 3.586, 189, 0, 0, 0, 75, 19.072, 19.592, 104, 102.277, 100, 0, 0, 29.367, 29, 100, 4.43, 101.714, 0, 0, 104.845, 71.091, 0, 0, 0, 0, 0, 14, 0, 12.5, 0, 3.586, 189, 0, 0, 0, 75, 1, 0.019, 0.02, 104, 102.277, 100, 0, 0, 141, 29.367, 29, 100, 4.43, 0, 101.714, 0, 0, 104.845, 71.091, 0, 0, 0, 0, 
4.25, 24.47, 100.47, 64.27, 64.979, , 15.508, 0.975, 296.546, 296.546, 2.466, 370.4, 370.4, 370.4, 30.991, 65.453, 34.347, 35.24, 7.377, 11.676, 0, 0, 70.393, 72.232, 70.393, 72.232, 1, 73.129, 73.129, 0.025, 0.034, 163.56, 167.837, 163.56, 167.837, 5.233, 7.377, 11.676, , , 1, 4.351, 0, 0, 12.5, 3.627, 189, 0, 0, 0, 75, 19.146, 19.628, 104, 102.202, 100, 0, 0, 29.468, 29, 100, 4.43, 102.319, 0, 0, 105.349, 71.84, 0, 0, 0, 0, 0, 14, 0, 12.5, 0, 3.627, 189, 0, 0, 0, 75, 1, 0.019, 0.02, 104, 102.202, 100, 0, 0, 141, 29.468, 29, 100, 4.43, 0, 102.319, 0, 0, 105.349, 71.84, 0, 0, 0, 0, 
4.3, 24.471, 100.47, 64.27, 64.977, , 15.546, 0.975, 301.853, 301.853, 2.45, 371.323, 371.323, 371.323, 29.985, 65.638, 34.382, 35.24, 7.377, 11.69, 0, 0, 71.31, 73.172, 71.31, 73.172, 1, 73.887, 73.887, 0.025, 0.034, 169.562, 173.995, 169.562, 173.995, 5.29, 7.377, 11.69, , , 1, 4.4, 0, 0, 12.5, 3.681, 189.07, 0, 0, 0, 75, 19.275, 19.716, 103.63, 102.102, 100, 0, 0, 29.671, 29.103, 100, 4.427, 103.203, 0, 0, 105.957, 72.932, 0, 0, 0, 0, 0, 14, 0, 12.5, 0, 3.681, 189.07, 0, 0, 0, 75, 1, 0.019, 0.02, 103.63, 102.102, 100, 0, 0, 141, 29.671, 29.103, 100, 4.427, 0, 103.203, 0, 0, 105.957, 72.932, 0, 0, 0, 0, 
4.35, 24.472, 100.47, 64.27, 64.975, , 15.63, 0.975, 307.16, 307.16, 2.434, 373.344, 373.344, 373.344, 28.998, 65.824, 34.418, 35.24, 7.377, 11.703, 0, 0, 72.437, 74.329, 72.437, 74.329, 1, 74.648, 74.648, 0.025, 0.034, 176.31, 180.92, 176.31, 180.92, 5.348, 7.377, 11.703, , , 1, 4.451, 0, 0, 12.5, 3.741, 189.171, 0, 0, 0, 75, 19.429, 19.828, 103.085, 101.991, 100, 0, 0, 29.923, 29.254, 100, 4.423, 104.207, 0, 0, 106.609, 74.185, 0, 0, 0, 0, 0, 14, 0, 12.5, 0, 3.741, 189.171, 0, 0, 0, 75, 1, 0.019, 0.02, 103.085, 101.991, 100, 0, 0, 141, 29.923, 29.254, 100, 4.423, 0, 104.207, 0, 0, 106.609, 74.185, 0, 0, 0, 0, 
4.4, 24.473, 100.47, 64.27, 64.972, , 15.673, 0.975, 312.511, 312.511, 2.418, 374.378, 374.378, 374.378, 28.02, 66.01, 34.453, 35.24, 7.377, 11.718, 0, 0, 73.374, 75.291, 73.374, 75.291, 1, 75.417, 75.417, 0.025, 0.034, 182.87, 187.651, 182.87, 187.651, 5.397, 7.377, 11.718, , , 1, 4.501, 0, 0, 12.5, 3.802, 189.271, 0, 0, 0, 75, 19.583, 19.94, 102.541, 101.879, 100, 0, 0, 30.175, 29.405, 100, 4.419, 105.211, 0, 0, 107.262, 75.438, 0, 0, 0, 0, 0, 14, 0, 12.5, 0, 3.802, 189.271, 0, 0, 0, 75, 1, 0.02, 0.02, 102.541, 101.879, 100, 0, 0, 141, 30.175, 29.405, 100, 4.419, 0, 105.211, 0, 0, 107.262, 75.438, 0, 0, 0, 0, 
4.45, 24.473, 100.47, 64.27, 64.97, , 15.726, 0.975, 317.941, 317.941, 2.401, 375.658, 375.658, 375.658, 27.067, 66.195, 34.488, 35.24, 7.378, 11.738, 0, 0, 74.369, 76.312, 74.369, 76.312, 1, 76.184, 76.184, 0.025, 0.034, 189.912, 194.879, 189.912, 194.879, 5.425, 7.378, 11.738, , , 1, 4.551, 0, 0, 12.5, 3.862, 189.371, 0, 0, 0, 75, 19.738, 20.052, 101.997, 101.768, 100, 0, 0, 30.427, 29.556, 100, 4.415, 106.215, 0, 0, 107.915, 76.691, 0, 0, 0, 0, 0, 14, 0, 12.5, 0, 3.862, 189.371, 0, 0, 0, 75, 1, 0.02, 0.02, 101.997, 101.768, 100, 0, 0, 141, 30.427, 29.556, 100, 4.415, 0, 106.215, 0, 0, 107.915, 76.691, 0, 0, 0, 0, 
4.5, 24.474, 100.47, 64.27, 64.968, , 15.751, 0.975, 323.453, 323.453, 2.385, 376.286, 376.286, 376.286, 26.139, 66.381, 34.531, 35.28, 7.378, 11.759, 0, 0, 75.245, 77.213, 75.245, 77.213, 1, 76.95, 76.95, 0.025, 0.034, 197.025, 202.179, 197.025, 202.179, 5.453, 7.378, 11.759, , , 1, 4.601, 0, 0, 12.5, 3.922, 189.472, 0, 0, 0, 75, 19.892, 20.164, 101.452, 101.656, 100, 0, 0, 30.679, 29.708, 100, 4.411, 107.219, 0, 0, 108.567, 77.944, 0, 0, 0, 0, 0, 14, 0, 12.5, 0, 3.922, 189.472, 0, 0, 0, 75, 1, 0.02, 0.02, 101.452, 101.656, 100, 0, 0, 141, 30.679, 29.708, 100, 4.411, 0, 107.219, 0, 0, 108.567, 77.944, 0, 0, 0, 0, 
4.55, 24.475, 100.47, 64.27, 64.965, , 15.818, 0.975, 329.013, 329.013, 2.369, 377.881, 377.881, 377.881, 25.221, 66.566, 34.641, 35.684, 7.379, 11.786, 0, 0, 76.327, 78.324, 76.327, 78.324, 1, 77.723, 77.723, 0.025, 0.034, 205.089, 210.455, 205.089, 210.455, 5.48, 7.379, 11.786, , , 1, 4.651, 0, 0, 12.5, 3.958, 189.59, 0, 0, 0, 75, 19.972, 20.23, 101.139, 101.592, 100, 0, 0, 30.795, 29.795, 100, 4.41, 107.769, 0, 0, 108.974, 78.629, 0, 0, 0, 0, 0, 14, 0, 12.5, 0, 3.958, 189.59, 0, 0, 0, 75, 1, 0.02, 0.02, 101.139, 101.592, 100, 0, 0, 141, 30.795, 29.795, 100, 4.41, 0, 107.769, 0, 0, 108.974, 78.629, 0, 0, 0, 0, 
4.6, 24.476, 100.47, 64.27, 64.963, , 15.788, 0.975, 334.588, 334.588, 2.353, 377.197, 377.197, 377.197, 24.328, 66.752, 34.751, 36.089, 7.379, 11.815, 0, 0, 76.943, 78.957, 76.943, 78.957, 1, 78.491, 78.491, 0.025, 0.034, 212.264, 217.817, 212.264, 217.817, 5.507, 7.379, 11.815, , , 1, 4.7, 0, 0, 12.5, 3.983, 189.714, 0, 0, 0, 75, 20.023, 20.278, 100.915, 101.546, 100, 0, 0, 30.857, 29.857, 100, 4.41, 108.142, 0, 0, 109.285, 79.093, 0, 0, 0, 0, 0, 14, 0, 12.5, 0, 3.983, 189.714, 0, 0, 0, 75, 1, 0.02, 0.02, 100.915, 101.546, 100, 0, 0, 141, 30.857, 29.857, 100, 4.41, 0, 108.142, 0, 0, 109.285, 79.093, 0, 0, 0, 0, 
4.65, 24.476, 100.47, 64.27, 64.961, , 15.818, 0.975, 341.138, 341.138, 2.337, 377.949, 377.949, 377.949, 23.152, 66.937, 34.862, 36.493, 7.38, 11.852, 0, 0, 77.972, 80.013, 77.972, 80.013, 1, 79.533, 79.533, 0.025, 0.034, 222.069, 227.878, 222.069, 227.878, 5.521, 7.38, 11.852, , , 1, 4.75, 0, 0, 12.5, 4.009, 189.838, 0, 0, 0, 75, 20.074, 20.327, 100.691, 101.5, 100, 0, 0, 30.919, 29.919, 100, 4.41, 108.515, 0, 0, 109.596, 79.557, 0, 0, 0, 0, 0, 14, 0, 12.5, 0, 4.009, 189.838, 0, 0, 0, 75, 1, 0.02, 0.02, 100.691, 101.5, 100, 0, 0, 141, 30.919, 29.919, 100, 4.41, 0, 108.515, 0, 0, 109.596, 79.557, 0, 0, 0, 0, 
4.7, 24.477, 100.47, 64.27, 64.959, , 15.839, 0.975, 348.314, 348.314, 2.32, 378.46, 378.46, 378.46, 22.232, 67.123, 34.972, 36.897, 7.38, 11.893, 0, 0, 79.032, 81.101, 79.032, 81.101, 1, 80.364, 80.364, 0.025, 0.034, 233.224, 239.325, 233.224, 239.325, 5.536, 7.38, 11.893, , , 1, 4.801, 0, 0, 12.5, 4.035, 189.963, 0, 0, 0, 75, 20.125, 20.375, 100.467, 101.454, 100, 0, 0, 30.981, 29.981, 100, 4.41, 108.888, 0, 0, 109.907, 80.021, 0, 0, 0, 0, 0, 14, 0, 12.5, 0, 4.035, 189.963, 0, 0, 0, 75, 1, 0.02, 0.02, 100.467, 101.454, 100, 0, 0, 141, 30.981, 29.981, 100, 4.41, 0, 108.888, 0, 0, 109.907, 80.021, 0, 0, 0, 0, 
4.75, 24.478, 100.47, 64.27, 64.956, , 15.847, 0.975, 354.103, 354.103, 2.304, 378.685, 378.685, 378.685, 21.4, 67.309, 35.031, 37.213, 7.38, 11.949, 0, 0, 79.837, 81.927, 79.837, 81.927, 1, 81.132, 81.132, 0.025, 0.034, 242.477, 248.819, 242.477, 248.819, 5.55, 7.38, 11.949, , , 1, 4.851, 0, 0, 12.5, 4.085, 190, 0, 0, 0, 75, 20.222, 20.468, 100.14, 101.334, 100, 0, 0, 31.108, 30.108, 100, 4.411, 109.545, 0, 0, 110.545, 80.968, 0, 0, 0, 0, 0, 14, 0, 12.5, 0, 4.085, 190, 0, 0, 0, 75, 1, 0.02, 0.02, 100.139, 101.334, 100, 0, 0, 141, 31.108, 30.108, 100, 4.411, 0, 109.545, 0, 0, 110.545, 80.968, 0, 0, 0, 0, 
4.8, 24.479, 100.47, 64.27, 64.954, , 15.816, 0.975, 359.94, 359.94, 2.288, 377.975, 377.975, 377.975, 20.575, 67.494, 34.887, 37.177, 7.379, 12.008, 0, 0, 80.451, 82.557, 80.451, 82.557, 1, 81.905, 81.905, 0.025, 0.034, 251.793, 258.378, 251.793, 258.378, 5.566, 7.379, 12.008, , , 1, 4.901, 0, 0, 12.5, 4.146, 190, 0, 0, 0, 75, 20.34, 20.58, 99.768, 101.183, 100, 0, 0, 31.263, 30.263, 100, 4.414, 110.323, 0, 0, 111.323, 82.123, 0, 0, 0, 0, 0, 14, 0, 12.5, 0, 4.146, 190, 0, 0, 0, 75, 1, 0.02, 0.02, 99.765, 101.183, 100, 0, 0, 141, 31.263, 30.263, 100, 4.414, 0, 110.323, 0, 0, 111.323, 82.123, 0, 0, 0, 0, 
4.85, 24.479, 100.47, 64.27, 64.952, , 15.819, 0.975, 365.817, 365.817, 2.272, 378.061, 378.061, 378.061, 19.761, 67.68, 34.743, 37.141, 7.379, 12.089, 0, 0, 81.224, 83.349, 81.224, 83.349, 1, 82.685, 82.685, 0.025, 0.034, 262.139, 268.995, 262.139, 268.995, 5.615, 7.379, 12.089, , , 1, 4.95, 0, 0, 12.5, 4.206, 190, 0, 0, 0, 75, 20.458, 20.691, 99.396, 101.031, 100, 0, 0, 31.418, 30.418, 100, 4.416, 111.101, 0, 0, 112.101, 83.278, 0, 0, 0, 0, 0, 14, 0, 12.5, 0, 4.206, 190, 0, 0, 0, 75, 1, 0.021, 0.021, 99.392, 101.031, 100, 0, 0, 141, 31.418, 30.418, 100, 4.416, 0, 111.101, 0, 0, 112.101, 83.278, 0, 0, 0, 0, 
4.9, 24.48, 100.47, 64.27, 64.949, , 15.808, 0.975, 371.804, 371.804, 2.255, 377.833, 377.833, 377.833, 18.978, 67.865, 34.599, 37.105, 7.378, 12.171, 0, 0, 81.937, 84.082, 81.937, 84.082, 1, 83.446, 83.446, 0.025, 0.034, 273.032, 280.174, 273.032, 280.174, 5.665, 7.378, 12.171, , , 1, 5.001, 0, 0, 12.5, 4.267, 190, 0, 0, 0, 75, 20.576, 20.803, 99.024, 100.88, 100, 0, 0, 31.573, 30.573, 100, 4.418, 111.879, 0, 0, 112.879, 84.433, 0, 0, 0, 0, 0, 14, 0, 12.5, 0, 4.267, 190, 0, 0, 0, 75, 1, 0.021, 0.021, 99.018, 100.88, 100, 0, 0, 141, 31.573, 30.573, 100, 4.418, 0, 111.879, 0, 0, 112.879, 84.433, 0, 0, 0, 0, 
4.95, 24.481, 100.47, 64.27, 64.947, , 15.82, 0.975, 377.791, 377.791, 2.239, 378.136, 378.136, 378.136, 18.196, 68.051, 34.455, 37.069, 7.378, 12.267, 0, 0, 82.761, 84.927, 82.761, 84.927, 1, 84.222, 84.222, 0.025, 0.033, 284.92, 292.374, 284.92, 292.374, 5.714, 7.378, 12.267, , , 1, 5.051, 0, 0, 12.5, 4.327, 190, 0, 0, 0, 75, 20.694, 20.914, 98.652, 100.728, 100, 0, 0, 31.728, 30.728, 100, 4.42, 112.657, 0, 0, 113.657, 85.588, 0, 0, 0, 0, 0, 14, 0, 12.5, 0, 4.327, 190, 0, 0, 0, 75, 1, 0.021, 0.021, 98.645, 100.728, 100, 0, 0, 141, 31.728, 30.728, 100, 4.42, 0, 112.657, 0, 0, 113.657, 85.588, 0, 0, 0, 0, 
5, 24.482, 100.47, 64.27, 64.945, , 15.755, 0.975, 383.898, 383.898, 2.223, 376.604, 376.604, 376.604, 17.431, 68.236, 34.304, 36.968, 7.377, 12.36, 0, 0, 83.191, 85.368, 83.191, 85.368, 1, 84.994, 84.994, 0.025, 0.033, 296.444, 304.2, 296.444, 304.2, 5.764, 7.377, 12.36, , , 1, 5.1, 0, 0, 12.5, 4.373, 190, 0, 0, 0, 75, 20.742, 20.953, 98.6, 100.673, 100, 0, 0, 31.799, 30.849, 100, 4.42, 113.102, 0, 0, 114.051, 86.485, 0, 0, 0, 0, 0, 14, 0, 12.5, 0, 4.373, 190, 0, 0, 0, 75, 1, 0.021, 0.021, 98.6, 100.673, 100, 0, 0, 141, 31.799, 30.849, 100, 4.42, 0, 113.102, 0, 0, 114.051, 86.485, 0, 0, 0, 0, 
5.05, 24.482, 100.47, 64.27, 64.943, , 15.717, 0.975, 389.945, 389.945, 2.207, 375.729, 375.729, 375.729, 16.68, 68.422, 34.124, 36.608, 7.377, 12.437, 0, 0, 83.734, 85.924, 83.734, 85.924, 1, 85.763, 85.763, 0.025, 0.033, 308.864, 316.944, 308.864, 316.944, 5.808, 7.377, 12.437, , , 1, 5.15, 0, 0, 12.5, 4.417, 190, 0, 0, 0, 75, 20.778, 20.979, 98.6, 100.631, 100, 0, 0, 31.857, 30.963, 100, 4.42, 113.501, 0, 0, 114.394, 87.339, 0, 0, 0, 0, 0, 14, 0, 12.5, 0, 4.417, 190, 0, 0, 0, 75, 1, 0.021, 0.021, 98.6, 100.631, 100, 0, 0, 141, 31.857, 30.963, 100, 4.42, 0, 113.501, 0, 0, 114.394, 87.339, 0, 0, 0, 0, 
5.1, 24.483, 100.47, 64.27, 64.94, , 15.676, 0.975, 396.193, 396.193, 2.19, 374.793, 374.793, 374.793, 15.934, 68.608, 33.944, 36.248, 7.377, 12.511, 0, 0, 84.284, 86.489, 84.284, 86.489, 1, 86.542, 86.542, 0.025, 0.034, 322.557, 330.995, 322.557, 330.995, 5.852, 7.377, 12.511, , , 1, 5.2, 0, 0, 12.5, 4.461, 190, 0, 0, 0, 75, 20.815, 21.005, 98.6, 100.588, 100, 0, 0, 31.914, 31.078, 100, 4.42, 113.901, 0, 0, 114.736, 88.193, 0, 0, 0, 0, 0, 14, 0, 12.5, 0, 4.461, 190, 0, 0, 0, 75, 1, 0.021, 0.021, 98.6, 100.588, 100, 0, 0, 141, 31.914, 31.078, 100, 4.42, 0, 113.901, 0, 0, 114.736, 88.193, 0, 0, 0, 0, 
5.15, 24.484, 100.47, 64.27, 64.938, , 15.646, 0.975, 402.378, 402.378, 2.174, 374.089, 374.089, 374.089, 15.209, 68.793, 33.764, 35.888, 7.377, 12.548, 0, 0, 84.864, 87.084, 84.864, 87.084, 1, 87.308, 87.308, 0.025, 0.034, 337.202, 346.023, 337.202, 346.023, 5.895, 7.377, 12.548, , , 1, 5.251, 0, 0, 12.5, 4.505, 190, 0, 0, 0, 75, 20.852, 21.032, 98.6, 100.546, 100, 0, 0, 31.971, 31.193, 100, 4.42, 114.3, 0, 0, 115.079, 89.048, 0, 0, 0, 0, 0, 14, 0, 12.5, 0, 4.505, 190, 0, 0, 0, 75, 1, 0.021, 0.021, 98.6, 100.546, 100, 0, 0, 141, 31.971, 31.193, 100, 4.42, 0, 114.3, 0, 0, 115.079, 89.048, 0, 0, 0, 0, 
5.2, 24.485, 100.47, 64.27, 64.936, , 15.582, 0.975, 408.689, 408.689, 2.158, 372.591, 372.591, 372.591, 14.493, 68.979, 33.584, 35.528, 7.377, 12.584, 0, 0, 85.268, 87.498, 85.268, 87.498, 1, 88.077, 88.077, 0.025, 0.034, 352.528, 361.749, 352.528, 361.749, 5.939, 7.377, 12.584, , , 1, 5.301, 0, 0, 12.5, 4.547, 190, 0, 0, 0, 75, 20.867, 21.042, 98.506, 100.467, 100, 0, 0, 32, 31.302, 100, 4.42, 114.552, 0, 0, 115.302, 89.864, 0, 0, 0, 0, 0, 13.995, 0, 12.5, 0, 4.547, 190, 0, 0, 0, 75, 1, 0.021, 0.021, 98.506, 100.467, 100, 0, 0, 141, 32, 31.302, 100, 4.42, 0, 114.552, 0, 0, 115.302, 89.864, 0, 0, 0, 0, 
5.25, 24.486, 100.47, 64.27, 64.933, , 15.53, 0.975, 415.112, 415.112, 2.142, 371.392, 371.392, 371.392, 13.798, 69.164, 33.532, 35.274, 7.377, 12.608, 0, 0, 85.741, 87.981, 85.741, 87.981, 1, 88.833, 88.833, 0.025, 0.034, 369.481, 379.145, 369.481, 379.145, 5.973, 7.377, 12.608, , , 1, 5.35, 0, 0, 12.5, 4.587, 190, 0, 0, 0, 75, 20.862, 21.036, 98.319, 100.352, 100, 0, 0, 32, 31.406, 100, 4.42, 114.656, 0, 0, 115.406, 90.641, 0, 0, 0, 0, 0, 13.984, 0, 12.5, 0, 4.587, 190, 0, 0, 0, 75, 1, 0.021, 0.021, 98.319, 100.352, 100, 0, 0, 141, 32, 31.406, 100, 4.42, 0, 114.656, 0, 0, 115.406, 90.641, 0, 0, 0, 0, 
5.3, 24.486, 100.47, 64.27, 64.931, , 15.48, 0.975, 421.468, 421.468, 2.125, 370.23, 370.23, 370.23, 13.111, 69.35, 33.994, 35.445, 7.377, 12.632, 0, 0, 86.191, 88.444, 86.191, 88.444, 1, 89.593, 89.593, 0.025, 0.034, 387.441, 397.575, 387.441, 397.575, 6.001, 7.377, 12.632, , , 1, 5.401, 0, 0, 12.5, 4.626, 190, 0, 0, 0, 75, 20.857, 21.029, 98.131, 100.236, 100, 0, 0, 32, 31.51, 100, 4.42, 114.76, 0, 0, 115.51, 91.418, 0, 0, 0, 0, 0, 13.974, 0, 12.5, 0, 4.626, 190, 0, 0, 0, 75, 1, 0.021, 0.021, 98.131, 100.236, 100, 0, 0, 141, 32, 31.51, 100, 4.42, 0, 114.76, 0, 0, 115.51, 91.418, 0, 0, 0, 0, 
5.35, 24.487, 100.47, 64.27, 64.929, , 15.422, 0.975, 427.954, 427.954, 2.109, 368.891, 368.891, 368.891, 12.432, 69.536, 34.456, 35.616, 7.377, 12.68, 0, 0, 86.607, 88.869, 86.607, 88.869, 1, 90.354, 90.354, 0.025, 0.034, 407.19, 417.841, 407.19, 417.841, 6.028, 7.377, 12.68, , , 1, 5.451, 0, 0, 12.5, 4.666, 190, 0, 0, 0, 75, 20.852, 21.023, 97.944, 100.12, 100, 0, 0, 32, 31.615, 100, 4.42, 114.865, 0, 0, 115.615, 92.195, 0, 0, 0, 0, 0, 13.964, 0, 12.5, 0, 4.666, 190, 0, 0, 0, 75, 1, 0.021, 0.021, 97.944, 100.12, 100, 0, 0, 141, 32, 31.615, 100, 4.42, 0, 114.865, 0, 0, 115.615, 92.195, 0, 0, 0, 0, 
5.4, 24.488, 100.47, 64.27, 64.927, , 15.365, 0.975, 434.444, 434.444, 2.093, 367.54, 367.54, 367.54, 11.766, 69.721, 34.918, 35.788, 7.377, 12.728, 0, 0, 87.008, 89.281, 87.008, 89.281, 1, 91.113, 91.113, 0.025, 0.034, 428.522, 439.732, 428.522, 439.732, 6.055, 7.377, 12.728, , , 1, 5.501, 0, 0, 12.5, 4.706, 190, 0, 0, 0, 75, 20.847, 21.017, 97.756, 100.005, 100, 0, 0, 32, 31.719, 100, 4.42, 114.969, 0, 0, 115.719, 92.972, 0, 0, 0, 0, 0, 13.953, 0, 12.5, 0, 4.706, 190, 0, 0, 0, 75, 1, 0.021, 0.021, 97.756, 100.005, 100, 0, 0, 141, 32, 31.719, 100, 4.42, 0, 114.969, 0, 0, 115.719, 92.972, 0, 0, 0, 0, 
5.45, 24.489, 100.47, 64.27, 64.924, , 15.296, 0.975, 441.115, 441.115, 2.077, 365.947, 365.947, 365.947, 11.116, 69.907, 35.38, 35.959, 7.377, 12.803, 0, 0, 87.354, 89.636, 87.354, 89.636, 1, 91.862, 91.862, 0.025, 0.034, 452.428, 464.264, 452.428, 464.264, 6.085, 7.377, 12.803, , , 1, 5.551, 0, 0, 12.5, 4.733, 190, 0, 0, 0, 75, 20.846, 21.016, 97.557, 99.911, 100, 0, 0, 32, 31.79, 100, 4.418, 115, 0, 0, 115.79, 93.502, 0, 0, 0, 0, 0, 13.942, 0, 12.5, 0, 4.733, 190, 0, 0, 0, 75, 1, 0.021, 0.021, 97.557, 99.911, 100, 0, 0, 141, 32, 31.79, 100, 4.418, 0, 115, 0, 0, 115.79, 93.502, 0, 0, 0, 0, 
5.5, 24.489, 100.47, 64.27, 64.922, , 15.225, 0.975, 449.855, 449.855, 2.06, 364.298, 364.298, 364.298, 10.392, 70.092, 35.842, 36.13, 7.377, 12.878, 0, 0, 87.892, 90.19, 87.892, 90.19, 1, 92.709, 92.709, 0.025, 0.034, 488.597, 501.378, 488.597, 501.378, 6.121, 7.377, 12.878, , , 1, 5.601, 0, 0, 12.5, 4.754, 190, 0, 0, 0, 75, 20.847, 21.017, 97.352, 99.827, 100, 0, 0, 32, 31.847, 100, 4.416, 115, 0, 0, 115.847, 93.926, 0, 0, 0, 0, 0, 13.931, 0, 12.5, 0, 4.754, 190, 0, 0, 0, 75, 1, 0.021, 0.021, 97.352, 99.827, 100, 0, 0, 141, 32, 31.847, 100, 4.416, 0, 115, 0, 0, 115.847, 93.926, 0, 0, 0, 0, 
5.55, 24.49, 100.47, 64.27, 64.92, , 15.182, 0.975, 456.793, 456.793, 2.044, 363.281, 363.281, 363.281, 9.628, 70.278, 35.924, 36.247, 7.378, 12.923, 0, 0, 88.374, 90.686, 88.374, 90.686, 1, 93.615, 93.615, 0.025, 0.034, 520.594, 534.213, 520.594, 534.213, 6.158, 7.378, 12.923, , , 1, 5.651, 0, 0, 12.5, 4.776, 190, 0, 0, 0, 75, 20.848, 21.018, 97.148, 99.743, 100, 0, 0, 32, 31.903, 100, 4.414, 115, 0, 0, 115.903, 94.349, 0, 0, 0, 0, 0, 13.919, 0, 12.5, 0, 4.776, 190, 0, 0, 0, 75, 1, 0.021, 0.021, 97.148, 99.743, 100, 0, 0, 141, 32, 31.903, 100, 4.414, 0, 115, 0, 0, 115.903, 94.349, 0, 0, 0, 0, 
5.6, 24.493, 100.47, 64.27, 64.92, , 15.114, 0.975, 463.464, 463.464, 2.028, 361.692, 361.692, 361.692, 9.007, 70.463, 35.981, 36.361, 7.378, 12.968, 0, 0, 88.687, 91.007, 88.687, 91.007, 1, 94.363, 94.363, 0.025, 0.034, 554.364, 568.868, 554.364, 568.868, 6.195, 7.378, 12.968, , , 1, 5.701, 0, 0, 12.5, 4.798, 190, 0, 0, 0, 75, 20.849, 21.019, 96.943, 99.659, 100, 0, 0, 32, 31.96, 100, 4.412, 115, 0, 0, 115.96, 94.773, 0, 0, 0, 0, 0, 13.908, 0, 12.5, 0, 4.798, 190, 0, 0, 0, 75, 1, 0.021, 0.021, 96.943, 99.659, 100, 0, 0, 141, 32, 31.96, 100, 4.412, 0, 115, 0, 0, 115.96, 94.773, 0, 0, 0, 0, 
5.65, 24.495, 100.47, 64.27, 64.92, , 15.073, 0.975, 470.296, 470.296, 2.012, 360.765, 360.765, 360.765, 8.403, 70.649, 36.037, 36.475, 7.379, 12.971, 0, 0, 89.151, 91.484, 89.151, 91.484, 1, 95.099, 95.099, 0.025, 0.034, 593.396, 608.919, 593.396, 608.919, 6.232, 7.379, 12.971, , , 1, 5.751, 0, 0, 12.5, 4.823, 190.022, 0, 0, 0, 75, 20.84, 21.007, 96.74, 99.559, 100, 0, 0, 32.028, 32, 100, 4.41, 115.011, 0, 0, 115.994, 95.257, 0, 0, 0, 0, 0, 13.9, 0, 12.5, 0, 4.823, 190.022, 0, 0, 0, 75, 1, 0.021, 0.021, 96.74, 99.559, 100, 0, 0, 141, 32.028, 32, 100, 4.41, 0, 115.011, 0, 0, 115.994, 95.257, 0, 0, 0, 0, 
5.7, 24.497, 100.47, 64.27, 64.92, , 15.011, 0.975, 477.164, 477.164, 1.996, 359.317, 359.317, 359.317, 7.803, 70.835, 36.094, 36.589, 7.379, 12.973, 0, 0, 89.479, 91.821, 89.479, 91.821, 1, 95.838, 95.838, 0.025, 0.034, 636.98, 653.643, 636.98, 653.643, 6.276, 7.379, 12.973, , , 1, 5.801, 0, 0, 12.5, 4.855, 190.097, 0, 0, 0, 75, 20.808, 20.965, 96.539, 99.422, 100, 0, 0, 32.121, 32, 100, 4.411, 115.048, 0, 0, 115.976, 95.882, 0, 0, 0, 0, 0, 13.9, 0, 12.5, 0, 4.855, 190.097, 0, 0, 0, 75, 1, 0.021, 0.021, 96.539, 99.422, 100, 0, 0, 141, 32.121, 32, 100, 4.411, 0, 115.048, 0, 0, 115.976, 95.882, 0, 0, 0, 0, 
5.75, 24.499, 100.47, 64.27, 64.92, , 14.919, 0.975, 484.169, 484.169, 1.979, 357.149, 357.149, 357.149, 7.211, 71.02, 36.075, 36.615, 7.38, 12.984, 0, 0, 89.631, 91.977, 89.631, 91.977, 1, 96.577, 96.577, 0.025, 0.034, 686.59, 704.551, 686.59, 704.551, 6.32, 7.38, 12.984, , , 1, 5.851, 0, 0, 12.5, 4.888, 190.171, 0, 0, 0, 75, 20.776, 20.923, 96.338, 99.284, 100, 0, 0, 32.214, 32, 100, 4.412, 115.086, 0, 0, 115.957, 96.506, 0, 0, 0, 0, 0, 13.9, 0, 12.5, 0, 4.888, 190.171, 0, 0, 0, 75, 1, 0.021, 0.021, 96.338, 99.284, 100, 0, 0, 141, 32.214, 32, 100, 4.412, 0, 115.086, 0, 0, 115.957, 96.506, 0, 0, 0, 0, 
5.8, 24.502, 100.47, 64.27, 64.92, , 14.841, 0.975, 491.128, 491.128, 1.963, 355.319, 355.319, 355.319, 6.635, 71.206, 35.751, 36.291, 7.38, 12.995, 0, 0, 89.844, 92.195, 89.844, 92.195, 1, 97.302, 97.302, 0.025, 0.034, 744.301, 763.77, 744.301, 763.77, 6.363, 7.38, 12.995, , , 1, 5.901, 0, 0, 12.5, 4.921, 190.246, 0, 0, 0, 75, 20.743, 20.881, 96.137, 99.147, 100, 0, 0, 32.307, 32, 100, 4.412, 115.123, 0, 0, 115.939, 97.13, 0, 0, 0, 0, 0, 13.9, 0, 12.5, 0, 4.921, 190.246, 0, 0, 0, 75, 1, 0.021, 0.021, 96.137, 99.147, 100, 0, 0, 141, 32.307, 32, 100, 4.412, 0, 115.123, 0, 0, 115.939, 97.13, 0, 0, 0, 0, 
5.85, 24.504, 100.47, 64.27, 64.92, , 14.752, 0.975, 498.062, 498.062, 1.947, 353.228, 353.228, 353.228, 6.06, 71.391, 35.427, 35.967, 7.38, 13.034, 0, 0, 89.974, 92.328, 89.974, 92.328, 1, 98.034, 98.034, 0.025, 0.034, 810.403, 831.602, 810.403, 831.602, 6.407, 7.38, 13.034, , , 1, 5.951, 0, 0, 12.5, 4.953, 190.32, 0, 0, 0, 75, 20.711, 20.839, 95.936, 99.01, 100, 0, 0, 32.4, 32, 100, 4.413, 115.16, 0, 0, 115.92, 97.754, 0, 0, 0, 0, 0, 13.9, 0, 12.5, 0, 4.953, 190.32, 0, 0, 0, 75, 1, 0.021, 0.021, 95.936, 99.01, 100, 0, 0, 141, 32.4, 32, 100, 4.413, 0, 115.16, 0, 0, 115.92, 97.754, 0, 0, 0, 0, 
5.9, 24.506, 100.47, 64.27, 64.92, , 14.667, 0.975, 505.236, 505.236, 1.931, 351.247, 351.247, 351.247, 5.499, 71.577, 35.103, 35.643, 7.379, 13.075, 0, 0, 90.135, 92.493, 90.135, 92.493, 1, 98.756, 98.756, 0.025, 0.034, 892.664, 916.014, 892.664, 916.014, 6.438, 7.379, 13.075, , , 1, 6.001, 0, 0, 12.5, 4.986, 190.394, 0, 0, 0, 75, 20.678, 20.797, 95.735, 98.872, 100, 0, 0, 32.493, 32, 100, 4.414, 115.197, 0, 0, 115.901, 98.379, 0, 0, 0, 0, 0, 13.9, 0, 12.5, 0, 4.986, 190.394, 0, 0, 0, 75, 1, 0.021, 0.021, 95.735, 98.872, 100, 0, 0, 141, 32.493, 32, 100, 4.414, 0, 115.197, 0, 0, 115.901, 98.379, 0, 0, 0, 0, 
5.95, 24.509, 100.47, 64.27, 64.92, , 14.564, 0.975, 512.356, 512.356, 1.914, 348.835, 348.835, 348.835, 4.942, 71.762, 34.779, 35.319, 7.379, 13.135, 0, 0, 90.17, 92.528, 90.17, 92.528, 1, 99.477, 99.477, 0.025, 0.034, 990.694, 1016.608, 990.694, 1016.608, 6.467, 7.379, 13.135, , , 1, 6.051, 0, 0, 12.5, 5.018, 190.469, 0, 0, 0, 75, 20.646, 20.755, 95.534, 98.735, 100, 0, 0, 32.586, 32, 100, 4.415, 115.234, 0, 0, 115.883, 99.003, 0, 0, 0, 0, 0, 13.9, 0, 12.5, 0, 5.018, 190.469, 0, 0, 0, 75, 1, 0.021, 0.021, 95.534, 98.735, 100, 0, 0, 141, 32.586, 32, 100, 4.415, 0, 115.234, 0, 0, 115.883, 99.003, 0, 0, 0, 0, 
6, 24.511, 100.47, 64.27, 64.92, , 14.476, 0.975, 519.538, 519.538, 1.898, 346.775, 346.775, 346.775, 4.399, 71.948, 34.52, 35.074, 7.378, 13.196, 0, 0, 90.277, 92.639, 90.277, 92.639, 1, 100.188, 100.188, 0.025, 0.033, 1113.424, 1142.548, 1113.424, 1142.548, 6.495, 7.378, 13.196, , , 1, 6.101, 0, 0, 12.5, 5.051, 190.543, 0, 0, 0, 75, 20.614, 20.713, 95.333, 98.598, 100, 0, 0, 32.679, 32, 100, 4.415, 115.272, 0, 0, 115.864, 99.627, 0, 0, 0, 0, 0, 13.9, 0, 12.5, 0, 5.051, 190.543, 0, 0, 0, 75, 1, 0.021, 0.021, 95.333, 98.598, 100, 0, 0, 141, 32.679, 32, 100, 4.415, 0, 115.272, 0, 0, 115.864, 99.627, 0, 0, 0, 0, 
6.05, 24.513, 100.47, 64.27, 64.92, , 14.404, 0.975, 526.835, 526.835, 1.882, 345.087, 345.087, 345.087, 3.857, 72.134, 34.52, 35.146, 7.378, 13.229, 0, 0, 90.479, 92.845, 90.479, 92.845, 1, 100.904, 100.904, 0.025, 0.033, 1276.304, 1309.691, 1276.304, 1309.691, 6.524, 7.378, 13.229, , , 1, 6.151, 0, 0, 12.5, 5.083, 190.618, 0, 0, 0, 75, 20.581, 20.671, 95.133, 98.461, 100, 0, 0, 32.772, 32, 100, 4.416, 115.309, 0, 0, 115.846, 100.251, 0, 0, 0, 0, 0, 13.9, 0, 12.5, 0, 5.083, 190.618, 0, 0, 0, 75, 1, 0.021, 0.021, 95.133, 98.461, 100, 0, 0, 141, 32.772, 32, 100, 4.416, 0, 115.309, 0, 0, 115.846, 100.251, 0, 0, 0, 0, 
6.1, 24.515, 100.47, 64.27, 64.92, , 14.284, 0.975, 534.132, 534.132, 1.866, 342.259, 342.259, 342.259, 3.326, 72.319, 34.52, 35.218, 7.377, 13.258, 0, 0, 90.365, 92.728, 90.365, 92.728, 1, 101.609, 101.609, 0.025, 0.033, 1486.788, 1525.681, 1486.788, 1525.681, 6.542, 7.377, 13.258, , , 1, 6.201, 0, 0, 12.5, 5.116, 190.692, 0, 0, 0, 75, 20.549, 20.629, 94.932, 98.323, 100, 0, 0, 32.865, 32, 100, 4.417, 115.346, 0, 0, 115.827, 100.876, 0, 0, 0, 0, 0, 13.9, 0, 12.5, 0, 5.116, 190.692, 0, 0, 0, 75, 1, 0.021, 0.021, 94.932, 98.323, 100, 0, 0, 141, 32.865, 32, 100, 4.417, 0, 115.346, 0, 0, 115.827, 100.876, 0, 0, 0, 0, 
6.15, 24.518, 100.47, 64.27, 64.92, , 14.181, 0.975, 541.429, 541.429, 1.849, 339.837, 339.837, 339.837, 2.805, 72.505, 34.52, 35.29, 7.377, 13.268, 0, 0, 90.338, 92.701, 90.338, 92.701, 1, 102.305, 102.305, 0.025, 0.033, 1792.832, 1839.73, 1792.832, 1839.73, 6.557, 7.377, 13.268, , , 1, 6.25, 0, 0, 12.5, 5.149, 190.766, 0, 0, 0, 75, 20.517, 20.587, 94.731, 98.186, 100, 0, 0, 32.958, 32, 100, 4.418, 115.383, 0, 0, 115.808, 101.5, 0, 0, 0, 0, 0, 13.9, 0, 12.5, 0, 5.149, 190.766, 0, 0, 0, 75, 1, 0.021, 0.021, 94.731, 98.186, 100, 0, 0, 141, 32.958, 32, 100, 4.418, 0, 115.383, 0, 0, 115.808, 101.5, 0, 0, 0, 0, 
6.2, 24.52, 100.47, 64.27, 64.92, , 14.087, 0.975, 548.876, 548.876, 1.833, 337.651, 337.651, 337.651, 2.286, 72.69, 34.52, 35.362, 7.377, 13.276, 0, 0, 90.374, 92.738, 90.374, 92.738, 1, 103.004, 103.004, 0.025, 0.034, 2273.116, 2332.578, 2273.116, 2332.578, 6.572, 7.377, 13.276, , , 1, 6.301, 0, 0, 12.5, 5.181, 190.841, 0, 0, 0, 75, 20.484, 20.545, 94.53, 98.049, 100, 0, 0, 33.051, 32, 100, 4.418, 115.42, 0, 0, 115.79, 102.124, 0, 0, 0, 0, 0, 13.9, 0, 12.5, 0, 5.181, 190.841, 0, 0, 0, 75, 1, 0.021, 0.021, 94.53, 98.049, 100, 0, 0, 141, 33.051, 32, 100, 4.418, 0, 115.42, 0, 0, 115.79, 102.124, 0, 0, 0, 0, 
6.25, 24.522, 100.47, 64.27, 64.92, , 14.015, 0.975, 556.314, 556.314, 1.817, 335.961, 335.961, 335.961, 1.774, 72.876, 34.57, 35.449, 7.377, 13.271, 0, 0, 90.525, 92.893, 90.525, 92.893, 1, 103.695, 103.695, 0.025, 0.034, 3241.898, 3326.702, 3241.898, 3326.702, 6.586, 7.377, 13.271, , , 1, 6.351, 0, 0, 12.5, 5.214, 190.915, 0, 0, 0, 75, 20.452, 20.503, 94.329, 97.911, 100, 0, 0, 33.144, 32, 100, 4.419, 115.458, 0, 0, 115.771, 102.748, 0, 0, 0, 0, 0, 13.9, 0, 12.5, 0, 5.214, 190.915, 0, 0, 0, 75, 1, 0.021, 0.021, 94.329, 97.911, 100, 0, 0, 141, 33.144, 32, 100, 4.419, 0, 115.458, 0, 0, 115.771, 102.748, 0, 0, 0, 0, 
6.3, 24.525, 100.47, 64.27, 64.92, , 13.923, 0.975, 563.79, 563.79, 1.801, 333.797, 333.797, 333.797, 1.269, 73.061, 34.822, 35.593, 7.377, 13.264, 0, 0, 90.538, 92.906, 90.538, 92.906, 1, 104.385, 104.385, 0.025, 0.034, 5521.193, 5665.619, 5521.193, 5665.619, 6.634, 7.377, 13.264, , , 1, 6.401, 0, 0, 12.5, 5.246, 190.99, 0, 0, 0, 75, 20.42, 20.461, 94.128, 97.774, 100, 0, 0, 33.237, 32, 100, 4.42, 115.495, 0, 0, 115.753, 103.373, 0, 0, 0, 0, 0, 13.9, 0, 12.5, 0, 5.246, 190.99, 0, 0, 0, 75, 1, 0.021, 0.021, 94.128, 97.774, 100, 0, 0, 141, 33.237, 32, 100, 4.42, 0, 115.495, 0, 0, 115.753, 103.373, 0, 0, 0, 0, 
6.35, 24.527, 100.47, 64.27, 64.92, , 13.868, 0.975, 571.452, 571.452, 1.784, 332.528, 332.528, 332.528, 1.76, 73.247, 35.074, 35.737, 7.377, 13.253, 0, 0, 90.791, 93.166, 90.791, 93.166, 1, 105.067, 105.067, 0.025, 0.034, 5826.668, 5979.084, 5826.668, 5979.084, 6.716, 7.377, 13.253, , , 1, 6.451, 0, 0, 12.5, 5.3, 191.189, 0, 0, 0, 75, 20.346, 20.379, 93.93, 97.547, 100, 0, 0, 33.391, 32, 100, 4.418, 115.5, 0, 0, 115.703, 104.339, 0, 0, 0, 0, 0, 13.9, 0, 12.5, 0, 5.3, 191.189, 0, 0, 0, 75, 1, 0.02, 0.02, 93.93, 97.547, 100, 0, 0, 141, 33.391, 32, 100, 4.418, 0, 115.5, 0, 0, 115.703, 104.339, 0, 0, 0, 0, 
6.4, 24.529, 100.47, 64.27, 64.92, , 13.809, 0.975, 580.135, 580.135, 1.768, 331.147, 331.147, 331.147, 4.306, 73.433, 35.326, 35.881, 7.378, 13.241, 0, 0, 91.08, 93.463, 91.08, 93.463, 1, 105.755, 105.755, 0.025, 0.034, 5087.1, 5220.17, 5087.1, 5220.17, 6.798, 7.378, 13.241, , , 1, 6.501, 0, 0, 12.5, 5.357, 191.408, 0, 0, 0, 75, 20.266, 20.29, 93.733, 97.304, 100, 0, 0, 33.556, 32, 100, 4.416, 115.5, 0, 0, 115.648, 105.361, 0, 0, 0, 0, 0, 13.9, 0, 12.5, 0, 5.357, 191.408, 0, 0, 0, 75, 1, 0.02, 0.02, 93.733, 97.304, 100, 0, 0, 141, 33.556, 32, 100, 4.416, 0, 115.5, 0, 0, 115.648, 105.361, 0, 0, 0, 0, 
6.45, 24.531, 100.47, 64.27, 64.92, , 13.726, 0.975, 589.043, 589.043, 1.752, 329.216, 329.216, 329.216, 10.173, 73.618, 35.578, 36.025, 7.379, 13.272, 0, 0, 91.221, 93.608, 91.221, 93.608, 1, 106.635, 106.635, 0.025, 0.034, 4182.792, 4292.207, 4182.792, 4292.207, 6.879, 7.379, 13.272, , , 1, 6.551, 0, 0, 12.5, 5.414, 191.627, 0, 0, 0, 75, 20.186, 20.201, 93.536, 97.062, 100, 0, 0, 33.72, 32, 100, 4.414, 115.5, 0, 0, 115.593, 106.383, 0, 0, 0, 0, 0, 13.9, 0, 12.5, 0, 5.414, 191.627, 0, 0, 0, 75, 1, 0.02, 0.02, 93.536, 97.062, 100, 0, 0, 141, 33.72, 32, 100, 4.414, 0, 115.5, 0, 0, 115.593, 106.383, 0, 0, 0, 0, 
6.5, 24.534, 100.47, 64.27, 64.92, , 13.655, 0.975, 596.705, 596.705, 1.736, 327.558, 327.558, 327.558, 12.526, 73.804, 35.751, 36.126, 7.381, 13.314, 0, 0, 91.343, 93.733, 91.343, 93.733, 1, 107.311, 107.311, 0.025, 0.034, 3632.002, 3727.01, 3632.002, 3727.01, 6.956, 7.381, 13.314, , , 1, 6.601, 0, 0, 12.5, 5.471, 191.846, 0, 0, 0, 75, 20.106, 20.112, 93.338, 96.82, 100, 0, 0, 33.885, 32, 100, 4.412, 115.5, 0, 0, 115.538, 107.405, 0, 0, 0, 0, 0, 13.9, 0, 12.5, 0, 5.471, 191.846, 0, 0, 0, 75, 1, 0.02, 0.02, 93.338, 96.82, 100, 0, 0, 141, 33.885, 32, 100, 4.412, 0, 115.5, 0, 0, 115.538, 107.405, 0, 0, 0, 0, 
6.55, 24.536, 100.47, 64.27, 64.92, , 13.615, 0.975, 604.453, 604.453, 1.929, 326.636, 326.636, 326.636, 16.462, 71.062, 35.607, 36.054, 7.382, 13.398, 0, 0, 91.646, 94.045, 91.646, 94.045, 1, 107.974, 107.974, 0.025, 0.034, 907.387, 931.123, 907.387, 931.123, 7.023, 7.382, 13.398, , , 1, 6.65, 0, 0, 12.5, 5.521, 191.88, 0, 0, 0, 75, 19.972, 19.986, 93.2, 96.583, 100, 0, 0, 34.06, 32.06, 100, 4.41, 115.08, 0, 0, 115.11, 108.307, 0, 0, 0, 0, 0, 13.9, 0, 12.5, 0, 5.521, 191.88, 0, 0, 0, 75, 1, 0.02, 0.02, 93.2, 96.583, 100, 0, 0, 141, 34.06, 32.06, 100, 4.41, 0, 115.08, 0, 0, 115.11, 108.307, 0, 0, 0, 0, 
6.6, 24.538, 100.47, 64.27, 64.92, , 13.535, 0.975, 612.392, 612.392, 2.568, 324.744, 324.744, 324.744, 21.853, 62.099, 35.463, 35.982, 7.384, 13.496, 0, 0, 91.685, 94.085, 91.685, 94.085, 1, 108.654, 108.654, 0.025, 0.034, 210.003, 215.498, 210.003, 215.498, 7.09, 7.384, 13.496, , , 1, 6.701, 0, 0, 12.5, 5.556, 191.48, 0, 0, 0, 75, 19.712, 19.774, 93.2, 96.36, 100, 0, 0, 34.26, 32.26, 100, 4.41, 113.68, 0, 0, 113.81, 108.929, 0, 0, 0, 0, 0, 13.9, 0, 12.5, 0, 5.556, 191.48, 0, 0, 0, 75, 1, 0.02, 0.02, 93.2, 96.36, 100, 0, 0, 141, 34.26, 32.26, 100, 4.41, 0, 113.68, 0, 0, 113.81, 108.929, 0, 0, 0, 0, 
6.65, 24.54, 100.47, 64.27, 64.92, , 13.461, 0.975, 620.176, 620.176, 3.207, 323.02, 323.02, 323.02, 27.165, 53.136, 35.319, 35.91, 7.384, 13.619, 0, 0, 91.752, 94.154, 91.752, 94.154, 1, 109.317, 109.317, 0.025, 0.034, 155.505, 159.572, 155.505, 159.572, 7.156, 7.384, 13.619, , , 1, 6.751, 0, 0, 12.5, 5.591, 191.08, 0, 0, 0, 75, 19.452, 19.562, 93.2, 96.137, 100, 0, 0, 34.46, 32.46, 100, 4.41, 112.28, 0, 0, 112.51, 109.551, 0, 0, 0, 0, 0, 13.9, 0, 12.5, 0, 5.591, 191.08, 0, 0, 0, 75, 1, 0.02, 0.02, 93.2, 96.137, 100, 0, 0, 141, 34.46, 32.46, 100, 4.41, 0, 112.28, 0, 0, 112.51, 109.551, 0, 0, 0, 0, 
6.7, 24.543, 100.47, 64.27, 64.92, , 13.413, 0.975, 628.115, 628.115, , 321.921, 321.921, 321.921, , , 35.175, 35.838, 7.384, 13.752, 0, 0, 91.993, 94.401, 91.993, 94.401, 1, 109.978, 109.978, 0.025, 0.034, , , , , 7.222, 7.384, 13.752, , , 1, 6.8, 0, 0, 12.5, 5.625, 190.68, 0, 0, 0, 75, 19.192, 19.35, 93.2, 95.914, 100, 0, 0, 34.66, 32.66, 100, 4.41, 110.88, 0, 0, 111.21, 110.173, 0, 0, 0, 0, 0, 13.9, 0, 12.5, 0, 5.625, 190.68, 0, 0, 0, 75, 1, 0.019, 0.019, 93.2, 95.914, 100, 0, 0, 141, 34.66, 32.66, 100, 4.41, 0, 110.88, 0, 0, 111.21, 110.173, 0, 0, 0, 0, 
6.75, 24.545, 100.47, 64.27, 64.92, , 13.351, 0.975, 636.087, 636.087, , 320.467, 320.467, 320.467, , , 35.067, 35.758, 7.383, 13.874, 0, 0, 92.127, 94.539, 92.127, 94.539, 1, 110.644, 110.644, 0.025, 0.034, , , , , 7.249, 7.383, 13.874, , , 1, 6.851, 0, 0, 12.5, 5.66, 190.28, 0, 0, 0, 75, 18.932, 19.138, 93.2, 95.692, 100, 0, 0, 34.86, 32.86, 100, 4.41, 109.48, 0, 0, 109.91, 110.795, 0, 0, 0, 0, 0, 13.9, 0, 12.5, 0, 5.66, 190.28, 0, 0, 0, 75, 1, 0.019, 0.019, 93.2, 95.692, 100, 0, 0, 141, 34.86, 32.86, 100, 4.41, 0, 109.48, 0, 0, 109.91, 110.795, 0, 0, 0, 0, 
6.8, 24.547, 100.47, 64.27, 64.92, , 13.293, 0.975, 644.139, 644.139, , 319.123, 319.123, 319.123, , , 35.103, 35.65, 7.382, 13.992, 0, 0, 92.29, 94.706, 92.29, 94.706, 1, 111.291, 111.291, 0.025, 0.033, , , , , 7.276, 7.382, 13.992, , , 1, 6.901, 0, 0, 12.5, 5.692, 190, 0, 0, 0, 75, 18.713, 18.953, 93.2, 95.463, 100, 0, 0, 35.012, 33.012, 100, 4.41, 108.34, 0, 0, 108.84, 111.428, 0, 0, 0, 0, 0, 13.9, 0, 12.5, 0, 5.692, 190, 0, 0, 0, 75, 1, 0.019, 0.019, 93.2, 95.463, 100, 0, 0, 141, 35.012, 33.012, 100, 4.41, 0, 108.34, 0, 0, 108.84, 111.428, 0, 0, 0, 0, 
6.85, 24.55, 100.47, 64.27, 64.92, , 13.234, 0.975, 652.191, 652.191, , 317.75, 317.75, 317.75, , , 35.139, 35.542, 7.38, 14.099, 0, 0, 92.432, 94.851, 92.432, 94.851, 1, 111.945, 111.945, 0.025, 0.033, , , , , 7.303, 7.38, 14.099, , , 1, 6.95, 0, 0, 12.5, 5.718, 190, 0, 0, 0, 75, 18.59, 18.828, 93.2, 95.221, 100, 0, 0, 35.053, 33.053, 100, 4.41, 107.807, 0, 0, 108.307, 112.09, 0, 0, 0, 0, 0, 13.9, 0, 12.5, 0, 5.718, 190, 0, 0, 0, 75, 1, 0.019, 0.019, 93.2, 95.221, 100, 0, 0, 141, 35.053, 33.053, 100, 4.41, 0, 107.807, 0, 0, 108.307, 112.09, 0, 0, 0, 0, 
6.9, , 100.47, 64.27, , , 13.176, 0.975, 660.305, 660.305, , 316.396, 316.396, 316.396, , , 35.175, 35.434, 7.379, 14.201, 0, 0, 92.574, 94.997, 92.574, 94.997, 1, 112.601, 112.601, 0.025, 0.033, , , , , 7.331, 7.379, 14.201, , , 1, 7, 0, 0, 12.5, 5.745, 190, 0, 0, 0, 75, 18.467, 18.703, 93.2, 94.979, 100, 0, 0, 35.094, 33.094, 100, 4.41, 107.275, 0, 0, 107.775, 112.751, 0, 0, 0, 0, 0, 13.9, 0, 12.5, 0, 5.745, 190, 0, 0, 0, 75, 1, 0.019, 0.019, 93.2, 94.979, 100, 0, 0, 141, 35.094, 33.094, 100, 4.41, 0, 107.275, 0, 0, 107.775, 112.751, 0, 0, 0, 0, 
6.95, , 100.47, 64.27, , , 13.103, 0.975, 668.478, 668.478, , 314.674, 314.674, 314.674, , , 35.211, 35.326, 7.378, 14.327, 0, 0, 92.6, 95.024, 92.6, 95.024, 1, 113.248, 113.248, 0.025, 0.033, , , , , 7.361, 7.378, 14.327, , , 1, 7.051, 0, 0, 12.5, 5.771, 190, 0, 0, 0, 75, 18.344, 18.579, 93.2, 94.737, 100, 0, 0, 35.135, 33.135, 100, 4.41, 106.742, 0, 0, 107.242, 113.413, 0, 0, 0, 0, 0, 13.9, 0, 12.5, 0, 5.771, 190, 0, 0, 0, 75, 1, 0.018, 0.018, 93.2, 94.737, 100, 0, 0, 141, 35.135, 33.135, 100, 4.41, 0, 106.742, 0, 0, 107.242, 113.413, 0, 0, 0, 0, 
7, , 100.47, 64.27, , , 13.019, 0.975, 676.667, 676.667, , 312.725, 312.725, 312.725, , , 35.218, 35.24, 7.377, 14.466, 0, 0, 92.549, 94.971, 92.549, 94.971, 1, 113.89, 113.89, 0.025, 0.033, , , , , 7.392, 7.377, 14.466, , , 1, 7.101, 0, 0, 12.5, 5.797, 190, 0, 0, 0, 75, 18.221, 18.454, 93.2, 94.495, 100, 0, 0, 35.176, 33.176, 100, 4.41, 106.209, 0, 0, 106.709, 114.074, 0, 0, 0, 0, 0, 13.9, 0, 12.5, 0, 5.797, 190, 0, 0, 0, 75, 1, 0.018, 0.018, 93.2, 94.495, 100, 0, 0, 141, 35.176, 33.176, 100, 4.41, 0, 106.209, 0, 0, 106.709, 114.074, 0, 0, 0, 0, 
7.05, , 100.47, 64.27, , , 12.918, 0.975, 684.989, 684.989, , 310.34, 310.34, 310.34, , , 35.11, 35.24, 7.377, 14.664, 0, 0, 92.363, 94.78, 92.363, 94.78, 1, 114.536, 114.536, 0.025, 0.033, , , , , 7.422, 7.377, 14.664, , , 1, 7.151, 0, 0, 12.5, 5.824, 190, 0, 0, 0, 75, 18.098, 18.33, 93.2, 94.254, 100, 0, 0, 35.217, 33.217, 100, 4.41, 105.676, 0, 0, 106.176, 114.736, 0, 0, 0, 0, 0, 13.9, 0, 12.5, 0, 5.824, 190, 0, 0, 0, 75, 1, 0.018, 0.018, 93.2, 94.254, 100, 0, 0, 141, 35.217, 33.217, 100, 4.41, 0, 105.676, 0, 0, 106.176, 114.736, 0, 0, 0, 0, 
7.1, , 100.47, 64.27, , , 12.319, 0.975, 693.328, 693.328, , 296.157, 296.157, 296.157, , , 35.002, 35.24, 7.377, 14.893, 0, 0, 88.581, 90.898, 88.581, 90.898, 1, 115.169, 115.169, 0.025, 0.033, , , , , 7.453, 7.377, 14.893, , , 1, 7.201, 0, 0, 12.5, 5.85, 190, 0, 0, 0, 75, 17.975, 18.205, 93.2, 94.012, 100, 0, 0, 35.258, 33.258, 100, 4.41, 105.143, 0, 0, 105.643, 115.397, 0, 0, 0, 0, 0, 13.9, 0, 12.5, 0, 5.85, 190, 0, 0, 0, 75, 1, 0.018, 0.018, 93.2, 94.012, 100, 0, 0, 141, 35.258, 33.258, 100, 4.41, 0, 105.143, 0, 0, 105.643, 115.397, 0, 0, 0, 0, 
7.15, , 100.47, 64.27, , , 10.427, 0.975, 701.668, 701.668, , 251.288, 251.288, 251.288, , , 34.894, 35.24, 7.377, 15.185, 0, 0, 75.431, 77.405, 75.431, 77.405, 1, 115.732, 115.732, 0.025, 0.033, , , , , 7.476, 7.377, 15.185, , , 1, 7.25, 0, 0, 12.5, 5.876, 190, 0, 0, 0, 75, 17.852, 18.08, 93.2, 93.77, 100, 0, 0, 35.299, 33.299, 100, 4.41, 104.611, 0, 0, 105.111, 116.059, 0, 0, 0, 0, 0, 13.9, 0, 12.5, 0, 5.876, 190, 0, 0, 0, 75, 1, 0.018, 0.018, 93.2, 93.77, 100, 0, 0, 141, 35.299, 33.299, 100, 4.41, 0, 104.611, 0, 0, 105.111, 116.059, 0, 0, 0, 0, 
7.2, , 100.47, 64.27, , , 8.465, 0.975, 710.007, 710.007, , 204.77, 204.77, 204.77, , , 34.786, 35.24, 7.377, 15.513, 0, 0, 61.679, 63.293, 61.679, 63.293, 1, 116.194, 116.194, 0.025, 0.033, , , , , 7.497, 7.377, 15.513, , , 1, 7.3, 0, 0, 12.5, 5.903, 190, 0, 0, 0, 75, 17.73, 17.956, 93.2, 93.528, 100, 0, 0, 35.34, 33.34, 100, 4.41, 104.078, 0, 0, 104.578, 116.72, 0, 0, 0, 0, 0, 13.9, 0, 12.5, 0, 5.903, 190, 0, 0, 0, 75, 1, 0.018, 0.018, 93.2, 93.528, 100, 0, 0, 141, 35.34, 33.34, 100, 4.41, 0, 104.078, 0, 0, 104.578, 116.72, 0, 0, 0, 0, 
7.25, , 100.47, 64.27, , , 6.542, 0.975, 718.488, 718.488, , 159.16, 159.16, 159.16, , , 34.736, 35.298, 7.377, 16.013, 0, 0, 48.105, 49.365, 48.105, 49.365, 1, 116.569, 116.569, 0.025, 0.033, , , , , 7.519, 7.377, 16.013, , , 1, 7.351, 0, 0, 12.5, 5.929, 190, 0, 0, 0, 75, 17.607, 17.831, 93.2, 93.286, 100, 0, 0, 35.381, 33.381, 100, 4.41, 103.545, 0, 0, 104.045, 117.382, 0, 0, 0, 0, 0, 13.9, 0, 12.5, 0, 5.929, 190, 0, 0, 0, 75, 1, 0.017, 0.017, 93.2, 93.286, 100, 0, 0, 141, 35.381, 33.381, 100, 4.41, 0, 103.545, 0, 0, 104.045, 117.382, 0, 0, 0, 0, 
7.3, , 100.47, 64.27, , , 4.689, 0.975, 726.963, 726.963, , 115.219, 115.219, 115.219, , , 34.916, 35.586, 7.377, 16.617, 0, 0, 34.943, 35.857, 34.943, 35.857, 1, 116.849, 116.849, 0.025, 0.033, , , , , 7.541, 7.377, 16.617, , , 1, 7.401, 0, 0, 12.5, 5.955, 190, 0, 0, 0, 75, 17.484, 17.707, 93.2, 93.044, 100, 0, 0, 35.422, 33.422, 100, 4.41, 103.012, 0, 0, 103.512, 118.043, 0, 0, 0, 0, 0, 13.9, 0, 12.5, 0, 5.955, 190, 0, 0, 0, 75, 1, 0.017, 0.017, 93.2, 93.044, 100, 0, 0, 141, 35.422, 33.422, 100, 4.41, 0, 103.012, 0, 0, 103.512, 118.043, 0, 0, 0, 0, 
7.35, , 100.47, 64.27, , , 3.358, 0.975, 735.525, 735.525, , 83.646, 83.646, 83.646, , , 35.096, 35.874, 7.377, 17.334, 0, 0, 25.441, 26.107, 25.441, 26.107, 1, 117.043, 117.043, 0.025, 0.033, , , , , 7.575, 7.377, 17.334, , , 1, 7.45, 0, 0, 12.5, 5.982, 190, 0, 0, 0, 75, 17.361, 17.582, 93.2, 92.803, 100, 0, 0, 35.463, 33.463, 100, 4.41, 102.48, 0, 0, 102.98, 118.705, 0, 0, 0, 0, 0, 13.9, 0, 12.5, 0, 5.982, 190, 0, 0, 0, 75, 1, 0.017, 0.017, 93.2, 92.803, 100, 0, 0, 141, 35.463, 33.463, 100, 4.41, 0, 102.48, 0, 0, 102.98, 118.705, 0, 0, 0, 0, 
7.4, , 100.47, 64.27, , , 3.232, 0.975, 744.087, 744.087, , 80.665, 80.665, 80.665, , , 35.276, 36.162, 7.377, 18.127, 0, 0, 24.569, 25.211, 24.569, 25.211, 1, 117.204, 117.204, 0.025, 0.033, , , , , 7.62, 7.377, 18.127, , , 1, 7.501, 0, 0.001, 12.5, 6.008, 190, 0, 0, 0, 74.948, 16.919, 17.293, 93.125, 91.866, 100, 0, 0, 35.505, 33.526, 99.083, 4.373, 101.876, 0, 0, 102.407, 119.281, 0, 0, 0, 0, 0, 13.901, 0.001, 12.5, 0, 6.008, 190, 0, 0, 0, 74.948, 1, 0.017, 0.017, 93.125, 91.866, 100, 0, 0, 141, 35.505, 33.526, 99.083, 4.373, 0, 101.876, 0, 0, 102.407, 119.281, 0, 0, 0, 0, 
7.45, , 100.47, 64.27, , , 2.729, 0.975, 752.704, 752.704, , 68.731, 68.731, 68.731, , , 35.456, 36.45, 7.377, 18.999, 0, 0, 20.951, 21.498, 20.951, 21.498, 1, 117.358, 117.358, 0.025, 0.033, , , , , 7.664, 7.377, 18.999, , , 1, 7.551, 0, 0.006, 12.5, 6.033, 190, 0, 0, 0, 74.429, 13.607, 15.522, 92.378, 84.679, 100, 0, 0, 35.557, 33.785, 89.917, 4.003, 100.631, 0, 0, 101.473, 119.088, 0, 0, 0, 0, 0, 13.911, 0.006, 12.5, 0, 6.033, 190, 0, 0, 0, 74.429, 1, 0.013, 0.015, 92.378, 84.679, 100, 0, 0, 141, 35.557, 33.785, 89.917, 4.003, 0, 100.631, 0, 0, 101.473, 119.088, 0, 0, 0, 0, 
7.5, , 100.47, 64.27, , , 1.56, 0.975, 761.211, 761.211, , 41.016, 41.016, 41.016, , , 35.593, 36.601, 7.378, 19.928, 0, 0, 12.507, 12.832, 12.507, 12.832, 1, 117.469, 117.469, 0.025, 0.033, , , , , 7.709, 7.378, 19.928, , , 1, 7.6, 0, 0.011, 12.5, 6.058, 190, 0, 0, 0, 73.911, 10.294, 13.751, 91.632, 77.491, 100, 0, 0, 35.609, 34.045, 80.75, 3.632, 99.386, 0, 0, 100.539, 118.895, 0, 0, 0, 0, 0, 13.922, 0.011, 12.5, 0, 6.058, 190, 0, 0, 0, 73.911, 1, 0.01, 0.014, 91.632, 77.491, 100, 0, 0, 141, 35.609, 34.045, 80.75, 3.632, 0, 99.386, 0, 0, 100.539, 118.895, 0, 0, 0, 0, 
7.55, , 100.47, 64.27, , , -1.126, 0.975, 769.859, 769.859, , -22.717, -22.717, -22.717, , , 35.557, 36.209, 7.378, 20.7, 0, 0, -6.911, -7.094, -6.911, -7.094, 1, 117.48, 117.48, 0.025, 0.033, , , , , 7.745, 7.378, 20.7, , , 1, 7.65, 0, 0.016, 12.5, 6.083, 190, 0, 0, 0, 73.392, 6.982, 11.981, 90.885, 70.304, 100, 0, 0, 35.661, 34.304, 71.583, 3.262, 98.141, 0, 0, 99.606, 118.702, 0, 0, 0, 0, 0, 13.932, 0.016, 12.5, 0, 6.083, 190, 0, 0, 0, 73.392, 1, 0.007, 0.012, 90.885, 70.304, 100, 0, 0, 141, 35.661, 34.304, 71.583, 3.262, 0, 98.141, 0, 0, 99.606, 118.702, 0, 0, 0, 0, 
7.6, , 100.47, 64.27, , , -3.342, 0.975, 778.507, 778.507, , -75.291, -75.291, -75.291, , , 35.521, 35.816, 7.379, 21.339, 0, 0, -22.9, -23.501, -22.9, -23.501, 1, 117.367, 117.367, 0.025, 0.033, , , , , 7.766, 7.379, 21.339, , , 1, 7.701, 0, 0.021, 12.5, 6.108, 190, 0, 0, 0, 72.873, 3.67, 10.21, 90.138, 63.116, 100, 0, 0, 35.713, 34.563, 62.417, 2.892, 96.896, 0, 0, 98.672, 118.509, 0, 0, 0, 0, 0, 13.943, 0.021, 12.5, 0, 6.108, 190, 0, 0, 0, 72.873, 1, 0.004, 0.01, 90.138, 63.116, 100, 0, 0, 141, 35.713, 34.563, 62.417, 2.892, 0, 96.896, 0, 0, 98.672, 118.509, 0, 0, 0, 0, 
7.65, , 100.47, 64.27, , , -5.042, 0.975, 786.982, 786.982, , -115.642, -115.642, -115.642, , , 35.486, 35.423, 7.379, 21.814, 0, 0, -35.154, -36.076, -35.154, -36.076, 1, 117.154, 117.154, 0.025, 0.033, , , , , 7.786, 7.379, 21.814, , , 1, 7.751, 0, 0.026, 12.5, 6.124, 190, 0, 0, 0, 72.354, 1.36, 8.542, 89.6, 56.067, 100, 0, 0, 35.706, 34.765, 53.25, 2.52, 96.264, 0, 0, 98.322, 118.316, 0, 0, 0, 0, 0, 13.953, 0.026, 12.5, 0, 6.124, 190, 0, 0, 0, 72.354, 1, 0.002, 0.009, 89.6, 56.059, 100, 0, 0, 141, 35.706, 34.765, 53.25, 2.52, 0, 96.264, 0, 0, 98.322, 118.316, 0, 0, 0, 0, 
7.7, , 100.47, 64.27, , , -6.278, 0.975, 795.63, 795.63, , -144.959, -144.959, -144.959, , , 35.45, 35.03, 7.38, 22.139, 0, 0, -44.018, -45.171, -44.018, -45.171, 1, 116.864, 116.864, 0.025, 0.033, , , , , 7.807, 7.38, 22.139, , , 1, 7.801, 0, 0.032, 12.5, 6.118, 190, 0, 0, 0, 71.831, 1.629, 7.137, 89.6, 49.341, 100, 0, 0, 35.549, 34.817, 44.083, 2.147, 97.205, 0, 0, 99.473, 118.121, 0, 0, 0, 0, 0, 13.964, 0.032, 12.5, 0, 6.118, 190, 0, 0, 0, 71.831, 1, 0.002, 0.007, 89.6, 49.305, 100, 0, 0, 141, 35.549, 34.817, 44.083, 2.147, 0, 97.205, 0, 0, 99.473, 118.121, 0, 0, 0, 0, 
7.75, , , , , , -6.901, , 803.759, 803.759, , -159.749, -159.749, -159.749, , , , , 7.38, 22.324, 0, 0, -48.454, -49.724, -48.454, -49.724, 1, 116.59, 116.59, 0.025, 0.033, , , , , 7.825, 7.38, 22.324, , , 1, 7.826, 0, 0.037, 12.5, 6.111, 190, 0, 0, 0, 71.308, 1.898, 5.732, 89.6, 42.615, 100, 0, 0, 35.392, 34.869, 34.917, 1.774, 98.146, 0, 0, 100.623, 117.926, 0, 0, 0, 0, 0, 13.974, 0.037, 12.5, 0, 6.111, 190, 0, 0, 0, 71.308, 1, 0.002, 0.006, 89.6, 42.55, 100, 0, 0, 141, 35.392, 34.869, 34.917, 1.774, 0, 98.146, 0, 0, 100.623, 117.926, 0, 0, 0, 0, 
7.8, , , , , , -6.115, , 808.077, 808.077, , -141.111, -141.111, -141.111, , , , , 7.38, 22.367, 0, 0, -42.713, -43.832, -42.713, -43.832, 1, 116.412, 116.412, 0.025, 0.033, , , , , 7.82, 7.38, 22.367, , , 1, 7.852, 0, 0.042, 12.5, 6.105, 190, 0, 0, 0, 70.785, 2.167, 4.327, 89.6, 35.889, 100, 0, 0, 35.235, 34.922, 25.75, 1.4, 99.088, 0, 0, 101.774, 117.732, 0, 0, 0, 0, 0, 13.984, 0.042, 12.5, 0, 6.105, 190, 0, 0, 0, 70.785, 1, 0.003, 0.004, 89.6, 35.796, 100, 0, 0, 141, 35.235, 34.922, 25.75, 1.4, 0, 99.088, 0, 0, 101.774, 117.732, 0, 0, 0, 0, 
7.85, , , , , , -5.703, , 812.321, 812.321, , -131.346, -131.346, -131.346, , , , , 7.38, 22.39, 0, 0, -39.696, -40.738, -39.696, -40.738, 1, 116.262, 116.262, 0.025, 0.033, , , , , 7.816, 7.38, 22.39, , , 1, 7.877, 0, 0.047, 12.5, 6.098, 190, 0, 0, 0, 70.262, 2.436, 2.922, 89.6, 29.163, 100, 0, 0, 35.078, 34.974, 16.583, 1.027, 100.029, 0, 0, 102.925, 117.537, 0, 0, 0, 0, 0, 13.995, 0.047, 12.5, 0, 6.098, 190, 0, 0, 0, 70.262, 1, 0.003, 0.003, 89.6, 29.042, 100, 0, 0, 141, 35.078, 34.974, 16.583, 1.027, 0, 100.029, 0, 0, 102.925, 117.537, 0, 0, 0, 0, 
7.9, , , , , , -5.701, , 816.583, 816.583, , -131.3, -131.3, -131.3, , , , , 7.38, 22.39, 0, 0, -39.634, -40.674, -39.634, -40.674, 1, 116.12, 116.12, 0.025, 0.033, , , , , 7.811, 7.38, 22.39, , , 1, 7.901, , , , , , , , , , , , , , , , , , , , , , , , , , , , , , , , , , , , , , , , , , , , , , , , , , , , , , , , , , , , , , , , 
7.95, , , , , , , , 820.836, 820.836, , , , , , , , , , , 0, 0, , , , , 1, , , , , , , , , , , , , , , , , , , , , , , , , , , , , , , , , , , , , , , , , , , , , , , , , , , , , , , , , , , , , , , , , , , , , , , , , , , , , , , 
