Time, (DWRT ATMO) Humidity, (DWRT ATMO) Pressure, (DWRT ATMO) Temperature 1, (DWRT ATMO) Temperature 2, (DWRT CPU) ????????????????????????????????????????????????????????????????, (DWRT CPU) Acceleration, (DWRT CPU) Correction Factor, (DWRT CPU) Distance, (DWRT CPU) Distance 1, (DWRT CPU) Engine RPM, (DWRT CPU) Force, (DWRT CPU) Force 1, (DWRT CPU) Force Drum 1, (DWRT CPU) Gear Ratio, (DWRT CPU) Inductive 1 Signal Strength, (DWRT CPU) Internal Temp 1, (DWRT CPU) Internal Temp 2, (DWRT CPU) LC1 Volts Petrol AFR, (DWRT CPU) LC2 Volts Petrol AFR2, (DWRT CPU) Link 0 Status, (DWRT CPU) Link 1 Status, (DWRT CPU) Power, (DWRT CPU) Power (uncorrected), (DWRT CPU) Power Drum 1, (DWRT CPU) Power Drum 1 (uncorrected), (DWRT CPU) Sampling, (DWRT CPU) Speed, (DWRT CPU) Speed 1, (DWRT CPU) TCP RX kB/s, (DWRT CPU) TCP TX kB/s, (DWRT CPU) Torque, (DWRT CPU) Torque (uncorrected), (DWRT CPU) Torque Drum 1, (DWRT CPU) Torque Drum 1 (uncorrected), (DWRT CPU) UDP RX kB/s, (DWRT CPU) User Analog 1, (DWRT CPU) User Analog 2, (DWRT CPU) User Analog 3, (DWRT CPU) User Analog 4, (Gen) Sampling, (Gen) Sampling Duration, (Harley - ECU Type 14 SW Level 141) Accel Enrichment, (Harley - ECU Type 14 SW Level 141) Decel Enleanment, (Harley - ECU Type 14 SW Level 141) Desired Air/Fuel, (Harley - ECU Type 14 SW Level 141) Engine Speed, (Harley - ECU Type 14 SW Level 141) Engine Temperature, (Harley - ECU Type 14 SW Level 141) Front Adaptive Fuel Factor, (Harley - ECU Type 14 SW Level 141) Front Closed Loop Integrator, (Harley - ECU Type 14 SW Level 141) Front Spark Knock Retard, (Harley - ECU Type 14 SW Level 141) Idle Air Control Motor Position, (Harley - ECU Type 14 SW Level 141) Injector Time Front, (Harley - ECU Type 14 SW Level 141) Injector Time Rear, (Harley - ECU Type 14 SW Level 141) Intake Air Temperature, (Harley - ECU Type 14 SW Level 141) Manifold Absolute Pressure, (Harley - ECU Type 14 SW Level 141) Rear Adaptive Fuel Factor, (Harley - ECU Type 14 SW Level 141) Rear Closed Loop Integrator, (Harley - ECU Type 14 SW Level 141) Rear Spark Knock Retard, (Harley - ECU Type 14 SW Level 141) Spark Advance Front, (Harley - ECU Type 14 SW Level 141) Spark Advance Rear, (Harley - ECU Type 14 SW Level 141) Throttle Position, (Harley - ECU Type 14 SW Level 141) Throttle Position Sensor Voltage, (Harley - ECU Type 14 SW Level 141) VE Front, (Harley - ECU Type 14 SW Level 141) VE New Front, (Harley - ECU Type 14 SW Level 141) VE New Rear, (Harley - ECU Type 14 SW Level 141) VE Rear, (Harley - ECU Type 14 SW Level 141) Vehicle Speed, (Harley - ECU Type 14 SW Level 141) WBO2 AFR Front, (Harley - ECU Type 14 SW Level 141) WBO2 AFR Rear, (PV) Accel Enrichment, (PV) AT Lambda 1, (PV) AT Lambda 2, (PV) Battery Voltage, (PV) Decel Enleanment, (PV) Desired Air/Fuel, (PV) Desired Lambda, (PV) Engine Speed, (PV) Engine Temperature, (PV) Front Adaptive Fuel Factor, (PV) Front Closed Loop Integrator, (PV) Front Spark Knock Retard, (PV) Idle Air Control Motor Position, (PV) Idle Set Speed, (PV) Injector Time Front, (PV) Injector Time Rear, (PV) Intake Air Temperature, (PV) Manifold Absolute Pressure, (PV) Rear Adaptive Fuel Factor, (PV) Rear Closed Loop Integrator, (PV) Rear Spark Knock Retard, (PV) Software Level, (PV) Spark Advance Front, (PV) Spark Advance Rear, (PV) Throttle Position, (PV) Throttle Position Sensor, (PV) Twistgrip Position, (PV) VE Front, (PV) VE New Front, (PV) VE New Rear, (PV) VE Rear, (PV) Vehicle Speed, (PV) Warm-up Fuel AFR (Lambda), (PV) Warm-up Fuel AFR (Ratio), (PV) WBO2 AFR Front, (PV) WBO2 AFR Rear, 
0, , , , , , , , , , , , , , , 89.49, , , , , , , , , , , , , , , , , , , , , , , , , , , , , , , , , , , , , , , , , , , , , , , , , , , , , , , , , , , , , , , , , , , , , , , , , , , , , , , , , , , , , , , , , , 
0.05, , , , , , , , , , , , , , , 86.938, , , , , , , , , , , , , , , , , , , , , , , , , , , , , , , , , , , , , , , , , , , , , , , , , , , , , , , , , , , , , , , , , , , , , , , , , , , , , , , , , , , , , , , , , , 
0.1, , , , , , , , , , , , , , , 84.386, , , , , , , , , , , , , , , , , , , , , , , , , , , , , , , , , , , , , , , , , , , , , , , , , , , , , , , , , , , , , , , , , , , , , , , , , , , , , , , , , , , , , , , , , , 
0.15, , , , , , , , , , , , , , , 81.834, , , , , , , , , , , , , , , , , , , , , , , , , , , , , , , , , , , , , , , , , , , , , , , , , , , , , , , , , , , , , , , , , , , , , , , , , , , , , , , , , , , , , , , , , , 
0.2, , , , , , , , , , , , , , , 79.282, , , , , , , , , , , , , , , , , , , , , , , , , , , , , , , , , , , , , , , , , , , , , , , , , , , , , , , , , , , , , , , , , , , , , , , , , , , , , , , , , , , , , , , , , , 
0.25, , , , , , , , , , , , , , , 76.73, , , , , , , , , , , , , , , , , , , , , , , , , , , , , , , , , , , , , , , , , , , , , , , , , , , , , , , , , , , , , , , , , , , , , , , , , , , , , , , , , , , , , , , , , , 
0.3, , , , , , , , , , , , , , , 74.178, , , , , , , , , , , , , , , , , , , , , , , , , , , , , , , , , , , , , , , , , , , , , , , , , , , , , , , , , , , , , , , , , , , , , , , , , , , , , , , , , , , , , , , , , , 
0.35, , , , , , , , , , , , , , , 71.626, , , , , , , , , , , , , , , , , , , , , , , , , , , , , , , , , , , , , , , , , , , , , , , , , , , , , , , , , , , , , , , , , , , , , , , , , , , , , , , , , , , , , , , , , , 
0.4, , , , , , , , , , , , , , , 69.074, , , , , , , , , , , , , , , , , , , , , , , , , , , , , , , , , , , , , , , , , , , , , , , , , , , , , , , , , , , , , , , , , , , , , , , , , , , , , , , , , , , , , , , , , , 
0.45, , , , , , , , , , , , , , , 66.522, , , , , , , , , , , , , , , , , , , , , , , , , , , , , , , , , , , , , , , , , , , , , , , , , , , , , , , , , , , , , , , , , , , , , , , , , , , , , , , , , , , , , , , , , , 
0.5, , , , , , , , , , , , , , , 63.97, , , , , , , , , , , , , , , , , , , , , , , , , , , , , , , , , , , , , , , , , , , , , , , , , , , , , , , , , , , , , , , , , , , , , , , , , , , , , , , , , , , , , , , , , , 
0.55, , , , , , , , , , , , , , , 61.418, , , , , , , , , , , , , , , , , , , , , , , , , , , , , , , , , , , , , , , , , , , , , , , , , , , , , , , , , , , , , , , , , , , , , , , , , , , , , , , , , , , , , , , , , , 
0.6, , , , , , , , , , , , , , , 58.866, , , , , , , , , , , , , , , , , , , , , , , , , , , , , , , , , , , , , , , , , , , , , , , , , , , , , , , , , , , , , , , , , , , , , , , , , , , , , , , , , , , , , , , , , , 
0.65, , , , , , , , , , , , , , , 56.314, , , , , , , , , , , , , , , , , , , , , , , , , , , , , , , , , , , , , , , , , , , , , , , , , , , , , , , , , , , , , , , , , , , , , , , , , , , , , , , , , , , , , , , , , , 
0.7, , , , , , , , , , , , , , , 53.762, , , , , , , , , , , , , , , , , , , , , , , , , , , , , , , , , , , , , , , , , , , , , , , , , , , , , , , , , , , , , , , , , , , , , , , , , , , , , , , , , , , , , , , , , , 
0.75, , , , , , , , , , , , , , , 51.21, , , , , , , , , , , , , , , , , , , , , , , , , , , , , , , , , , , , , , , , , , , , , , , , , , , , , , , , , , , , , , , , , , , , , , , , , , , , , , , , , , , , , , , , , , 
0.8, , , , , , 3.191, , , , , 77.69, 77.69, 77.69, , 48.658, , , , , , , , , , , , , , , , , , , , , , , , , 1, 0.02, , , , , , , , , , , , , , , , , , , , , , , , , , , , , , , , , , , , , , , , , , , , , , , , , , , , , , , , , , , , , , , , 
0.85, , , , , , 3.711, , 4.288, 4.288, , 90.03, 90.03, 90.03, , 46.106, 36.091, 36.177, , , , , 12.095, 12.448, 12.095, 12.448, , 51.627, 51.627, , , , , , , , , , , , 1, 0.09, , , , , , , , , , , , , , , , , , , , , , , , , , , , , , , , , , , , , , , , , , , , , , , , , , , , , , , , , , , , , , , , 
0.9, , , , , , 5.398, , 10.244, 10.244, , 130.045, 130.045, 130.045, , 43.554, 35.947, 36.285, 7.377, 13.018, 0, 0, 17.609, 18.12, 17.609, 18.12, 1, 51.984, 51.984, , , 39.502, 40.642, 39.502, 40.642, , 7.377, 13.018, , , 1, 0.171, , , , , , , , , , , , , , , , , , , , , , , , , , , , , , , , , , , , , , , , , , , , , , , , , , , , , , , , , , , , , , , , 
0.95, , , , , , 8.161, , 17.777, 17.777, 2.712, 195.612, 195.612, 195.612, 51.817, 41.002, 35.803, 36.393, 7.377, 12.98, 0, 0, 26.793, 27.569, 26.793, 27.569, 1, 52.493, 52.493, 0.024, 0.136, 52.563, 54.08, 52.563, 54.08, 4.904, 7.377, 12.98, , , 1, 0.24, 0.109, 0, 14.29, 2.712, 163, 0, 0, 0, 55.17, 6.84, 6.712, 107.6, 41.806, 100, 0, 0, 42.553, 42.57, 12.589, 1.079, 100.845, 0, 0, 106.759, 52.841, 0, 0, 0.109, 0, 0, 14.097, 0, 14.29, 0, 2.712, 163, 0, 0, 0, 55.17, 1, 0.007, 0.007, 107.6, 41.806, 100, 0, 0, 141, 42.553, 42.57, 12.595, 1.079, 0, 100.845, 0, 0, 106.759, 52.841, 0, 0, 0, 0, 
1, , , , , , 10.612, , 23.734, 23.734, 2.733, 253.767, 253.767, 253.767, 51.457, 42.974, 35.659, 36.501, 7.377, 12.916, 0, 0, 35.265, 36.285, 35.265, 36.285, 1, 53.157, 53.157, 0.024, 0.136, 68.305, 70.279, 68.305, 70.279, 4.93, 7.377, 12.916, , , 1, 0.321, 0.238, 0, 14.159, 2.733, 163, 0, 0, 0, 56.564, 7.84, 8.013, 107.6, 45.405, 100, 0, 0, 41.426, 41.464, 16.763, 1.245, 100.661, 0, 0, 106.472, 53.605, 0, 0, 0.238, 0, 0, 14.092, 0, 14.159, 0, 2.733, 163, 0, 0, 0, 56.564, 1, 0.008, 0.008, 107.6, 45.405, 100, 0, 0, 141, 41.426, 41.464, 16.775, 1.245, 0, 100.661, 0, 0, 106.472, 53.605, 0, 0, 0, 0, 
1.05, , , , , , 12.071, , 29.538, 29.538, 2.754, 288.409, 288.409, 288.409, 50.898, 56.52, 35.515, 36.609, 7.378, 12.728, 0, 0, 40.506, 41.677, 40.506, 41.677, 1, 53.991, 53.991, 0.024, 0.135, 78.348, 80.612, 78.348, 80.612, 4.957, 7.378, 12.728, , , 1, 0.371, 0.368, 0, 14.028, 2.754, 163, 0, 0, 0, 57.957, 8.84, 9.313, 107.6, 49.005, 100, 0, 0, 40.299, 40.357, 20.936, 1.411, 100.476, 0, 0, 106.185, 54.368, 0, 0, 0.368, 0, 0, 14.088, 0, 14.028, 0, 2.754, 163, 0, 0, 0, 57.957, 1, 0.009, 0.01, 107.6, 49.005, 100, 0, 0, 141, 40.299, 40.357, 20.956, 1.411, 0, 100.476, 0, 0, 106.185, 54.368, 0, 0, 0, 0, 
1.1, , , , , , 13.075, , 34.481, 34.481, 2.776, 312.23, 312.23, 312.23, 50.145, 57.403, 35.347, 36.57, 7.379, 12.533, 0, 0, 44.273, 45.553, 44.273, 45.553, 1, 54.604, 54.604, 0.024, 0.135, 85.534, 88.006, 85.534, 88.006, 4.983, 7.379, 12.533, , , 1, 0.421, 0.497, 0, 13.896, 2.776, 163, 0, 0, 0, 59.351, 9.84, 10.614, 107.6, 52.604, 100, 0, 0, 39.172, 39.251, 25.11, 1.577, 100.292, 0, 0, 105.898, 55.132, 0, 0, 0.497, 0, 0, 14.084, 0, 13.896, 0, 2.776, 163, 0, 0, 0, 59.351, 1, 0.01, 0.011, 107.6, 52.604, 100, 0, 0, 141, 39.172, 39.251, 25.136, 1.577, 0, 100.292, 0, 0, 105.898, 55.132, 0, 0, 0, 0, 
1.15, , , , , , 13.82, , 38.372, 38.372, 2.797, 329.931, 329.931, 329.931, 49.355, 58.285, 35.132, 36.248, 7.381, 12.3, 0, 0, 47.249, 48.617, 47.249, 48.617, 1, 55.265, 55.265, 0.024, 0.134, 91.18, 93.814, 91.18, 93.814, 5.004, 7.381, 12.3, , , 1, 0.471, 0.627, 0, 13.765, 2.797, 163, 0, 0, 0, 60.744, 10.84, 11.914, 107.6, 56.204, 100, 0, 0, 38.045, 38.144, 29.283, 1.743, 100.107, 0, 0, 105.611, 55.895, 0, 0, 0.627, 0, 0, 14.08, 0, 13.765, 0, 2.797, 163, 0, 0, 0, 60.744, 1, 0.011, 0.012, 107.6, 56.204, 100, 0, 0, 141, 38.045, 38.144, 29.316, 1.743, 0, 100.107, 0, 0, 105.611, 55.895, 0, 0, 0, 0, 
1.2, , , , , , 13.737, , 42.272, 42.272, 2.818, 327.97, 327.97, 327.97, 48.745, 59.168, 34.917, 35.925, 7.382, 12.065, 0, 0, 47.555, 48.929, 47.555, 48.929, 1, 55.931, 55.931, 0.025, 0.134, 91.637, 94.285, 91.637, 94.285, 5.014, 7.382, 12.065, , , 1, 0.521, 0.756, 0, 13.634, 2.818, 163, 0, 0, 0, 62.138, 11.84, 13.214, 107.6, 59.804, 100, 0, 0, 36.918, 37.038, 33.457, 1.909, 99.923, 0, 0, 105.325, 56.659, 0, 0, 0.756, 0, 0, 14.076, 0, 13.634, 0, 2.818, 163, 0, 0, 0, 62.138, 1, 0.012, 0.013, 107.6, 59.804, 100, 0, 0, 141, 36.918, 37.038, 33.497, 1.909, 0, 99.923, 0, 0, 105.325, 56.659, 0, 0, 0, 0, 
1.25, , , , , , 13.815, , 46.297, 46.297, 2.839, 329.846, 329.846, 329.846, 48.236, 60.05, 34.701, 35.602, 7.382, 11.811, 0, 0, 48.394, 49.792, 48.394, 49.792, 1, 56.598, 56.598, 0.025, 0.134, 93.127, 95.817, 93.127, 95.817, 5.025, 7.382, 11.811, , , 1, 0.571, 0.886, 0, 13.503, 2.839, 163, 0, 0, 0, 63.531, 12.84, 14.515, 107.6, 63.403, 100, 0, 0, 35.791, 35.931, 37.63, 2.075, 99.739, 0, 0, 105.038, 57.423, 0, 0, 0.886, 0, 0, 14.072, 0, 13.503, 0, 2.839, 163, 0, 0, 0, 63.531, 1, 0.013, 0.015, 107.6, 63.403, 100, 0, 0, 141, 35.791, 35.931, 37.677, 2.075, 0, 99.739, 0, 0, 105.038, 57.423, 0, 0, 0, 0, 
1.3, , , , , , 13.852, , 50.387, 50.387, 2.861, 330.724, 330.724, 330.724, 47.803, 60.933, 34.486, 35.279, 7.382, 11.571, 0, 0, 49.103, 50.521, 49.103, 50.521, 1, 57.27, 57.27, 0.025, 0.134, 94.211, 96.932, 94.211, 96.932, 5.035, 7.382, 11.571, , , 1, 0.621, 1.015, 0, 13.372, 2.861, 163, 0, 0, 0, 64.925, 13.84, 15.815, 107.6, 67.003, 100, 0, 0, 34.664, 34.825, 41.804, 2.241, 99.554, 0, 0, 104.751, 58.186, 0, 0, 1.015, 0, 0, 14.068, 0, 13.372, 0, 2.861, 163, 0, 0, 0, 64.925, 1, 0.014, 0.016, 107.6, 67.003, 100, 0, 0, 141, 34.664, 34.825, 41.857, 2.241, 0, 99.554, 0, 0, 104.751, 58.186, 0, 0, 0, 0, 
1.35, , , , , , 13.941, , 54.483, 54.483, 2.882, 332.865, 332.865, 332.865, 47.573, 61.815, 34.363, 35.072, 7.382, 11.43, 0, 0, 50.007, 51.451, 50.007, 51.451, 1, 57.947, 57.947, 0.025, 0.134, 95.22, 97.969, 95.22, 97.969, 5.046, 7.382, 11.43, , , 1, 0.671, 1.145, 0, 13.241, 2.882, 163, 0, 0, 0, 66.318, 14.84, 17.116, 107.6, 70.602, 100, 0, 0, 33.537, 33.718, 45.977, 2.407, 99.37, 0, 0, 104.464, 58.95, 0, 0, 1.145, 0, 0, 14.064, 0, 13.241, 0, 2.882, 163, 0, 0, 0, 66.318, 1, 0.015, 0.017, 107.6, 70.602, 100, 0, 0, 141, 33.537, 33.718, 46.038, 2.407, 0, 99.37, 0, 0, 104.464, 58.95, 0, 0, 0, 0, 
1.4, , , , , , 14.018, , 58.625, 58.625, 2.903, 334.702, 334.702, 334.702, 47.584, 62.698, 34.435, 35.108, 7.382, 11.298, 0, 0, 50.878, 52.345, 50.878, 52.345, 1, 58.631, 58.631, 0.025, 0.134, 95.678, 98.44, 95.678, 98.44, 5.057, 7.382, 11.298, , , 1, 0.721, 1.274, 0, 13.11, 2.903, 163, 0, 0, 0, 67.711, 15.84, 18.416, 107.6, 74.202, 100, 0, 0, 32.41, 32.611, 50.151, 2.573, 99.185, 0, 0, 104.177, 59.713, 0, 0, 1.274, 0, 0, 14.06, 0, 13.11, 0, 2.903, 163, 0, 0, 0, 67.711, 1, 0.016, 0.019, 107.6, 74.202, 100, 0, 0, 141, 32.41, 32.611, 50.218, 2.573, 0, 99.185, 0, 0, 104.177, 59.713, 0, 0, 0, 0, 
1.45, , , , , , 14.093, , 62.833, 62.833, 2.925, 336.501, 336.501, 336.501, 47.859, 63.581, 34.508, 35.144, 7.38, 11.245, 0, 0, 51.748, 53.241, 51.748, 53.241, 1, 59.32, 59.32, 0.025, 0.134, 95.654, 98.416, 95.654, 98.416, 5.067, 7.38, 11.245, , , 1, 0.77, 1.404, 0, 12.978, 2.925, 163, 0, 0, 0, 69.105, 16.84, 19.716, 107.6, 77.802, 100, 0, 0, 31.283, 31.505, 54.324, 2.739, 99.001, 0, 0, 103.89, 60.477, 0, 0, 1.404, 0, 0, 14.056, 0, 12.978, 0, 2.925, 163, 0, 0, 0, 69.105, 1, 0.017, 0.02, 107.6, 77.802, 100, 0, 0, 141, 31.283, 31.505, 54.398, 2.739, 0, 99.001, 0, 0, 103.89, 60.477, 0, 0, 0, 0, 
1.5, , , , , , 14.191, , 67.11, 67.11, 2.946, 338.836, 338.836, 338.836, 48.387, 64.463, 34.58, 35.18, 7.379, 11.195, 0, 0, 52.71, 54.233, 52.71, 54.233, 1, 60.006, 60.006, 0.025, 0.134, 95.312, 98.065, 95.312, 98.065, 5.078, 7.379, 11.195, , , 1, 0.821, 1.533, 0, 12.847, 2.946, 163, 0, 0, 0, 70.498, 17.84, 21.017, 107.6, 81.401, 100, 0, 0, 30.156, 30.398, 58.498, 2.905, 98.816, 0, 0, 103.603, 61.24, 0, 0, 1.533, 0, 0, 14.051, 0, 12.847, 0, 2.946, 163, 0, 0, 0, 70.498, 1, 0.018, 0.021, 107.6, 81.401, 100, 0, 0, 141, 30.156, 30.398, 58.579, 2.905, 0, 98.816, 0, 0, 103.603, 61.24, 0, 0, 0, 0, 
1.55, , , , , , 14.309, , 71.434, 71.434, 2.995, 341.647, 341.647, 341.647, 49.128, 65.346, 34.652, 35.216, 7.379, 11.198, 0, 0, 53.766, 55.321, 53.766, 55.321, 1, 60.699, 60.699, 0.025, 0.134, 94.733, 97.468, 94.733, 97.468, 5.089, 7.379, 11.198, , , 1, 0.871, 1.37, 0, 12.76, 2.995, 163, 0, 0, 0, 71, 18.243, 21.178, 107.48, 85.365, 100, 0, 0, 29.583, 29.867, 65.356, 3.159, 98.583, 0, 0, 103.2, 62.012, 0, 0, 1.37, 0, 0, 14.043, 0, 12.76, 0, 2.995, 163, 0, 0, 0, 71, 1, 0.018, 0.021, 107.48, 85.365, 100, 0, 0, 141, 29.583, 29.867, 65.5, 3.159, 0, 98.583, 0, 0, 103.2, 62.012, 0, 0, 0, 0, 
1.6, , , , , , 14.446, , 75.777, 75.777, 3.06, 344.926, 344.926, 344.926, 49.819, 66.228, 34.676, 35.301, 7.378, 11.202, 0, 0, 54.909, 56.496, 54.909, 56.496, 1, 61.404, 61.404, 0.025, 0.134, 94.274, 96.996, 94.274, 96.996, 5.101, 7.378, 11.202, , , 1, 0.92, 1.042, 0, 12.698, 3.06, 163, 0, 0, 0, 71, 18.311, 20.699, 107.292, 89.516, 100, 0, 0, 29.323, 29.658, 73.724, 3.462, 98.323, 0, 0, 102.731, 62.789, 0, 0, 1.042, 0, 0, 14.033, 0, 12.698, 0, 3.061, 163, 0, 0, 0, 71, 1, 0.018, 0.021, 107.292, 89.516, 100, 0, 0, 141, 29.323, 29.658, 73.833, 3.462, 0, 98.323, 0, 0, 102.731, 62.789, 0, 0, 0, 0, 
1.65, , , , , , 14.577, , 80.198, 80.198, 3.125, 348.037, 348.037, 348.037, 50.363, 67.111, 34.604, 35.481, 7.378, 11.212, 0, 0, 56.047, 57.667, 56.047, 57.667, 1, 62.11, 62.11, 0.025, 0.134, 94.06, 96.777, 94.06, 96.777, 5.113, 7.378, 11.212, , , 1, 0.971, 0.714, 0, 12.635, 3.125, 163, 0, 0, 0, 71, 18.379, 20.22, 107.105, 93.667, 100, 0, 0, 29.062, 29.45, 82.092, 3.765, 98.062, 0, 0, 102.262, 63.567, 0, 0, 0.714, 0, 0, 14.023, 0, 12.635, 0, 3.126, 163, 0, 0, 0, 71, 1, 0.018, 0.02, 107.105, 93.667, 100, 0, 0, 141, 29.062, 29.45, 82.167, 3.765, 0, 98.062, 0, 0, 102.262, 63.567, 0, 0, 0, 0, 
1.7, , , , , , 14.712, , 84.688, 84.688, 3.19, 351.265, 351.265, 351.265, 50.754, 67.993, 34.532, 35.661, 7.378, 11.223, 0, 0, 57.213, 58.868, 57.213, 58.868, 1, 62.825, 62.825, 0.025, 0.134, 94.193, 96.913, 94.193, 96.913, 5.125, 7.378, 11.223, , , 1, 1.021, 0.386, 0, 12.573, 3.19, 163, 0, 0, 0, 71, 18.446, 19.741, 106.917, 97.818, 100, 0, 0, 28.802, 29.242, 90.46, 4.068, 97.802, 0, 0, 101.794, 64.344, 0, 0, 0.386, 0, 0, 14.012, 0, 12.573, 0, 3.191, 163, 0, 0, 0, 71, 1, 0.018, 0.02, 106.917, 97.818, 100, 0, 0, 141, 28.802, 29.242, 90.5, 4.068, 0, 97.802, 0, 0, 101.794, 64.344, 0, 0, 0, 0, 
1.75, , 100.52, 63.16, , , 14.866, 0.972, 89.187, 89.187, 3.256, 354.919, 354.919, 354.919, 50.993, 68.876, 34.46, 35.841, 7.379, 11.254, 0, 0, 58.471, 60.163, 58.471, 60.163, 1, 63.551, 63.551, 0.025, 0.133, 94.726, 97.46, 94.726, 97.46, 5.137, 7.379, 11.254, , , 1, 1.071, 0.058, 0, 12.51, 3.256, 163, 0, 0, 0, 71, 18.514, 19.262, 106.73, 101.969, 100, 0, 0, 28.542, 29.033, 98.828, 4.371, 97.542, 0, 0, 101.325, 65.121, 0, 0, 0.058, 0, 0, 14.002, 0, 12.51, 0, 3.257, 163, 0, 0, 0, 71, 1, 0.018, 0.019, 106.73, 101.969, 100, 0, 0, 141, 28.542, 29.033, 98.833, 4.371, 0, 97.542, 0, 0, 101.325, 65.121, 0, 0, 0, 0, 
1.8, , 100.52, 63.16, , , 14.996, 0.972, 93.773, 93.773, 3.284, 358.029, 358.029, 358.029, 51.093, 69.759, 34.388, 36.021, 7.379, 11.287, 0, 0, 59.659, 61.383, 59.659, 61.383, 1, 64.282, 64.282, 0.025, 0.133, 95.383, 98.138, 95.383, 98.138, 5.162, 7.379, 11.287, , , 1, 1.12, 0.004, 0, 12.5, 3.284, 163, 0, 0, 0, 71, 18.563, 19.212, 106.542, 102.55, 100, 0, 0, 28.5, 29, 100, 4.422, 97.676, 0, 0, 101.469, 65.571, 0, 0, 0.004, 0, 0, 14, 0, 12.5, 0, 3.284, 163, 0, 0, 0, 71, 1, 0.019, 0.019, 106.542, 102.55, 100, 0, 0, 141, 28.5, 29, 100, 4.422, 0, 97.676, 0, 0, 101.47, 65.571, 0, 0, 0, 0, 
1.85, , 100.52, 63.16, , , 15.105, 0.972, 98.443, 98.443, 3.304, 360.629, 360.629, 360.629, 51.131, 70.641, 34.388, 36.068, 7.38, 11.339, 0, 0, 60.78, 62.537, 60.78, 62.537, 1, 65.017, 65.017, 0.025, 0.133, 96.005, 98.778, 96.005, 98.778, 5.196, 7.38, 11.339, , , 1, 1.171, 0.003, 0, 12.5, 3.304, 163, 0, 0, 0, 71, 18.607, 19.244, 106.355, 102.55, 100, 0, 0, 28.5, 29, 100, 4.424, 97.885, 0, 0, 101.729, 65.96, 0, 0, 0.003, 0, 0, 14, 0, 12.5, 0, 3.305, 163, 0, 0, 0, 71, 1, 0.019, 0.019, 106.355, 102.55, 100, 0, 0, 141, 28.5, 29, 100, 4.424, 0, 97.885, 0, 0, 101.731, 65.96, 0, 0, 0, 0, 
1.9, , 100.52, 63.16, , , 15.192, 0.972, 103.3, 103.3, 3.325, 362.711, 362.711, 362.711, 51.142, 71.524, 34.529, 35.856, 7.38, 11.392, 0, 0, 61.853, 63.641, 61.853, 63.641, 1, 65.967, 65.967, 0.025, 0.132, 96.528, 99.315, 96.528, 99.315, 5.229, 7.38, 11.392, , , 1, 1.221, 0.002, 0, 12.5, 3.325, 163, 0, 0, 0, 71, 18.652, 19.277, 106.167, 102.55, 100, 0, 0, 28.5, 29, 100, 4.426, 98.094, 0, 0, 101.99, 66.348, 0, 0, 0.002, 0, 0, 14, 0, 12.5, 0, 3.326, 163, 0, 0, 0, 71, 1, 0.019, 0.019, 106.167, 102.55, 100, 0, 0, 141, 28.5, 29, 100, 4.426, 0, 98.094, 0, 0, 101.993, 66.348, 0, 0, 0, 0, 
1.95, , 100.52, 63.16, , , 15.373, 0.972, 110.134, 110.134, 3.346, 367.046, 367.046, 367.046, 51.129, 72.406, 34.67, 35.644, 7.38, 11.446, 0, 0, 63.611, 65.449, 63.611, 65.449, 1, 66.864, 66.864, 0.025, 0.132, 97.718, 100.54, 97.718, 100.54, 5.262, 7.38, 11.446, , , 1, 1.27, 0.001, 0, 12.5, 3.346, 163, 0, 0, 0, 71, 18.697, 19.309, 105.98, 102.55, 100, 0, 0, 28.5, 29, 100, 4.428, 98.303, 0, 0, 102.25, 66.737, 0, 0, 0.001, 0, 0, 14, 0, 12.5, 0, 3.346, 163, 0, 0, 0, 71, 1, 0.019, 0.019, 105.98, 102.55, 100, 0, 0, 141, 28.5, 29, 100, 4.428, 0, 98.303, 0, 0, 102.254, 66.737, 0, 0, 0, 0, 
2, , 100.52, 63.16, , , 15.413, 0.972, 114.987, 114.987, 3.368, 368.02, 368.02, 368.02, 51.102, 73.289, 34.812, 35.433, 7.379, 11.501, 0, 0, 64.498, 66.362, 64.498, 66.362, 1, 67.608, 67.608, 0.025, 0.132, 98.029, 100.859, 98.029, 100.859, 5.293, 7.379, 11.501, , , 1, 1.321, 0, 0, 12.5, 3.368, 163, 0, 0, 0, 71, 18.746, 19.345, 105.793, 102.546, 100, 0, 0, 28.509, 29.002, 100, 4.43, 98.55, 0, 0, 102.524, 67.156, 0, 0, 0, 0, 0, 14, 0, 12.5, 0, 3.368, 163, 0, 0, 0, 71, 1, 0.019, 0.019, 105.793, 102.546, 100, 0, 0, 141, 28.509, 29.002, 100, 4.43, 0, 98.55, 0, 0, 102.536, 67.156, 0, 0, 0, 0, 
2.05, , 100.52, 63.16, , , 15.5, 0.972, 119.782, 119.782, 3.405, 370.101, 370.101, 370.101, 51.073, 74.171, 34.953, 35.221, 7.379, 11.55, 0, 0, 65.579, 67.475, 65.579, 67.475, 1, 68.357, 68.357, 0.025, 0.132, 98.647, 101.494, 98.647, 101.494, 5.321, 7.379, 11.55, , , 1, 1.371, 0, 0, 12.5, 3.405, 163, 0, 0, 0, 71, 18.893, 19.462, 105.627, 102.477, 100, 0, 0, 28.741, 29.048, 100, 4.43, 99.38, 0, 0, 103.126, 68.307, 0, 0, 0, 0, 0, 14, 0, 12.5, 0, 3.405, 163, 0, 0, 0, 71, 1, 0.019, 0.019, 105.627, 102.477, 100, 0, 0, 141, 28.741, 29.048, 100, 4.43, 0, 99.38, 0, 0, 103.136, 68.307, 0, 0, 0, 0, 
2.1, , 100.52, 63.16, , , 15.578, 0.972, 124.729, 124.729, 3.442, 371.952, 371.952, 371.952, 51.056, 75.054, 35.069, 35.069, 7.378, 11.598, 0, 0, 66.644, 68.57, 66.644, 68.57, 1, 69.119, 69.119, 0.025, 0.132, 99.169, 102.031, 99.169, 102.031, 5.348, 7.378, 11.598, , , 1, 1.42, 0, 0, 12.5, 3.442, 163, 0, 0, 0, 71, 19.04, 19.58, 105.46, 102.409, 100, 0, 0, 28.972, 29.094, 100, 4.43, 100.21, 0, 0, 103.728, 69.458, 0, 0, 0, 0, 0, 14, 0, 12.5, 0, 3.442, 163, 0, 0, 0, 71, 1, 0.019, 0.019, 105.46, 102.409, 100, 0, 0, 141, 28.972, 29.094, 100, 4.43, 0, 100.21, 0, 0, 103.735, 69.458, 0, 0, 0, 0, 
2.15, 21.998, 100.52, 63.16, 63.77, , 15.645, 0.972, 129.644, 129.644, 3.478, 373.562, 373.562, 373.562, 51.06, 75.936, 35.106, 35.106, 7.378, 11.635, 0, 0, 67.669, 69.625, 67.669, 69.625, 1, 69.881, 69.881, 0.025, 0.132, 99.589, 102.463, 99.589, 102.463, 5.375, 7.378, 11.635, , , 1, 1.471, 0, 0, 12.5, 3.478, 163, 0, 0, 0, 71, 19.188, 19.697, 105.293, 102.34, 100, 0, 0, 29.204, 29.141, 100, 4.43, 101.041, 0, 0, 104.33, 70.609, 0, 0, 0, 0, 0, 14, 0, 12.5, 0, 3.478, 163, 0, 0, 0, 71, 1, 0.019, 0.02, 105.293, 102.34, 100, 0, 0, 141, 29.204, 29.141, 100, 4.43, 0, 101.041, 0, 0, 104.335, 70.609, 0, 0, 0, 0, 
2.2, 21.995, 100.52, 63.16, 63.771, , 15.692, 0.972, 134.72, 134.72, 3.515, 374.715, 374.715, 374.715, 51.084, 76.819, 35.142, 35.142, 7.377, 11.671, 0, 0, 68.615, 70.599, 68.615, 70.599, 1, 70.65, 70.65, 0.025, 0.132, 99.847, 102.729, 99.847, 102.729, 5.4, 7.377, 11.671, , , 1, 1.521, 0, 0, 12.5, 3.515, 163, 0, 0, 0, 71, 19.335, 19.815, 105.127, 102.272, 100, 0, 0, 29.435, 29.187, 100, 4.43, 101.871, 0, 0, 104.931, 71.76, 0, 0, 0, 0, 0, 14, 0, 12.5, 0, 3.515, 163, 0, 0, 0, 71, 1, 0.019, 0.02, 105.127, 102.272, 100, 0, 0, 141, 29.435, 29.187, 100, 4.43, 0, 101.871, 0, 0, 104.935, 71.76, 0, 0, 0, 0, 
2.25, 21.992, 100.52, 63.16, 63.772, , 15.742, 0.972, 139.796, 139.796, 3.552, 375.912, 375.912, 375.912, 51.13, 77.702, 35.179, 35.179, 7.377, 11.694, 0, 0, 69.581, 71.593, 69.581, 71.593, 1, 71.416, 71.416, 0.025, 0.133, 100.075, 102.965, 100.075, 102.965, 5.421, 7.377, 11.694, , , 1, 1.57, 0, 0, 12.5, 3.552, 163, 0, 0, 0, 71, 19.482, 19.933, 104.96, 102.203, 100, 0, 0, 29.667, 29.233, 100, 4.43, 102.701, 0, 0, 105.533, 72.911, 0, 0, 0, 0, 0, 14, 0, 12.5, 0, 3.552, 163, 0, 0, 0, 71, 1, 0.019, 0.02, 104.96, 102.203, 100, 0, 0, 141, 29.667, 29.233, 100, 4.43, 0, 102.701, 0, 0, 105.534, 72.911, 0, 0, 0, 0, 
2.3, 21.989, 100.52, 63.16, 63.773, , 15.807, 0.972, 144.926, 144.926, 3.608, 377.475, 377.475, 377.475, 51.195, 78.584, 35.216, 35.216, 7.377, 11.716, 0, 0, 70.621, 72.663, 70.621, 72.663, 1, 72.179, 72.179, 0.025, 0.133, 100.367, 103.266, 100.367, 103.266, 5.442, 7.377, 11.716, , , 1, 1.621, 0, 0, 12.5, 3.608, 163.274, 0, 0, 0, 71, 19.617, 20.036, 104.78, 102.129, 100, 0, 0, 29.85, 29.317, 100, 4.43, 103.467, 0, 0, 106.05, 73.864, 0, 0, 0, 0, 0, 14, 0, 12.5, 0, 3.608, 163.274, 0, 0, 0, 71, 1, 0.02, 0.02, 104.78, 102.129, 100, 0, 0, 141, 29.85, 29.317, 100, 4.43, 0, 103.467, 0, 0, 106.05, 73.864, 0, 0, 0, 0, 
2.35, 21.986, 100.52, 63.16, 63.773, , 15.834, 0.972, 150.115, 150.115, 3.676, 378.137, 378.137, 378.137, 51.261, 79.467, 35.228, 35.228, 7.377, 11.736, 0, 0, 71.503, 73.57, 71.503, 73.57, 1, 72.952, 72.952, 0.025, 0.133, 100.41, 103.31, 100.41, 103.31, 5.463, 7.377, 11.736, , , 1, 1.671, 0, 0, 12.5, 3.676, 163.689, 0, 0, 0, 71, 19.745, 20.132, 104.592, 102.053, 100, 0, 0, 30.006, 29.421, 100, 4.43, 104.196, 0, 0, 106.519, 74.705, 0, 0, 0, 0, 0, 14, 0, 12.5, 0, 3.676, 163.689, 0, 0, 0, 71, 1, 0.02, 0.02, 104.592, 102.052, 100, 0, 0, 141, 30.006, 29.421, 100, 4.43, 0, 104.196, 0, 0, 106.519, 74.705, 0, 0, 0, 0, 
2.4, 21.983, 100.52, 63.16, 63.774, , 15.877, 0.972, 155.304, 155.304, 3.743, 379.169, 379.169, 379.169, 51.326, 80.349, 35.192, 35.192, 7.377, 11.754, 0, 0, 72.462, 74.557, 72.462, 74.557, 1, 73.731, 73.731, 0.025, 0.133, 100.558, 103.462, 100.558, 103.462, 5.485, 7.377, 11.754, , , 1, 1.72, 0, 0, 12.5, 3.743, 164.104, 0, 0, 0, 71, 19.873, 20.228, 104.405, 101.976, 100, 0, 0, 30.162, 29.525, 100, 4.43, 104.925, 0, 0, 106.988, 75.547, 0, 0, 0, 0, 0, 14, 0, 12.5, 0, 3.743, 164.104, 0, 0, 0, 71, 1, 0.02, 0.02, 104.405, 101.975, 100, 0, 0, 141, 30.162, 29.525, 100, 4.43, 0, 104.925, 0, 0, 106.988, 75.547, 0, 0, 0, 0, 
2.45, 21.98, 100.52, 63.16, 63.775, , 15.863, 0.972, 160.681, 160.681, 3.81, 378.863, 378.863, 378.863, 51.387, 81.232, 35.156, 35.156, 7.378, 11.776, 0, 0, 73.164, 75.277, 73.164, 75.277, 1, 74.502, 74.502, 0.025, 0.134, 100.358, 103.255, 100.358, 103.255, 5.511, 7.378, 11.776, , , 1, 1.77, 0, 0, 12.5, 3.81, 164.519, 0, 0, 0, 71, 20.001, 20.324, 104.218, 101.899, 100, 0, 0, 30.319, 29.629, 100, 4.43, 105.654, 0, 0, 107.456, 76.389, 0, 0, 0, 0, 0, 14, 0, 12.5, 0, 3.81, 164.519, 0, 0, 0, 71, 1, 0.02, 0.02, 104.218, 101.898, 100, 0, 0, 141, 30.319, 29.629, 100, 4.43, 0, 105.654, 0, 0, 107.456, 76.389, 0, 0, 0, 0, 
2.5, 21.977, 100.52, 63.16, 63.776, , 15.93, 0.972, 166.002, 166.002, 3.877, 380.48, 380.48, 380.48, 51.445, 82.114, 35.12, 35.12, 7.378, 11.797, 0, 0, 74.237, 76.381, 74.237, 76.381, 1, 75.279, 75.279, 0.025, 0.134, 100.675, 103.581, 100.675, 103.581, 5.538, 7.378, 11.797, , , 1, 1.82, 0, 0, 12.5, 3.877, 164.934, 0, 0, 0, 71, 20.129, 20.42, 104.03, 101.822, 100, 0, 0, 30.475, 29.733, 100, 4.43, 106.383, 0, 0, 107.925, 77.23, 0, 0, 0, 0, 0, 14, 0, 12.5, 0, 3.877, 164.934, 0, 0, 0, 71, 1, 0.02, 0.02, 104.03, 101.821, 100, 0, 0, 141, 30.475, 29.733, 100, 4.43, 0, 106.383, 0, 0, 107.925, 77.23, 0, 0, 0, 0, 
2.55, 21.974, 100.52, 63.16, 63.776, , 15.895, 0.972, 171.432, 171.432, 3.907, 379.68, 379.68, 379.68, 51.489, 82.997, 35.084, 35.084, 7.379, 11.823, 0, 0, 74.851, 77.014, 74.851, 77.014, 1, 76.061, 76.061, 0.025, 0.134, 100.378, 103.276, 100.378, 103.276, 5.565, 7.379, 11.823, , , 1, 1.871, 0, 0, 12.5, 3.907, 165, 0, 0, 0, 71, 20.208, 20.476, 104, 101.742, 100, 0, 0, 30.591, 29.796, 100, 4.43, 106.774, 0, 0, 108.183, 77.762, 0, 0, 0, 0, 0, 14, 0, 12.5, 0, 3.907, 165, 0, 0, 0, 71, 1, 0.02, 0.021, 104, 101.741, 100, 0, 0, 141, 30.591, 29.796, 100, 4.43, 0, 106.774, 0, 0, 108.183, 77.762, 0, 0, 0, 0, 
2.6, 21.971, 100.52, 63.16, 63.777, , 15.942, 0.972, 176.904, 176.904, 3.93, 380.82, 380.82, 380.82, 51.51, 83.88, 35.06, 35.158, 7.379, 11.85, 0, 0, 75.843, 78.035, 75.843, 78.035, 1, 76.838, 76.838, 0.025, 0.134, 100.645, 103.551, 100.645, 103.551, 5.591, 7.379, 11.85, , , 1, 1.921, 0, 0, 12.5, 3.93, 165, 0, 0, 0, 71, 20.278, 20.525, 104, 101.661, 100, 0, 0, 30.7, 29.85, 100, 4.43, 107.1, 0, 0, 108.4, 78.235, 0, 0, 0, 0, 0, 14, 0, 12.5, 0, 3.93, 165, 0, 0, 0, 71, 1, 0.02, 0.021, 104, 101.66, 100, 0, 0, 141, 30.7, 29.85, 100, 4.43, 0, 107.1, 0, 0, 108.4, 78.235, 0, 0, 0, 0, 
2.65, 21.968, 100.52, 63.16, 63.778, , 15.916, 0.972, 182.464, 182.464, 3.952, 380.208, 380.208, 380.208, 51.503, 84.762, 35.06, 35.444, 7.379, 11.871, 0, 0, 76.491, 78.7, 76.491, 78.7, 1, 77.618, 77.618, 0.025, 0.134, 100.498, 103.4, 100.498, 103.4, 5.603, 7.379, 11.871, , , 1, 1.971, 0, 0, 12.5, 3.952, 165, 0, 0, 0, 71, 20.348, 20.574, 104, 101.581, 100, 0, 0, 30.809, 29.904, 100, 4.43, 107.426, 0, 0, 108.617, 78.708, 0, 0, 0, 0, 0, 14, 0, 12.5, 0, 3.952, 165, 0, 0, 0, 71, 1, 0.02, 0.021, 104, 101.58, 100, 0, 0, 141, 30.809, 29.904, 100, 4.43, 0, 107.426, 0, 0, 108.617, 78.708, 0, 0, 0, 0, 
2.7, 21.965, 100.52, 63.16, 63.779, , 15.928, 0.972, 188.023, 188.023, 3.975, 380.511, 380.511, 380.511, 51.47, 85.645, 35.06, 35.731, 7.38, 11.892, 0, 0, 77.313, 79.546, 77.313, 79.546, 1, 78.395, 78.395, 0.025, 0.134, 100.642, 103.549, 100.642, 103.549, 5.612, 7.38, 11.892, , , 1, 2.021, 0, 0, 12.5, 3.975, 165, 0, 0, 0, 71, 20.417, 20.623, 104, 101.5, 100, 0, 0, 30.917, 29.959, 100, 4.43, 107.752, 0, 0, 108.835, 79.181, 0, 0, 0, 0, 0, 14, 0, 12.5, 0, 3.975, 165, 0, 0, 0, 71, 1, 0.02, 0.021, 104, 101.5, 100, 0, 0, 141, 30.917, 29.959, 100, 4.43, 0, 107.752, 0, 0, 108.835, 79.181, 0, 0, 0, 0, 
2.75, 21.962, 100.52, 63.16, 63.78, , 15.931, 0.972, 195.969, 195.969, 4, 380.622, 380.622, 380.622, 51.395, 86.527, 35.06, 36.018, 7.38, 11.907, 0, 0, 78.414, 80.679, 78.414, 80.679, 1, 79.335, 79.335, 0.025, 0.133, 100.848, 103.759, 100.848, 103.759, 5.621, 7.38, 11.907, , , 1, 2.071, 0, 0, 12.5, 4, 165, 0, 0, 0, 71, 20.487, 20.677, 103.92, 101.422, 100, 0, 0, 31.022, 30.022, 100, 4.43, 108.111, 0, 0, 109.111, 79.705, 0, 0, 0, 0, 0, 14, 0, 12.5, 0, 4, 165, 0, 0, 0, 71, 1, 0.02, 0.021, 103.92, 101.422, 100, 0, 0, 141, 31.022, 30.022, 100, 4.43, 0, 108.111, 0, 0, 109.111, 79.705, 0, 0, 0, 0, 
2.8, 21.959, 100.52, 63.16, 63.78, , 15.917, 0.972, 201.744, 201.744, 4.035, 380.3, 380.3, 380.3, 51.318, 87.41, 35.06, 36.305, 7.379, 11.92, 0, 0, 79.116, 81.4, 79.116, 81.4, 1, 80.273, 80.273, 0.024, 0.133, 100.881, 103.794, 100.881, 103.794, 5.63, 7.379, 11.92, , , 1, 2.121, 0, 0, 12.5, 4.035, 165, 0, 0, 0, 71, 20.56, 20.75, 103.587, 101.354, 100, 0, 0, 31.115, 30.115, 100, 4.43, 108.574, 0, 0, 109.574, 80.394, 0, 0, 0, 0, 0, 14, 0, 12.5, 0, 4.035, 165, 0, 0, 0, 71, 1, 0.02, 0.021, 103.587, 101.354, 100, 0, 0, 141, 31.115, 30.115, 100, 4.43, 0, 108.574, 0, 0, 109.574, 80.394, 0, 0, 0, 0, 
2.85, 21.956, 100.52, 63.16, 63.781, , 15.88, 0.972, 207.53, 207.53, 4.069, 379.46, 379.46, 379.46, 51.282, 88.292, 35.049, 36.478, 7.379, 11.924, 0, 0, 79.708, 82.009, 79.708, 82.009, 1, 81.04, 81.04, 0.024, 0.133, 100.724, 103.633, 100.724, 103.633, 5.64, 7.379, 11.924, , , 1, 2.171, 0, 0, 12.5, 4.069, 165, 0, 0, 0, 71, 20.632, 20.822, 103.253, 101.285, 100, 0, 0, 31.207, 30.207, 100, 4.43, 109.037, 0, 0, 110.037, 81.083, 0, 0, 0, 0, 0, 14, 0, 12.5, 0, 4.069, 165, 0, 0, 0, 71, 1, 0.02, 0.021, 103.253, 101.285, 100, 0, 0, 141, 31.207, 30.207, 100, 4.43, 0, 109.037, 0, 0, 110.037, 81.083, 0, 0, 0, 0, 
2.9, 21.953, 100.52, 63.16, 63.782, , 15.862, 0.972, 213.302, 213.302, 4.104, 379.049, 379.049, 379.049, 51.275, 89.175, 35.015, 36.409, 7.378, 11.925, 0, 0, 80.371, 82.691, 80.371, 82.691, 1, 81.818, 81.818, 0.024, 0.133, 100.63, 103.535, 100.63, 103.535, 5.65, 7.378, 11.925, , , 1, 2.221, 0, 0, 12.5, 4.104, 165, 0, 0, 0, 71, 20.704, 20.894, 102.92, 101.217, 100, 0, 0, 31.3, 30.3, 100, 4.43, 109.5, 0, 0, 110.5, 81.772, 0, 0, 0, 0, 0, 14, 0, 12.5, 0, 4.104, 165, 0, 0, 0, 71, 1, 0.021, 0.021, 102.92, 101.217, 100, 0, 0, 141, 31.3, 30.3, 100, 4.43, 0, 109.5, 0, 0, 110.5, 81.772, 0, 0, 0, 0, 
2.95, 21.95, 100.52, 63.16, 63.783, , 15.831, 0.972, 219.25, 219.25, 4.139, 378.34, 378.34, 378.34, 51.296, 90.057, 34.98, 36.341, 7.378, 11.921, 0, 0, 80.983, 83.323, 80.983, 83.323, 1, 82.599, 82.599, 0.024, 0.132, 100.405, 103.302, 100.405, 103.302, 5.66, 7.378, 11.921, , , 1, 2.271, 0, 0, 12.5, 4.139, 165, 0, 0, 0, 71, 20.776, 20.966, 102.587, 101.148, 100, 0, 0, 31.393, 30.393, 100, 4.43, 109.963, 0, 0, 110.963, 82.461, 0, 0, 0, 0, 0, 14, 0, 12.5, 0, 4.139, 165, 0, 0, 0, 71, 1, 0.021, 0.021, 102.587, 101.148, 100, 0, 0, 141, 31.393, 30.393, 100, 4.43, 0, 109.963, 0, 0, 110.963, 82.461, 0, 0, 0, 0, 
3, 21.947, 100.52, 63.16, 63.783, , 15.786, 0.972, 225.238, 225.238, 4.173, 377.292, 377.292, 377.292, 51.344, 90.94, 34.946, 36.272, 7.377, 11.916, 0, 0, 81.518, 83.873, 81.518, 83.873, 1, 83.369, 83.369, 0.024, 0.132, 100.029, 102.916, 100.029, 102.916, 5.67, 7.377, 11.916, , , 1, 2.321, 0, 0, 12.5, 4.173, 165, 0, 0, 0, 71, 20.848, 21.038, 102.253, 101.08, 100, 0, 0, 31.485, 30.485, 100, 4.43, 110.426, 0, 0, 111.426, 83.15, 0, 0, 0, 0, 0, 14, 0, 12.5, 0, 4.173, 165, 0, 0, 0, 71, 1, 0.021, 0.021, 102.253, 101.08, 100, 0, 0, 141, 31.485, 30.485, 100, 4.43, 0, 110.426, 0, 0, 111.426, 83.15, 0, 0, 0, 0, 
3.05, 21.944, 100.52, 63.16, 63.784, , 15.73, 0.972, 231.225, 231.225, 4.219, 375.983, 375.983, 375.983, 51.414, 87.47, 34.912, 36.203, 7.377, 11.903, 0, 0, 81.989, 84.357, 81.989, 84.357, 1, 84.139, 84.139, 0.024, 0.132, 99.547, 102.422, 99.547, 102.422, 5.685, 7.377, 11.903, , , 1, 2.37, 0, 0, 12.5, 4.219, 165, 0, 0, 0, 71, 20.944, 21.134, 101.746, 100.944, 100, 0, 0, 31.584, 30.584, 100, 4.427, 111.13, 0, 0, 112.088, 83.991, 0, 0, 0, 0, 0, 13.983, 0, 12.5, 0, 4.219, 165, 0, 0, 0, 71, 1, 0.021, 0.021, 101.746, 100.944, 100, 0, 0, 141, 31.584, 30.626, 100, 4.427, 0, 111.13, 0, 0, 112.088, 83.991, 0, 0, 0, 0, 
3.1, 21.941, 100.52, 63.16, 63.785, , 15.64, 0.972, 237.213, 237.213, 4.266, 373.886, 373.886, 373.886, 51.476, 84.001, 34.886, 36.122, 7.378, 11.886, 0, 0, 82.274, 84.651, 82.274, 84.651, 1, 84.912, 84.912, 0.024, 0.132, 98.869, 101.723, 98.869, 101.723, 5.714, 7.378, 11.886, , , 1, 2.421, 0, 0, 12.5, 4.266, 165, 0, 0, 0, 71, 21.044, 21.234, 101.206, 100.798, 100, 0, 0, 31.684, 30.684, 100, 4.423, 111.88, 0, 0, 112.788, 84.861, 0, 0, 0, 0, 0, 13.963, 0, 12.5, 0, 4.266, 165, 0, 0, 0, 71, 1, 0.021, 0.021, 101.206, 100.798, 100, 0, 0, 141, 31.684, 30.776, 100, 4.423, 0, 111.88, 0, 0, 112.788, 84.861, 0, 0, 0, 0, 
3.15, 21.938, 100.52, 63.16, 63.786, , 15.589, 0.972, 243.333, 243.333, 4.313, 372.691, 372.691, 372.691, 51.529, 80.531, 34.962, 35.895, 7.378, 11.856, 0, 0, 82.743, 85.134, 82.743, 85.134, 1, 85.669, 85.669, 0.024, 0.132, 98.453, 101.294, 98.453, 101.294, 5.743, 7.378, 11.856, , , 1, 2.471, 0, 0, 12.5, 4.313, 165, 0, 0, 0, 71, 21.144, 21.334, 100.666, 100.652, 100, 0, 0, 31.784, 30.784, 100, 4.419, 112.63, 0, 0, 113.488, 85.731, 0, 0, 0, 0, 0, 13.943, 0, 12.5, 0, 4.313, 165, 0, 0, 0, 71, 1, 0.021, 0.022, 100.666, 100.652, 100, 0, 0, 141, 31.784, 30.926, 100, 4.419, 0, 112.63, 0, 0, 113.488, 85.731, 0, 0, 0, 0, 
3.2, 21.935, 100.52, 63.16, 63.786, , 15.561, 0.972, 249.53, 249.53, 4.36, 372.055, 372.055, 372.055, 51.57, 77.061, 35.037, 35.668, 7.379, 11.821, 0, 0, 83.349, 85.757, 83.349, 85.757, 1, 86.443, 86.443, 0.025, 0.132, 98.208, 101.043, 98.208, 101.043, 5.772, 7.379, 11.821, , , 1, 2.521, 0, 0, 12.5, 4.36, 165, 0, 0, 0, 71, 21.244, 21.434, 100.126, 100.506, 100, 0, 0, 31.884, 30.884, 100, 4.415, 113.38, 0, 0, 114.188, 86.601, 0, 0, 0, 0, 0, 13.923, 0, 12.5, 0, 4.36, 165, 0, 0, 0, 71, 1, 0.021, 0.022, 100.126, 100.506, 100, 0, 0, 141, 31.884, 31.076, 100, 4.415, 0, 113.38, 0, 0, 114.188, 86.601, 0, 0, 0, 0, 
3.25, 21.932, 100.52, 63.16, 63.787, , 15.501, 0.972, 255.745, 255.745, 4.407, 370.648, 370.648, 370.648, 51.597, 73.592, 35.113, 35.441, 7.379, 11.775, 0, 0, 83.766, 86.186, 83.766, 86.186, 1, 87.198, 87.198, 0.025, 0.132, 97.782, 100.605, 97.782, 100.605, 5.812, 7.379, 11.775, , , 1, 2.57, 0, 0, 12.5, 4.407, 165, 0, 0, 0, 71, 21.344, 21.534, 99.586, 100.36, 100, 0, 0, 31.984, 30.984, 100, 4.411, 114.13, 0, 0, 114.888, 87.471, 0, 0, 0, 0, 0, 13.903, 0, 12.5, 0, 4.407, 165, 0, 0, 0, 71, 1, 0.021, 0.022, 99.586, 100.36, 100, 0, 0, 141, 31.984, 31.226, 100, 4.411, 0, 114.13, 0, 0, 114.888, 87.471, 0, 0, 0, 0, 
3.3, 21.928, 100.52, 63.16, 63.788, , 15.439, 0.972, 262.04, 262.04, 4.45, 369.215, 369.215, 369.215, 51.617, 70.122, 35.189, 35.214, 7.38, 11.723, 0, 0, 84.162, 86.593, 84.162, 86.593, 1, 87.958, 87.958, 0.025, 0.132, 97.37, 100.182, 97.37, 100.182, 5.885, 7.38, 11.723, , , 1, 2.621, 0, 0, 12.5, 4.45, 165, 0, 0, 0, 71, 21.35, 21.536, 99.342, 100.274, 100, 0, 0, 32, 31.087, 100, 4.41, 114.381, 0, 0, 115.088, 88.26, 0, 0, 0, 0, 0, 13.9, 0, 12.5, 0, 4.45, 165, 0, 0, 0, 71, 1, 0.021, 0.022, 99.342, 100.274, 100, 0, 0, 141, 32, 31.294, 100, 4.41, 0, 114.381, 0, 0, 115.088, 88.26, 0, 0, 0, 0, 
3.35, 21.925, 100.52, 63.16, 63.789, , 15.408, 0.972, 268.462, 268.462, 4.491, 368.489, 368.489, 368.489, 51.633, 66.652, 35.148, 35.06, 7.38, 11.669, 0, 0, 84.726, 87.174, 84.726, 87.174, 1, 88.711, 88.711, 0.025, 0.132, 97.148, 99.955, 97.148, 99.955, 5.958, 7.38, 11.669, , , 1, 2.671, 0, 0, 12.5, 4.491, 165, 0, 0, 0, 71, 21.337, 21.519, 99.155, 100.197, 100, 0, 0, 32, 31.191, 100, 4.41, 114.538, 0, 0, 115.192, 89.034, 0, 0, 0, 0, 0, 13.9, 0, 12.5, 0, 4.491, 165, 0, 0, 0, 71, 1, 0.021, 0.022, 99.155, 100.197, 100, 0, 0, 141, 32, 31.346, 100, 4.41, 0, 114.538, 0, 0, 115.192, 89.034, 0, 0, 0, 0, 
3.4, 21.922, 100.52, 63.16, 63.789, , 15.374, 0.972, 274.881, 274.881, 4.533, 367.713, 367.713, 367.713, 51.646, 63.182, 34.861, 35.06, 7.38, 11.615, 0, 0, 85.269, 87.732, 85.269, 87.732, 1, 89.474, 89.474, 0.025, 0.133, 96.919, 99.72, 96.919, 99.72, 6.031, 7.38, 11.615, , , 1, 2.721, 0, 0, 12.5, 4.533, 165, 0, 0, 0, 71, 21.325, 21.503, 98.968, 100.12, 100, 0, 0, 32, 31.295, 100, 4.41, 114.694, 0, 0, 115.296, 89.808, 0, 0, 0, 0, 0, 13.9, 0, 12.5, 0, 4.533, 165, 0, 0, 0, 71, 1, 0.021, 0.021, 98.968, 100.12, 100, 0, 0, 141, 32, 31.398, 100, 4.41, 0, 114.694, 0, 0, 115.296, 89.808, 0, 0, 0, 0, 
3.45, 21.92, 100.52, 63.16, 63.79, , 15.316, 0.972, 281.268, 281.268, 4.574, 366.372, 366.372, 366.372, 51.66, 59.713, 34.575, 35.06, 7.381, 11.578, 0, 0, 85.679, 88.154, 85.679, 88.154, 1, 90.229, 90.229, 0.025, 0.133, 96.54, 99.33, 96.54, 99.33, 6.103, 7.381, 11.578, , , 1, 2.771, 0, 0, 12.5, 4.574, 165, 0, 0, 0, 71, 21.312, 21.486, 98.78, 100.044, 100, 0, 0, 32, 31.398, 100, 4.41, 114.85, 0, 0, 115.4, 90.582, 0, 0, 0, 0, 0, 13.9, 0, 12.5, 0, 4.574, 165, 0, 0, 0, 71, 1, 0.021, 0.021, 98.78, 100.044, 100, 0, 0, 141, 32, 31.45, 100, 4.41, 0, 114.85, 0, 0, 115.4, 90.582, 0, 0, 0, 0, 
3.5, 21.919, 100.52, 63.16, 63.791, , 15.282, 0.972, 287.854, 287.854, 4.616, 365.579, 365.579, 365.579, 51.674, 56.243, 34.288, 35.06, 7.382, 11.549, 0, 0, 86.201, 88.691, 86.201, 88.691, 1, 90.976, 90.976, 0.025, 0.133, 96.308, 99.09, 96.308, 99.09, 6.176, 7.382, 11.549, , , 1, 2.82, 0, 0, 12.5, 4.616, 165, 0, 0, 0, 71, 21.299, 21.469, 98.6, 99.967, 100, 0, 0, 32.004, 31.502, 100, 4.41, 115, 0, 0, 115.504, 91.357, 0, 0, 0, 0, 0, 13.9, 0, 12.5, 0, 4.616, 165, 0, 0, 0, 71, 1, 0.021, 0.021, 98.6, 99.967, 100, 0, 0, 141, 32.004, 31.504, 100, 4.41, 0, 115, 0, 0, 115.504, 91.357, 0, 0, 0, 0, 
3.55, 21.918, 100.52, 63.16, 63.793, , 15.226, 0.972, 294.343, 294.343, 4.656, 364.278, 364.278, 364.278, 51.684, 52.773, 34.001, 35.06, 7.383, 11.535, 0, 0, 86.591, 89.093, 86.591, 89.093, 1, 91.723, 91.723, 0.025, 0.133, 95.946, 98.717, 95.946, 98.717, 6.249, 7.383, 11.535, , , 1, 2.871, 0, 0, 12.5, 4.656, 165, 0, 0, 0, 71, 21.257, 21.397, 98.6, 99.896, 100, 0, 0, 32.1, 31.598, 100, 4.41, 115, 0, 0, 115.6, 92.193, 0, 0, 0, 0, 0, 13.9, 0, 12.5, 0, 4.656, 165, 0, 0, 0, 71, 1, 0.021, 0.021, 98.6, 99.896, 100, 0, 0, 141, 32.1, 31.6, 100, 4.41, 0, 115, 0, 0, 115.6, 92.193, 0, 0, 0, 0, 
3.6, 21.918, 100.52, 63.16, 63.794, , 15.18, 0.972, 302.082, 302.082, 4.696, 363.218, 363.218, 363.218, 51.695, 53.949, 33.887, 35.093, 7.385, 11.53, 0, 0, 87.155, 89.673, 87.155, 89.673, 1, 92.475, 92.475, 0.025, 0.133, 95.64, 98.402, 95.64, 98.402, 6.321, 7.385, 11.53, , , 1, 2.921, 0, 0, 12.5, 4.696, 165, 0, 0, 0, 71, 21.215, 21.326, 98.6, 99.825, 100, 0, 0, 32.195, 31.694, 100, 4.41, 115, 0, 0, 115.696, 93.03, 0, 0, 0, 0, 0, 13.9, 0, 12.5, 0, 4.696, 165, 0, 0, 0, 71, 1, 0.021, 0.021, 98.6, 99.825, 100, 0, 0, 141, 32.195, 31.695, 100, 4.41, 0, 115, 0, 0, 115.696, 93.03, 0, 0, 0, 0, 
3.65, 21.917, 100.52, 63.16, 63.795, , 15.109, 0.972, 310.021, 310.021, 4.737, 361.564, 361.564, 361.564, 51.716, , 34.177, 35.202, 7.387, 11.535, 0, 0, 87.581, 90.11, 87.581, 90.11, 1, 93.473, 93.473, 0.025, 0.134, 95.172, 97.92, 95.172, 97.92, 6.394, 7.387, 11.535, , , 1, 2.971, 0, 0, 12.5, 4.737, 165, 0, 0, 0, 71, 21.172, 21.255, 98.6, 99.754, 100, 0, 0, 32.291, 31.79, 100, 4.41, 115, 0, 0, 115.792, 93.866, 0, 0, 0, 0, 0, 13.9, 0, 12.5, 0, 4.737, 165, 0, 0, 0, 71, 1, 0.021, 0.021, 98.6, 99.754, 100, 0, 0, 141, 32.291, 31.791, 100, 4.41, 0, 115, 0, 0, 115.792, 93.866, 0, 0, 0, 0, 
3.7, 21.916, 100.52, 63.16, 63.796, , 15.048, 0.972, 316.826, 316.826, 4.777, 360.143, 360.143, 360.143, 51.732, , 34.468, 35.31, 7.388, 11.545, 0, 0, 87.934, 90.474, 87.934, 90.474, 1, 94.206, 94.206, 0.025, 0.133, 94.767, 97.503, 94.767, 97.503, 6.419, 7.388, 11.545, , , 1, 3.02, 0, 0, 12.5, 4.777, 165, 0, 0, 0, 71, 21.13, 21.184, 98.6, 99.683, 100, 0, 0, 32.387, 31.887, 100, 4.41, 115, 0, 0, 115.888, 94.703, 0, 0, 0, 0, 0, 13.9, 0, 12.5, 0, 4.777, 165, 0, 0, 0, 71, 1, 0.021, 0.021, 98.6, 99.683, 100, 0, 0, 141, 32.387, 31.887, 100, 4.41, 0, 115, 0, 0, 115.888, 94.703, 0, 0, 0, 0, 
3.75, 21.915, 100.52, 63.16, 63.797, , 14.996, 0.972, 323.603, 323.603, 4.818, 358.935, 358.935, 358.935, 51.749, , 34.758, 35.419, 7.388, 11.552, 0, 0, 88.326, 90.878, 88.326, 90.878, 1, 94.948, 94.948, 0.025, 0.133, 94.416, 97.141, 94.416, 97.141, 6.442, 7.388, 11.552, , , 1, 3.071, 0, 0, 12.5, 4.818, 165, 0, 0, 0, 71, 21.088, 21.113, 98.6, 99.611, 100, 0, 0, 32.483, 31.983, 100, 4.41, 115, 0, 0, 115.985, 95.539, 0, 0, 0, 0, 0, 13.9, 0, 12.5, 0, 4.818, 165, 0, 0, 0, 71, 1, 0.021, 0.021, 98.6, 99.611, 100, 0, 0, 141, 32.483, 31.983, 100, 4.41, 0, 115, 0, 0, 115.985, 95.539, 0, 0, 0, 0, 
3.8, 21.915, 100.52, 63.16, 63.798, , 14.938, 0.972, 330.471, 330.471, 4.858, 357.569, 357.569, 357.569, 51.77, , 35.048, 35.528, 7.388, 11.556, 0, 0, 88.672, 91.232, 88.672, 91.232, 1, 95.684, 95.684, 0.025, 0.133, 94.019, 96.733, 94.019, 96.733, 6.466, 7.388, 11.556, , , 1, 3.121, 0, 0, 12.5, 4.858, 165, 0, 0, 0, 71, 21.057, 21.087, 98.304, 99.475, 100, 0, 0, 32.5, 32, 100, 4.413, 115.084, 0, 0, 116, 96.304, 0, 0, 0, 0, 0, 13.9, 0, 12.5, 0, 4.858, 165, 0, 0, 0, 71, 1, 0.021, 0.021, 98.304, 99.475, 100, 0, 0, 141, 32.5, 32, 100, 4.413, 0, 115.084, 0, 0, 116, 96.304, 0, 0, 0, 0, 
3.85, 21.914, 100.52, 63.16, 63.799, , 14.858, 0.972, 337.339, 337.339, 4.899, 355.712, 355.712, 355.712, 51.792, , 35.277, 35.563, 7.388, 11.558, 0, 0, 88.881, 91.447, 88.881, 91.447, 1, 96.414, 96.414, 0.025, 0.133, 93.492, 96.191, 93.492, 96.191, 6.489, 7.388, 11.558, , , 1, 3.17, 0, 0, 12.5, 4.899, 165, 0, 0, 0, 71, 21.029, 21.071, 97.942, 99.327, 100, 0, 0, 32.5, 32, 100, 4.417, 115.184, 0, 0, 116, 97.053, 0, 0, 0, 0, 0, 13.9, 0, 12.5, 0, 4.899, 165, 0, 0, 0, 71, 1, 0.021, 0.021, 97.942, 99.327, 100, 0, 0, 141, 32.5, 32, 100, 4.417, 0, 115.184, 0, 0, 116, 97.053, 0, 0, 0, 0, 
3.9, 21.913, 100.52, 63.16, 63.801, , 14.787, 0.972, 344.344, 344.344, 4.94, 354.04, 354.04, 354.04, 51.816, , 35.385, 35.455, 7.387, 11.559, 0, 0, 89.133, 91.706, 89.133, 91.706, 1, 97.143, 97.143, 0.025, 0.133, 93.01, 95.695, 93.01, 95.695, 6.526, 7.387, 11.559, , , 1, 3.221, 0, 0, 12.5, 4.94, 165, 0, 0, 0, 71, 21.001, 21.055, 97.581, 99.178, 100, 0, 0, 32.5, 32, 100, 4.421, 115.284, 0, 0, 116, 97.802, 0, 0, 0, 0, 0, 13.9, 0, 12.5, 0, 4.94, 165, 0, 0, 0, 71, 1, 0.021, 0.021, 97.581, 99.178, 100, 0, 0, 141, 32.5, 32, 100, 4.421, 0, 115.284, 0, 0, 116, 97.802, 0, 0, 0, 0, 
3.95, 21.912, 100.52, 63.16, 63.802, , 14.722, 0.972, 351.312, 351.312, 4.981, 352.535, 352.535, 352.535, 51.84, , 35.493, 35.347, 7.386, 11.556, 0, 0, 89.41, 91.992, 89.41, 91.992, 1, 97.87, 97.87, 0.025, 0.133, 92.571, 95.244, 92.571, 95.244, 6.568, 7.386, 11.556, , , 1, 3.271, 0, 0, 12.5, 4.981, 165, 0, 0, 0, 71, 20.973, 21.039, 97.219, 99.029, 100, 0, 0, 32.5, 32, 100, 4.425, 115.384, 0, 0, 116, 98.551, 0, 0, 0, 0, 0, 13.9, 0, 12.5, 0, 4.981, 165, 0, 0, 0, 71, 1, 0.021, 0.021, 97.219, 99.029, 100, 0, 0, 141, 32.5, 32, 100, 4.425, 0, 115.384, 0, 0, 116, 98.551, 0, 0, 0, 0, 
4, 21.911, 100.52, 63.16, 63.803, , 14.606, 0.972, 358.388, 358.388, 5.021, 349.797, 349.797, 349.797, 51.867, , 35.601, 35.239, 7.386, 11.55, 0, 0, 89.37, 91.95, 89.37, 91.95, 1, 98.59, 98.59, 0.025, 0.133, 91.806, 94.457, 91.806, 94.457, 6.609, 7.386, 11.55, , , 1, 3.32, 0, 0, 12.5, 5.021, 165, 0, 0, 0, 71, 20.944, 21.023, 96.858, 98.881, 100, 0, 0, 32.5, 32, 100, 4.429, 115.484, 0, 0, 116, 99.3, 0, 0, 0, 0, 0, 13.9, 0, 12.5, 0, 5.021, 165, 0, 0, 0, 71, 1, 0.021, 0.021, 96.858, 98.881, 100, 0, 0, 141, 32.5, 32, 100, 4.429, 0, 115.484, 0, 0, 116, 99.3, 0, 0, 0, 0, 
4.05, 21.911, 100.52, 63.16, 63.804, , 14.533, 0.972, 365.574, 365.574, 5.062, 348.093, 348.093, 348.093, 51.893, , 35.709, 35.131, 7.386, 11.538, 0, 0, 89.588, 92.175, 89.588, 92.175, 1, 99.306, 99.306, 0.025, 0.133, 91.311, 93.949, 91.311, 93.949, 6.651, 7.386, 11.538, , , 1, 3.371, 0, 0, 12.5, 5.062, 165, 0, 0, 0, 71, 20.953, 21.02, 96.498, 98.733, 100, 0, 0, 32.584, 32, 100, 4.43, 115.669, 0, 0, 116.084, 100.047, 0, 0, 0, 0, 0, 13.9, 0, 12.5, 0, 5.062, 165, 0, 0, 0, 71, 1, 0.021, 0.021, 96.498, 98.733, 100, 0, 0, 141, 32.584, 32, 100, 4.43, 0, 115.669, 0, 0, 116.084, 100.047, 0, 0, 0, 0, 
4.1, 21.91, 100.52, 63.16, 63.805, , 14.439, 0.972, 372.725, 372.725, 5.103, 345.874, 345.874, 345.874, 51.916, , 35.756, 35.072, 7.385, 11.519, 0, 0, 89.649, 92.238, 89.649, 92.238, 1, 100.017, 100.017, 0.025, 0.133, 90.689, 93.308, 90.689, 93.308, 6.698, 7.385, 11.519, , , 1, 3.421, 0, 0, 12.5, 5.103, 165, 0, 0, 0, 71, 20.969, 21.02, 96.138, 98.585, 100, 0, 0, 32.684, 32, 100, 4.43, 115.869, 0, 0, 116.185, 100.793, 0, 0, 0, 0, 0, 13.9, 0, 12.5, 0, 5.103, 165, 0, 0, 0, 71, 1, 0.021, 0.021, 96.138, 98.585, 100, 0, 0, 141, 32.684, 32, 100, 4.43, 0, 115.869, 0, 0, 116.185, 100.793, 0, 0, 0, 0, 
4.15, 21.909, 100.52, 63.16, 63.806, , 14.344, 0.972, 380.022, 380.022, 5.143, 343.664, 343.664, 343.664, 51.935, , 35.684, 35.108, 7.383, 11.492, 0, 0, 89.712, 92.304, 89.712, 92.304, 1, 100.729, 100.729, 0.025, 0.133, 90.075, 92.677, 90.075, 92.677, 6.75, 7.383, 11.492, , , 1, 3.471, 0, 0, 12.5, 5.143, 165, 0, 0, 0, 71, 20.985, 21.02, 95.778, 98.437, 100, 0, 0, 32.784, 32, 100, 4.43, 116.07, 0, 0, 116.285, 101.539, 0, 0, 0, 0, 0, 13.9, 0, 12.5, 0, 5.143, 165, 0, 0, 0, 71, 1, 0.021, 0.021, 95.778, 98.437, 100, 0, 0, 141, 32.784, 32, 100, 4.43, 0, 116.07, 0, 0, 116.285, 101.539, 0, 0, 0, 0, 
4.2, 21.908, 100.52, 63.16, 63.807, , 14.252, 0.972, 387.318, 387.318, 5.184, 341.5, 341.5, 341.5, 51.951, , 35.612, 35.144, 7.382, 11.456, 0, 0, 89.771, 92.366, 89.771, 92.366, 1, 101.434, 101.434, 0.025, 0.133, 89.48, 92.065, 89.48, 92.065, 6.802, 7.382, 11.456, , , 1, 3.521, 0, 0, 12.5, 5.184, 165, 0, 0, 0, 71, 21.001, 21.02, 95.418, 98.289, 100, 0, 0, 32.884, 32, 100, 4.43, 116.271, 0, 0, 116.386, 102.285, 0, 0, 0, 0, 0, 13.9, 0, 12.5, 0, 5.184, 165, 0, 0, 0, 71, 1, 0.021, 0.021, 95.418, 98.289, 100, 0, 0, 141, 32.884, 32, 100, 4.43, 0, 116.271, 0, 0, 116.386, 102.285, 0, 0, 0, 0, 
4.25, 21.908, 100.52, 63.16, 63.809, , 14.154, 0.972, 394.615, 394.615, 5.224, 339.192, 339.192, 339.192, 51.963, , 35.54, 35.18, 7.381, 11.414, 0, 0, 89.773, 92.368, 89.773, 92.368, 1, 102.129, 102.129, 0.025, 0.133, 88.854, 91.42, 88.854, 91.42, 6.854, 7.381, 11.414, , , 1, 3.572, 0, 0, 12.5, 5.224, 165, 0, 0, 0, 71, 21.017, 21.02, 95.058, 98.141, 100, 0, 0, 32.984, 32, 100, 4.43, 116.472, 0, 0, 116.486, 103.031, 0, 0, 0, 0, 0, 13.9, 0, 12.5, 0, 5.224, 165, 0, 0, 0, 71, 1, 0.021, 0.021, 95.058, 98.141, 100, 0, 0, 141, 32.984, 32, 100, 4.43, 0, 116.472, 0, 0, 116.486, 103.031, 0, 0, 0, 0, 
4.3, 21.907, 100.52, 63.16, 63.81, , 14.023, 0.972, 401.997, 401.997, 5.278, 336.123, 336.123, 336.123, 51.973, , 35.469, 35.216, 7.38, 11.366, 0, 0, 89.565, 92.154, 89.565, 92.154, 1, 102.827, 102.827, 0.025, 0.133, 88.032, 90.574, 88.032, 90.574, 6.9, 7.38, 11.366, , , 1, 3.621, 0, 0, 12.5, 5.278, 165, 0, 0, 0, 71, 20.899, 20.912, 94.849, 97.898, 100, 0, 0, 33.21, 32.042, 100, 4.427, 116.156, 0, 0, 116.156, 103.984, 0, 0, 0, 0, 0, 13.9, 0, 12.5, 0, 5.278, 165, 0, 0, 0, 71, 1, 0.021, 0.021, 94.849, 97.898, 100, 0, 0, 141, 33.21, 32.042, 100, 4.427, 0, 116.156, 0, 0, 116.156, 103.984, 0, 0, 0, 0, 
4.35, 21.906, 100.52, 63.16, 63.811, , 13.971, 0.972, 409.501, 409.501, 5.335, 334.904, 334.904, 334.904, 51.988, , 35.408, 35.298, 7.379, 11.321, 0, 0, 89.846, 92.441, 89.846, 92.441, 1, 103.512, 103.512, 0.025, 0.133, 87.688, 90.221, 87.688, 90.221, 6.926, 7.379, 11.321, , , 1, 3.671, 0, 0, 12.5, 5.335, 165, 0, 0, 0, 71, 20.755, 20.784, 94.669, 97.64, 100, 0, 0, 33.46, 32.092, 100, 4.423, 115.756, 0, 0, 115.756, 104.977, 0, 0, 0, 0, 0, 13.9, 0, 12.5, 0, 5.335, 165, 0, 0, 0, 71, 1, 0.021, 0.021, 94.669, 97.64, 100, 0, 0, 141, 33.46, 32.092, 100, 4.423, 0, 115.756, 0, 0, 115.756, 104.977, 0, 0, 0, 0, 
4.4, 21.905, 100.52, 63.16, 63.812, , 13.899, 0.972, 416.91, 416.91, 5.391, 333.215, 333.215, 333.215, 52.006, , 35.372, 35.479, 7.379, 11.28, 0, 0, 89.981, 92.578, 89.981, 92.578, 1, 104.202, 104.202, 0.025, 0.133, 87.215, 89.735, 87.215, 89.735, 6.952, 7.379, 11.28, , , 1, 3.721, 0, 0, 12.5, 5.391, 165, 0, 0, 0, 71, 20.611, 20.656, 94.489, 97.382, 100, 0, 0, 33.71, 32.142, 100, 4.419, 115.356, 0, 0, 115.356, 105.97, 0, 0, 0, 0, 0, 13.9, 0, 12.5, 0, 5.391, 165, 0, 0, 0, 71, 1, 0.021, 0.021, 94.489, 97.382, 100, 0, 0, 141, 33.71, 32.142, 100, 4.419, 0, 115.356, 0, 0, 115.356, 105.97, 0, 0, 0, 0, 
4.45, 21.905, 100.52, 63.16, 63.813, , 13.809, 0.972, 424.503, 424.503, 5.447, 331.126, 331.126, 331.126, 52.029, , 35.336, 35.659, 7.379, 11.252, 0, 0, 90.006, 92.602, 90.006, 92.602, 1, 104.882, 104.882, 0.025, 0.133, 86.63, 89.134, 86.63, 89.134, 6.977, 7.379, 11.252, , , 1, 3.772, 0, 0, 12.5, 5.447, 165, 0, 0, 0, 71, 20.467, 20.528, 94.309, 97.124, 100, 0, 0, 33.96, 32.192, 100, 4.415, 114.956, 0, 0, 114.956, 106.963, 0, 0, 0, 0, 0, 13.9, 0, 12.5, 0, 5.447, 165, 0, 0, 0, 71, 1, 0.021, 0.021, 94.309, 97.124, 100, 0, 0, 141, 33.96, 32.192, 100, 4.415, 0, 114.956, 0, 0, 114.956, 106.963, 0, 0, 0, 0, 
4.5, 21.904, 100.52, 63.16, 63.814, , 13.745, 0.972, 432.201, 432.201, 5.504, 329.618, 329.618, 329.618, 52.056, , 35.3, 35.84, 7.38, 11.238, 0, 0, 90.184, 92.786, 90.184, 92.786, 1, 105.561, 105.561, 0.025, 0.133, 86.191, 88.684, 86.191, 88.684, 7.004, 7.38, 11.238, , , 1, 3.821, 0, 0, 12.5, 5.504, 165, 0, 0, 0, 71, 20.323, 20.4, 94.129, 96.866, 100, 0, 0, 34.21, 32.242, 100, 4.411, 114.556, 0, 0, 114.556, 107.956, 0, 0, 0, 0, 0, 13.9, 0, 12.5, 0, 5.504, 165, 0, 0, 0, 71, 1, 0.021, 0.021, 94.129, 96.866, 100, 0, 0, 141, 34.21, 32.242, 100, 4.411, 0, 114.556, 0, 0, 114.556, 107.956, 0, 0, 0, 0, 
4.55, 21.903, 100.52, 63.16, 63.815, , 13.663, 0.972, 442.093, 442.093, 5.528, 327.702, 327.702, 327.702, 52.091, , 35.264, 36.021, 7.38, 11.238, 0, 0, 90.395, 93.003, 90.395, 93.003, 1, 106.438, 106.438, 0.025, 0.133, 85.635, 88.11, 85.635, 88.11, 7.034, 7.38, 11.238, , , 1, 3.871, 0, 0, 12.5, 5.528, 165, 0, 0, 0, 71, 20.184, 20.278, 93.942, 96.731, 100, 0, 0, 34.294, 32.294, 100, 4.41, 114.052, 0, 0, 114.052, 108.441, 0, 0, 0, 0, 0, 13.9, 0, 12.5, 0, 5.528, 165, 0, 0, 0, 71, 1, 0.02, 0.02, 93.942, 96.731, 100, 0, 0, 141, 34.294, 32.294, 100, 4.41, 0, 114.052, 0, 0, 114.052, 108.441, 0, 0, 0, 0, 
4.6, 21.902, 100.52, 63.16, 63.817, , 13.61, 0.972, 449.826, 449.826, 5.548, 326.486, 326.486, 326.486, 52.111, , 35.313, 36.14, 7.38, 11.26, 0, 0, 90.64, 93.256, 90.64, 93.256, 1, 107.116, 107.116, 0.024, 0.133, 85.287, 87.751, 85.287, 87.751, 7.065, 7.38, 11.26, , , 1, 3.92, 0, 0, 12.5, 5.548, 165, 0, 0, 0, 71, 20.046, 20.158, 93.754, 96.617, 100, 0, 0, 34.346, 32.346, 100, 4.41, 113.531, 0, 0, 113.531, 108.83, 0, 0, 0, 0, 0, 13.9, 0, 12.5, 0, 5.548, 165, 0, 0, 0, 71, 1, 0.02, 0.02, 93.754, 96.617, 100, 0, 0, 141, 34.346, 32.346, 100, 4.41, 0, 113.531, 0, 0, 113.531, 108.83, 0, 0, 0, 0, 
4.65, 21.902, 100.52, 63.16, 63.818, , 13.541, 0.972, 457.504, 457.504, 5.567, 324.86, 324.86, 324.86, 52.123, , 35.529, 36.14, 7.38, 11.296, 0, 0, 90.745, 93.365, 90.745, 93.365, 1, 107.773, 107.773, 0.024, 0.133, 84.841, 87.292, 84.841, 87.292, 7.095, 7.38, 11.296, , , 1, 3.97, 0, 0, 12.5, 5.567, 165, 0, 0, 0, 71, 19.908, 20.037, 93.565, 96.502, 100, 0, 0, 34.399, 32.399, 100, 4.41, 113.01, 0, 0, 113.01, 109.218, 0, 0, 0, 0, 0, 13.9, 0, 12.5, 0, 5.567, 165, 0, 0, 0, 71, 1, 0.02, 0.02, 93.565, 96.502, 100, 0, 0, 141, 34.399, 32.399, 100, 4.41, 0, 113.01, 0, 0, 113.01, 109.218, 0, 0, 0, 0, 
4.7, 21.901, 100.52, 63.16, 63.819, , 13.512, 0.972, 465.39, 465.39, 5.587, 324.19, 324.19, 324.19, 52.13, , 35.745, 36.14, 7.38, 11.353, 0, 0, 91.121, 93.753, 91.121, 93.753, 1, 108.451, 108.451, 0.024, 0.133, 84.656, 87.101, 84.656, 87.101, 7.125, 7.38, 11.353, , , 1, 4.021, 0, 0, 12.5, 5.587, 165, 0, 0, 0, 71, 19.77, 19.916, 93.377, 96.388, 100, 0, 0, 34.451, 32.451, 100, 4.41, 112.49, 0, 0, 112.49, 109.607, 0, 0, 0, 0, 0, 13.9, 0, 12.5, 0, 5.587, 165, 0, 0, 0, 71, 1, 0.02, 0.02, 93.377, 96.388, 100, 0, 0, 141, 34.451, 32.451, 100, 4.41, 0, 112.49, 0, 0, 112.49, 109.607, 0, 0, 0, 0, 
4.75, 21.9, 100.52, 63.16, 63.82, , 13.503, 0.972, 473.227, 473.227, 5.607, 324.003, 324.003, 324.003, 52.129, , 35.961, 36.14, 7.38, 11.418, 0, 0, 91.625, 94.271, 91.625, 94.271, 1, 109.111, 109.111, 0.024, 0.133, 84.61, 87.053, 84.61, 87.053, 7.186, 7.38, 11.418, , , 1, 4.071, 0, 0, 12.5, 5.607, 165, 0, 0, 0, 71, 19.623, 19.789, 93.2, 96.271, 100, 0, 0, 34.506, 32.506, 100, 4.41, 111.916, 0, 0, 111.922, 110.01, 0, 0, 0, 0, 0, 13.9, 0, 12.5, 0, 5.607, 165, 0, 0, 0, 71, 1, 0.02, 0.02, 93.2, 96.271, 100, 0, 0, 141, 34.506, 32.506, 100, 4.41, 0, 111.916, 0, 0, 111.922, 110.01, 0, 0, 0, 0, 
4.8, , 100.52, 63.16, , , 13.445, 0.972, 481.167, 481.167, 5.641, 322.653, 322.653, 322.653, 52.122, , 36.177, 36.14, 7.38, 11.497, 0, 0, 91.797, 94.45, 91.797, 94.45, 1, 109.779, 109.779, 0.024, 0.133, 84.267, 86.702, 84.267, 86.702, 7.249, 7.38, 11.497, , , 1, 4.121, 0, 0, 12.5, 5.641, 165, 0, 0, 0, 71, 19.342, 19.521, 93.2, 96.123, 100, 0, 0, 34.606, 32.606, 100, 4.41, 110.516, 0, 0, 110.622, 110.756, 0, 0, 0, 0, 0, 13.9, 0, 12.5, 0, 5.641, 165, 0, 0, 0, 71, 1, 0.02, 0.02, 93.2, 96.123, 100, 0, 0, 141, 34.606, 32.606, 100, 4.41, 0, 110.516, 0, 0, 110.622, 110.756, 0, 0, 0, 0, 
4.85, , 100.52, 63.16, , , 13.38, 0.972, 489.062, 489.062, 5.676, 321.147, 321.147, 321.147, 52.114, , 36.259, 36.213, 7.38, 11.584, 0, 0, 91.911, 94.567, 91.911, 94.567, 1, 110.442, 110.442, 0.024, 0.133, 83.885, 86.308, 83.885, 86.308, 7.311, 7.38, 11.584, , , 1, 4.171, 0, 0, 12.5, 5.676, 165, 0, 0, 0, 71, 19.061, 19.253, 93.2, 95.975, 100, 0, 0, 34.705, 32.705, 100, 4.41, 109.116, 0, 0, 109.322, 111.502, 0, 0, 0, 0, 0, 13.9, 0, 12.5, 0, 5.676, 165, 0, 0, 0, 71, 1, 0.019, 0.019, 93.2, 95.975, 100, 0, 0, 141, 34.705, 32.705, 100, 4.41, 0, 109.116, 0, 0, 109.322, 111.502, 0, 0, 0, 0, 
4.9, , 100.52, 63.16, , , 13.277, 0.972, 497.114, 497.114, 5.71, 318.737, 318.737, 318.737, 52.108, , 36.079, 36.429, 7.379, 11.688, 0, 0, 91.765, 94.417, 91.765, 94.417, 1, 111.091, 111.091, 0.024, 0.133, 83.265, 85.671, 83.265, 85.671, 7.374, 7.379, 11.688, , , 1, 4.221, 0, 0, 12.5, 5.71, 165, 0, 0, 0, 71, 18.781, 18.985, 93.2, 95.827, 100, 0, 0, 34.805, 32.805, 100, 4.41, 107.716, 0, 0, 108.022, 112.248, 0, 0, 0, 0, 0, 13.9, 0, 12.5, 0, 5.71, 165, 0, 0, 0, 71, 1, 0.019, 0.019, 93.2, 95.827, 100, 0, 0, 141, 34.805, 32.805, 100, 4.41, 0, 107.716, 0, 0, 108.022, 112.248, 0, 0, 0, 0, 
4.95, , 100.52, 63.16, , , 13.23, 0.972, 505.165, 505.165, 5.745, 317.639, 317.639, 317.639, 52.1, , 35.899, 36.645, 7.379, 11.797, 0, 0, 91.987, 94.644, 91.987, 94.644, 1, 111.744, 111.744, 0.024, 0.133, 82.99, 85.389, 82.99, 85.389, 7.418, 7.379, 11.797, , , 1, 4.271, 0, 0, 12.5, 5.745, 165, 0, 0, 0, 71, 18.5, 18.717, 93.2, 95.679, 100, 0, 0, 34.904, 32.904, 100, 4.41, 106.316, 0, 0, 106.722, 112.994, 0, 0, 0, 0, 0, 13.9, 0, 12.5, 0, 5.745, 165, 0, 0, 0, 71, 1, 0.018, 0.018, 93.2, 95.679, 100, 0, 0, 141, 34.904, 32.904, 100, 4.41, 0, 106.316, 0, 0, 106.722, 112.994, 0, 0, 0, 0, 
5, , 100.52, 63.16, , , 13.133, 0.972, 513.217, 513.217, 5.78, 315.363, 315.363, 315.363, 52.093, , 35.719, 36.861, 7.378, 11.918, 0, 0, 91.861, 94.514, 91.861, 94.514, 1, 112.402, 112.402, 0.024, 0.133, 82.407, 84.789, 82.407, 84.789, 7.458, 7.378, 11.918, , , 1, 4.321, 0, 0, 12.5, 5.78, 165, 0, 0, 0, 71, 18.154, 18.445, 93.179, 95.523, 100, 0, 0, 35.008, 33.01, 100, 4.41, 104.882, 0, 0, 105.385, 113.741, 0, 0, 0, 0, 0, 13.9, 0, 12.5, 0, 5.78, 165, 0, 0, 0, 71, 1, 0.018, 0.018, 93.179, 95.523, 100, 0, 0, 141, 35.008, 33.01, 100, 4.41, 0, 104.882, 0, 0, 105.385, 113.741, 0, 0, 0, 0, 
5.05, , 100.52, 63.16, , , 13.063, 0.972, 521.43, 521.43, 5.831, 313.73, 313.73, 313.73, 52.089, , 35.539, 37.077, 7.378, 12.045, 0, 0, 91.914, 94.569, 91.914, 94.569, 1, 113.042, 113.042, 0.024, 0.133, 81.987, 84.357, 81.987, 84.357, 7.497, 7.378, 12.045, , , 1, 4.371, 0, 0, 12.5, 5.831, 165, 0, 0, 0, 71, 16.26, 18.076, 92.66, 95.238, 100, 0, 0, 35.2, 33.25, 100, 4.41, 102.911, 0, 0, 103.462, 114.518, 0, 0, 0, 0, 0, 13.9, 0, 12.5, 0, 5.831, 165, 0, 0, 0, 71, 1, 0.016, 0.018, 92.66, 95.238, 100, 0, 0, 141, 35.2, 33.25, 100, 4.41, 0, 102.911, 0, 0, 103.462, 114.518, 0, 0, 0, 0, 
5.1, , 100.52, 63.16, , , 12.988, 0.972, 529.642, 529.642, 5.882, 311.968, 311.968, 311.968, 52.093, , 35.372, 37.111, 7.378, 12.187, 0, 0, 91.919, 94.572, 91.919, 94.572, 1, 113.684, 113.684, 0.024, 0.133, 81.52, 83.877, 81.52, 83.877, 7.536, 7.378, 12.187, , , 1, 4.421, 0, 0, 12.5, 5.882, 165, 0, 0, 0, 71, 14.366, 17.707, 92.141, 94.954, 100, 0, 0, 35.392, 33.49, 100, 4.41, 100.939, 0, 0, 101.538, 115.295, 0, 0, 0, 0, 0, 13.9, 0, 12.5, 0, 5.882, 165, 0, 0, 0, 71, 1, 0.014, 0.017, 92.141, 94.954, 100, 0, 0, 141, 35.392, 33.49, 100, 4.41, 0, 100.939, 0, 0, 101.538, 115.295, 0, 0, 0, 0, 
5.15, , 100.52, 63.16, , , 12.912, 0.972, 537.884, 537.884, 5.933, 310.185, 310.185, 310.185, 52.107, , 35.229, 36.791, 7.378, 12.327, 0, 0, 91.906, 94.558, 91.906, 94.558, 1, 114.329, 114.329, 0.025, 0.133, 81.035, 83.377, 81.035, 83.377, 7.559, 7.378, 12.327, , , 1, 4.471, 0, 0, 12.5, 5.933, 165, 0, 0, 0, 71, 12.472, 17.338, 91.622, 94.669, 100, 0, 0, 35.585, 33.731, 100, 4.41, 98.968, 0, 0, 99.615, 116.072, 0, 0, 0, 0, 0, 13.9, 0, 12.5, 0, 5.933, 165, 0, 0, 0, 71, 1, 0.012, 0.017, 91.622, 94.669, 100, 0, 0, 141, 35.585, 33.731, 100, 4.41, 0, 98.968, 0, 0, 99.615, 116.072, 0, 0, 0, 0, 
5.2, , 100.52, 63.16, , , 12.805, 0.972, 546.223, 546.223, 5.984, 307.679, 307.679, 307.679, 52.13, , 35.087, 36.471, 7.38, 12.46, 0, 0, 91.671, 94.317, 91.671, 94.317, 1, 114.967, 114.967, 0.025, 0.133, 80.345, 82.667, 80.345, 82.667, 7.566, 7.38, 12.46, , , 1, 4.521, 0, 0, 12.5, 5.984, 165, 0, 0, 0, 71, 10.577, 16.968, 91.102, 94.384, 100, 0, 0, 35.777, 33.971, 100, 4.41, 96.997, 0, 0, 97.692, 116.849, 0, 0, 0, 0, 0, 13.9, 0, 12.5, 0, 5.984, 165, 0, 0, 0, 71, 1, 0.011, 0.017, 91.102, 94.384, 100, 0, 0, 141, 35.777, 33.971, 100, 4.41, 0, 96.997, 0, 0, 97.692, 116.849, 0, 0, 0, 0, 
5.25, , 100.52, 63.16, , , 11.35, 0.972, 554.562, 554.562, 6.035, 273.196, 273.196, 273.196, 52.175, , 34.945, 36.151, 7.381, 12.606, 0, 0, 81.725, 84.084, 81.725, 84.084, 1, 115.571, 115.571, 0.025, 0.134, 71.302, 73.362, 71.302, 73.362, 7.572, 7.381, 12.606, , , 1, 4.571, 0, 0, 12.5, 6.035, 165, 0, 0, 0, 71, 8.683, 16.599, 90.583, 94.1, 100, 0, 0, 35.969, 34.212, 100, 4.41, 95.026, 0, 0, 95.769, 117.626, 0, 0, 0, 0, 0, 13.9, 0, 12.5, 0, 6.035, 165, 0, 0, 0, 71, 1, 0.009, 0.017, 90.583, 94.1, 100, 0, 0, 141, 35.969, 34.212, 100, 4.41, 0, 95.026, 0, 0, 95.769, 117.626, 0, 0, 0, 0, 
5.3, , 100.52, 63.16, , , 9.33, 0.972, 562.902, 562.902, 6.058, 225.29, 225.29, 225.29, 52.221, , 34.802, 35.831, 7.383, 12.788, 0, 0, 67.62, 69.571, 67.62, 69.571, 1, 116.082, 116.082, 0.025, 0.134, 67.216, 69.158, 67.216, 69.158, 7.578, 7.383, 12.788, , , 1, 4.621, 0, 0, 12.5, 6.058, 165, 0, 0, 0, 71, 6.914, 16.453, 90.342, 93.927, 100, 0, 0, 36, 34.294, 100, 4.41, 94.257, 0, 0, 95.052, 117.913, 0, 0, 0, 0, 0, 13.9, 0, 12.5, 0, 6.058, 165, 0, 0, 0, 71, 1, 0.007, 0.016, 90.342, 93.927, 100, 0, 0, 141, 36, 34.294, 100, 4.41, 0, 94.257, 0, 0, 95.052, 117.913, 0, 0, 0, 0, 
5.35, , 100.52, 63.16, , , 7.443, 0.972, 571.297, 571.297, 6.077, 180.54, 180.54, 180.54, 52.251, , 34.68, 35.58, 7.384, 13.06, 0, 0, 54.376, 55.946, 54.376, 55.946, 1, 116.498, 116.498, 0.025, 0.134, 62.993, 64.813, 62.993, 64.813, 7.583, 7.384, 13.06, , , 1, 4.67, 0, 0, 12.5, 6.077, 165, 0, 0, 0, 71, 5.168, 16.348, 90.154, 93.773, 100, 0, 0, 36, 34.346, 100, 4.41, 93.684, 0, 0, 94.531, 118.106, 0, 0, 0, 0, 0, 13.9, 0, 12.5, 0, 6.077, 165, 0, 0, 0, 71, 1, 0.005, 0.016, 90.154, 93.773, 100, 0, 0, 141, 36, 34.346, 100, 4.41, 0, 93.684, 0, 0, 94.531, 118.106, 0, 0, 0, 0, 
5.4, , 100.52, 63.16, , , 5.567, 0.972, 579.772, 579.772, 6.096, 136.034, 136.034, 136.034, 52.29, , 34.607, 35.507, 7.384, 13.616, 0, 0, 41.113, 42.3, 41.113, 42.3, 1, 116.818, 116.818, 0.025, 0.134, 55.089, 56.681, 55.089, 56.681, 7.584, 7.384, 13.616, , , 1, 4.72, 0, 0, 12.5, 6.096, 165, 0, 0, 0, 71, 3.422, 16.244, 89.965, 93.619, 100, 0, 0, 36, 34.398, 100, 4.41, 93.111, 0, 0, 94.01, 118.3, 0, 0, 0, 0, 0, 13.9, 0, 12.5, 0, 6.096, 165, 0, 0, 0, 71, 1, 0.003, 0.016, 89.965, 93.619, 100, 0, 0, 141, 36, 34.399, 100, 4.41, 0, 93.111, 0, 0, 94.01, 118.3, 0, 0, 0, 0, 
5.45, , 100.52, 63.16, , , 3.717, 0.972, 588.421, 588.421, 6.115, 92.154, 92.154, 92.154, 52.354, , 34.534, 35.434, 7.384, 14.275, 0, 0, 27.948, 28.754, 27.948, 28.754, 1, 117.048, 117.048, 0.025, 0.134, 33.85, 34.825, 33.85, 34.825, 7.585, 7.384, 14.275, , , 1, 4.771, 0, 0, 12.5, 6.115, 165, 0, 0, 0, 71, 1.676, 16.14, 89.777, 93.465, 100, 0, 0, 36, 34.45, 100, 4.41, 92.539, 0, 0, 93.49, 118.494, 0, 0, 0, 0, 0, 13.9, 0, 12.5, 0, 6.115, 165, 0, 0, 0, 71, 1, 0.002, 0.016, 89.777, 93.465, 100, 0, 0, 141, 36, 34.451, 100, 4.41, 0, 92.539, 0, 0, 93.49, 118.494, 0, 0, 0, 0, 
5.5, , 100.52, 63.16, , , 3.108, 0.972, 596.896, 596.896, , 77.716, 77.716, 77.716, , , 34.461, 35.361, 7.382, 15.254, 0, 0, 23.609, 24.291, 23.609, 24.291, 1, 117.215, 117.215, 0.025, 0.134, , , , , 7.586, 7.382, 15.254, , , 1, 4.821, , , , , , , , , , , , , , , , , , , , , , , , , , , , , , , , , , , , , , , , , , , , , , , , , , , , , , , , , , , , , , , , 
5.55, , 100.52, 63.16, , , 3.165, 0.972, 603.932, 603.932, , 79.072, 79.072, 79.072, , , 34.388, 35.288, 7.381, 16.168, 0, 0, 24.035, 24.73, 24.035, 24.73, 1, 117.323, 117.323, , , , , , , , 7.381, 16.168, , , 1, 4.852, , , , , , , , , , , , , , , , , , , , , , , , , , , , , , , , , , , , , , , , , , , , , , , , , , , , , , , , , , , , , , , , 
5.6, , 100.52, 63.16, , , 3.098, 0.972, 608.225, 608.225, , 77.499, 77.499, 77.499, , , , , 7.38, 16.825, 0, 0, 23.574, 24.256, 23.574, 24.256, 1, 117.407, 117.407, , , , , , , , 7.38, 16.825, , , 1, 4.877, , , , , , , , , , , , , , , , , , , , , , , , , , , , , , , , , , , , , , , , , , , , , , , , , , , , , , , , , , , , , , , , 
5.65, , , , , , 2.931, , 612.549, 612.549, , 73.533, 73.533, 73.533, , , , , 7.378, 17.491, 0, 0, 22.382, 23.031, 22.382, 23.031, 1, 117.489, 117.489, , , , , , , , 7.378, 17.491, , , 1, 4.902, , , , , , , , , , , , , , , , , , , , , , , , , , , , , , , , , , , , , , , , , , , , , , , , , , , , , , , , , , , , , , , , 
5.7, , , , , , 2.298, , 616.872, 616.872, , 58.516, 58.516, 58.516, , , , , 7.378, 18.202, , , 17.823, 18.341, 17.823, 18.341, , 117.563, 117.563, , , , , , , , 7.378, 18.202, , , , 4.927, , , , , , , , , , , , , , , , , , , , , , , , , , , , , , , , , , , , , , , , , , , , , , , , , , , , , , , , , , , , , , , , 
