Time, (DWRT ATMO) Humidity, (DWRT ATMO) Pressure, (DWRT ATMO) Temperature 1, (DWRT ATMO) Temperature 2, (DWRT CPU) ????????????????????????????????????????????????????????????????, (DWRT CPU) Acceleration, (DWRT CPU) Correction Factor, (DWRT CPU) Distance, (DWRT CPU) Distance 1, (DWRT CPU) Engine RPM, (DWRT CPU) Force, (DWRT CPU) Force 1, (DWRT CPU) Force Drum 1, (DWRT CPU) Gear Ratio, (DWRT CPU) Inductive 1 Signal Strength, (DWRT CPU) Inductive 2 Signal Strength, (DWRT CPU) Internal Temp 1, (DWRT CPU) Internal Temp 2, (DWRT CPU) LC1 Volts Petrol AFR, (DWRT CPU) LC2 Volts Petrol AFR2, (DWRT CPU) Link 0 Status, (DWRT CPU) Link 1 Status, (DWRT CPU) Power, (DWRT CPU) Power (uncorrected), (DWRT CPU) Power Drum 1, (DWRT CPU) Power Drum 1 (uncorrected), (DWRT CPU) Sampling, (DWRT CPU) Speed, (DWRT CPU) Speed 1, (DWRT CPU) TCP RX kB/s, (DWRT CPU) TCP TX kB/s, (DWRT CPU) Torque, (DWRT CPU) Torque (uncorrected), (DWRT CPU) Torque Drum 1, (DWRT CPU) Torque Drum 1 (uncorrected), (DWRT CPU) UDP RX kB/s, (DWRT CPU) User Analog 1, (DWRT CPU) User Analog 2, (DWRT CPU) User Analog 3, (DWRT CPU) User Analog 4, (Gen) Sampling, (Gen) Sampling Duration, (Harley - ECU Type 14 SW Level 141) Accel Enrichment, (Harley - ECU Type 14 SW Level 141) Decel Enleanment, (Harley - ECU Type 14 SW Level 141) Desired Air/Fuel, (Harley - ECU Type 14 SW Level 141) Engine Speed, (Harley - ECU Type 14 SW Level 141) Engine Temperature, (Harley - ECU Type 14 SW Level 141) Front Adaptive Fuel Factor, (Harley - ECU Type 14 SW Level 141) Front Closed Loop Integrator, (Harley - ECU Type 14 SW Level 141) Front Spark Knock Retard, (Harley - ECU Type 14 SW Level 141) Idle Air Control Motor Position, (Harley - ECU Type 14 SW Level 141) Injector Time Front, (Harley - ECU Type 14 SW Level 141) Injector Time Rear, (Harley - ECU Type 14 SW Level 141) Intake Air Temperature, (Harley - ECU Type 14 SW Level 141) Manifold Absolute Pressure, (Harley - ECU Type 14 SW Level 141) Rear Adaptive Fuel Factor, (Harley - ECU Type 14 SW Level 141) Rear Closed Loop Integrator, (Harley - ECU Type 14 SW Level 141) Rear Spark Knock Retard, (Harley - ECU Type 14 SW Level 141) Spark Advance Front, (Harley - ECU Type 14 SW Level 141) Spark Advance Rear, (Harley - ECU Type 14 SW Level 141) Throttle Position, (Harley - ECU Type 14 SW Level 141) Throttle Position Sensor Voltage, (Harley - ECU Type 14 SW Level 141) VE Front, (Harley - ECU Type 14 SW Level 141) VE New Front, (Harley - ECU Type 14 SW Level 141) VE New Rear, (Harley - ECU Type 14 SW Level 141) VE Rear, (Harley - ECU Type 14 SW Level 141) Vehicle Speed, (Harley - ECU Type 14 SW Level 141) WBO2 AFR Front, (Harley - ECU Type 14 SW Level 141) WBO2 AFR Rear, (PV) Accel Enrichment, (PV) AT Lambda 1, (PV) AT Lambda 2, (PV) Battery Voltage, (PV) Decel Enleanment, (PV) Desired Air/Fuel, (PV) Desired Lambda, (PV) Engine Speed, (PV) Engine Temperature, (PV) Front Adaptive Fuel Factor, (PV) Front Closed Loop Integrator, (PV) Front Spark Knock Retard, (PV) Idle Air Control Motor Position, (PV) Idle Set Speed, (PV) Injector Time Front, (PV) Injector Time Rear, (PV) Intake Air Temperature, (PV) Manifold Absolute Pressure, (PV) Rear Adaptive Fuel Factor, (PV) Rear Closed Loop Integrator, (PV) Rear Spark Knock Retard, (PV) Software Level, (PV) Spark Advance Front, (PV) Spark Advance Rear, (PV) Throttle Position, (PV) Throttle Position Sensor, (PV) Twistgrip Position, (PV) VE Front, (PV) VE New Front, (PV) VE New Rear, (PV) VE Rear, (PV) Vehicle Speed, (PV) Warm-up Fuel AFR (Lambda), (PV) Warm-up Fuel AFR (Ratio), (PV) WBO2 AFR Front, (PV) WBO2 AFR Rear, 
0, , , , , , 0.778, , , , , 20.12, 20.12, 20.12, , , , , , , , , , , , , , , , , , , , , , , , , , , , , , , , , , , , , , , , , , , , , , , , , , , , , , , , , , , , , , , , , , , , , , , , , , , , , , , , , , , , , , , , , , , , , 
0.05, , , , , , 0.679, , , , , 17.775, 17.775, 17.775, , , , , , , , , , , , , , , 34.522, 34.522, , , , , , , , , , , , , , , , , , , , , , , , , , , , , , , , , , , , , , , , , , , , , , , , , , , , , , , , , , , , , , , , , , , , , , , , , , , , , 
0.1, , , , , , 0.719, , 3.138, 3.138, 2.221, 18.727, 18.727, 18.727, , 43.08, , , , 7.377, 22.39, , , 1.4, 1.427, 1.4, 1.427, , 34.543, 34.543, 0.025, 0.033, 3.465, 3.535, 3.465, 3.535, 4.238, 7.377, 22.39, , , 1, 0.048, , , , , , , , , , , , , , , , , , , , , , , , , , , , , , , , , , , , , , , , , , , , , , , , , , , , , , , , , , , , , , , , 
0.15, , , , , , 1.489, , 8.16, 8.16, 2.085, 36.987, 36.987, 36.987, 60.335, 59.489, , 36.126, 34.369, 7.377, 22.39, 0, 0, 3.653, 3.723, 3.653, 3.723, 1, 34.606, 34.606, 0.025, 0.033, 9.936, 10.126, 9.936, 10.126, 4.237, 7.377, 22.39, , , 1, 0.143, , , , , , , , , , , , , , , , , , , , , , , , , , , , , , , , , , , , , , , , , , , , , , , , , , , , , , , , , , , , , , , , 
0.2, , , , , , 2.689, , 12.817, 12.817, 2.012, 65.46, 65.46, 65.46, 57.813, 62.382, , 35.946, 34.729, 7.378, 22.39, 0, 0, 6.584, 6.709, 6.584, 6.709, 1, 34.798, 34.798, 0.025, 0.033, 18.513, 18.863, 18.513, 18.863, 4.235, 7.378, 22.39, , , 1, 0.221, , , , , , , , , , , , , , , , , , , , , , , , , , , , , , , , , , , , , , , , , , , , , , , , , , , , , , , , , , , , , , , , 
0.25, , , , , , 4.893, , 16.624, 16.624, 1.938, 117.759, 117.759, 117.759, 55.065, 65.276, , 35.766, 35.089, 7.379, 22.39, 0, 0, 11.096, 11.307, 11.096, 11.307, 1, 35.031, 35.031, 0.025, 0.033, 32.004, 32.608, 32.004, 32.608, 4.234, 7.379, 22.39, , , 1, 0.296, , , , , , , , , , , , , , , , , , , , , , , , , , , , , , , , , , , , , , , , , , , , , , , , , , , , , , , , , , , , , , , , 
0.3, , 100.44, 70.47, , , 6.896, 0.982, 19.86, 19.86, 1.864, 165.291, 165.291, 165.291, 51.948, 68.169, , 35.586, 35.449, 7.379, 22.39, 0, 0, 15.413, 15.706, 15.413, 15.706, 1, 35.331, 35.331, 0.025, 0.033, 45.795, 46.657, 45.795, 46.657, 4.243, 7.379, 22.39, , , 1, 0.347, 0.83, 0, 14.402, 1.818, 203, 0, 0, 0, 55.224, 4.926, 4.087, 116.6, 36.302, 100, 0, 0, 21.08, 21.104, 3.112, 0.666, 88.756, 0, 0, 96.272, 34.82, 0, 0, 0.83, 0, 0, 14, 0, 14.402, 0, 1.818, 203, 0, 0, 0, 55.224, 1, 0.005, 0.004, 116.6, 36.302, 100, 0, 0, 141, 21.08, 21.104, 3.112, 0.666, 0, 88.756, 0, 0, 96.272, 34.82, 0, 0, 0, 0, 
0.35, , 100.44, 70.47, , , 8.663, 0.982, 22.426, 22.426, 1.791, 207.226, 207.226, 207.226, 49.088, 71.063, , 35.406, 35.809, 7.38, 22.39, 0, 0, 19.499, 19.871, 19.499, 19.871, 1, 35.717, 35.717, 0.025, 0.033, 59.936, 61.064, 59.936, 61.064, 4.257, 7.38, 22.39, , , 1, 0.398, 1.2, 0, 14.422, 1.821, 203, 0, 0, 0, 58.024, 6.254, 5.303, 116.6, 38.45, 100, 0, 0, 22.08, 22.404, 4.518, 0.738, 91.956, 0, 0, 99.672, 35.068, 0, 0, 1.201, 0, 0, 14, 0, 14.422, 0, 1.821, 203, 0, 0, 0, 58.024, 1, 0.006, 0.005, 116.6, 38.45, 100, 0, 0, 141, 22.08, 22.404, 4.518, 0.738, 0, 91.956, 0, 0, 99.672, 35.068, 0, 0, 0, 0, 
0.4, , 100.44, 70.47, , , 10.092, 0.982, 25.01, 25.01, 1.717, 241.118, 241.118, 241.118, 46.431, 73.956, , 35.246, 36.154, 7.38, 22.39, 0, 0, 22.96, 23.397, 22.96, 23.397, 1, 36.169, 36.169, 0.025, 0.033, 73.471, 74.853, 73.471, 74.853, 4.272, 7.38, 22.39, , , 1, 0.448, 1.57, 0, 14.442, 1.823, 203, 0, 0, 0, 60.824, 7.582, 6.519, 116.6, 40.599, 100, 0, 0, 23.08, 23.704, 5.924, 0.81, 95.156, 0, 0, 103.072, 35.316, 0, 0, 1.573, 0, 0, 14, 0, 14.442, 0, 1.823, 203, 0, 0, 0, 60.824, 1, 0.007, 0.006, 116.6, 40.599, 100, 0, 0, 141, 23.08, 23.704, 5.924, 0.81, 0, 95.156, 0, 0, 103.072, 35.316, 0, 0, 0, 0, 
0.45, , 100.44, 70.47, , , 11.329, 0.982, 27.605, 27.605, 1.643, 270.485, 270.485, 270.485, 43.808, 76.85, , 35.318, 36.334, 7.379, 22.39, 0, 0, 26.069, 26.563, 26.069, 26.563, 1, 36.701, 36.701, 0.025, 0.033, 86.666, 88.296, 86.666, 88.296, 4.287, 7.379, 22.39, , , 1, 0.498, 1.94, 0, 14.462, 1.825, 203, 0, 0, 0, 63.624, 8.91, 7.735, 116.6, 42.748, 100, 0, 0, 24.08, 25.004, 7.329, 0.882, 98.356, 0, 0, 106.472, 35.564, 0, 0, 1.944, 0, 0, 14, 0, 14.462, 0, 1.825, 203, 0, 0, 0, 63.624, 1, 0.009, 0.008, 116.6, 42.748, 100, 0, 0, 141, 24.08, 25.004, 7.329, 0.882, 0, 98.356, 0, 0, 106.472, 35.564, 0, 0, 0, 0, 
0.5, , 100.44, 70.47, , , 12.036, 0.982, 30.248, 30.248, 1.586, 287.252, 287.252, 287.252, 41.198, 74.552, , 35.39, 36.514, 7.379, 22.39, 0, 0, 28.091, 28.623, 28.091, 28.623, 1, 37.261, 37.261, 0.025, 0.033, 97.325, 99.155, 97.325, 99.155, 4.297, 7.379, 22.39, , , 1, 0.548, 2.31, 0, 14.482, 1.828, 203, 0, 0, 0, 66.424, 10.238, 8.951, 116.6, 44.896, 100, 0, 0, 25.08, 26.304, 8.735, 0.954, 101.556, 0, 0, 109.872, 35.812, 0, 0, 2.316, 0, 0, 14, 0, 14.482, 0, 1.828, 203, 0, 0, 0, 66.424, 1, 0.01, 0.009, 116.6, 44.896, 100, 0, 0, 141, 25.08, 26.304, 8.735, 0.954, 0, 101.556, 0, 0, 109.872, 35.812, 0, 0, 0, 0, 
0.55, , 100.44, 70.47, , , 12.614, 0.982, 32.907, 32.907, 1.535, 300.992, 300.992, 300.992, 38.899, 70.235, , 35.462, 36.694, 7.378, 22.39, 0, 0, 29.852, 30.417, 29.852, 30.417, 1, 37.868, 37.868, 0.025, 0.033, 107.346, 109.365, 107.346, 109.365, 4.302, 7.378, 22.39, , , 1, 0.598, 2.637, 0, 14.46, 1.832, 203, 0, 0, 0, 69.176, 11.532, 10.15, 116.6, 47.627, 100, 0, 0, 25.936, 27.468, 10.44, 1.036, 104.356, 0, 0, 112.664, 36.1, 0, 0, 2.634, 0, 0, 14, 0, 14.46, 0, 1.832, 203, 0, 0, 0, 69.176, 1, 0.011, 0.01, 116.6, 47.627, 100, 0, 0, 141, 25.936, 27.468, 10.44, 1.036, 0, 104.356, 0, 0, 112.664, 36.1, 0, 0, 0, 0, 
0.6, , 100.44, 70.47, , , 12.889, 0.982, 35.621, 35.621, 1.486, 307.52, 307.52, 307.52, 36.568, 67.269, , 35.534, 36.874, 7.378, 22.39, 0, 0, 30.999, 31.583, 30.999, 31.583, 1, 38.551, 38.551, 0.025, 0.033, 115.593, 117.767, 115.593, 117.767, 4.307, 7.378, 22.39, , , 1, 0.648, 2.473, 0, 14.062, 1.854, 203, 0, 0, 0, 71.376, 12.434, 11.156, 116.6, 55.597, 100, 0, 0, 25.136, 27.068, 14.84, 1.23, 102.556, 0, 0, 108.464, 36.846, 0, 0, 2.47, 0, 0, 14, 0, 14.062, 0, 1.854, 203, 0, 0, 0, 71.376, 1, 0.012, 0.011, 116.6, 55.597, 100, 0, 0, 141, 25.136, 27.068, 14.84, 1.23, 0, 102.556, 0, 0, 108.464, 36.846, 0, 0, 0, 0, 
0.65, , 100.44, 70.47, , , 13.086, 0.982, 38.878, 38.878, 1.441, 312.192, 312.192, 312.192, 34.076, 68.151, , 35.592, 37.026, 7.377, 22.39, 0, 0, 32.072, 32.676, 32.072, 32.676, 1, 39.497, 39.497, 0.025, 0.033, 124.651, 126.995, 124.651, 126.995, 4.312, 7.377, 22.39, , , 1, 0.698, 2.309, 0, 13.663, 1.877, 203, 0, 0, 0, 73.576, 13.336, 12.162, 116.6, 63.567, 100, 0, 0, 24.336, 26.668, 19.24, 1.424, 100.756, 0, 0, 104.264, 37.592, 0, 0, 2.307, 0, 0, 14, 0, 13.663, 0, 1.877, 203, 0, 0, 0, 73.576, 1, 0.013, 0.012, 116.6, 63.567, 100, 0, 0, 141, 24.336, 26.668, 19.24, 1.424, 0, 100.756, 0, 0, 104.264, 37.592, 0, 0, 0, 0, 
0.7, 19.14, 100.44, 70.47, 71.19, , 13.154, 0.982, 43.098, 43.098, 1.396, 313.837, 313.837, 313.837, 32.081, 69.033, , 35.487, 36.852, 7.377, 22.39, 0, 0, 33.023, 33.648, 33.023, 33.648, 1, 40.274, 40.274, 0.025, 0.033, 135.029, 137.571, 135.029, 137.571, 4.315, 7.377, 22.39, , , 1, 0.748, 2.145, 0, 13.265, 1.899, 203, 0, 0, 0, 75.776, 14.238, 13.168, 116.6, 71.537, 100, 0, 0, 23.536, 26.268, 23.64, 1.618, 98.956, 0, 0, 100.064, 38.338, 0, 0, 2.144, 0, 0, 14, 0, 13.265, 0, 1.899, 203, 0, 0, 0, 75.776, 1, 0.014, 0.013, 116.6, 71.537, 100, 0, 0, 141, 23.536, 26.268, 23.64, 1.618, 0, 98.956, 0, 0, 100.064, 38.338, 0, 0, 0, 0, 
0.75, 19.14, 100.44, 70.47, 71.189, , 13.297, 0.982, 46.382, 46.382, 1.351, 317.242, 317.242, 317.242, 30.51, 69.914, , 35.382, 36.677, 7.377, 22.39, 0, 0, 33.991, 34.634, 33.991, 34.634, 1, 40.907, 40.907, 0.025, 0.033, 144.625, 147.349, 144.625, 147.349, 4.31, 7.377, 22.39, , , 1, 0.798, 1.981, 0, 12.867, 1.921, 203, 0, 0, 0, 77.976, 15.14, 14.174, 116.6, 79.507, 100, 0, 0, 22.736, 25.868, 28.04, 1.812, 97.156, 0, 0, 95.864, 39.084, 0, 0, 1.98, 0, 0, 14, 0, 12.867, 0, 1.921, 203, 0, 0, 0, 77.976, 1, 0.015, 0.014, 116.6, 79.507, 100, 0, 0, 141, 22.736, 25.868, 28.04, 1.812, 0, 97.156, 0, 0, 95.864, 39.084, 0, 0, 0, 0, 
0.8, 19.14, 100.44, 70.47, 71.188, , 13.456, 0.982, 49.273, 49.273, 1.306, 321.019, 321.019, 321.019, 29.001, 70.796, , 35.278, 36.503, 7.377, 22.39, 0, 0, 34.932, 35.593, 34.932, 35.593, 1, 41.552, 41.552, 0.025, 0.033, 153.868, 156.767, 153.868, 156.767, 4.306, 7.377, 22.39, , , 1, 0.848, 1.8, 0, 12.5, 1.945, 203, 0, 0, 0, 80, 15.949, 15.1, 116.6, 86.97, 100, 0, 0, 22.033, 25.508, 33.029, 2.019, 95.475, 0, 0, 92.008, 39.821, 0, 0, 1.8, 0, 0, 14, 0, 12.5, 0, 1.945, 203, 0, 0, 0, 80, 1, 0.016, 0.015, 116.6, 86.97, 100, 0, 0, 141, 22.033, 25.508, 33.029, 2.019, 0, 95.475, 0, 0, 92.008, 39.821, 0, 0, 0, 0, 
0.85, 19.14, 100.44, 70.47, 71.188, , 13.496, 0.982, 52.267, 52.267, 1.261, 321.988, 321.988, 321.988, 27.521, 71.678, , 35.173, 36.328, 7.377, 22.39, 0, 0, 35.579, 36.253, 35.579, 36.253, 1, 42.2, 42.2, 0.025, 0.033, 162.672, 165.737, 162.672, 165.737, 4.301, 7.377, 22.39, , , 1, 0.898, 1.431, 0, 12.5, 1.983, 203, 0, 0, 0, 80, 15.687, 15.098, 116.6, 89.869, 100, 0, 0, 22.446, 25.612, 43.317, 2.378, 95.165, 0, 0, 92.112, 40.462, 0, 0, 1.431, 0, 0, 14, 0, 12.5, 0, 1.983, 203, 0, 0, 0, 80, 1, 0.016, 0.015, 116.6, 89.869, 100, 0, 0, 141, 22.446, 25.612, 43.317, 2.378, 0, 95.165, 0, 0, 92.112, 40.462, 0, 0, 0, 0, 
0.9, 19.14, 100.44, 70.47, 71.187, , 13.601, 0.982, 55.281, 55.281, 1.216, 324.484, 324.484, 324.484, 26.092, 72.559, , 35.068, 36.154, 7.377, 22.39, 0, 0, 36.409, 37.098, 36.409, 37.098, 1, 42.849, 42.849, 0.025, 0.033, 172.991, 176.25, 172.991, 176.25, 4.297, 7.377, 22.39, , , 1, 0.948, 1.061, 0, 12.5, 2.021, 203, 0, 0, 0, 80, 15.424, 15.096, 116.6, 92.767, 100, 0, 0, 22.86, 25.715, 53.605, 2.738, 94.855, 0, 0, 92.215, 41.102, 0, 0, 1.061, 0, 0, 14, 0, 12.5, 0, 2.021, 203, 0, 0, 0, 80, 1, 0.016, 0.015, 116.6, 92.767, 100, 0, 0, 141, 22.86, 25.715, 53.605, 2.738, 0, 94.855, 0, 0, 92.215, 41.102, 0, 0, 0, 0, 
0.95, 19.14, 100.44, 70.47, 71.186, , 13.765, 0.982, 58.313, 58.313, 1.171, 328.392, 328.392, 328.392, 24.702, 73.441, , 35.094, 36.003, 7.377, 22.39, 0, 0, 37.408, 38.115, 37.408, 38.115, 1, 43.509, 43.509, 0.025, 0.033, 184.708, 188.189, 184.708, 188.189, 4.306, 7.377, 22.39, , , 1, 0.998, 0.691, 0, 12.5, 2.06, 203, 0, 0, 0, 80, 15.162, 15.094, 116.6, 95.666, 100, 0, 0, 23.273, 25.818, 63.893, 3.097, 94.545, 0, 0, 92.318, 41.743, 0, 0, 0.691, 0, 0, 14, 0, 12.5, 0, 2.06, 203, 0, 0, 0, 80, 1, 0.015, 0.015, 116.6, 95.666, 100, 0, 0, 141, 23.273, 25.818, 63.893, 3.097, 0, 94.545, 0, 0, 92.318, 41.743, 0, 0, 0, 0, 
1, 19.14, 100.44, 70.47, 71.185, , 13.824, 0.982, 61.425, 61.425, 1.126, 329.788, 329.788, 329.788, 23.34, 74.323, , 35.131, 35.854, 7.377, 22.39, 0, 0, 38.135, 38.854, 38.135, 38.854, 1, 44.175, 44.175, 0.025, 0.033, 196.4, 200.099, 196.4, 200.099, 4.315, 7.377, 22.39, , , 1, 1.048, 0.321, 0, 12.5, 2.098, 203, 0, 0, 0, 80, 14.899, 15.092, 116.6, 98.565, 100, 0, 0, 23.686, 25.921, 74.181, 3.457, 94.236, 0, 0, 92.421, 42.383, 0, 0, 0.321, 0, 0, 14, 0, 12.5, 0, 2.098, 203, 0, 0, 0, 80, 1, 0.015, 0.015, 116.6, 98.565, 100, 0, 0, 141, 23.686, 25.921, 74.181, 3.457, 0, 94.236, 0, 0, 92.421, 42.383, 0, 0, 0, 0, 
1.05, 19.14, 100.44, 70.47, 71.185, , 13.852, 0.982, 64.579, 64.579, 1.081, 330.475, 330.475, 330.475, 22.021, 75.204, , 35.169, 35.706, 7.377, 22.39, 0, 0, 38.79, 39.52, 38.79, 39.52, 1, 44.846, 44.846, 0.025, 0.033, 208.621, 212.548, 208.621, 212.548, 4.324, 7.377, 22.39, , , 1, 1.098, 0.043, 0, 12.5, 2.136, 203, 0, 0, 0, 80, 14.693, 15.066, 116.514, 100.71, 100, 0, 0, 24.072, 26, 82.864, 3.763, 93.904, 0, 0, 92.5, 43.019, 0, 0, 0.043, 0, 0, 14, 0, 12.5, 0, 2.136, 203, 0, 0, 0, 80, 1, 0.015, 0.015, 116.514, 100.71, 100, 0, 0, 141, 24.072, 26, 82.864, 3.763, 0, 93.904, 0, 0, 92.5, 43.019, 0, 0, 0, 0, 
1.1, 19.14, 100.44, 70.47, 71.184, , 13.852, 0.982, 67.779, 67.779, 1.036, 330.49, 330.49, 330.49, 20.737, 76.086, , 35.206, 35.557, 7.377, 22.39, 0, 0, 39.379, 40.119, 39.379, 40.119, 1, 45.518, 45.518, 0.025, 0.033, 221.477, 225.645, 221.477, 225.645, 4.332, 7.377, 22.39, , , 1, 1.147, 0.055, 0, 12.5, 2.172, 203, 0, 0, 0, 80, 14.663, 14.966, 116.155, 100.71, 100, 0, 0, 24.371, 26, 86.464, 3.903, 93.504, 0, 0, 92.5, 43.638, 0, 0, 0.055, 0, 0, 14, 0, 12.5, 0, 2.172, 203, 0, 0, 0, 80, 1, 0.015, 0.015, 116.155, 100.71, 100, 0, 0, 141, 24.371, 26, 86.464, 3.903, 0, 93.504, 0, 0, 92.5, 43.638, 0, 0, 0, 0, 
1.15, 19.14, 100.44, 70.47, 71.183, , 13.936, 0.982, 71.022, 71.022, 0.991, 332.488, 332.488, 332.488, 19.483, 76.968, , 35.243, 35.432, 7.378, 22.39, 0, 0, 40.201, 40.957, 40.201, 40.957, 1, 46.193, 46.193, 0.025, 0.033, 237.427, 241.897, 237.427, 241.897, 4.356, 7.378, 22.39, , , 1, 1.197, 0.067, 0, 12.5, 2.208, 203, 0, 0, 0, 80, 14.633, 14.867, 115.797, 100.71, 100, 0, 0, 24.669, 26, 90.064, 4.042, 93.104, 0, 0, 92.5, 44.258, 0, 0, 0.067, 0, 0, 14, 0, 12.5, 0, 2.208, 203, 0, 0, 0, 80, 1, 0.015, 0.015, 115.797, 100.71, 100, 0, 0, 141, 24.669, 26, 90.064, 4.042, 0, 93.104, 0, 0, 92.5, 44.258, 0, 0, 0, 0, 
1.2, 19.14, 100.44, 70.47, 71.182, , 13.933, 0.982, 74.319, 74.319, 0.946, 332.422, 332.422, 332.422, 18.266, 77.849, , 35.279, 35.576, 7.378, 22.39, 0, 0, 40.779, 41.545, 40.779, 41.545, 1, 46.869, 46.869, 0.025, 0.033, 253.32, 258.09, 253.32, 258.09, 4.385, 7.378, 22.39, , , 1, 1.247, 0.079, 0, 12.5, 2.244, 203, 0, 0, 0, 80, 14.603, 14.767, 115.438, 100.71, 100, 0, 0, 24.968, 26, 93.664, 4.182, 92.704, 0, 0, 92.5, 44.877, 0, 0, 0.079, 0, 0, 14, 0, 12.5, 0, 2.244, 203, 0, 0, 0, 80, 1, 0.015, 0.015, 115.438, 100.71, 100, 0, 0, 141, 24.968, 26, 93.664, 4.182, 0, 92.704, 0, 0, 92.5, 44.877, 0, 0, 0, 0, 
1.25, 19.14, 100.44, 70.47, 71.182, , 13.892, 0.982, 77.672, 77.672, 0.901, 331.463, 331.463, 331.463, 17.087, 78.731, , 35.315, 35.72, 7.379, 22.39, 0, 0, 41.251, 42.027, 41.251, 42.027, 1, 47.545, 47.545, 0.024, 0.033, 270.075, 275.162, 270.075, 275.162, 4.414, 7.379, 22.39, , , 1, 1.298, 0.091, 0, 12.5, 2.28, 203, 0, 0, 0, 80, 14.573, 14.668, 115.08, 100.71, 100, 0, 0, 25.267, 26, 97.264, 4.321, 92.304, 0, 0, 92.5, 45.497, 0, 0, 0.091, 0, 0, 14, 0, 12.5, 0, 2.28, 203, 0, 0, 0, 80, 1, 0.015, 0.015, 115.08, 100.71, 100, 0, 0, 141, 25.267, 26, 97.264, 4.321, 0, 92.304, 0, 0, 92.5, 45.497, 0, 0, 0, 0, 
1.3, 19.14, 100.44, 70.47, 71.181, , 13.932, 0.982, 81.106, 81.106, 0.857, 332.441, 332.441, 332.441, 15.938, 79.613, , 35.351, 35.864, 7.379, 22.39, 0, 0, 41.958, 42.748, 41.958, 42.748, 1, 48.221, 48.221, 0.024, 0.033, 290.439, 295.91, 290.439, 295.91, 4.442, 7.379, 22.39, , , 1, 1.348, 0.095, 0, 12.5, 2.316, 203, 0, 0, 0, 80, 14.53, 14.582, 114.72, 100.745, 100, 0, 0, 25.567, 26.045, 100, 4.43, 91.831, 0, 0, 92.379, 46.146, 0, 0, 0.095, 0, 0, 14, 0, 12.5, 0, 2.316, 203, 0, 0, 0, 80, 1, 0.015, 0.015, 114.72, 100.745, 100, 0, 0, 141, 25.567, 26.045, 100, 4.43, 0, 91.831, 0, 0, 92.379, 46.146, 0, 0, 0, 0, 
1.35, 19.14, 100.44, 70.47, 71.18, , 13.885, 0.982, 84.54, 84.54, 0.812, 331.337, 331.337, 331.337, 14.819, 80.494, , 35.387, 36.008, 7.38, 22.39, 0, 0, 42.399, 43.197, 42.399, 43.197, 1, 48.896, 48.896, 0.024, 0.033, 311.629, 317.5, 311.629, 317.5, 4.466, 7.38, 22.39, , , 1, 1.397, 0.075, 0, 12.5, 2.353, 203, 0, 0, 0, 80, 14.436, 14.543, 114.355, 100.893, 100, 0, 0, 25.87, 26.247, 100, 4.43, 91.125, 0, 0, 91.875, 46.901, 0, 0, 0.075, 0, 0, 14, 0, 12.5, 0, 2.353, 203, 0, 0, 0, 80, 1, 0.015, 0.015, 114.355, 100.893, 100, 0, 0, 141, 25.87, 26.247, 100, 4.43, 0, 91.125, 0, 0, 91.875, 46.901, 0, 0, 0, 0, 
1.4, 19.14, 100.44, 70.47, 71.179, , 13.848, 0.982, 88.046, 88.046, 0.767, 330.462, 330.462, 330.462, 13.741, 81.376, , 35.406, 36.157, 7.38, 22.39, 0, 0, 42.871, 43.679, 42.871, 43.679, 1, 49.564, 49.564, 0.025, 0.033, 335.845, 342.172, 335.845, 342.172, 4.487, 7.38, 22.39, , , 1, 1.447, 0.055, 0, 12.5, 2.39, 203, 0, 0, 0, 80, 14.343, 14.505, 113.991, 101.041, 100, 0, 0, 26.174, 26.449, 100, 4.43, 90.419, 0, 0, 91.371, 47.656, 0, 0, 0.055, 0, 0, 14, 0, 12.5, 0, 2.39, 203, 0, 0, 0, 80, 1, 0.015, 0.015, 113.991, 101.041, 100, 0, 0, 141, 26.174, 26.449, 100, 4.43, 0, 90.419, 0, 0, 91.371, 47.656, 0, 0, 0, 0, 
1.45, 19.14, 100.44, 70.47, 71.179, , 13.841, 0.982, 91.638, 91.638, 0.722, 330.308, 330.308, 330.308, 12.685, 82.258, , 35.226, 36.373, 7.379, 22.39, 0, 0, 43.436, 44.256, 43.436, 44.256, 1, 50.239, 50.239, 0.025, 0.033, 363.897, 370.753, 363.897, 370.753, 4.507, 7.379, 22.39, , , 1, 1.498, 0.035, 0, 12.5, 2.427, 203, 0, 0, 0, 80, 14.25, 14.466, 113.627, 101.189, 100, 0, 0, 26.478, 26.652, 100, 4.43, 89.714, 0, 0, 90.867, 48.411, 0, 0, 0.035, 0, 0, 14, 0, 12.5, 0, 2.427, 203, 0, 0, 0, 80, 1, 0.014, 0.014, 113.627, 101.189, 100, 0, 0, 141, 26.478, 26.652, 100, 4.43, 0, 89.714, 0, 0, 90.867, 48.411, 0, 0, 0, 0, 
1.5, 19.14, 100.44, 70.47, 71.178, , 13.828, 0.982, 95.23, 95.23, 0.677, 330.027, 330.027, 330.027, 11.652, 83.14, , 35.046, 36.589, 7.379, 22.39, 0, 0, 43.975, 44.805, 43.975, 44.805, 1, 50.915, 50.915, 0.025, 0.033, 395.908, 403.369, 395.908, 403.369, 4.528, 7.379, 22.39, , , 1, 1.548, 0.015, 0, 12.5, 2.464, 203, 0, 0, 0, 80, 14.157, 14.428, 113.262, 101.337, 100, 0, 0, 26.781, 26.854, 100, 4.43, 89.008, 0, 0, 90.363, 49.166, 0, 0, 0.015, 0, 0, 14, 0, 12.5, 0, 2.464, 203, 0, 0, 0, 80, 1, 0.014, 0.014, 113.262, 101.337, 100, 0, 0, 141, 26.781, 26.854, 100, 4.43, 0, 89.008, 0, 0, 90.363, 49.166, 0, 0, 0, 0, 
1.55, 19.14, 100.44, 70.47, 71.177, , 13.805, 0.982, 98.871, 98.871, 0.632, 329.501, 329.501, 329.501, 10.644, 84.021, , 34.866, 36.805, 7.378, 22.39, 0, 0, 44.492, 45.333, 44.492, 45.333, 1, 51.59, 51.59, 0.025, 0.033, 434.618, 442.808, 434.618, 442.808, 4.544, 7.378, 22.39, , , 1, 1.597, 0, 0, 12.5, 2.501, 203, 0, 0, 0, 80, 14.097, 14.414, 113, 101.483, 100, 0, 0, 27, 27.054, 100, 4.43, 88.527, 0, 0, 90.054, 49.911, 0, 0, 0, 0, 0, 14, 0, 12.5, 0, 2.501, 203, 0, 0, 0, 80, 1, 0.014, 0.014, 113, 101.483, 100, 0, 0, 141, 27, 27.054, 100, 4.43, 0, 88.527, 0, 0, 90.054, 49.911, 0, 0, 0, 0, 
1.6, 19.14, 100.44, 70.47, 71.176, , 13.834, 0.982, 103.68, 103.68, 0.587, 330.205, 330.205, 330.205, 9.662, 84.903, , 34.686, 37.021, 7.378, 22.39, 0, 0, 45.342, 46.198, 45.342, 46.198, 1, 52.263, 52.263, 0.025, 0.033, 501.85, 511.307, 501.85, 511.307, 4.552, 7.378, 22.39, , , 1, 1.647, 0, 0, 12.5, 2.537, 203, 0, 0, 0, 80, 14.122, 14.464, 113, 101.625, 100, 0, 0, 27, 27.246, 100, 4.43, 88.623, 0, 0, 90.246, 50.628, 0, 0, 0, 0, 0, 14, 0, 12.5, 0, 2.537, 203, 0, 0, 0, 80, 1, 0.014, 0.014, 113, 101.625, 100, 0, 0, 141, 27, 27.246, 100, 4.43, 0, 88.623, 0, 0, 90.246, 50.628, 0, 0, 0, 0, 
1.65, 19.14, 100.44, 70.47, 71.175, , 13.887, 0.982, 108.69, 108.69, 0.542, 331.472, 331.472, 331.472, 8.287, 85.785, , 34.537, 37.203, 7.377, 22.39, 0, 0, 46.287, 47.159, 46.287, 47.159, 1, 53.258, 53.258, 0.025, 0.033, 584.477, 595.491, 584.477, 595.491, 4.56, 7.377, 22.39, , , 1, 1.698, 0, 0, 12.5, 2.573, 203, 0, 0, 0, 80, 14.147, 14.514, 113, 101.767, 100, 0, 0, 27, 27.438, 100, 4.43, 88.719, 0, 0, 90.438, 51.345, 0, 0, 0, 0, 0, 14, 0, 12.5, 0, 2.573, 203, 0, 0, 0, 80, 1, 0.014, 0.014, 113, 101.767, 100, 0, 0, 141, 27, 27.438, 100, 4.43, 0, 88.719, 0, 0, 90.438, 51.345, 0, 0, 0, 0, 
1.7, 19.14, 100.44, 70.47, 71.175, , 13.916, 0.982, 112.469, 112.469, 0.497, 332.169, 332.169, 332.169, 7.25, 86.666, , 34.753, 36.987, 7.377, 22.39, 0, 0, 46.979, 47.863, 46.979, 47.863, 1, 54.025, 54.025, 0.025, 0.033, 664.294, 676.81, 664.294, 676.81, 4.568, 7.377, 22.39, , , 1, 1.748, 0, 0, 12.5, 2.609, 203, 0, 0, 0, 80, 14.172, 14.564, 113, 101.91, 100, 0, 0, 27, 27.631, 100, 4.43, 88.815, 0, 0, 90.631, 52.063, 0, 0, 0, 0, 0, 14, 0, 12.5, 0, 2.609, 203, 0, 0, 0, 80, 1, 0.014, 0.015, 113, 101.91, 100, 0, 0, 141, 27, 27.631, 100, 4.43, 0, 88.815, 0, 0, 90.631, 52.063, 0, 0, 0, 0, 
1.75, 19.14, 100.44, 70.47, 71.174, , 13.939, 0.982, 116.361, 116.361, 0.452, 332.732, 332.732, 332.732, 6.362, 87.548, , 34.969, 36.771, 7.377, 22.39, 0, 0, 47.64, 48.535, 47.64, 48.535, 1, 54.7, 54.7, 0.025, 0.033, 764.69, 779.097, 764.69, 779.097, 4.576, 7.377, 22.39, , , 1, 1.797, 0, 0, 12.5, 2.645, 203, 0, 0, 0, 80, 14.197, 14.614, 113, 102.052, 100, 0, 0, 27, 27.823, 100, 4.43, 88.912, 0, 0, 90.823, 52.78, 0, 0, 0, 0, 0, 14, 0, 12.5, 0, 2.645, 203, 0, 0, 0, 80, 1, 0.014, 0.015, 113, 102.052, 100, 0, 0, 141, 27, 27.823, 100, 4.43, 0, 88.912, 0, 0, 90.823, 52.78, 0, 0, 0, 0, 
1.8, 19.14, 100.44, 70.47, 71.173, , 13.998, 0.982, 120.312, 120.312, 0.407, 334.156, 334.156, 334.156, 5.494, 88.43, , 35.185, 36.555, 7.377, 22.384, 0, 0, 48.446, 49.356, 48.446, 49.356, 1, 55.376, 55.376, 0.025, 0.033, 910.229, 927.377, 910.229, 927.377, 4.589, 7.377, 22.384, , , 1, 1.847, 0, 0, 12.5, 2.681, 203, 0, 0, 0, 80, 14.226, 14.669, 113, 102.187, 100, 0, 0, 27.008, 28.008, 100, 4.43, 89.024, 0, 0, 91.048, 53.5, 0, 0, 0, 0, 0, 14, 0, 12.5, 0, 2.681, 203, 0, 0, 0, 80, 1, 0.014, 0.015, 113, 102.187, 100, 0, 0, 141, 27.008, 28.008, 100, 4.43, 0, 89.024, 0, 0, 91.048, 53.5, 0, 0, 0, 0, 
1.85, 19.14, 100.44, 70.47, 71.172, , 14.06, 0.982, 124.269, 124.269, 0.362, 335.646, 335.646, 335.646, 4.644, 89.311, , 35.401, 36.339, 7.377, 22.37, 0, 0, 49.263, 50.189, 49.263, 50.189, 1, 56.058, 56.058, 0.025, 0.033, 1117.291, 1138.339, 1117.291, 1138.339, 4.601, 7.377, 22.37, , , 1, 1.897, 0, 0, 12.5, 2.719, 203, 0, 0, 0, 80, 14.3, 14.777, 113, 102.261, 100, 0, 0, 27.108, 28.108, 100, 4.43, 89.324, 0, 0, 91.648, 54.246, 0, 0, 0, 0, 0, 14, 0, 12.5, 0, 2.719, 203, 0, 0, 0, 80, 1, 0.014, 0.015, 113, 102.261, 100, 0, 0, 141, 27.108, 28.108, 100, 4.43, 0, 89.324, 0, 0, 91.648, 54.246, 0, 0, 0, 0, 
1.9, 19.14, 100.44, 70.47, 71.172, , 14.126, 0.982, 128.264, 128.264, 0.317, 337.205, 337.205, 337.205, 3.815, 90.193, , 35.597, 36.131, 7.377, 22.336, 0, 0, 50.093, 51.036, 50.093, 51.036, 1, 56.745, 56.745, 0.025, 0.033, 1444.792, 1472.009, 1444.792, 1472.009, 4.613, 7.377, 22.336, , , 1, 1.948, 0, 0, 12.5, 2.757, 203, 0, 0, 0, 80, 14.374, 14.885, 113, 102.335, 100, 0, 0, 27.208, 28.208, 100, 4.43, 89.624, 0, 0, 92.248, 54.992, 0, 0, 0, 0, 0, 14, 0, 12.5, 0, 2.757, 203, 0, 0, 0, 80, 1, 0.014, 0.015, 113, 102.335, 100, 0, 0, 141, 27.208, 28.208, 100, 4.43, 0, 89.624, 0, 0, 92.248, 54.992, 0, 0, 0, 0, 
1.95, 19.14, 100.44, 70.47, 71.171, , 14.189, 0.982, 132.317, 132.317, 0.272, 338.724, 338.724, 338.724, 3.002, 91.075, , 35.561, 36.023, 7.377, 22.274, 0, 0, 50.927, 51.885, 50.927, 51.885, 1, 57.437, 57.437, 0.025, 0.033, 2115.686, 2155.541, 2115.686, 2155.541, 4.625, 7.377, 22.274, , , 1, 1.998, 0, 0, 12.5, 2.796, 203, 0, 0, 0, 80, 14.448, 14.993, 113, 102.409, 100, 0, 0, 27.308, 28.308, 100, 4.43, 89.924, 0, 0, 92.848, 55.738, 0, 0, 0, 0, 0, 14, 0, 12.5, 0, 2.796, 203, 0, 0, 0, 80, 1, 0.015, 0.015, 113, 102.409, 100, 0, 0, 141, 27.308, 28.308, 100, 4.43, 0, 89.924, 0, 0, 92.848, 55.738, 0, 0, 0, 0, 
2, 19.14, 100.44, 70.47, 71.17, , 14.249, 0.982, 136.431, 136.431, 0.227, 340.156, 340.156, 340.156, 2.217, 91.956, , 35.525, 35.915, 7.377, 22.203, 0, 0, 51.758, 52.732, 51.758, 52.732, 1, 58.124, 58.124, 0.025, 0.033, 3567.142, 3634.339, 3567.142, 3634.339, 4.648, 7.377, 22.203, , , 1, 2.048, 0, 0, 12.5, 2.834, 203, 0, 0, 0, 80, 14.522, 15.101, 113, 102.483, 100, 0, 0, 27.408, 28.408, 100, 4.43, 90.224, 0, 0, 93.448, 56.484, 0, 0, 0, 0, 0, 14, 0, 12.5, 0, 2.834, 203, 0, 0, 0, 80, 1, 0.015, 0.015, 113, 102.483, 100, 0, 0, 141, 27.408, 28.408, 100, 4.43, 0, 90.224, 0, 0, 93.448, 56.484, 0, 0, 0, 0, 
2.05, 19.14, 100.44, 70.47, 71.17, , 14.322, 0.982, 140.609, 140.609, 0.182, 341.906, 341.906, 341.906, 1.656, 92.838, , 35.489, 35.807, 7.377, 22.122, 0, 0, 52.642, 53.632, 52.642, 53.632, 1, 58.816, 58.816, 0.025, 0.033, 5860.634, 5971.035, 5860.634, 5971.035, 4.672, 7.377, 22.122, , , 1, 2.098, 0, 0, 12.5, 2.874, 203, 0, 0, 0, 80, 14.592, 15.2, 112.957, 102.557, 100, 0, 0, 27.512, 28.508, 100, 4.43, 90.52, 0, 0, 94.02, 57.259, 0, 0, 0, 0, 0, 14, 0, 12.5, 0, 2.874, 203, 0, 0, 0, 80, 1, 0.015, 0.015, 112.957, 102.557, 100, 0, 0, 141, 27.512, 28.508, 100, 4.43, 0, 90.52, 0, 0, 94.02, 57.259, 0, 0, 0, 0, 
2.1, 19.14, 100.44, 70.47, 71.17, , 14.405, 0.982, 144.855, 144.855, 0.137, 343.893, 343.893, 343.893, 1.459, 93.72, , 35.453, 35.699, 7.377, 22.02, 0, 0, 53.586, 54.594, 53.586, 54.594, 1, 59.521, 59.521, 0.025, 0.033, 6029.483, 6143.066, 6029.483, 6143.066, 4.696, 7.377, 22.02, , , 1, 2.148, 0, 0, 12.5, 2.929, 203, 0, 0, 0, 80, 14.615, 15.2, 112.417, 102.631, 100, 0, 0, 27.662, 28.608, 100, 4.426, 90.771, 0, 0, 94.271, 58.376, 0, 0, 0, 0, 0, 14, 0, 12.5, 0, 2.929, 203, 0, 0, 0, 80, 1, 0.015, 0.015, 112.417, 102.631, 100, 0, 0, 141, 27.662, 28.608, 100, 4.426, 0, 90.771, 0, 0, 94.271, 58.376, 0, 0, 0, 0, 
2.15, 19.14, 100.44, 70.47, 71.17, , 14.452, 0.982, 149.1, 149.1, 0.092, 345.027, 345.027, 345.027, 1.689, 94.601, , 35.417, 35.626, 7.378, 21.888, 0, 0, 54.395, 55.418, 54.395, 55.418, 1, 60.226, 60.226, 0.025, 0.033, 5905.11, 6016.351, 5905.11, 6016.351, 4.72, 7.378, 21.888, , , 1, 2.198, 0, 0, 12.5, 2.985, 203, 0, 0, 0, 80, 14.638, 15.2, 111.877, 102.705, 100, 0, 0, 27.812, 28.708, 100, 4.422, 91.022, 0, 0, 94.522, 59.493, 0, 0, 0, 0, 0, 14, 0, 12.5, 0, 2.985, 203, 0, 0, 0, 80, 1, 0.015, 0.015, 111.877, 102.705, 100, 0, 0, 141, 27.812, 28.708, 100, 4.422, 0, 91.022, 0, 0, 94.522, 59.493, 0, 0, 0, 0, 
2.2, 19.14, 100.44, 70.47, 71.17, , 14.556, 0.982, 153.417, 153.417, 0.047, 347.513, 347.513, 347.513, 2.34, 95.483, , 35.381, 35.95, 7.378, 21.763, 0, 0, 55.428, 56.47, 55.428, 56.47, 1, 60.93, 60.93, 0.025, 0.033, 5520.735, 5624.736, 5520.735, 5624.736, 4.74, 7.378, 21.763, , , 1, 2.248, 0, 0, 12.5, 3.041, 203, 0, 0, 0, 80, 14.661, 15.2, 111.337, 102.779, 100, 0, 0, 27.962, 28.808, 100, 4.418, 91.273, 0, 0, 94.773, 60.61, 0, 0, 0, 0, 0, 14, 0, 12.5, 0, 3.041, 203, 0, 0, 0, 80, 1, 0.015, 0.015, 111.337, 102.779, 100, 0, 0, 141, 27.962, 28.808, 100, 4.418, 0, 91.273, 0, 0, 94.773, 60.61, 0, 0, 0, 0, 
2.25, 19.14, 100.44, 70.47, 71.17, , 14.654, 0.982, 157.81, 157.81, 0.002, 349.854, 349.854, 349.854, 3.428, 96.365, , 35.345, 36.274, 7.379, 21.651, 0, 0, 56.457, 57.52, 56.457, 57.52, 1, 61.646, 61.646, 0.025, 0.033, 4438.874, 4522.494, 4438.874, 4522.494, 4.757, 7.379, 21.651, , , 1, 2.298, 0, 0, 12.5, 3.097, 203, 0, 0, 0, 80, 14.684, 15.2, 110.797, 102.853, 100, 0, 0, 28.112, 28.908, 100, 4.414, 91.524, 0, 0, 95.024, 61.727, 0, 0, 0, 0, 0, 14, 0, 12.5, 0, 3.097, 203, 0, 0, 0, 80, 1, 0.015, 0.015, 110.797, 102.853, 100, 0, 0, 141, 28.112, 28.908, 100, 4.414, 0, 91.524, 0, 0, 95.024, 61.727, 0, 0, 0, 0, 
2.3, 19.14, 100.44, 70.47, 71.17, , 14.772, 0.982, 162.282, 162.282, 0.106, 352.666, 352.666, 352.666, 4.85, 93.926, , 35.309, 36.598, 7.379, 21.522, 0, 0, 57.574, 58.659, 57.574, 58.659, 1, 62.362, 62.362, 0.024, 0.033, 1928.942, 1965.281, 1928.942, 1965.281, 4.775, 7.379, 21.522, , , 1, 2.348, 0, 0, 12.5, 3.149, 203, 0, 0, 0, 80, 14.705, 15.199, 110.285, 102.92, 100, 0, 0, 28.254, 29, 100, 4.41, 91.745, 0, 0, 95.245, 62.786, 0, 0, 0, 0, 0, 14, 0, 12.5, 0, 3.149, 203, 0, 0, 0, 80, 1, 0.015, 0.015, 110.285, 102.92, 100, 0, 0, 141, 28.254, 29, 100, 4.41, 0, 91.745, 0, 0, 95.245, 62.786, 0, 0, 0, 0, 
2.35, 19.14, 100.44, 70.47, 71.17, , 14.89, 0.982, 166.772, 166.772, 0.216, 355.499, 355.499, 355.499, 6.364, 91.348, , 35.273, 36.922, 7.38, 21.366, 0, 0, 58.713, 59.819, 58.713, 59.819, 1, 63.087, 63.087, 0.024, 0.033, 913.838, 931.053, 913.838, 931.053, 4.793, 7.38, 21.366, , , 1, 2.398, 0, 0, 12.5, 3.169, 203, 0, 0, 0, 80, 14.708, 15.189, 110.097, 102.92, 100, 0, 0, 28.306, 29, 100, 4.41, 91.693, 0, 0, 95.193, 63.175, 0, 0, 0, 0, 0, 14, 0, 12.5, 0, 3.169, 203, 0, 0, 0, 80, 1, 0.015, 0.015, 110.097, 102.92, 100, 0, 0, 141, 28.306, 29, 100, 4.41, 0, 91.693, 0, 0, 95.193, 63.175, 0, 0, 0, 0, 
2.4, 19.14, 100.44, 70.47, 71.17, , 14.985, 0.982, 171.262, 171.262, 0.326, 357.773, 357.773, 357.773, 7.83, 88.771, , 35.237, 37.188, 7.38, 21.246, 0, 0, 59.768, 60.893, 59.768, 60.893, 1, 63.812, 63.812, 0.024, 0.033, 688.287, 701.253, 688.287, 701.253, 4.808, 7.38, 21.246, , , 1, 2.448, 0, 0, 12.5, 3.189, 203, 0, 0, 0, 80, 14.712, 15.178, 109.908, 102.92, 100, 0, 0, 28.358, 29, 100, 4.41, 91.641, 0, 0, 95.141, 63.563, 0, 0, 0, 0, 0, 14, 0, 12.5, 0, 3.189, 203, 0, 0, 0, 80, 1, 0.015, 0.015, 109.908, 102.92, 100, 0, 0, 141, 28.358, 29, 100, 4.41, 0, 91.641, 0, 0, 95.141, 63.563, 0, 0, 0, 0, 
2.45, 19.14, 100.44, 70.47, 71.17, , 15.085, 0.982, 175.871, 175.871, 0.436, 360.142, 360.142, 360.142, 9.274, 86.193, , 35.201, 36.792, 7.379, 21.2, 0, 0, 60.853, 61.999, 60.853, 61.999, 1, 64.545, 64.545, 0.025, 0.033, 565.746, 576.402, 565.746, 576.402, 4.821, 7.379, 21.2, , , 1, 2.498, 0, 0, 12.5, 3.21, 203, 0, 0, 0, 80, 14.715, 15.168, 109.72, 102.92, 100, 0, 0, 28.41, 29, 100, 4.41, 91.589, 0, 0, 95.089, 63.952, 0, 0, 0, 0, 0, 14, 0, 12.5, 0, 3.21, 203, 0, 0, 0, 80, 1, 0.015, 0.015, 109.72, 102.92, 100, 0, 0, 141, 28.41, 29, 100, 4.41, 0, 91.589, 0, 0, 95.089, 63.952, 0, 0, 0, 0, 
2.5, 19.14, 100.44, 70.47, 71.17, , 15.165, 0.982, 180.541, 180.541, 0.546, 362.075, 362.075, 362.075, 10.793, 83.616, , 35.165, 36.396, 7.379, 21.188, 0, 0, 61.879, 63.045, 61.879, 63.045, 1, 65.347, 65.347, 0.025, 0.033, 484.655, 493.783, 484.655, 493.783, 4.834, 7.379, 21.188, , , 1, 2.548, 0, 0, 12.5, 3.23, 203, 0, 0, 0, 80, 14.718, 15.157, 109.532, 102.92, 100, 0, 0, 28.462, 29, 100, 4.41, 91.536, 0, 0, 95.036, 64.34, 0, 0, 0, 0, 0, 14, 0, 12.5, 0, 3.23, 203, 0, 0, 0, 80, 1, 0.015, 0.015, 109.532, 102.92, 100, 0, 0, 141, 28.462, 29, 100, 4.41, 0, 91.536, 0, 0, 95.036, 64.34, 0, 0, 0, 0, 
2.55, 19.14, 100.44, 70.47, 71.17, , 15.266, 0.982, 186.752, 186.752, 0.656, 364.489, 364.489, 364.489, 12.705, 81.038, , 35.129, 36, 7.378, 21.247, 0, 0, 63.24, 64.432, 63.24, 64.432, 1, 66.394, 66.394, 0.025, 0.033, 415.346, 423.17, 415.346, 423.17, 4.846, 7.378, 21.247, , , 1, 2.598, 0, 0, 12.5, 3.255, 203, 0, 0, 0, 80, 14.707, 15.14, 109.296, 102.899, 100, 0, 0, 28.527, 29, 100, 4.41, 91.471, 0, 0, 94.942, 64.821, 0, 0, 0, 0, 0, 14, 0, 12.5, 0, 3.255, 203, 0, 0, 0, 80, 1, 0.015, 0.015, 109.296, 102.899, 100, 0, 0, 141, 28.527, 29, 100, 4.41, 0, 91.471, 0, 0, 94.942, 64.821, 0, 0, 0, 0, 
2.6, 19.14, 100.44, 70.47, 71.17, , 15.311, 0.982, 192.279, 192.279, 0.767, 365.576, 365.576, 365.576, 14.033, 78.461, , 35.093, 35.604, 7.378, 21.349, 0, 0, 64.256, 65.469, 64.256, 65.469, 1, 67.14, 67.14, 0.025, 0.033, 367.325, 374.245, 367.325, 374.245, 4.857, 7.378, 21.349, , , 1, 2.648, 0, 0, 12.5, 3.294, 203, 0, 0, 0, 80, 14.661, 15.103, 108.95, 102.828, 100, 0, 0, 28.623, 29, 100, 4.41, 91.375, 0, 0, 94.75, 65.538, 0, 0, 0, 0, 0, 14, 0, 12.5, 0, 3.294, 203, 0, 0, 0, 80, 1, 0.015, 0.015, 108.95, 102.828, 100, 0, 0, 141, 28.624, 29, 100, 4.41, 0, 91.375, 0, 0, 94.75, 65.538, 0, 0, 0, 0, 
2.65, 19.14, 100.44, 70.47, 71.17, , 15.377, 0.982, 197.112, 197.112, 0.877, 367.169, 367.169, 367.169, 15.322, 75.883, , 35.06, 35.24, 7.377, 21.554, 0, 0, 65.246, 66.477, 65.246, 66.477, 1, 67.882, 67.882, 0.025, 0.033, 335.94, 342.27, 335.94, 342.27, 4.861, 7.377, 21.554, , , 1, 2.698, 0, 0, 12.5, 3.332, 203, 0, 0, 0, 80, 14.615, 15.067, 108.604, 102.756, 100, 0, 0, 28.719, 29, 100, 4.41, 91.279, 0, 0, 94.558, 66.255, 0, 0, 0, 0, 0, 14, 0, 12.5, 0, 3.332, 203, 0, 0, 0, 80, 1, 0.015, 0.015, 108.604, 102.756, 100, 0, 0, 141, 28.72, 29, 100, 4.41, 0, 91.279, 0, 0, 94.558, 66.255, 0, 0, 0, 0, 
2.7, 19.14, 100.44, 70.47, 71.17, , 15.42, 0.982, 201.976, 201.976, 0.987, 368.203, 368.203, 368.203, 16.595, 73.306, , 35.06, 35.24, 7.377, 21.755, 0, 0, 66.146, 67.394, 66.146, 67.394, 1, 68.636, 68.636, 0.025, 0.033, 309.956, 315.796, 309.956, 315.796, 4.865, 7.377, 21.755, , , 1, 2.748, 0, 0, 12.5, 3.37, 203, 0, 0, 0, 80, 14.569, 15.03, 108.258, 102.685, 100, 0, 0, 28.815, 29, 100, 4.41, 91.183, 0, 0, 94.365, 66.973, 0, 0, 0, 0, 0, 14, 0, 12.5, 0, 3.37, 203, 0, 0, 0, 80, 1, 0.014, 0.015, 108.258, 102.685, 100, 0, 0, 141, 28.817, 29, 100, 4.41, 0, 91.183, 0, 0, 94.365, 66.973, 0, 0, 0, 0, 
2.75, 19.14, 100.44, 70.47, 71.17, , 15.467, 0.982, 206.919, 206.919, 1.097, 369.328, 369.328, 369.328, 17.847, 70.728, , 35.06, 35.24, 7.377, 21.947, 0, 0, 67.078, 68.343, 67.078, 68.343, 1, 69.394, 69.394, 0.025, 0.033, 288.247, 293.677, 288.247, 293.677, 4.87, 7.377, 21.947, , , 1, 2.798, 0, 0, 12.5, 3.409, 203, 0, 0, 0, 80, 14.522, 14.994, 107.912, 102.614, 100, 0, 0, 28.912, 29, 100, 4.41, 91.087, 0, 0, 94.173, 67.69, 0, 0, 0, 0, 0, 14, 0, 12.5, 0, 3.409, 203, 0, 0, 0, 80, 1, 0.014, 0.015, 107.912, 102.614, 100, 0, 0, 141, 28.913, 29, 100, 4.41, 0, 91.087, 0, 0, 94.173, 67.69, 0, 0, 0, 0, 
2.8, 19.14, 100.44, 70.47, 71.17, , 15.514, 0.982, 211.887, 211.887, 1.207, 370.476, 370.476, 370.476, 19.058, 68.151, , 35.06, 35.24, 7.377, 22.121, 0, 0, 68.012, 69.295, 68.012, 69.295, 1, 70.146, 70.146, 0.025, 0.033, 270.175, 275.265, 270.175, 275.265, 4.878, 7.377, 22.121, , , 1, 2.848, 0, 0, 12.5, 3.448, 203, 0, 0, 0, 80, 14.488, 14.966, 107.6, 102.55, 100, 0, 0, 29.008, 29.008, 100, 4.41, 91.051, 0, 0, 94.041, 68.422, 0, 0, 0, 0, 0, 14, 0, 12.5, 0, 3.448, 203, 0, 0, 0, 80, 1, 0.014, 0.015, 107.6, 102.55, 100, 0, 0, 141, 29.01, 29.008, 100, 4.41, 0, 91.051, 0, 0, 94.041, 68.422, 0, 0, 0, 0, 
2.85, 19.14, 100.44, 70.47, 71.17, , 15.527, 0.982, 216.951, 216.951, 1.317, 370.79, 370.79, 370.79, 20.241, 65.573, , 35.06, 35.24, 7.378, 22.236, 0, 0, 68.807, 70.107, 68.807, 70.107, 1, 70.898, 70.898, 0.025, 0.033, 253.918, 258.701, 253.918, 258.701, 4.925, 7.378, 22.236, , , 1, 2.898, 0, 0, 12.5, 3.493, 203, 0, 0, 0, 80, 14.592, 15.036, 107.6, 102.55, 100, 0, 0, 29.112, 29.112, 100, 4.414, 91.566, 0, 0, 94.453, 69.321, 0, 0, 0, 0, 0, 14, 0, 12.5, 0, 3.493, 203, 0, 0, 0, 80, 1, 0.014, 0.015, 107.6, 102.55, 100, 0, 0, 141, 29.113, 29.112, 100, 4.414, 0, 91.566, 0, 0, 94.453, 69.321, 0, 0, 0, 0, 
2.9, 19.14, 100.44, 70.47, 71.17, , 15.572, 0.982, 222.032, 222.032, 1.427, 371.884, 371.884, 371.884, 21.397, 62.996, , 35.06, 35.272, 7.378, 22.322, 0, 0, 69.746, 71.061, 69.746, 71.061, 1, 71.653, 71.653, 0.025, 0.033, 240.497, 245.026, 240.497, 245.026, 4.972, 7.378, 22.322, , , 1, 2.948, 0, 0, 12.5, 3.539, 203, 0, 0, 0, 80, 14.695, 15.106, 107.6, 102.55, 100, 0, 0, 29.215, 29.215, 100, 4.419, 92.08, 0, 0, 94.864, 70.219, 0, 0, 0, 0, 0, 14, 0, 12.5, 0, 3.539, 203, 0, 0, 0, 80, 1, 0.014, 0.015, 107.6, 102.55, 100, 0, 0, 141, 29.216, 29.215, 100, 4.419, 0, 92.08, 0, 0, 94.864, 70.219, 0, 0, 0, 0, 
2.95, 19.14, 100.44, 70.47, 71.17, , 15.565, 0.982, 227.221, 227.221, 1.538, 371.74, 371.74, 371.74, 22.907, 60.418, , 35.06, 35.668, 7.379, 22.303, 0, 0, 70.46, 71.789, 70.46, 71.789, 1, 72.411, 72.411, 0.025, 0.033, 225.983, 230.238, 225.983, 230.238, 5.019, 7.379, 22.303, , , 1, 2.998, 0, 0, 12.5, 3.585, 203, 0, 0, 0, 80, 14.798, 15.176, 107.6, 102.55, 100, 0, 0, 29.318, 29.318, 100, 4.423, 92.595, 0, 0, 95.276, 71.118, 0, 0, 0, 0, 0, 14, 0, 12.5, 0, 3.585, 203, 0, 0, 0, 80, 1, 0.015, 0.015, 107.6, 102.55, 100, 0, 0, 141, 29.319, 29.318, 100, 4.423, 0, 92.595, 0, 0, 95.276, 71.118, 0, 0, 0, 0, 
3, 19.14, 100.44, 70.47, 71.17, , 15.582, 0.982, 232.41, 232.41, 1.648, 372.177, 372.177, 372.177, 24.459, 57.841, , 35.06, 36.064, 7.379, 22.267, 0, 0, 71.284, 72.628, 71.284, 72.628, 1, 73.18, 73.18, 0.025, 0.033, 212.478, 216.48, 212.478, 216.48, 5.066, 7.379, 22.267, , , 1, 3.048, 0, 0, 12.5, 3.631, 203, 0, 0, 0, 80, 14.901, 15.247, 107.6, 102.55, 100, 0, 0, 29.421, 29.421, 100, 4.427, 93.109, 0, 0, 95.687, 72.017, 0, 0, 0, 0, 0, 14, 0, 12.5, 0, 3.631, 203, 0, 0, 0, 80, 1, 0.015, 0.015, 107.6, 102.55, 100, 0, 0, 141, 29.422, 29.421, 100, 4.427, 0, 93.109, 0, 0, 95.687, 72.017, 0, 0, 0, 0, 
3.05, 19.14, 100.44, 70.47, 71.17, , 15.593, 0.982, 237.639, 237.639, 1.758, 372.446, 372.446, 372.446, 25.605, 55.263, , 35.06, 36.46, 7.38, 22.165, 0, 0, 72.079, 73.438, 72.079, 73.438, 1, 73.935, 73.935, 0.025, 0.033, 202.563, 206.378, 202.563, 206.378, 5.131, 7.38, 22.165, , , 1, 3.098, 0, 0, 12.5, 3.675, 203, 0, 0, 0, 80, 14.991, 15.309, 107.516, 102.531, 100, 0, 0, 29.547, 29.5, 100, 4.429, 93.64, 0, 0, 96.093, 72.902, 0, 0, 0, 0, 0, 14, 0, 12.5, 0, 3.675, 203, 0, 0, 0, 80, 1, 0.015, 0.015, 107.516, 102.531, 100, 0, 0, 141, 29.547, 29.5, 100, 4.429, 0, 93.64, 0, 0, 96.093, 72.902, 0, 0, 0, 0, 
3.1, 19.14, 100.44, 70.47, 71.17, , 15.635, 0.982, 243.003, 243.003, 1.868, 373.457, 373.457, 373.457, 26.381, 52.686, , 35.06, 36.856, 7.38, 22.05, 0, 0, 73.021, 74.397, 73.021, 74.397, 1, 74.71, 74.71, 0.025, 0.033, 196.552, 200.254, 196.552, 200.254, 5.2, 7.38, 22.05, , , 1, 3.147, 0, 0, 12.5, 3.713, 203, 0, 0, 0, 80, 15.035, 15.348, 107.166, 102.46, 100, 0, 0, 29.74, 29.5, 100, 4.425, 94.224, 0, 0, 96.482, 73.745, 0, 0, 0, 0, 0, 14, 0, 12.5, 0, 3.713, 203, 0, 0, 0, 80, 1, 0.015, 0.015, 107.166, 102.46, 100, 0, 0, 141, 29.74, 29.5, 100, 4.425, 0, 94.224, 0, 0, 96.482, 73.745, 0, 0, 0, 0, 
3.15, 19.14, 100.44, 70.47, 71.17, , 15.668, 0.982, 248.359, 248.359, 1.978, 374.274, 374.274, 374.274, 26.739, 50.108, , 35.066, 37.24, 7.379, 21.879, 0, 0, 73.94, 75.334, 73.94, 75.334, 1, 75.468, 75.468, 0.025, 0.033, 193.719, 197.368, 193.719, 197.368, 5.269, 7.379, 21.879, , , 1, 3.197, 0, 0, 12.5, 3.752, 203, 0, 0, 0, 80, 15.08, 15.387, 106.816, 102.388, 100, 0, 0, 29.934, 29.5, 100, 4.421, 94.807, 0, 0, 96.872, 74.588, 0, 0, 0, 0, 0, 14, 0, 12.5, 0, 3.752, 203, 0, 0, 0, 80, 1, 0.015, 0.015, 106.816, 102.388, 100, 0, 0, 141, 29.934, 29.5, 100, 4.421, 0, 94.807, 0, 0, 96.872, 74.588, 0, 0, 0, 0, 
3.2, 19.14, 100.44, 70.47, 71.17, , 15.739, 0.982, 253.848, 253.848, 2.128, 375.978, 375.978, 375.978, 26.516, 66.906, , 35.138, 37.492, 7.379, 21.718, 0, 0, 75.034, 76.448, 75.034, 76.448, 1, 76.235, 76.235, 0.025, 0.033, 196.073, 199.766, 196.073, 199.766, 5.338, 7.379, 21.718, , , 1, 3.248, 0, 0, 12.5, 3.79, 203, 0, 0, 0, 80, 15.124, 15.426, 106.465, 102.316, 100, 0, 0, 30.128, 29.5, 100, 4.417, 95.391, 0, 0, 97.261, 75.431, 0, 0, 0, 0, 0, 14, 0, 12.5, 0, 3.79, 203, 0, 0, 0, 80, 1, 0.015, 0.016, 106.465, 102.316, 100, 0, 0, 141, 30.128, 29.5, 100, 4.417, 0, 95.391, 0, 0, 97.261, 75.431, 0, 0, 0, 0, 
3.25, 19.14, 100.44, 70.47, 71.17, , 15.747, 0.982, 259.296, 259.296, 2.077, 376.197, 376.197, 376.197, 25.592, 67.69, , 35.21, 37.744, 7.379, 21.617, 0, 0, 75.826, 77.255, 75.826, 77.255, 1, 77.005, 77.005, 0.025, 0.033, 202.667, 206.484, 202.667, 206.484, 5.389, 7.379, 21.617, , , 1, 3.298, 0, 0, 12.5, 3.828, 203, 0, 0, 0, 80, 15.169, 15.464, 106.115, 102.245, 100, 0, 0, 30.322, 29.5, 100, 4.414, 95.975, 0, 0, 97.65, 76.274, 0, 0, 0, 0, 0, 14, 0, 12.5, 0, 3.828, 203, 0, 0, 0, 80, 1, 0.015, 0.016, 106.115, 102.245, 100, 0, 0, 141, 30.322, 29.5, 100, 4.414, 0, 95.975, 0, 0, 97.65, 76.274, 0, 0, 0, 0, 
3.3, 19.14, 100.44, 70.47, 71.17, , 15.809, 0.982, 264.855, 264.855, 2.025, 377.674, 377.674, 377.674, 24.683, 68.474, , 35.282, 37.996, 7.378, 21.531, 0, 0, 76.887, 78.335, 76.887, 78.335, 1, 77.778, 77.778, 0.025, 0.033, 210.962, 214.935, 210.962, 214.935, 5.428, 7.378, 21.531, , , 1, 3.348, 0, 0, 12.5, 3.867, 203, 0, 0, 0, 80, 15.217, 15.506, 105.763, 102.172, 100, 0, 0, 30.508, 29.508, 100, 4.41, 96.551, 0, 0, 98.041, 77.112, 0, 0, 0, 0, 0, 14, 0, 12.5, 0, 3.867, 203, 0, 0, 0, 80, 1, 0.015, 0.016, 105.763, 102.172, 100, 0, 0, 141, 30.508, 29.508, 100, 4.41, 0, 96.551, 0, 0, 98.041, 77.112, 0, 0, 0, 0, 
3.35, 19.14, 100.44, 70.47, 71.17, , 15.807, 0.982, 270.461, 270.461, 1.973, 377.653, 377.653, 377.653, 23.784, 69.258, , 35.354, 38.248, 7.378, 21.534, 0, 0, 77.646, 79.107, 77.646, 79.107, 1, 78.56, 78.56, 0.025, 0.033, 218.836, 222.959, 218.836, 222.959, 5.468, 7.378, 21.534, , , 1, 3.398, 0, 0, 12.5, 3.908, 203, 0, 0, 0, 80, 15.31, 15.585, 105.393, 102.096, 100, 0, 0, 30.612, 29.612, 100, 4.414, 97.066, 0, 0, 98.453, 77.882, 0, 0, 0, 0, 0, 14, 0, 12.5, 0, 3.908, 203, 0, 0, 0, 80, 1, 0.015, 0.016, 105.393, 102.096, 100, 0, 0, 141, 30.612, 29.612, 100, 4.414, 0, 97.066, 0, 0, 98.453, 77.882, 0, 0, 0, 0, 
3.4, 19.139, 100.44, 70.47, 71.171, , 15.816, 0.982, 277.636, 277.636, 1.921, 377.884, 377.884, 377.884, 22.577, 70.041, , 35.388, 38.399, 7.377, 21.553, 0, 0, 78.657, 80.137, 78.657, 80.137, 1, 79.639, 79.639, 0.025, 0.033, 229.737, 234.066, 229.737, 234.066, 5.508, 7.377, 21.553, , , 1, 3.448, 0, 0, 12.5, 3.95, 203, 0, 0, 0, 80, 15.403, 15.663, 105.022, 102.019, 100, 0, 0, 30.715, 29.715, 100, 4.419, 97.58, 0, 0, 98.864, 78.653, 0, 0, 0, 0, 0, 14, 0, 12.5, 0, 3.95, 203, 0, 0, 0, 80, 1, 0.015, 0.016, 105.022, 102.019, 100, 0, 0, 141, 30.715, 29.715, 100, 4.419, 0, 97.58, 0, 0, 98.864, 78.653, 0, 0, 0, 0, 
3.45, 19.138, 100.44, 70.47, 71.172, , 15.824, 0.982, 284.186, 284.186, 1.869, 378.117, 378.117, 378.117, 21.721, 70.825, , 34.992, 37.391, 7.377, 21.694, 0, 0, 79.582, 81.08, 79.582, 81.08, 1, 80.419, 80.419, 0.025, 0.033, 240.209, 244.735, 240.209, 244.735, 5.544, 7.377, 21.694, , , 1, 3.498, 0, 0, 12.5, 3.991, 203, 0, 0, 0, 80, 15.496, 15.742, 104.652, 101.943, 100, 0, 0, 30.818, 29.818, 100, 4.423, 98.095, 0, 0, 99.276, 79.424, 0, 0, 0, 0, 0, 14, 0, 12.5, 0, 3.991, 203, 0, 0, 0, 80, 1, 0.016, 0.016, 104.652, 101.943, 100, 0, 0, 141, 30.818, 29.818, 100, 4.423, 0, 98.095, 0, 0, 99.276, 79.424, 0, 0, 0, 0, 
3.5, 19.137, 100.44, 70.47, 71.173, , 15.852, 0.982, 290.006, 290.006, 1.817, 378.802, 378.802, 378.802, 20.892, 71.609, , 34.596, 36.383, 7.377, 21.837, 0, 0, 80.493, 82.008, 80.493, 82.008, 1, 81.189, 81.189, 0.025, 0.033, 250.259, 254.974, 250.259, 254.974, 5.577, 7.377, 21.837, , , 1, 3.548, 0, 0, 12.5, 4.033, 203, 0, 0, 0, 80, 15.589, 15.82, 104.281, 101.867, 100, 0, 0, 30.921, 29.921, 100, 4.427, 98.609, 0, 0, 99.687, 80.194, 0, 0, 0, 0, 0, 14, 0, 12.5, 0, 4.033, 203, 0, 0, 0, 80, 1, 0.016, 0.016, 104.281, 101.867, 100, 0, 0, 141, 30.921, 29.921, 100, 4.427, 0, 98.609, 0, 0, 99.687, 80.194, 0, 0, 0, 0, 
3.55, 19.137, 100.44, 70.47, 71.173, , 15.852, 0.982, 295.844, 295.844, 1.765, 378.826, 378.826, 378.826, 20.076, 72.392, , 34.2, 35.375, 7.377, 21.988, 0, 0, 81.266, 82.798, 81.266, 82.798, 1, 81.963, 81.963, 0.025, 0.033, 260.53, 265.438, 260.53, 265.438, 5.609, 7.377, 21.988, , , 1, 3.598, 0, 0, 12.5, 4.073, 203, 0, 0, 0, 80, 15.666, 15.886, 103.964, 101.786, 100, 0, 0, 31.015, 30.025, 100, 4.43, 99.079, 0, 0, 100.079, 81.019, 0, 0, 0, 0, 0, 13.999, 0, 12.5, 0, 4.073, 203, 0, 0, 0, 80, 1, 0.016, 0.016, 103.964, 101.786, 100, 0, 0, 141, 31.015, 30.025, 100, 4.43, 0, 99.079, 0, 0, 100.079, 81.019, 0, 0, 0, 0, 
3.6, 19.136, 100.44, 70.47, 71.174, , 15.877, 0.982, 301.753, 301.753, 1.713, 379.435, 379.435, 379.435, 19.281, 73.176, , 33.804, 34.367, 7.377, 22.135, 0, 0, 82.167, 83.717, 82.167, 83.717, 1, 82.733, 82.733, 0.025, 0.033, 271.848, 276.97, 271.848, 276.97, 5.642, 7.377, 22.135, , , 1, 3.648, 0, 0, 12.5, 4.113, 203, 0, 0, 0, 80, 15.693, 15.909, 103.816, 101.696, 100, 0, 0, 31.076, 30.127, 100, 4.428, 99.409, 0, 0, 100.409, 82.015, 0, 0, 0, 0, 0, 13.995, 0, 12.5, 0, 4.113, 203, 0, 0, 0, 80, 1, 0.016, 0.016, 103.816, 101.696, 100, 0, 0, 141, 31.076, 30.127, 100, 4.428, 0, 99.409, 0, 0, 100.409, 82.015, 0, 0, 0, 0, 
3.65, 19.135, 100.44, 70.47, 71.175, , 15.887, 0.982, 307.74, 307.74, 1.662, 379.694, 379.694, 379.694, 18.489, 73.96, , 33.472, 33.475, 7.377, 22.234, 0, 0, 83, 84.566, 83, 84.566, 1, 83.513, 83.513, 0.025, 0.033, 283.705, 289.048, 283.705, 289.048, 5.674, 7.377, 22.234, , , 1, 3.698, 0, 0, 12.5, 4.153, 203, 0, 0, 0, 80, 15.72, 15.933, 103.668, 101.605, 100, 0, 0, 31.138, 30.23, 100, 4.426, 99.738, 0, 0, 100.738, 83.012, 0, 0, 0, 0, 0, 13.991, 0, 12.5, 0, 4.153, 203, 0, 0, 0, 80, 1, 0.016, 0.016, 103.668, 101.605, 100, 0, 0, 141, 31.138, 30.23, 100, 4.426, 0, 99.738, 0, 0, 100.738, 83.012, 0, 0, 0, 0, 
3.7, 19.134, 100.44, 70.47, 71.176, , 15.877, 0.982, 313.727, 313.727, 1.61, 379.48, 379.48, 379.48, 17.718, 74.744, , 33.868, 33.907, 7.377, 22.33, 0, 0, 83.718, 85.296, 83.718, 85.296, 1, 84.287, 84.287, 0.025, 0.033, 295.835, 301.407, 295.835, 301.407, 5.705, 7.377, 22.33, , , 1, 3.748, 0, 0, 12.5, 4.192, 203, 0, 0, 0, 80, 15.747, 15.956, 103.52, 101.514, 100, 0, 0, 31.2, 30.333, 100, 4.425, 100.068, 0, 0, 101.068, 84.008, 0, 0, 0, 0, 0, 13.987, 0, 12.5, 0, 4.192, 203, 0, 0, 0, 80, 1, 0.016, 0.016, 103.52, 101.514, 100, 0, 0, 141, 31.2, 30.333, 100, 4.425, 0, 100.068, 0, 0, 101.068, 84.008, 0, 0, 0, 0, 
3.75, 19.133, 100.44, 70.47, 71.177, , 15.866, 0.982, 319.771, 319.771, 1.558, 379.252, 379.252, 379.252, 16.954, 75.527, , 34.264, 34.339, 7.377, 22.36, 0, 0, 84.436, 86.028, 84.436, 86.028, 1, 85.069, 85.069, 0.025, 0.033, 308.908, 314.727, 308.908, 314.727, 5.735, 7.377, 22.36, , , 1, 3.797, 0, 0, 12.5, 4.232, 203, 0, 0, 0, 80, 15.773, 15.979, 103.372, 101.423, 100, 0, 0, 31.262, 30.436, 100, 4.423, 100.397, 0, 0, 101.397, 85.004, 0, 0, 0, 0, 0, 13.983, 0, 12.5, 0, 4.232, 203, 0, 0, 0, 80, 1, 0.016, 0.016, 103.372, 101.423, 100, 0, 0, 141, 31.262, 30.436, 100, 4.423, 0, 100.397, 0, 0, 101.397, 85.004, 0, 0, 0, 0, 
3.8, 19.133, 100.44, 70.47, 71.177, , 15.832, 0.982, 325.916, 325.916, 1.506, 378.472, 378.472, 378.472, 16.207, 76.311, , 34.66, 34.771, 7.377, 22.39, 0, 0, 85.029, 86.631, 85.029, 86.631, 1, 85.846, 85.846, 0.025, 0.033, 322.415, 328.489, 322.415, 328.489, 5.766, 7.377, 22.39, , , 1, 3.847, 0, 0, 12.5, 4.271, 203, 0, 0, 0, 80, 15.8, 16.003, 103.224, 101.332, 100, 0, 0, 31.323, 30.539, 100, 4.421, 100.727, 0, 0, 101.727, 86.001, 0, 0, 0, 0, 0, 13.978, 0, 12.5, 0, 4.271, 203, 0, 0, 0, 80, 1, 0.016, 0.016, 103.224, 101.332, 100, 0, 0, 141, 31.323, 30.539, 100, 4.421, 0, 100.727, 0, 0, 101.727, 86.001, 0, 0, 0, 0, 
3.85, 19.132, 100.44, 70.47, 71.178, , 15.799, 0.982, 332.074, 332.074, 1.454, 377.699, 377.699, 377.699, 15.479, 77.095, , 35.056, 35.203, 7.377, 22.39, 0, 0, 85.618, 87.231, 85.618, 87.231, 1, 86.615, 86.615, 0.025, 0.033, 336.974, 343.321, 336.974, 343.321, 5.797, 7.377, 22.39, , , 1, 3.898, 0, 0, 12.5, 4.311, 203, 0, 0, 0, 80, 15.827, 16.026, 103.076, 101.241, 100, 0, 0, 31.385, 30.641, 100, 4.42, 101.056, 0, 0, 102.056, 86.997, 0, 0, 0, 0, 0, 13.974, 0, 12.5, 0, 4.311, 203, 0, 0, 0, 80, 1, 0.016, 0.016, 103.076, 101.241, 100, 0, 0, 141, 31.385, 30.641, 100, 4.42, 0, 101.056, 0, 0, 102.056, 86.997, 0, 0, 0, 0, 
3.9, 19.131, 100.44, 70.47, 71.179, , 15.75, 0.982, 338.385, 338.385, 1.402, 376.575, 376.575, 376.575, 14.756, 77.878, , 35.414, 35.586, 7.377, 22.39, 0, 0, 86.134, 87.755, 86.134, 87.755, 1, 87.39, 87.39, 0.025, 0.033, 352.656, 359.297, 352.656, 359.297, 5.838, 7.377, 22.39, , , 1, 3.947, 0, 0, 12.5, 4.351, 203, 0, 0, 0, 80, 15.854, 16.05, 102.928, 101.15, 100, 0, 0, 31.447, 30.744, 100, 4.418, 101.386, 0, 0, 102.386, 87.993, 0, 0, 0, 0, 0, 13.97, 0, 12.5, 0, 4.351, 203, 0, 0, 0, 80, 1, 0.016, 0.016, 102.928, 101.15, 100, 0, 0, 141, 31.447, 30.744, 100, 4.418, 0, 101.386, 0, 0, 102.386, 87.993, 0, 0, 0, 0, 
3.95, 19.13, 100.44, 70.47, 71.18, , 15.721, 0.982, 344.696, 344.696, 1.35, 375.913, 375.913, 375.913, 14.051, 78.662, , 35.344, 35.41, 7.377, 22.39, 0, 0, 86.743, 88.375, 86.743, 88.375, 1, 88.161, 88.161, 0.025, 0.033, 369.82, 376.786, 369.82, 376.786, 5.881, 7.377, 22.39, , , 1, 3.997, 0, 0, 12.5, 4.39, 203, 0, 0, 0, 80, 15.88, 16.073, 102.78, 101.059, 100, 0, 0, 31.508, 30.847, 100, 4.416, 101.715, 0, 0, 102.715, 88.99, 0, 0, 0, 0, 0, 13.966, 0, 12.5, 0, 4.39, 203, 0, 0, 0, 80, 1, 0.016, 0.016, 102.78, 101.059, 100, 0, 0, 141, 31.508, 30.847, 100, 4.416, 0, 101.715, 0, 0, 102.715, 88.99, 0, 0, 0, 0, 
4, 19.13, 100.44, 70.47, 71.18, , 15.68, 0.982, 351.028, 351.028, 1.299, 374.962, 374.962, 374.962, 13.354, 79.446, , 35.274, 35.234, 7.377, 22.39, 0, 0, 87.277, 88.92, 87.277, 88.92, 1, 88.934, 88.934, 0.025, 0.033, 388.122, 395.433, 388.122, 395.433, 5.923, 7.377, 22.39, , , 1, 4.047, 0, 0, 12.5, 4.43, 203, 0, 0, 0, 80, 15.907, 16.097, 102.632, 100.969, 100, 0, 0, 31.57, 30.95, 100, 4.415, 102.044, 0, 0, 103.044, 89.986, 0, 0, 0, 0, 0, 13.962, 0, 12.5, 0, 4.43, 203, 0, 0, 0, 80, 1, 0.016, 0.016, 102.632, 100.969, 100, 0, 0, 141, 31.57, 30.95, 100, 4.415, 0, 102.044, 0, 0, 103.044, 89.986, 0, 0, 0, 0, 
4.05, 19.129, 100.44, 70.47, 71.181, , 15.649, 0.982, 357.444, 357.444, 1.247, 374.257, 374.257, 374.257, 12.677, 80.23, , 35.203, 35.059, 7.377, 22.39, 0, 0, 87.862, 89.517, 87.862, 89.517, 1, 89.695, 89.695, 0.025, 0.033, 408.346, 416.039, 408.346, 416.039, 5.966, 7.377, 22.39, , , 1, 4.097, 0, 0, 12.5, 4.469, 203, 0, 0, 0, 80, 15.934, 16.12, 102.484, 100.878, 100, 0, 0, 31.632, 31.053, 100, 4.413, 102.374, 0, 0, 103.374, 90.982, 0, 0, 0, 0, 0, 13.958, 0, 12.5, 0, 4.469, 203, 0, 0, 0, 80, 1, 0.016, 0.016, 102.484, 100.878, 100, 0, 0, 141, 31.632, 31.053, 100, 4.413, 0, 102.374, 0, 0, 103.374, 90.982, 0, 0, 0, 0, 
4.1, 19.128, 100.44, 70.47, 71.182, , 15.624, 0.982, 363.871, 363.871, 1.195, 373.668, 373.668, 373.668, 12.006, 81.013, , 35.133, 34.883, 7.377, 22.39, 0, 0, 88.469, 90.135, 88.469, 90.135, 1, 90.463, 90.463, 0.025, 0.033, 430.387, 438.495, 430.387, 438.495, 6.015, 7.377, 22.39, , , 1, 4.148, 0, 0, 12.5, 4.509, 203, 0, 0, 0, 80, 15.96, 16.143, 102.336, 100.787, 100, 0, 0, 31.693, 31.155, 100, 4.412, 102.703, 0, 0, 103.703, 91.978, 0, 0, 0, 0, 0, 13.954, 0, 12.5, 0, 4.509, 203, 0, 0, 0, 80, 1, 0.016, 0.016, 102.336, 100.787, 100, 0, 0, 141, 31.693, 31.155, 100, 4.412, 0, 102.703, 0, 0, 103.703, 91.978, 0, 0, 0, 0, 
4.15, 19.127, 100.44, 70.47, 71.183, , 15.555, 0.982, 370.486, 370.486, 1.143, 372.073, 372.073, 372.073, 11.343, 81.797, , 35.063, 34.707, 7.377, 22.39, 0, 0, 88.841, 90.515, 88.841, 90.515, 1, 91.235, 91.235, 0.025, 0.033, 453.869, 462.42, 453.869, 462.42, 6.069, 7.377, 22.39, , , 1, 4.198, 0, 0, 12.5, 4.55, 203, 0, 0, 0, 80, 15.987, 16.166, 102.17, 100.69, 100, 0, 0, 31.763, 31.271, 100, 4.41, 103.031, 0, 0, 104.031, 92.931, 0, 0, 0, 0, 0, 13.951, 0, 12.5, 0, 4.55, 203, 0, 0, 0, 80, 1, 0.016, 0.016, 102.17, 100.69, 100, 0, 0, 141, 31.763, 31.271, 100, 4.41, 0, 103.031, 0, 0, 104.031, 92.931, 0, 0, 0, 0, 
4.2, 19.127, 100.44, 70.47, 71.183, , 15.517, 0.982, 377.069, 377.069, 1.091, 371.197, 371.197, 371.197, 10.65, 82.581, , 35.06, 34.842, 7.377, 22.39, 0, 0, 89.376, 91.059, 89.376, 91.059, 1, 92.052, 92.052, 0.025, 0.033, 480.527, 489.58, 480.527, 489.58, 6.123, 7.377, 22.39, , , 1, 4.247, 0, 0, 12.5, 4.604, 203, 0, 0, 0, 80, 16.009, 16.182, 101.793, 100.537, 100, 0, 0, 31.919, 31.532, 100, 4.41, 103.344, 0, 0, 104.344, 93.386, 0, 0, 0, 0, 0, 13.961, 0, 12.5, 0, 4.604, 203, 0, 0, 0, 80, 1, 0.016, 0.016, 101.793, 100.537, 100, 0, 0, 141, 31.919, 31.532, 100, 4.41, 0, 103.344, 0, 0, 104.344, 93.386, 0, 0, 0, 0, 
4.25, 19.126, 100.44, 70.47, 71.184, , 15.47, 0.982, 386.075, 386.075, 1.039, 370.106, 370.106, 370.106, 9.847, 83.364, , 35.06, 34.989, 7.377, 22.39, 0, 0, 90.112, 91.811, 90.112, 91.811, 1, 93.019, 93.019, 0.025, 0.033, 522.563, 532.408, 522.563, 532.408, 6.177, 7.377, 22.39, , , 1, 4.298, 0, 0, 12.5, 4.658, 203, 0, 0, 0, 80, 16.031, 16.198, 101.417, 100.383, 100, 0, 0, 32.076, 31.794, 100, 4.41, 103.656, 0, 0, 104.656, 93.841, 0, 0, 0, 0, 0, 13.972, 0, 12.5, 0, 4.658, 203, 0, 0, 0, 80, 1, 0.016, 0.016, 101.417, 100.383, 100, 0, 0, 141, 32.076, 31.794, 100, 4.41, 0, 103.656, 0, 0, 104.656, 93.841, 0, 0, 0, 0, 
4.3, 19.125, 100.44, 70.47, 71.185, , 15.425, 0.982, 392.746, 392.746, 0.987, 369.063, 369.063, 369.063, 9.226, 84.148, 25.173, 35.06, 35.137, 7.377, 22.39, 0, 0, 90.586, 92.294, 90.586, 92.294, 1, 93.774, 93.774, 0.025, 0.033, 556.631, 567.117, 556.631, 567.117, 6.224, 7.377, 22.39, , , 1, 4.348, 0, 0, 12.5, 4.711, 203, 0, 0, 0, 80, 16.053, 16.213, 101.04, 100.23, 100, 0, 0, 32.233, 32.055, 100, 4.41, 103.969, 0, 0, 104.969, 94.296, 0, 0, 0, 0, 0, 13.982, 0, 12.5, 0, 4.711, 203, 0, 0, 0, 80, 1, 0.016, 0.016, 101.04, 100.23, 100, 0, 0, 141, 32.233, 32.055, 100, 4.41, 0, 103.969, 0, 0, 104.969, 94.296, 0, 0, 0, 0, 
4.35, 19.124, 100.44, 70.47, 71.186, , 15.364, 0.982, 399.551, 399.551, 0.936, 367.65, 367.65, 367.65, 8.606, 84.932, 23.895, 35.06, 35.284, 7.378, 22.39, 0, 0, 90.97, 92.685, 90.97, 92.685, 1, 94.539, 94.539, 0.025, 0.033, 594.565, 605.767, 594.565, 605.767, 6.257, 7.378, 22.39, , , 1, 4.398, 0, 0, 12.5, 4.765, 203, 0, 0, 0, 80, 16.075, 16.229, 100.664, 100.077, 100, 0, 0, 32.39, 32.317, 100, 4.41, 104.281, 0, 0, 105.281, 94.751, 0, 0, 0, 0, 0, 13.993, 0, 12.5, 0, 4.765, 203, 0, 0, 0, 80, 1, 0.016, 0.016, 100.664, 100.077, 100, 0, 0, 141, 32.39, 32.317, 100, 4.41, 0, 104.281, 0, 0, 105.281, 94.751, 0, 0, 0, 0, 
4.4, 19.124, 100.44, 70.47, 71.186, , 15.358, 0.982, 406.289, 406.289, 0.884, 367.534, 367.534, 367.534, 8.009, 85.716, 22.618, 35.069, 35.423, 7.378, 22.39, 0, 0, 91.652, 93.381, 91.652, 93.381, 1, 95.284, 95.284, 0.025, 0.033, 639.433, 651.479, 639.433, 651.479, 6.289, 7.378, 22.39, , , 1, 4.448, 0, 0, 12.5, 4.806, 203, 0, 0, 0, 80, 16.089, 16.238, 100.374, 99.959, 100, 0, 0, 32.5, 32.5, 100, 4.41, 104.507, 0, 0, 105.5, 95.205, 0, 0, 0, 0, 0, 13.999, 0, 12.5, 0, 4.806, 203, 0, 0, 0, 80, 1, 0.016, 0.016, 100.374, 99.959, 100, 0, 0, 141, 32.5, 32.5, 100, 4.41, 0, 104.507, 0, 0, 105.5, 95.205, 0, 0, 0, 0, 
4.45, 19.123, 100.44, 70.47, 71.187, , 15.3, 0.982, 413.157, 413.157, 0.832, 366.173, 366.173, 366.173, 7.411, 86.499, 21.34, 35.177, 35.459, 7.379, 22.39, 0, 0, 92.031, 93.767, 92.031, 93.767, 1, 96.042, 96.042, 0.025, 0.033, 688.515, 701.488, 688.515, 701.488, 6.322, 7.379, 22.39, , , 1, 4.498, 0, 0, 12.5, 4.815, 203, 0, 0, 0, 80, 16.084, 16.232, 100.287, 99.923, 100, 0, 0, 32.5, 32.5, 100, 4.41, 104.532, 0, 0, 105.5, 95.657, 0, 0, 0, 0, 0, 13.994, 0, 12.5, 0, 4.815, 203, 0, 0, 0, 80, 1, 0.016, 0.016, 100.287, 99.923, 100, 0, 0, 141, 32.5, 32.5, 100, 4.41, 0, 104.532, 0, 0, 105.5, 95.657, 0, 0, 0, 0, 
4.5, 19.122, 100.44, 70.47, 71.188, , 15.235, 0.982, 420.162, 420.162, 0.78, 364.659, 364.659, 364.659, 6.825, 87.283, 20.062, 35.285, 35.495, 7.379, 22.39, 0, 0, 92.369, 94.112, 92.369, 94.112, 1, 96.793, 96.793, 0.025, 0.033, 746.592, 760.657, 746.592, 760.657, 6.355, 7.379, 22.39, , , 1, 4.547, 0, 0, 12.5, 4.824, 203, 0, 0, 0, 80, 16.079, 16.227, 100.199, 99.887, 100, 0, 0, 32.5, 32.5, 100, 4.41, 104.556, 0, 0, 105.5, 96.109, 0, 0, 0, 0, 0, 13.989, 0, 12.5, 0, 4.824, 203, 0, 0, 0, 80, 1, 0.016, 0.016, 100.199, 99.887, 100, 0, 0, 141, 32.5, 32.5, 100, 4.41, 0, 104.556, 0, 0, 105.5, 96.109, 0, 0, 0, 0, 
4.55, 19.121, 100.44, 70.47, 71.189, , 15.17, 0.982, 427.162, 427.162, 0.728, 363.145, 363.145, 363.145, 6.255, 88.067, 18.784, 35.393, 35.531, 7.38, 22.39, 0, 0, 92.696, 94.445, 92.696, 94.445, 1, 97.531, 97.531, 0.025, 0.033, 813.466, 828.791, 813.466, 828.791, 6.388, 7.38, 22.39, , , 1, 4.597, 0, 0, 12.5, 4.833, 203, 0, 0, 0, 80, 16.074, 16.221, 100.112, 99.852, 100, 0, 0, 32.5, 32.5, 100, 4.41, 104.58, 0, 0, 105.5, 96.56, 0, 0, 0, 0, 0, 13.984, 0, 12.5, 0, 4.833, 203, 0, 0, 0, 80, 1, 0.016, 0.016, 100.112, 99.852, 100, 0, 0, 141, 32.5, 32.5, 100, 4.41, 0, 104.58, 0, 0, 105.5, 96.56, 0, 0, 0, 0, 
4.6, 19.12, 100.44, 70.47, 71.19, , 15.09, 0.982, 434.238, 434.238, 0.676, 361.274, 361.274, 361.274, 5.686, 88.85, 17.506, 35.501, 35.567, 7.382, 22.39, 0, 0, 92.923, 94.676, 92.923, 94.676, 1, 98.278, 98.278, 0.025, 0.033, 893.695, 910.531, 893.695, 910.531, 6.42, 7.382, 22.39, , , 1, 4.648, 0, 0, 12.5, 4.842, 203, 0, 0, 0, 80, 16.069, 16.215, 100.025, 99.816, 100, 0, 0, 32.5, 32.5, 100, 4.41, 104.604, 0, 0, 105.5, 97.012, 0, 0, 0, 0, 0, 13.979, 0, 12.5, 0, 4.842, 203, 0, 0, 0, 80, 1, 0.016, 0.016, 100.025, 99.816, 100, 0, 0, 141, 32.5, 32.5, 100, 4.41, 0, 104.604, 0, 0, 105.5, 97.012, 0, 0, 0, 0, 
4.65, 19.12, 100.44, 70.47, 71.19, , 15.016, 0.982, 441.314, 441.314, 0.624, 359.551, 359.551, 359.551, 5.132, 89.634, 16.228, 35.6, 35.591, 7.382, 22.39, 0, 0, 93.178, 94.934, 93.178, 94.934, 1, 99.015, 99.015, 0.025, 0.033, 988.93, 1007.559, 988.93, 1007.559, 6.452, 7.382, 22.39, , , 1, 4.698, 0, 0, 12.5, 4.851, 203, 0, 0, 0, 80, 16.064, 16.209, 99.938, 99.78, 100, 0, 0, 32.5, 32.5, 100, 4.41, 104.629, 0, 0, 105.5, 97.463, 0, 0, 0, 0, 0, 13.974, 0, 12.5, 0, 4.851, 203, 0, 0, 0, 80, 1, 0.016, 0.016, 99.938, 99.78, 100, 0, 0, 141, 32.5, 32.5, 100, 4.41, 0, 104.629, 0, 0, 105.5, 97.463, 0, 0, 0, 0, 
4.7, 19.121, 100.44, 70.47, 71.19, , 14.94, 0.982, 448.465, 448.465, 0.573, 357.767, 357.767, 357.767, 4.579, 90.418, 14.951, 35.6, 35.483, 7.382, 22.39, 0, 0, 93.404, 95.166, 93.404, 95.166, 1, 99.757, 99.757, 0.025, 0.033, 1109.527, 1130.427, 1109.527, 1130.427, 6.485, 7.382, 22.39, , , 1, 4.748, 0, 0, 12.5, 4.86, 203, 0, 0, 0, 80, 16.059, 16.203, 99.851, 99.744, 100, 0, 0, 32.5, 32.5, 100, 4.41, 104.653, 0, 0, 105.5, 97.915, 0, 0, 0, 0, 0, 13.969, 0, 12.5, 0, 4.86, 203, 0, 0, 0, 80, 1, 0.016, 0.016, 99.851, 99.744, 100, 0, 0, 141, 32.5, 32.5, 100, 4.41, 0, 104.653, 0, 0, 105.5, 97.915, 0, 0, 0, 0, 
4.75, 19.122, 100.44, 70.47, 71.19, , 14.871, 0.982, 455.616, 455.616, 0.521, 356.147, 356.147, 356.147, 4.038, 91.202, 13.673, 35.6, 35.375, 7.383, 22.39, 0, 0, 93.662, 95.429, 93.662, 95.429, 1, 100.49, 100.49, 0.025, 0.033, 1260.184, 1283.922, 1260.184, 1283.922, 6.528, 7.383, 22.39, , , 1, 4.797, 0, 0, 12.5, 4.87, 203, 0, 0, 0, 80, 16.055, 16.198, 99.763, 99.708, 100, 0, 0, 32.5, 32.5, 100, 4.41, 104.677, 0, 0, 105.5, 98.366, 0, 0, 0, 0, 0, 13.965, 0, 12.5, 0, 4.87, 203, 0, 0, 0, 80, 1, 0.016, 0.016, 99.763, 99.708, 100, 0, 0, 141, 32.5, 32.5, 100, 4.41, 0, 104.677, 0, 0, 105.5, 98.366, 0, 0, 0, 0, 
4.8, 19.123, 100.44, 70.47, 71.19, , 14.83, 0.982, 462.913, 462.913, 0.469, 355.214, 355.214, 355.214, 3.508, 91.985, 12.395, 35.6, 35.267, 7.384, 22.39, 0, 0, 94.099, 95.874, 94.099, 95.874, 1, 101.217, 101.217, 0.025, 0.033, 1468.346, 1496.005, 1468.346, 1496.005, 6.571, 7.384, 22.39, , , 1, 4.847, 0, 0, 12.5, 4.879, 203, 0, 0, 0, 80, 16.05, 16.192, 99.676, 99.672, 100, 0, 0, 32.5, 32.5, 100, 4.41, 104.701, 0, 0, 105.5, 98.818, 0, 0, 0, 0, 0, 13.96, 0, 12.5, 0, 4.879, 203, 0, 0, 0, 80, 1, 0.016, 0.016, 99.676, 99.672, 100, 0, 0, 141, 32.5, 32.5, 100, 4.41, 0, 104.701, 0, 0, 105.5, 98.818, 0, 0, 0, 0, 
4.85, 19.123, 100.44, 70.47, 71.19, , 14.767, 0.982, 470.239, 470.239, 0.417, 353.734, 353.734, 353.734, 2.985, 92.769, 11.117, 35.6, 35.159, 7.384, 22.39, 0, 0, 94.382, 96.162, 94.382, 96.162, 1, 101.943, 101.943, 0.025, 0.033, 1751.785, 1784.785, 1751.785, 1784.785, 6.615, 7.384, 22.39, , , 1, 4.898, 0, 0, 12.5, 4.888, 203, 0, 0, 0, 80, 16.045, 16.186, 99.589, 99.636, 100, 0, 0, 32.5, 32.5, 100, 4.41, 104.726, 0, 0, 105.5, 99.269, 0, 0, 0, 0, 0, 13.955, 0, 12.5, 0, 4.888, 203, 0, 0, 0, 80, 1, 0.016, 0.016, 99.589, 99.636, 100, 0, 0, 141, 32.5, 32.5, 100, 4.41, 0, 104.726, 0, 0, 105.5, 99.269, 0, 0, 0, 0, 
4.9, 19.124, 100.44, 70.47, 71.19, , 14.666, 0.982, 477.653, 477.653, 0.365, 351.355, 351.355, 351.355, 2.461, 93.553, 9.839, 35.594, 35.06, 7.384, 22.39, 0, 0, 94.412, 96.194, 94.412, 96.194, 1, 102.674, 102.674, 0.025, 0.033, 2175.382, 2216.363, 2175.382, 2216.363, 6.658, 7.384, 22.39, , , 1, 4.948, 0, 0, 12.5, 4.897, 203, 0, 0, 0, 80, 16.04, 16.18, 99.502, 99.6, 100, 0, 0, 32.5, 32.5, 100, 4.41, 104.75, 0, 0, 105.5, 99.721, 0, 0, 0, 0, 0, 13.95, 0, 12.5, 0, 4.897, 203, 0, 0, 0, 80, 1, 0.016, 0.016, 99.502, 99.6, 100, 0, 0, 141, 32.5, 32.5, 100, 4.41, 0, 104.75, 0, 0, 105.5, 99.721, 0, 0, 0, 0, 
4.95, 19.125, 100.44, 70.47, 71.19, , 14.35, 0.982, 485.096, 485.096, 0.313, 343.895, 343.895, 343.895, 1.95, 94.336, 8.561, 35.522, 35.06, 7.385, 22.39, 0, 0, 93.028, 94.782, 93.028, 94.782, 1, 103.392, 103.392, 0.025, 0.033, 2836.971, 2890.414, 2836.971, 2890.414, 6.682, 7.385, 22.39, , , 1, 4.997, 0, 0, 12.5, 4.906, 203, 0, 0, 0, 80, 16.035, 16.174, 99.415, 99.564, 100, 0, 0, 32.5, 32.5, 100, 4.41, 104.774, 0, 0, 105.5, 100.173, 0, 0, 0, 0, 0, 13.945, 0, 12.5, 0, 4.906, 203, 0, 0, 0, 80, 1, 0.016, 0.016, 99.415, 99.564, 100, 0, 0, 141, 32.5, 32.5, 100, 4.41, 0, 104.774, 0, 0, 105.5, 100.173, 0, 0, 0, 0, 
5, 19.126, 100.44, 70.47, 71.19, , 12.754, 0.982, 492.534, 492.534, 0.261, 306.066, 306.066, 306.066, 1.443, 95.12, 7.284, 35.45, 35.06, 7.386, 22.39, 0, 0, 83.221, 84.79, 83.221, 84.79, 1, 104.069, 104.069, 0.025, 0.033, 3424.416, 3488.925, 3424.416, 3488.925, 6.699, 7.386, 22.39, , , 1, 5.048, 0, 0, 12.5, 4.915, 203, 0, 0, 0, 80, 16.03, 16.168, 99.327, 99.529, 100, 0, 0, 32.5, 32.5, 100, 4.41, 104.798, 0, 0, 105.5, 100.624, 0, 0, 0, 0, 0, 13.94, 0, 12.5, 0, 4.915, 203, 0, 0, 0, 80, 1, 0.016, 0.016, 99.327, 99.529, 100, 0, 0, 141, 32.5, 32.5, 100, 4.41, 0, 104.798, 0, 0, 105.5, 100.624, 0, 0, 0, 0, 
5.05, 19.126, 100.44, 70.47, 71.19, , 10.559, 0.982, 500.066, 500.066, 0.21, 254.003, 254.003, 254.003, 1.039, 95.904, 6.006, 35.378, 35.06, 7.385, 22.39, 0, 0, 69.365, 70.673, 69.365, 70.673, 1, 104.647, 104.647, 0.024, 0.033, 5378.969, 5480.296, 5378.969, 5480.296, 6.717, 7.385, 22.39, , , 1, 5.098, 0, 0, 12.5, 4.924, 203, 0, 0, 0, 80, 16.026, 16.163, 99.24, 99.493, 100, 0, 0, 32.5, 32.5, 100, 4.41, 104.823, 0, 0, 105.5, 101.076, 0, 0, 0, 0, 0, 13.935, 0, 12.5, 0, 4.924, 203, 0, 0, 0, 80, 1, 0.016, 0.016, 99.24, 99.493, 100, 0, 0, 141, 32.5, 32.5, 100, 4.41, 0, 104.823, 0, 0, 105.5, 101.076, 0, 0, 0, 0, 
5.1, 19.127, 100.44, 70.47, 71.19, , 8.473, 0.982, 507.749, 507.749, 0.158, 204.534, 204.534, 204.534, 1.222, 96.688, 4.728, 35.306, 35.06, 7.384, 22.39, 0, 0, 56.113, 57.17, 56.113, 57.17, 1, 105.111, 105.111, 0.024, 0.033, 4996.54, 5090.661, 4996.54, 5090.661, 6.734, 7.384, 22.39, , , 1, 5.148, 0, 0, 12.5, 4.933, 203, 0, 0, 0, 80, 16.021, 16.157, 99.153, 99.457, 100, 0, 0, 32.5, 32.5, 100, 4.41, 104.847, 0, 0, 105.5, 101.527, 0, 0, 0, 0, 0, 13.931, 0, 12.5, 0, 4.933, 203, 0, 0, 0, 80, 1, 0.016, 0.016, 99.153, 99.457, 100, 0, 0, 141, 32.5, 32.5, 100, 4.41, 0, 104.847, 0, 0, 105.5, 101.527, 0, 0, 0, 0, 
5.15, 19.128, 100.44, 70.47, 71.19, , 6.426, 0.982, 515.411, 515.411, 0.106, 155.979, 155.979, 155.979, 2.046, 97.471, 3.45, 35.228, 35.072, 7.383, 22.39, 0, 0, 42.983, 43.793, 42.983, 43.793, 1, 105.483, 105.483, 0.024, 0.033, 4362.732, 4444.913, 4362.732, 4444.913, 6.763, 7.383, 22.39, , , 1, 5.198, 0, 0, 12.5, 4.942, 203, 0, 0, 0, 80, 16.016, 16.151, 99.066, 99.421, 100, 0, 0, 32.5, 32.5, 100, 4.41, 104.871, 0, 0, 105.5, 101.979, 0, 0, 0, 0, 0, 13.926, 0, 12.5, 0, 4.942, 203, 0, 0, 0, 80, 1, 0.016, 0.016, 99.066, 99.421, 100, 0, 0, 141, 32.5, 32.5, 100, 4.41, 0, 104.871, 0, 0, 105.5, 101.979, 0, 0, 0, 0, 
5.2, 19.129, 100.44, 70.47, 71.19, , 4.711, 0.982, 523.039, 523.039, 0.054, 115.301, 115.301, 115.301, 3.489, 98.255, 2.172, 35.084, 35.216, 7.381, 22.39, 0, 0, 31.903, 32.504, 31.903, 32.504, 1, 105.758, 105.758, 0.024, 0.033, 3423.11, 3487.591, 3423.11, 3487.591, 6.803, 7.381, 22.39, , , 1, 5.248, 0, 0, 12.5, 4.952, 203, 0, 0, 0, 80, 16.011, 16.145, 98.978, 99.385, 100, 0, 0, 32.5, 32.5, 100, 4.41, 104.895, 0, 0, 105.5, 102.43, 0, 0, 0, 0, 0, 13.921, 0, 12.5, 0, 4.952, 203, 0, 0, 0, 80, 1, 0.016, 0.016, 98.978, 99.385, 100, 0, 0, 141, 32.5, 32.5, 100, 4.41, 0, 104.895, 0, 0, 105.5, 102.43, 0, 0, 0, 0, 
5.25, 19.129, 100.44, 70.47, 71.19, , 4.363, 0.982, 530.822, 530.822, 0.002, 107.061, 107.061, 107.061, 5.661, 99.039, 0.894, 34.94, 35.36, 7.38, 22.39, 0, 0, 29.7, 30.26, 29.7, 30.26, 1, 105.977, 105.977, 0.024, 0.033, 2225.779, 2267.705, 2225.779, 2267.705, 6.843, 7.38, 22.39, , , 1, 5.298, 0, 0, 12.5, 4.961, 203, 0, 0, 0, 80, 16.006, 16.139, 98.891, 99.349, 100, 0, 0, 32.5, 32.5, 100, 4.41, 104.919, 0, 0, 105.5, 102.882, 0, 0, 0, 0, 0, 13.916, 0, 12.5, 0, 4.961, 203, 0, 0, 0, 80, 1, 0.016, 0.016, 98.891, 99.349, 100, 0, 0, 141, 32.5, 32.5, 100, 4.41, 0, 104.919, 0, 0, 105.5, 102.882, 0, 0, 0, 0, 
5.3, 19.13, 100.44, 70.47, 71.19, , 4.457, 0.982, 540.363, 540.363, 0.306, 109.298, 109.298, 109.298, 9.043, 92.642, 0, 34.796, 35.504, 7.379, 22.39, 0, 0, 30.393, 30.966, 30.393, 30.966, 1, 106.259, 106.259, 0.024, 0.033, 239.875, 244.391, 239.875, 244.391, 6.883, 7.379, 22.39, , , 1, 5.347, 0, 0, 12.5, 4.97, 203, 0, 0, 0, 80, 16.001, 16.134, 98.804, 99.313, 100, 0, 0, 32.5, 32.5, 100, 4.41, 104.944, 0, 0, 105.5, 103.333, 0, 0, 0, 0, 0, 13.911, 0, 12.5, 0, 4.97, 203, 0, 0, 0, 80, 1, 0.016, 0.016, 98.804, 99.313, 100, 0, 0, 141, 32.5, 32.5, 100, 4.41, 0, 104.944, 0, 0, 105.5, 103.333, 0, 0, 0, 0, 
5.35, 19.131, 100.44, 70.47, 71.19, , 4.408, 0.982, 548.568, 548.568, 0.624, 108.151, 108.151, 108.151, 11.706, 85.946, 0, 34.652, 35.648, 7.378, 22.39, 0, 0, 30.139, 30.707, 30.139, 30.707, 1, 106.481, 106.481, 0.024, 0.033, 149.504, 152.319, 149.504, 152.319, 6.936, 7.378, 22.39, , , 1, 5.398, 0, 0, 12.5, 4.979, 203, 0, 0, 0, 80, 15.996, 16.128, 98.717, 99.277, 100, 0, 0, 32.5, 32.5, 100, 4.41, 104.968, 0, 0, 105.5, 103.785, 0, 0, 0, 0, 0, 13.906, 0, 12.5, 0, 4.979, 203, 0, 0, 0, 80, 1, 0.016, 0.016, 98.717, 99.277, 100, 0, 0, 141, 32.5, 32.5, 100, 4.41, 0, 104.968, 0, 0, 105.5, 103.785, 0, 0, 0, 0, 
5.4, 19.132, 100.44, 70.47, 71.19, , 4.154, 0.982, 556.351, 556.351, 0.942, 102.135, 102.135, 102.135, 14.357, 79.25, 0, 34.523, 35.774, 7.377, 22.39, 0, 0, 28.512, 29.05, 28.512, 29.05, 1, 106.696, 106.696, 0.024, 0.033, 110.239, 112.315, 110.239, 112.315, 7.023, 7.377, 22.39, , , 1, 5.448, 0, 0, 12.5, 4.988, 203, 0, 0, 0, 80, 15.992, 16.122, 98.63, 99.241, 100, 0, 0, 32.5, 32.5, 100, 4.41, 104.992, 0, 0, 105.5, 104.236, 0, 0, 0, 0, 0, 13.902, 0, 12.5, 0, 4.988, 203, 0, 0, 0, 80, 1, 0.016, 0.016, 98.63, 99.241, 100, 0, 0, 141, 32.5, 32.5, 100, 4.41, 0, 104.992, 0, 0, 105.5, 104.236, 0, 0, 0, 0, 
5.45, 19.132, 100.44, 70.47, 71.19, , 3.402, 0.982, 564.135, 564.135, 1.261, 84.288, 84.288, 84.288, 16.996, 72.554, 0, 34.559, 35.702, 7.377, 22.39, 0, 0, 23.558, 24.002, 23.558, 24.002, 1, 106.886, 106.886, 0.024, 0.033, 78.577, 80.056, 78.577, 80.056, 7.111, 7.377, 22.39, , , 1, 5.497, , , , , , , , , , , , , , , , , , , , , , , , , , , , , , , , , , , , , , , , , , , , , , , , , , , , , , , , , , , , , , , , 
5.5, 19.133, 100.44, 70.47, 71.19, , 2.413, 0.982, 571.918, 571.918, 1.579, 60.85, 60.85, 60.85, 19.745, 65.858, , 34.595, 35.63, 7.378, 22.39, 0, 0, 17.022, 17.342, 17.022, 17.342, 1, 107.032, 107.032, 0.024, 0.033, 51.953, 52.931, 51.953, 52.931, 7.198, 7.378, 22.39, , , 1, 5.547, , , , , , , , , , , , , , , , , , , , , , , , , , , , , , , , , , , , , , , , , , , , , , , , , , , , , , , , , , , , , , , , 
5.55, 19.134, , , 71.19, , 1.079, , 579.858, 579.858, 1.897, 29.187, 29.187, 29.187, 21.13, 59.161, , 34.631, 35.558, 7.379, 22.39, 0, 0, 8.17, 8.323, 8.17, 8.323, 1, 107.122, 107.122, 0.024, 0.033, 35.898, 36.575, 35.898, 36.575, 7.284, 7.379, 22.39, , , 1, 5.598, , , , , , , , , , , , , , , , , , , , , , , , , , , , , , , , , , , , , , , , , , , , , , , , , , , , , , , , , , , , , , , , 
5.6, 19.135, , , 71.19, , -1.037, , 587.641, 587.641, 2.216, -21.013, -21.013, -21.013, 22.498, 52.465, , 34.667, 35.486, 7.381, 22.39, 0, 0, -5.874, -5.986, -5.874, -5.986, 1, 107.122, 107.122, 0.024, 0.033, 20.932, 21.326, 20.932, 21.326, 7.338, 7.381, 22.39, , , 1, 5.648, , , , , , , , , , , , , , , , , , , , , , , , , , , , , , , , , , , , , , , , , , , , , , , , , , , , , , , , , , , , , , , , 
5.65, 19.136, , , 71.19, , -2.768, , 595.505, 595.505, 2.534, -62.065, -62.065, -62.065, 23.89, 45.769, , 34.717, 35.449, 7.382, 22.39, 0, 0, -17.347, -17.675, -17.347, -17.675, 1, 107.029, 107.029, 0.024, 0.033, 4.184, 4.262, 4.184, 4.262, 7.392, 7.382, 22.39, , , 1, 5.697, , , , , , , , , , , , , , , , , , , , , , , , , , , , , , , , , , , , , , , , , , , , , , , , , , , , , , , , , , , , , , , , 
5.7, 19.136, , , 71.19, , -4.043, , 603.364, 603.364, 2.853, -92.336, -92.336, -92.336, 25.447, 39.073, , 34.933, 35.809, 7.384, 22.39, 0, 0, -25.79, -26.278, -25.79, -26.278, 1, 106.851, 106.851, 0.024, 0.033, -7.729, -7.873, -7.729, -7.873, 7.446, 7.384, 22.39, , , 1, 5.748, , , , , , , , , , , , , , , , , , , , , , , , , , , , , , , , , , , , , , , , , , , , , , , , , , , , , , , , , , , , , , , , 
5.75, 19.137, , , 71.19, , -4.828, , 609.123, 609.123, 3.292, -110.968, -110.968, -110.968, , 45.102, , 35.149, 36.169, 7.385, 22.39, 0, 0, -30.991, -31.576, -30.991, -31.576, 1, 106.738, 106.738, 0.024, 0.033, -8.635, -8.797, -8.635, -8.797, 7.5, 7.385, 22.39, , , 1, 5.798, , , , , , , , , , , , , , , , , , , , , , , , , , , , , , , , , , , , , , , , , , , , , , , , , , , , , , , , , , , , , , , , 
5.8, 19.138, , , 71.19, , -5.846, , 613.093, 613.093, , -135.109, -135.109, -135.109, , , , 35.365, 36.529, 7.386, 22.39, 0, 0, -37.719, -38.431, -37.719, -38.431, 1, 106.612, 106.612, 0.024, 0.033, , , , , 7.515, 7.386, 22.39, , , 1, 5.841, , , , , , , , , , , , , , , , , , , , , , , , , , , , , , , , , , , , , , , , , , , , , , , , , , , , , , , , , , , , , , , , 
5.85, 19.139, , , 71.19, , -5.735, , 616.984, 616.984, , -132.494, -132.494, -132.494, , , , 35.581, 36.889, 7.386, 22.39, 0, 0, -36.938, -37.635, -36.938, -37.635, 1, 106.456, 106.456, 0.025, 0.033, , , , , 7.52, 7.386, 22.39, , , 1, 5.866, , , , , , , , , , , , , , , , , , , , , , , , , , , , , , , , , , , , , , , , , , , , , , , , , , , , , , , , , , , , , , , , 
5.9, 19.139, , , 71.19, , -5.428, , 620.876, 620.876, , -125.21, -125.21, -125.21, , , , , , 7.386, 22.39, 0, 0, -34.858, -35.514, -34.858, -35.514, 1, 106.318, 106.318, 0.025, 0.033, , , , , 7.525, 7.386, 22.39, , , 1, 5.891, , , , , , , , , , , , , , , , , , , , , , , , , , , , , , , , , , , , , , , , , , , , , , , , , , , , , , , , , , , , , , , , 
5.95, , , , , , , , 624.767, 624.767, , , , , , , , , , , , , , , , , , , , , 0.025, 0.033, , , , , 7.53, , , , , , 5.916, , , , , , , , , , , , , , , , , , , , , , , , , , , , , , , , , , , , , , , , , , , , , , , , , , , , , , , , , , , , , , , , 
