Time, (DWRT ATMO) Humidity, (DWRT ATMO) Pressure, (DWRT ATMO) Temperature 1, (DWRT ATMO) Temperature 2, (DWRT CPU) ????????????????????????????????????????????????????????????????, (DWRT CPU) Acceleration, (DWRT CPU) Correction Factor, (DWRT CPU) Distance, (DWRT CPU) Distance 1, (DWRT CPU) Engine RPM, (DWRT CPU) Force, (DWRT CPU) Force 1, (DWRT CPU) Force Drum 1, (DWRT CPU) Gear Ratio, (DWRT CPU) Inductive 1 Signal Strength, (DWRT CPU) Inductive 2 Signal Strength, (DWRT CPU) Internal Temp 1, (DWRT CPU) Internal Temp 2, (DWRT CPU) LC1 Volts Petrol AFR, (DWRT CPU) LC2 Volts Petrol AFR2, (DWRT CPU) Link 0 Status, (DWRT CPU) Link 1 Status, (DWRT CPU) Power, (DWRT CPU) Power (uncorrected), (DWRT CPU) Power Drum 1, (DWRT CPU) Power Drum 1 (uncorrected), (DWRT CPU) Sampling, (DWRT CPU) Speed, (DWRT CPU) Speed 1, (DWRT CPU) TCP RX kB/s, (DWRT CPU) TCP TX kB/s, (DWRT CPU) Torque, (DWRT CPU) Torque (uncorrected), (DWRT CPU) Torque Drum 1, (DWRT CPU) Torque Drum 1 (uncorrected), (DWRT CPU) UDP RX kB/s, (DWRT CPU) User Analog 1, (DWRT CPU) User Analog 2, (DWRT CPU) User Analog 3, (DWRT CPU) User Analog 4, (Gen) Sampling, (Gen) Sampling Duration, (Harley - ECU Type 14 SW Level 141) Accel Enrichment, (Harley - ECU Type 14 SW Level 141) Decel Enleanment, (Harley - ECU Type 14 SW Level 141) Desired Air/Fuel, (Harley - ECU Type 14 SW Level 141) Engine Speed, (Harley - ECU Type 14 SW Level 141) Engine Temperature, (Harley - ECU Type 14 SW Level 141) Front Adaptive Fuel Factor, (Harley - ECU Type 14 SW Level 141) Front Closed Loop Integrator, (Harley - ECU Type 14 SW Level 141) Front Spark Knock Retard, (Harley - ECU Type 14 SW Level 141) Idle Air Control Motor Position, (Harley - ECU Type 14 SW Level 141) Injector Time Front, (Harley - ECU Type 14 SW Level 141) Injector Time Rear, (Harley - ECU Type 14 SW Level 141) Intake Air Temperature, (Harley - ECU Type 14 SW Level 141) Manifold Absolute Pressure, (Harley - ECU Type 14 SW Level 141) Rear Adaptive Fuel Factor, (Harley - ECU Type 14 SW Level 141) Rear Closed Loop Integrator, (Harley - ECU Type 14 SW Level 141) Rear Spark Knock Retard, (Harley - ECU Type 14 SW Level 141) Spark Advance Front, (Harley - ECU Type 14 SW Level 141) Spark Advance Rear, (Harley - ECU Type 14 SW Level 141) Throttle Position, (Harley - ECU Type 14 SW Level 141) Throttle Position Sensor Voltage, (Harley - ECU Type 14 SW Level 141) VE Front, (Harley - ECU Type 14 SW Level 141) VE New Front, (Harley - ECU Type 14 SW Level 141) VE New Rear, (Harley - ECU Type 14 SW Level 141) VE Rear, (Harley - ECU Type 14 SW Level 141) Vehicle Speed, (Harley - ECU Type 14 SW Level 141) WBO2 AFR Front, (Harley - ECU Type 14 SW Level 141) WBO2 AFR Rear, (PV) Accel Enrichment, (PV) AT Lambda 1, (PV) AT Lambda 2, (PV) Battery Voltage, (PV) Decel Enleanment, (PV) Desired Air/Fuel, (PV) Desired Lambda, (PV) Engine Speed, (PV) Engine Temperature, (PV) Front Adaptive Fuel Factor, (PV) Front Closed Loop Integrator, (PV) Front Spark Knock Retard, (PV) Idle Air Control Motor Position, (PV) Idle Set Speed, (PV) Injector Time Front, (PV) Injector Time Rear, (PV) Intake Air Temperature, (PV) Manifold Absolute Pressure, (PV) Rear Adaptive Fuel Factor, (PV) Rear Closed Loop Integrator, (PV) Rear Spark Knock Retard, (PV) Software Level, (PV) Spark Advance Front, (PV) Spark Advance Rear, (PV) Throttle Position, (PV) Throttle Position Sensor, (PV) Twistgrip Position, (PV) VE Front, (PV) VE New Front, (PV) VE New Rear, (PV) VE Rear, (PV) Vehicle Speed, (PV) Warm-up Fuel AFR (Lambda), (PV) Warm-up Fuel AFR (Ratio), (PV) WBO2 AFR Front, (PV) WBO2 AFR Rear, 
0, , , , , , 4.665, , , , , 112.64, 112.64, 112.64, , , , , , , , , , , , , , , , , , , , , , , , , , , , , , , , , , , , , , , , , , , , , , , , , , , , , , , , , , , , , , , , , , , , , , , , , , , , , , , , , , , , , , , , , , , , , 
0.05, , , , , , 4.748, , , , , 114.619, 114.619, 114.619, , , , , , 7.38, 22.39, , , , , , , , 51.066, 51.066, , , , , , , , 7.38, 22.39, , , 1, 0.048, , , , , , , , , , , , , , , , , , , , , , , , , , , , , , , , , , , , , , , , , , , , , , , , , , , , , , , , , , , , , , , , 
0.1, , , , , , 4.791, , 7.909, 7.909, , 115.635, 115.635, 115.635, , , , , , 7.38, 22.39, 0, 0, 15.633, 15.991, 15.633, 15.991, 1, 51.424, 51.424, , , , , , , , 7.38, 22.39, , , 1, 0.145, , , , , , , , , , , , , , , , , , , , , , , , , , , , , , , , , , , , , , , , , , , , , , , , , , , , , , , , , , , , , , , , 
0.15, , , , , , 4.817, , 14.501, 14.501, , 116.269, 116.269, 116.269, , , , , , 7.38, 22.39, 0, 0, 15.761, 16.123, 15.761, 16.123, 1, 51.786, 51.786, , , 479.171, 490.137, 479.171, 490.137, , 7.38, 22.39, , , 1, 0.221, , , , , , , , , , , , , , , , , , , , , , , , , , , , , , , , , , , , , , , , , , , , , , , , , , , , , , , , , , , , , , , , 
0.2, , , , , , 4.887, , 20.174, 20.174, 0.032, 117.926, 117.926, 117.926, , 90.782, , , , 7.379, 22.39, 0, 0, 16.049, 16.418, 16.049, 16.418, 1, 52.153, 52.153, 0.025, 0.033, 337.148, 344.864, 337.148, 344.864, 4.777, 7.379, 22.39, , , 1, 0.297, , , , , , , , , , , , , , , , , , , , , , , , , , , , , , , , , , , , , , , , , , , , , , , , , , , , , , , , , , , , , , , , 
0.25, , , , , , 5.097, , 25.839, 25.839, 0.164, 122.929, 122.929, 122.929, 3.69, 88.33, , 35.6, 34.343, 7.378, 22.39, 0, 0, 16.813, 17.199, 16.813, 17.199, 1, 52.441, 52.441, 0.025, 0.033, 297.843, 304.659, 297.843, 304.659, 4.788, 7.378, 22.39, , , 1, 0.348, , , , , , , , , , , , , , , , , , , , , , , , , , , , , , , , , , , , , , , , , , , , , , , , , , , , , , , , , , , , , , , , 
0.3, , , , , , 5.623, , 29.667, 29.667, 0.297, 135.394, 135.394, 135.394, 7.156, 85.878, , 35.6, 34.487, 7.378, 22.39, 0, 0, 18.626, 19.054, 18.626, 19.054, 1, 52.782, 52.782, 0.025, 0.033, 217.294, 222.268, 217.294, 222.268, 4.799, 7.378, 22.39, , , 1, 0.399, 0, 0, 14.6, 2.687, 190, 100, 100, 0, 63, 6.617, 6.278, 113, 46.414, 100, 100, 0, 42.681, 42.681, 13, 1.092, 105.561, 105.561, 112.061, 112.061, 52.574, 5.1, 5.1, 0, 0, 0, 14.1, 0, 14.6, 0, 2.687, 190, 100, 100, 0, 63, 1, 0.007, 0.006, 113, 46.414, 100, 100, 0, 141, 42.681, 42.681, 13, 1.092, 0, 105.561, 105.561, 112.061, 112.061, 52.574, 0, 0, 5.1, 5.1, 
0.35, , , , , , 7.115, , 35.064, 35.064, 0.429, 170.818, 170.818, 170.818, 10.561, 83.426, , 35.6, 34.632, 7.377, 22.39, 0, 0, 23.773, 24.319, 23.773, 24.319, 1, 53.235, 53.235, 0.025, 0.033, 189.892, 194.239, 189.892, 194.239, 4.81, 7.377, 22.39, , , 1, 0.448, 0, 0, 14.6, 2.696, 190, 100, 100, 0, 63, 6.635, 6.362, 113, 46.367, 100, 100, 0, 42.873, 42.873, 13, 1.095, 105.625, 105.625, 112.125, 112.125, 52.971, 5.1, 5.1, 0, 0, 0, 14.1, 0, 14.6, 0, 2.696, 190, 100, 100, 0, 63, 1, 0.007, 0.006, 113, 46.367, 100, 100, 0, 141, 42.873, 42.873, 13, 1.095, 0, 105.625, 105.625, 112.125, 112.125, 52.971, 0, 0, 5.1, 5.1, 
0.4, , , , , , 8.578, , 39.695, 39.695, 0.562, 205.53, 205.53, 205.53, 13.918, 80.974, , 35.6, 34.777, 7.377, 22.39, 0, 0, 28.867, 29.529, 28.867, 29.529, 1, 53.622, 53.622, 0.025, 0.034, 183.665, 187.869, 183.665, 187.869, 4.823, 7.377, 22.39, , , 1, 0.498, 0, 0, 14.6, 2.704, 190, 100, 100, 0, 63, 6.653, 6.445, 113, 46.32, 100, 100, 0, 43.065, 43.065, 13, 1.098, 105.689, 105.689, 112.189, 112.189, 53.368, 5.1, 5.1, 0, 0, 0, 14.1, 0, 14.6, 0, 2.704, 190, 100, 100, 0, 63, 1, 0.007, 0.006, 113, 46.32, 100, 100, 0, 141, 43.065, 43.065, 13, 1.098, 0, 105.689, 105.689, 112.189, 112.189, 53.368, 0, 0, 5.1, 5.1, 
0.45, , , , , , 9.864, , 43.587, 43.587, 0.694, 236.054, 236.054, 236.054, 17.083, 78.522, , 35.6, 34.921, 7.377, 22.39, 0, 0, 33.426, 34.192, 33.426, 34.192, 1, 54.08, 54.08, 0.025, 0.034, 184.977, 189.212, 184.977, 189.212, 4.847, 7.377, 22.39, , , 1, 0.548, 0, 0, 14.6, 2.713, 190, 100, 100, 0, 63, 6.671, 6.528, 113, 46.272, 100, 100, 0, 43.258, 43.258, 13, 1.1, 105.753, 105.753, 112.253, 112.253, 53.766, 5.1, 5.1, 0, 0, 0, 14.1, 0, 14.6, 0, 2.713, 190, 100, 100, 0, 63, 1, 0.007, 0.007, 113, 46.272, 100, 100, 0, 141, 43.258, 43.258, 13, 1.1, 0, 105.753, 105.753, 112.253, 112.253, 53.766, 0, 0, 5.1, 5.1, 
0.5, , , , , , 11.074, , 47.478, 47.478, 0.826, 264.775, 264.775, 264.775, 19.332, 76.07, , 35.606, 35.06, 7.377, 22.39, 0, 0, 37.807, 38.674, 37.807, 38.674, 1, 54.596, 54.596, 0.025, 0.034, 187.291, 191.579, 187.291, 191.579, 4.871, 7.377, 22.39, , , 1, 0.599, 0, 0, 14.6, 2.722, 190, 100, 100, 0, 63, 6.689, 6.612, 113, 46.225, 100, 100, 0, 43.45, 43.45, 13, 1.103, 105.817, 105.817, 112.317, 112.317, 54.163, 5.1, 5.1, 0, 0, 0, 14.1, 0, 14.6, 0, 2.722, 190, 100, 100, 0, 63, 1, 0.007, 0.007, 113, 46.225, 100, 100, 0, 141, 43.45, 43.45, 13, 1.103, 0, 105.817, 105.817, 112.317, 112.317, 54.163, 0, 0, 5.1, 5.1, 
0.55, , , , , , 12.07, , 51.37, 51.37, 0.959, 288.398, 288.398, 288.398, 21.296, 73.619, , 35.749, 35.06, 7.377, 22.39, 0, 0, 41.552, 42.506, 41.552, 42.506, 1, 55.156, 55.156, 0.025, 0.034, 186.406, 190.672, 186.406, 190.672, 4.895, 7.377, 22.39, , , 1, 0.649, 0, 0, 14.6, 2.73, 190, 100, 100, 0, 63, 6.707, 6.695, 113, 46.177, 100, 100, 0, 43.642, 43.642, 13, 1.105, 105.881, 105.881, 112.381, 112.381, 54.561, 5.1, 5.1, 0, 0, 0, 14.1, 0, 14.6, 0, 2.73, 190, 100, 100, 0, 63, 1, 0.007, 0.007, 113, 46.177, 100, 100, 0, 141, 43.642, 43.642, 13, 1.105, 0, 105.881, 105.881, 112.381, 112.381, 54.561, 0, 0, 5.1, 5.1, 
0.6, , , , , , 12.775, , 55.328, 55.328, 1.091, 305.137, 305.137, 305.137, 23.212, 71.167, , 35.893, 35.06, 7.377, 22.39, 0, 0, 44.415, 45.433, 44.415, 45.433, 1, 55.758, 55.758, 0.025, 0.034, 181.767, 185.928, 181.767, 185.928, 4.921, 7.377, 22.39, , , 1, 0.699, 0, 0, 14.6, 2.739, 190, 100, 100, 0, 63, 6.725, 6.778, 113, 46.13, 100, 100, 0, 43.835, 43.835, 13, 1.108, 105.945, 105.945, 112.445, 112.445, 54.958, 5.1, 5.1, 0, 0, 0, 14.1, 0, 14.6, 0, 2.739, 190, 100, 100, 0, 63, 1, 0.007, 0.007, 113, 46.13, 100, 100, 0, 141, 43.835, 43.835, 13, 1.108, 0, 105.945, 105.945, 112.445, 112.445, 54.958, 0, 0, 5.1, 5.1, 
0.65, , , , , , 13.214, , 59.341, 59.341, 1.224, 315.57, 315.57, 315.57, 25.094, 68.715, , 36.036, 35.06, 7.377, 22.39, 0, 0, 46.427, 47.491, 46.427, 47.491, 1, 56.395, 56.395, 0.025, 0.034, 174.33, 178.322, 174.33, 178.322, 4.953, 7.377, 22.39, , , 1, 0.749, 0.02, 0, 14.534, 2.755, 190, 100, 100, 0, 63.306, 7.034, 7.176, 113, 47.677, 100, 100, 0, 43.438, 43.438, 14.413, 1.158, 105.819, 105.819, 112.361, 112.361, 55.43, 5.1, 5.1, 0.02, 0, 0, 14.098, 0, 14.534, 0, 2.755, 190, 100, 100, 0, 63.306, 1, 0.007, 0.007, 113, 47.677, 100, 100, 0, 141, 43.438, 43.438, 14.413, 1.158, 0, 105.819, 105.819, 112.361, 112.361, 55.43, 0, 0, 5.1, 5.1, 
0.7, , 100.38, 66.76, , , 13.451, 0.978, 63.367, 63.367, 1.356, 321.205, 321.205, 321.205, 26.914, 66.263, , 36.179, 35.06, 7.378, 22.39, 0, 0, 47.789, 48.883, 47.789, 48.883, 1, 57.043, 57.043, 0.025, 0.034, 165.283, 169.068, 165.283, 169.068, 4.985, 7.378, 22.39, , , 1, 0.799, 0.144, 0, 14.119, 2.809, 190, 100, 100, 0, 65.488, 9.136, 9.501, 113, 57.599, 100, 100, 0, 39.42, 39.42, 23.242, 1.501, 104.53, 104.53, 111.369, 111.369, 56.355, 5.1, 5.1, 0.144, 0, 0, 14.088, 0, 14.119, 0, 2.809, 190, 100, 100, 0, 65.488, 1, 0.009, 0.01, 113, 57.599, 100, 100, 0, 141, 39.42, 39.42, 23.242, 1.501, 0, 104.53, 104.53, 111.369, 111.369, 56.355, 0, 0, 5.1, 5.1, 
0.75, , 100.381, 66.76, , , 13.57, 0.978, 67.465, 67.465, 1.489, 324.038, 324.038, 324.038, 28.691, 63.811, , 36.313, 35.064, 7.378, 22.39, 0, 0, 48.76, 49.875, 48.76, 49.875, 1, 57.702, 57.702, 0.025, 0.034, 156.177, 159.753, 156.177, 159.753, 5.017, 7.378, 22.39, , , 1, 0.848, 0.269, 0, 13.704, 2.863, 190, 100, 100, 0, 67.671, 11.239, 11.826, 113, 67.521, 100, 100, 0, 35.402, 35.402, 32.071, 1.845, 103.24, 103.24, 110.377, 110.377, 57.281, 5.1, 5.1, 0.269, 0, 0, 14.079, 0, 13.704, 0, 2.863, 190, 100, 100, 0, 67.671, 1, 0.011, 0.012, 113, 67.521, 100, 100, 0, 141, 35.402, 35.402, 32.071, 1.845, 0, 103.24, 103.24, 110.377, 110.377, 57.281, 0, 0, 5.1, 5.1, 
0.8, , 100.381, 66.76, , , 13.652, 0.978, 71.635, 71.635, 1.621, 326.001, 326.001, 326.001, 30.43, 61.359, , 35.951, 35.281, 7.379, 22.39, 0, 0, 49.613, 50.745, 49.613, 50.745, 1, 58.368, 58.368, 0.025, 0.034, 147.985, 151.373, 147.985, 151.373, 5.049, 7.379, 22.39, , , 1, 0.898, 0.393, 0, 13.289, 2.917, 190, 100, 100, 0, 69.853, 13.341, 14.152, 113, 77.442, 100, 100, 0, 31.384, 31.384, 40.901, 2.188, 101.95, 101.95, 109.385, 109.385, 58.206, 5.1, 5.1, 0.393, 0, 0, 14.069, 0, 13.289, 0, 2.917, 190, 100, 100, 0, 69.853, 1, 0.013, 0.014, 113, 77.442, 100, 100, 0, 141, 31.384, 31.384, 40.901, 2.188, 0, 101.95, 101.95, 109.385, 109.385, 58.206, 0, 0, 5.1, 5.1, 
0.85, , 100.381, 66.76, , , 13.726, 0.978, 75.825, 75.825, 1.754, 327.786, 327.786, 327.786, 32.113, 58.908, , 35.59, 35.498, 7.379, 22.378, 0, 0, 50.454, 51.605, 50.454, 51.605, 1, 59.031, 59.031, 0.025, 0.034, 140.341, 143.555, 140.341, 143.555, 5.058, 7.379, 22.378, , , 1, 0.948, 0.518, 0, 12.874, 2.971, 190, 100, 100, 0, 72.036, 15.443, 16.477, 113, 87.364, 100, 100, 0, 27.366, 27.366, 49.73, 2.531, 100.661, 100.661, 108.393, 108.393, 59.132, 5.1, 5.1, 0.518, 0, 0, 14.059, 0, 12.874, 0, 2.971, 190, 100, 100, 0, 72.036, 1, 0.015, 0.016, 113, 87.364, 100, 100, 0, 141, 27.366, 27.366, 49.73, 2.531, 0, 100.661, 100.661, 108.393, 108.393, 59.132, 0, 0, 5.1, 5.1, 
0.9, , 100.382, 66.76, , , 13.767, 0.978, 80.07, 80.07, 1.886, 328.757, 328.757, 328.757, 34.148, 56.456, , 35.228, 35.715, 7.38, 22.277, 0, 0, 51.178, 52.347, 51.178, 52.347, 1, 59.698, 59.698, 0.025, 0.033, 132.281, 135.309, 132.281, 135.309, 5.066, 7.38, 22.277, , , 1, 0.998, 0.632, 0, 12.5, 3.02, 190, 100, 100, 0, 74, 17.355, 18.584, 113, 96.201, 100, 100, 0, 23.755, 23.755, 57.788, 2.848, 99.542, 99.542, 107.552, 107.552, 59.997, 5.1, 5.1, 0.632, 0, 0, 14.049, 0, 12.5, 0, 3.02, 190, 100, 100, 0, 74, 1, 0.017, 0.019, 113, 96.201, 100, 100, 0, 141, 23.755, 23.755, 57.788, 2.848, 0, 99.542, 99.542, 107.552, 107.552, 59.997, 0, 0, 5.1, 5.1, 
0.95, , 100.382, 66.76, , , 13.837, 0.978, 84.32, 84.32, 2.018, 330.441, 330.441, 330.441, 35.98, 54.004, , 34.867, 35.932, 7.38, 22.16, 0, 0, 52.016, 53.205, 52.016, 53.205, 1, 60.373, 60.373, 0.025, 0.033, 126.009, 128.891, 126.009, 128.891, 5.075, 7.38, 22.16, , , 1, 1.048, 0.655, 0, 12.5, 3.039, 190, 100, 100, 0, 74, 17.552, 18.728, 113, 97.086, 100, 100, 0, 23.808, 23.808, 60.183, 2.927, 99.96, 99.96, 108.075, 108.075, 60.321, 5.1, 5.1, 0.655, 0, 0, 14.038, 0, 12.5, 0, 3.039, 190, 100, 100, 0, 74, 1, 0.017, 0.019, 113, 97.086, 100, 100, 0, 141, 23.808, 23.808, 60.183, 2.927, 0, 99.96, 99.96, 108.075, 108.075, 60.321, 0, 0, 5.1, 5.1, 
1, , 100.383, 66.76, , , 13.915, 0.978, 88.644, 88.644, 2.151, 332.316, 332.316, 332.316, 37.263, 51.552, , 34.52, 36.131, 7.38, 21.891, 0, 0, 52.91, 54.12, 52.91, 54.12, 1, 61.054, 61.054, 0.025, 0.033, 121.86, 124.648, 121.86, 124.648, 5.083, 7.38, 21.891, , , 1, 1.098, 0.678, 0, 12.5, 3.059, 190, 100, 100, 0, 74, 17.748, 18.872, 113, 97.97, 100, 100, 0, 23.86, 23.86, 62.579, 3.006, 100.379, 100.379, 108.598, 108.598, 60.645, 5.1, 5.1, 0.678, 0, 0, 14.028, 0, 12.5, 0, 3.059, 190, 100, 100, 0, 74, 1, 0.017, 0.019, 113, 97.97, 100, 100, 0, 141, 23.86, 23.86, 62.579, 3.006, 0, 100.379, 100.379, 108.598, 108.598, 60.645, 0, 0, 5.1, 5.1, 
1.05, , 100.383, 66.76, , , 14.001, 0.978, 93.048, 93.048, 2.283, 334.372, 334.372, 334.372, 37.987, 49.1, , 34.52, 35.915, 7.379, 21.604, 0, 0, 53.817, 55.05, 53.817, 55.05, 1, 61.737, 61.737, 0.025, 0.033, 120.16, 122.911, 120.16, 122.911, 5.095, 7.379, 21.604, , , 1, 1.149, 0.701, 0, 12.5, 3.078, 190, 100, 100, 0, 74, 17.945, 19.016, 113, 98.854, 100, 100, 0, 23.912, 23.912, 64.975, 3.085, 100.797, 100.797, 109.121, 109.121, 60.969, 5.1, 5.1, 0.701, 0, 0, 14.018, 0, 12.5, 0, 3.078, 190, 100, 100, 0, 74, 1, 0.018, 0.019, 113, 98.854, 100, 100, 0, 141, 23.912, 23.912, 64.975, 3.085, 0, 100.797, 100.797, 109.121, 109.121, 60.969, 0, 0, 5.1, 5.1, 
1.1, 19.88, 100.383, 66.76, 67.51, , 14.124, 0.978, 97.531, 97.531, 2.45, 337.312, 337.312, 337.312, 38.153, 56.608, , 34.52, 35.699, 7.379, 21.122, 0, 0, 54.906, 56.163, 54.906, 56.163, 1, 62.424, 62.424, 0.025, 0.034, 120.728, 123.492, 120.728, 123.492, 5.11, 7.379, 21.122, , , 1, 1.199, 0.724, 0, 12.5, 3.097, 190, 100, 100, 0, 74, 18.142, 19.159, 113, 99.739, 100, 100, 0, 23.964, 23.964, 67.371, 3.165, 101.215, 101.215, 109.644, 109.644, 61.293, 5.1, 5.1, 0.724, 0, 0, 14.007, 0, 12.5, 0, 3.097, 190, 100, 100, 0, 74, 1, 0.018, 0.019, 113, 99.739, 100, 100, 0, 141, 23.964, 23.964, 67.371, 3.165, 0, 101.215, 101.215, 109.644, 109.644, 61.293, 0, 0, 5.1, 5.1, 
1.15, 19.881, 100.384, 66.76, 67.509, , 14.239, 0.978, 102.022, 102.022, 2.492, 340.038, 340.038, 340.038, 37.549, 65.699, , 34.52, 35.483, 7.378, 20.638, 0, 0, 55.962, 57.242, 55.962, 57.242, 1, 63.117, 63.117, 0.025, 0.034, 124.618, 127.47, 124.618, 127.47, 5.124, 7.378, 20.638, , , 1, 1.248, 0.721, 0, 12.5, 3.11, 190, 100, 100, 0, 74, 18.277, 19.282, 113, 100.34, 100, 100, 0, 24.013, 24.013, 69, 3.232, 101.634, 101.634, 110.16, 110.174, 61.754, 5.1, 5.1, 0.721, 0, 0, 14, 0, 12.5, 0, 3.11, 190, 100, 100, 0, 74, 1, 0.018, 0.019, 113, 100.34, 100, 100, 0, 141, 24.013, 24.013, 69, 3.232, 0, 101.634, 101.634, 110.161, 110.174, 61.754, 0, 0, 5.1, 5.1, 
1.2, 19.882, 100.384, 66.76, 67.508, , 14.392, 0.978, 106.586, 106.586, 2.431, 343.698, 343.698, 343.698, 36.208, 66.54, 94.462, 34.52, 35.267, 7.378, 20.133, 0, 0, 57.197, 58.506, 57.197, 58.506, 1, 63.811, 63.811, 0.025, 0.034, 130.534, 133.522, 130.534, 133.522, 5.139, 7.378, 20.133, , , 1, 1.298, 0.662, 0, 12.5, 3.11, 190, 100, 100, 0, 74, 18.266, 19.355, 113, 100.34, 100, 100, 0, 24.055, 24.055, 69, 3.271, 102.052, 102.052, 110.661, 110.717, 62.533, 5.1, 5.1, 0.662, 0, 0, 14, 0, 12.5, 0, 3.11, 190, 100, 100, 0, 74, 1, 0.018, 0.019, 113, 100.34, 100, 100, 0, 141, 24.055, 24.055, 69, 3.271, 0, 102.052, 102.052, 110.662, 110.717, 62.533, 0, 0, 5.1, 5.1, 
1.25, 19.882, 100.384, 66.76, 67.506, , 14.512, 0.978, 111.164, 111.164, 2.37, 346.553, 346.553, 346.553, 34.882, 67.382, 83.472, 34.536, 35.063, 7.377, 19.635, 0, 0, 58.309, 59.645, 58.309, 59.645, 1, 64.519, 64.519, 0.025, 0.034, 136.611, 139.738, 136.611, 139.738, 5.161, 7.377, 19.635, , , 1, 1.349, 0.602, 0, 12.5, 3.11, 190, 100, 100, 0, 74, 18.255, 19.427, 113, 100.34, 100, 100, 0, 24.097, 24.097, 69, 3.31, 102.47, 102.47, 111.162, 111.261, 63.312, 5.1, 5.1, 0.602, 0, 0, 14, 0, 12.5, 0, 3.11, 190, 100, 100, 0, 74, 1, 0.018, 0.019, 113, 100.34, 100, 100, 0, 141, 24.097, 24.097, 69, 3.31, 0, 102.47, 102.47, 111.164, 111.261, 63.312, 0, 0, 5.1, 5.1, 
1.3, 19.883, 100.385, 66.76, 67.505, , 14.651, 0.978, 115.816, 115.816, 2.308, 349.874, 349.874, 349.874, 33.579, 68.223, 72.481, 34.932, 35.135, 7.377, 19.316, 0, 0, 59.513, 60.877, 59.513, 60.877, 1, 65.235, 65.235, 0.025, 0.034, 143.22, 146.497, 143.22, 146.497, 5.19, 7.377, 19.316, , , 1, 1.399, 0.543, 0, 12.5, 3.11, 190, 100, 100, 0, 74, 18.244, 19.5, 113, 100.34, 100, 100, 0, 24.139, 24.139, 69, 3.35, 102.888, 102.888, 111.663, 111.804, 64.092, 5.1, 5.1, 0.543, 0, 0, 14, 0, 12.5, 0, 3.11, 190, 100, 100, 0, 74, 1, 0.018, 0.019, 113, 100.34, 100, 100, 0, 141, 24.139, 24.139, 69, 3.35, 0, 102.888, 102.888, 111.666, 111.804, 64.092, 0, 0, 5.1, 5.1, 
1.35, 19.884, 100.385, 66.76, 67.504, , 14.778, 0.978, 122.354, 122.354, 2.247, 352.917, 352.917, 352.917, 32.125, 69.065, 61.49, 35.328, 35.207, 7.377, 19.001, 0, 0, 60.948, 62.347, 60.948, 62.347, 1, 66.063, 66.063, 0.025, 0.034, 152.606, 156.097, 152.606, 156.097, 5.219, 7.377, 19.001, , , 1, 1.449, 0.484, 0, 12.5, 3.11, 190, 100, 100, 0, 74, 18.233, 19.573, 113, 100.34, 100, 100, 0, 24.18, 24.18, 69, 3.389, 103.306, 103.306, 112.164, 112.348, 64.871, 5.1, 5.1, 0.484, 0, 0, 14, 0, 12.5, 0, 3.11, 190, 100, 100, 0, 74, 1, 0.018, 0.019, 113, 100.34, 100, 100, 0, 141, 24.18, 24.18, 69, 3.389, 0, 103.306, 103.306, 112.167, 112.348, 64.871, 0, 0, 5.1, 5.1, 
1.4, 19.885, 100.386, 66.76, 67.503, , 14.928, 0.978, 127.568, 127.568, 2.186, 356.497, 356.497, 356.497, 30.469, 69.906, 50.5, 35.724, 35.279, 7.377, 18.926, 0, 0, 62.302, 63.733, 62.302, 63.733, 1, 67.035, 67.035, 0.025, 0.034, 160.999, 164.682, 160.999, 164.682, 5.248, 7.377, 18.926, , , 1, 1.499, 0.424, 0, 12.5, 3.11, 190, 100, 100, 0, 74, 18.222, 19.646, 113, 100.34, 100, 100, 0, 24.222, 24.222, 69, 3.428, 103.724, 103.724, 112.664, 112.891, 65.65, 5.1, 5.1, 0.424, 0, 0, 14, 0, 12.5, 0, 3.11, 190, 100, 100, 0, 74, 1, 0.018, 0.019, 113, 100.34, 100, 100, 0, 141, 24.222, 24.222, 69, 3.428, 0, 103.724, 103.724, 112.669, 112.891, 65.65, 0, 0, 5.1, 5.1, 
1.45, 19.885, 100.386, 66.76, 67.502, , 15.006, 0.978, 132.415, 132.415, 2.125, 358.354, 358.354, 358.354, 29.263, 70.748, 39.509, 36.12, 35.351, 7.377, 18.851, 0, 0, 63.313, 64.765, 63.313, 64.765, 1, 67.763, 67.763, 0.025, 0.034, 168.575, 172.433, 168.575, 172.433, 5.282, 7.377, 18.851, , , 1, 1.549, 0.365, 0, 12.5, 3.11, 190, 100, 100, 0, 74, 18.212, 19.718, 113, 100.34, 100, 100, 0, 24.264, 24.264, 69, 3.468, 104.142, 104.142, 113.165, 113.435, 66.429, 5.1, 5.1, 0.365, 0, 0, 14, 0, 12.5, 0, 3.11, 190, 100, 100, 0, 74, 1, 0.018, 0.02, 113, 100.34, 100, 100, 0, 141, 24.264, 24.264, 69, 3.468, 0, 104.142, 104.142, 113.171, 113.435, 66.429, 0, 0, 5.1, 5.1, 
1.5, 19.886, 100.386, 66.76, 67.501, , 15.09, 0.978, 137.279, 137.279, 2.064, 360.366, 360.366, 360.366, 28.078, 71.589, 54.063, 36.49, 35.426, 7.377, 18.892, 0, 0, 64.356, 65.83, 64.356, 65.83, 1, 68.496, 68.496, 0.025, 0.034, 176.662, 180.705, 176.662, 180.705, 5.323, 7.377, 18.892, , , 1, 1.599, 0.305, 0, 12.5, 3.11, 190, 100, 100, 0, 74, 18.201, 19.791, 113, 100.34, 100, 100, 0, 24.306, 24.306, 69, 3.507, 104.56, 104.56, 113.666, 113.978, 67.209, 5.1, 5.1, 0.305, 0, 0, 14, 0, 12.5, 0, 3.11, 190, 100, 100, 0, 74, 1, 0.018, 0.02, 113, 100.34, 100, 100, 0, 141, 24.306, 24.306, 69, 3.507, 0, 104.56, 104.56, 113.672, 113.978, 67.209, 0, 0, 5.1, 5.1, 
1.55, 19.887, 100.387, 66.76, 67.5, , 15.188, 0.978, 142.144, 142.144, 2.003, 362.705, 362.705, 362.705, 26.919, 72.431, 55.075, 36.238, 35.57, 7.377, 18.936, 0, 0, 65.473, 66.974, 65.473, 66.974, 1, 69.232, 69.232, 0.025, 0.034, 185.513, 189.758, 185.513, 189.758, 5.364, 7.377, 18.936, , , 1, 1.649, 0.246, 0, 12.5, 3.11, 190, 100, 100, 0, 74, 18.19, 19.864, 113, 100.34, 100, 100, 0, 24.347, 24.347, 69, 3.546, 104.978, 104.978, 114.167, 114.522, 67.988, 5.1, 5.1, 0.246, 0, 0, 14, 0, 12.5, 0, 3.11, 190, 100, 100, 0, 74, 1, 0.018, 0.02, 113, 100.34, 100, 100, 0, 141, 24.347, 24.347, 69, 3.546, 0, 104.978, 104.978, 114.174, 114.522, 67.988, 0, 0, 5.1, 5.1, 
1.6, 19.888, 100.387, 66.76, 67.498, , 15.218, 0.978, 147.205, 147.205, 1.942, 363.436, 363.436, 363.436, 25.781, 73.273, 56.086, 35.986, 35.714, 7.377, 18.839, 0, 0, 66.311, 67.83, 66.311, 67.83, 1, 69.972, 69.972, 0.025, 0.034, 194.15, 198.593, 194.15, 198.593, 5.405, 7.377, 18.839, , , 1, 1.698, 0.187, 0, 12.5, 3.11, 190, 100, 100, 0, 74, 18.179, 19.937, 113, 100.34, 100, 100, 0, 24.389, 24.389, 69, 3.585, 105.396, 105.396, 114.668, 115.065, 68.767, 5.1, 5.1, 0.187, 0, 0, 14, 0, 12.5, 0, 3.11, 190, 100, 100, 0, 74, 1, 0.018, 0.02, 113, 100.34, 100, 100, 0, 141, 24.389, 24.389, 69, 3.585, 0, 105.396, 105.396, 114.676, 115.065, 68.767, 0, 0, 5.1, 5.1, 
1.65, 19.888, 100.387, 66.76, 67.497, , 15.363, 0.978, 152.181, 152.181, 1.881, 366.911, 366.911, 366.911, 24.666, 74.114, 57.098, 35.734, 35.858, 7.377, 18.736, 0, 0, 67.651, 69.199, 67.651, 69.199, 1, 70.716, 70.716, 0.025, 0.034, 204.804, 209.492, 204.804, 209.492, 5.442, 7.377, 18.736, , , 1, 1.749, 0.127, 0, 12.5, 3.11, 190, 100, 100, 0, 74, 18.168, 20.009, 113, 100.34, 100, 100, 0, 24.431, 24.431, 69, 3.625, 105.814, 105.814, 115.169, 115.609, 69.546, 5.1, 5.1, 0.127, 0, 0, 14, 0, 12.5, 0, 3.11, 190, 100, 100, 0, 74, 1, 0.018, 0.02, 113, 100.34, 100, 100, 0, 141, 24.431, 24.431, 69, 3.625, 0, 105.814, 105.814, 115.177, 115.609, 69.546, 0, 0, 5.1, 5.1, 
1.7, 19.889, 100.388, 66.76, 67.496, , 15.393, 0.978, 157.275, 157.275, 1.819, 367.636, 367.636, 367.636, 23.573, 74.956, 58.11, 35.482, 36.002, 7.377, 18.552, 0, 0, 68.506, 70.074, 68.506, 70.074, 1, 71.464, 71.464, 0.025, 0.034, 214.819, 219.735, 214.819, 219.735, 5.471, 7.377, 18.552, , , 1, 1.798, 0.068, 0, 12.5, 3.11, 190, 100, 100, 0, 74, 18.157, 20.082, 113, 100.34, 100, 100, 0, 24.472, 24.472, 69, 3.664, 106.232, 106.232, 115.669, 116.152, 70.326, 5.1, 5.1, 0.068, 0, 0, 14, 0, 12.5, 0, 3.11, 190, 100, 100, 0, 74, 1, 0.018, 0.02, 113, 100.34, 100, 100, 0, 141, 24.472, 24.472, 69, 3.664, 0, 106.232, 106.232, 115.679, 116.152, 70.326, 0, 0, 5.1, 5.1, 
1.75, 19.89, 100.388, 66.76, 67.495, , 15.472, 0.978, 162.435, 162.435, 1.758, 369.523, 369.523, 369.523, 22.496, 75.797, 59.122, 35.241, 36.136, 7.377, 18.363, 0, 0, 69.59, 71.184, 69.59, 71.184, 1, 72.22, 72.22, 0.025, 0.034, 226.394, 231.575, 226.394, 231.575, 5.5, 7.377, 18.363, , , 1, 1.848, 0.038, 0, 12.5, 3.155, 190, 100, 100, 0, 74, 18.198, 20.154, 112.766, 100.441, 100, 100, 0, 24.598, 24.598, 71.138, 3.737, 106.775, 106.775, 116.293, 116.775, 71.123, 5.1, 5.1, 0.038, 0, 0, 14, 0, 12.5, 0, 3.155, 190, 100, 100, 0, 74, 1, 0.018, 0.02, 112.766, 100.441, 100, 100, 0, 141, 24.598, 24.598, 71.138, 3.737, 0, 106.775, 106.775, 116.309, 116.775, 71.123, 0, 0, 5.1, 5.1, 
1.8, 19.891, 100.389, 66.76, 67.494, , 15.528, 0.978, 167.589, 167.589, 1.697, 370.887, 370.887, 370.887, 21.445, 76.639, 60.133, 35.277, 36.028, 7.377, 18.171, 0, 0, 70.578, 72.194, 70.578, 72.194, 1, 72.976, 72.976, 0.025, 0.034, 238.428, 243.885, 238.428, 243.885, 5.529, 7.377, 18.171, , , 1, 1.898, 0.059, 0, 12.5, 3.281, 190, 100, 100, 0, 74, 18.34, 20.225, 112.076, 100.723, 100, 100, 0, 24.885, 24.885, 77.077, 3.875, 107.538, 107.538, 117.155, 117.538, 71.957, 5.1, 5.1, 0.059, 0, 0, 14, 0, 12.5, 0, 3.281, 190, 100, 100, 0, 74, 1, 0.018, 0.02, 112.076, 100.723, 100, 100, 0, 141, 24.885, 24.885, 77.077, 3.875, 0, 107.538, 107.538, 117.168, 117.538, 71.957, 0, 0, 5.1, 5.1, 
1.85, 19.892, 100.389, 66.76, 67.493, , 15.588, 0.978, 172.896, 172.896, 1.636, 372.324, 372.324, 372.324, 20.405, 77.48, 61.145, 35.313, 35.921, 7.377, 17.978, 0, 0, 71.587, 73.225, 71.587, 73.225, 1, 73.744, 73.744, 0.025, 0.034, 251.467, 257.222, 251.467, 257.222, 5.559, 7.377, 17.978, , , 1, 1.949, 0.08, 0, 12.5, 3.406, 190, 100, 100, 0, 74, 18.482, 20.296, 111.386, 101.005, 100, 100, 0, 25.172, 25.172, 83.015, 4.013, 108.302, 108.302, 118.017, 118.302, 72.79, 5.1, 5.1, 0.08, 0, 0, 14, 0, 12.5, 0, 3.406, 190, 100, 100, 0, 74, 1, 0.018, 0.02, 111.386, 101.005, 100, 100, 0, 141, 25.172, 25.172, 83.015, 4.013, 0, 108.302, 108.302, 118.027, 118.302, 72.79, 0, 0, 5.1, 5.1, 
1.9, 19.892, 100.389, 66.76, 67.492, , 15.616, 0.978, 178.203, 178.203, 1.575, 373.004, 373.004, 373.004, 19.395, 78.322, 62.157, 35.349, 35.813, 7.377, 17.941, 0, 0, 72.458, 74.117, 72.458, 74.117, 1, 74.508, 74.508, 0.025, 0.034, 265.104, 271.172, 265.104, 271.172, 5.593, 7.377, 17.941, , , 1, 1.999, 0.101, 0, 12.5, 3.532, 190, 100, 100, 0, 74, 18.623, 20.367, 110.697, 101.286, 100, 100, 0, 25.46, 25.46, 88.954, 4.151, 109.065, 109.065, 118.879, 119.065, 73.623, 5.1, 5.1, 0.101, 0, 0, 14, 0, 12.5, 0, 3.532, 190, 100, 100, 0, 74, 1, 0.019, 0.02, 110.697, 101.286, 100, 100, 0, 141, 25.46, 25.46, 88.954, 4.151, 0, 109.065, 109.065, 118.885, 119.065, 73.623, 0, 0, 5.1, 5.1, 
1.95, 19.893, 100.39, 66.76, 67.49, , 15.679, 0.978, 183.51, 183.51, 1.514, 374.515, 374.515, 374.515, 18.409, 79.163, 63.169, 35.385, 35.705, 7.377, 17.921, 0, 0, 73.493, 75.174, 73.493, 75.174, 1, 75.269, 75.269, 0.025, 0.034, 280.474, 286.895, 280.474, 286.895, 5.626, 7.377, 17.921, , , 1, 2.049, 0.122, 0, 12.5, 3.657, 190, 100, 100, 0, 74, 18.765, 20.438, 110.007, 101.568, 100, 100, 0, 25.747, 25.747, 94.893, 4.289, 109.828, 109.828, 119.741, 119.828, 74.457, 5.1, 5.1, 0.122, 0, 0, 14, 0, 12.5, 0, 3.657, 190, 100, 100, 0, 74, 1, 0.019, 0.02, 110.007, 101.568, 100, 100, 0, 141, 25.747, 25.747, 94.893, 4.289, 0, 109.828, 109.828, 119.744, 119.828, 74.457, 0, 0, 5.1, 5.1, 
2, 19.894, 100.39, 66.76, 67.489, , 15.7, 0.978, 188.918, 188.918, 1.453, 375.039, 375.039, 375.039, 17.434, 80.005, 64.18, 35.419, 35.599, 7.377, 17.95, 0, 0, 74.341, 76.04, 74.341, 76.04, 1, 76.038, 76.038, 0.025, 0.033, 296.468, 303.254, 296.468, 303.254, 5.66, 7.377, 17.95, , , 1, 2.099, 0.137, 0, 12.5, 3.774, 190, 100, 100, 0, 74, 18.894, 20.507, 109.356, 101.794, 100, 100, 0, 26.03, 26.03, 100, 4.41, 110.573, 110.573, 120.573, 120.579, 75.333, 5.1, 5.1, 0.137, 0, 0, 14, 0, 12.5, 0, 3.774, 190, 100, 100, 0, 74, 1, 0.019, 0.02, 109.356, 101.794, 100, 100, 0, 141, 26.03, 26.03, 100, 4.41, 0, 110.573, 110.573, 120.573, 120.579, 75.333, 0, 0, 5.1, 5.1, 
2.05, 19.895, 100.389, 66.76, 67.488, , 15.749, 0.978, 194.457, 194.457, 1.391, 376.231, 376.231, 376.231, 16.475, 80.846, 65.192, 35.347, 35.563, 7.377, 17.986, 0, 0, 75.34, 77.064, 75.34, 77.064, 1, 76.811, 76.811, 0.025, 0.033, 315.04, 322.248, 315.04, 322.248, 5.694, 7.377, 17.986, , , 1, 2.148, 0.108, 0, 12.5, 3.84, 190, 100, 100, 0, 74, 18.93, 20.565, 108.994, 101.683, 100, 100, 0, 26.282, 26.282, 100, 4.412, 111.177, 111.177, 121.177, 121.234, 76.521, 5.1, 5.1, 0.108, 0, 0, 14, 0, 12.5, 0, 3.84, 190, 100, 100, 0, 74, 1, 0.019, 0.02, 108.994, 101.683, 100, 100, 0, 141, 26.282, 26.282, 100, 4.412, 0, 111.177, 111.177, 121.177, 121.234, 76.521, 0, 0, 5.1, 5.1, 
2.1, 19.895, 100.389, 66.76, 67.487, , 15.773, 0.978, 199.956, 199.956, 1.33, 376.816, 376.816, 376.816, 15.533, 81.688, 66.204, 35.275, 35.527, 7.377, 18.187, 0, 0, 76.214, 77.959, 76.214, 77.959, 1, 77.585, 77.585, 0.025, 0.033, 334.782, 342.442, 334.782, 342.442, 5.731, 7.377, 18.187, , , 1, 2.198, 0.08, 0, 12.5, 3.905, 190, 100, 100, 0, 74, 18.965, 20.624, 108.631, 101.572, 100, 100, 0, 26.534, 26.534, 100, 4.414, 111.782, 111.782, 121.782, 121.889, 77.71, 5.1, 5.1, 0.08, 0, 0, 14, 0, 12.5, 0, 3.905, 190, 100, 100, 0, 74, 1, 0.019, 0.02, 108.631, 101.572, 100, 100, 0, 141, 26.534, 26.534, 100, 4.414, 0, 111.782, 111.782, 121.782, 121.889, 77.71, 0, 0, 5.1, 5.1, 
2.15, 19.896, 100.389, 66.76, 67.486, , 15.801, 0.978, 205.592, 205.592, 1.269, 377.498, 377.498, 377.498, 14.616, 82.53, 67.216, 35.203, 35.491, 7.377, 18.414, 0, 0, 77.107, 78.872, 77.107, 78.872, 1, 78.354, 78.354, 0.025, 0.033, 356.519, 364.676, 356.519, 364.676, 5.768, 7.377, 18.414, , , 1, 2.248, 0.052, 0, 12.5, 3.97, 190, 100, 100, 0, 74, 19, 20.682, 108.268, 101.46, 100, 100, 0, 26.786, 26.786, 100, 4.416, 112.387, 112.387, 122.387, 122.544, 78.898, 5.1, 5.1, 0.052, 0, 0, 14, 0, 12.5, 0, 3.97, 190, 100, 100, 0, 74, 1, 0.019, 0.021, 108.268, 101.46, 100, 100, 0, 141, 26.786, 26.786, 100, 4.416, 0, 112.387, 112.387, 122.387, 122.544, 78.898, 0, 0, 5.1, 5.1, 
2.2, 19.897, 100.388, 66.76, 67.485, , 15.794, 0.978, 212.941, 212.941, 1.208, 377.362, 377.362, 377.362, 13.65, 83.371, 68.228, 35.131, 35.455, 7.377, 18.8, 0, 0, 78.064, 79.852, 78.064, 79.852, 1, 79.186, 79.186, 0.025, 0.033, 388.45, 397.339, 388.45, 397.339, 5.805, 7.377, 18.8, , , 1, 2.299, 0.024, 0, 12.5, 4.036, 190, 100, 100, 0, 74, 19.035, 20.741, 107.905, 101.349, 100, 100, 0, 27.038, 27.038, 100, 4.418, 112.992, 112.992, 122.992, 123.2, 80.087, 5.1, 5.1, 0.024, 0, 0, 14, 0, 12.5, 0, 4.036, 190, 100, 100, 0, 74, 1, 0.019, 0.021, 107.905, 101.349, 100, 100, 0, 141, 27.038, 27.038, 100, 4.418, 0, 112.992, 112.992, 122.992, 123.2, 80.087, 0, 0, 5.1, 5.1, 
2.25, 19.898, 100.388, 66.76, 67.484, , 15.774, 0.978, 219.262, 219.262, 1.147, 376.927, 376.927, 376.927, 12.494, 84.213, 69.239, 35.067, 35.421, 7.377, 19.217, 0, 0, 78.808, 80.612, 78.808, 80.612, 1, 80.206, 80.206, 0.025, 0.033, 418.173, 427.742, 418.173, 427.742, 5.842, 7.377, 19.217, , , 1, 2.349, 0, 0, 12.5, 4.094, 190, 100, 100, 0, 74, 19.067, 20.793, 107.6, 101.248, 100, 100, 0, 27.259, 27.259, 100, 4.42, 113.518, 113.518, 123.518, 123.777, 81.164, 5.1, 5.1, 0, 0, 0, 14, 0, 12.5, 0, 4.094, 190, 100, 100, 0, 74, 1, 0.019, 0.021, 107.6, 101.248, 100, 100, 0, 141, 27.259, 27.259, 100, 4.42, 0, 113.518, 113.518, 123.518, 123.777, 81.164, 0, 0, 5.1, 5.1, 
2.3, 19.898, 100.388, 66.76, 67.482, , 15.762, 0.978, 225.071, 225.071, 1.086, 376.66, 376.66, 376.66, 11.638, 85.054, 70.251, 35.392, 35.457, 7.377, 19.825, 0, 0, 79.517, 81.335, 79.517, 81.335, 1, 80.976, 80.976, 0.025, 0.033, 449.689, 459.98, 449.689, 459.98, 5.874, 7.377, 19.825, , , 1, 2.399, 0, 0, 12.5, 4.118, 190, 100, 100, 0, 74, 19.077, 20.814, 107.6, 101.206, 100, 100, 0, 27.316, 27.316, 100, 4.417, 113.632, 113.632, 123.632, 123.948, 81.658, 5.1, 5.1, 0, 0, 0, 14, 0, 12.5, 0, 4.118, 190, 100, 100, 0, 74, 1, 0.019, 0.021, 107.6, 101.206, 100, 100, 0, 141, 27.316, 27.316, 100, 4.417, 0, 113.632, 113.632, 123.632, 123.948, 81.658, 0, 0, 5.1, 5.1, 
2.35, 19.899, 100.387, 66.76, 67.481, , 15.747, 0.978, 230.815, 230.815, 1.025, 376.326, 376.326, 376.326, 10.8, 85.896, 71.263, 35.717, 35.493, 7.378, 20.475, 0, 0, 80.197, 82.031, 80.197, 82.031, 1, 81.744, 81.744, 0.025, 0.033, 484.877, 495.975, 484.877, 495.975, 5.902, 7.378, 20.475, , , 1, 2.449, 0, 0, 12.5, 4.142, 190, 100, 100, 0, 74, 19.087, 20.834, 107.6, 101.164, 100, 100, 0, 27.373, 27.373, 100, 4.415, 113.745, 113.745, 123.745, 124.118, 82.153, 5.1, 5.1, 0, 0, 0, 14, 0, 12.5, 0, 4.142, 190, 100, 100, 0, 74, 1, 0.019, 0.021, 107.6, 101.164, 100, 100, 0, 141, 27.373, 27.373, 100, 4.415, 0, 113.745, 113.745, 123.745, 124.118, 82.153, 0, 0, 5.1, 5.1, 
2.4, 19.9, 100.387, 66.76, 67.48, , 15.725, 0.978, 236.733, 236.733, 0.963, 375.837, 375.837, 375.837, 9.967, 86.737, 72.275, 36.042, 35.529, 7.379, 21.028, 0, 0, 80.851, 82.7, 80.851, 82.7, 1, 82.521, 82.521, 0.025, 0.033, 525.445, 537.469, 525.445, 537.469, 5.93, 7.379, 21.028, , , 1, 2.499, 0, 0, 12.5, 4.166, 190, 100, 100, 0, 74, 19.097, 20.855, 107.6, 101.122, 100, 100, 0, 27.43, 27.43, 100, 4.413, 113.859, 113.859, 123.859, 124.289, 82.647, 5.1, 5.1, 0, 0, 0, 14, 0, 12.5, 0, 4.166, 190, 100, 100, 0, 74, 1, 0.019, 0.021, 107.6, 101.122, 100, 100, 0, 141, 27.43, 27.43, 100, 4.413, 0, 113.859, 113.859, 123.859, 124.289, 82.647, 0, 0, 5.1, 5.1, 
2.45, 19.9, 100.386, 66.76, 67.482, , 15.696, 0.978, 242.721, 242.721, 0.902, 375.173, 375.173, 375.173, 9.163, 87.579, 73.286, 36.368, 35.565, 7.381, 21.553, 0, 0, 81.458, 83.321, 81.458, 83.321, 1, 83.284, 83.284, 0.025, 0.033, 571.647, 584.728, 571.647, 584.728, 5.958, 7.381, 21.553, , , 1, 2.548, 0, 0, 12.5, 4.189, 190, 100, 100, 0, 74, 19.108, 20.875, 107.6, 101.08, 100, 100, 0, 27.486, 27.486, 100, 4.411, 113.973, 113.973, 123.973, 124.459, 83.141, 5.1, 5.1, 0, 0, 0, 14, 0, 12.5, 0, 4.189, 190, 100, 100, 0, 74, 1, 0.019, 0.021, 107.6, 101.08, 100, 100, 0, 141, 27.486, 27.486, 100, 4.411, 0, 113.973, 113.973, 123.973, 124.459, 83.141, 0, 0, 5.1, 5.1, 
2.5, 19.9, 100.386, 66.76, 67.484, , 15.672, 0.978, 248.708, 248.708, 0.841, 374.625, 374.625, 374.625, 8.368, 88.42, 74.298, 36.677, 35.604, 7.382, 21.903, 0, 0, 82.09, 83.966, 82.09, 83.966, 1, 84.05, 84.05, 0.025, 0.033, 627.45, 641.807, 627.45, 641.807, 5.99, 7.382, 21.903, , , 1, 2.598, 0, 0, 12.5, 4.222, 190, 100, 100, 0, 74, 19.114, 20.881, 107.347, 100.967, 100, 100, 0, 27.5, 27.5, 100, 4.413, 114.07, 114.07, 124.211, 124.641, 83.783, 5.1, 5.1, 0, 0, 0, 14, 0, 12.5, 0, 4.222, 190, 100, 100, 0, 74, 1, 0.019, 0.021, 107.347, 100.967, 100, 100, 0, 141, 27.5, 27.5, 100, 4.413, 0, 114.07, 114.07, 124.211, 124.641, 83.783, 0, 0, 5.1, 5.1, 
2.55, 19.9, 100.386, 66.76, 67.485, , 15.644, 0.978, 254.762, 254.762, 0.78, 373.963, 373.963, 373.963, 7.578, 89.262, 75.31, 36.605, 35.712, 7.384, 22.198, 0, 0, 82.688, 84.579, 82.688, 84.579, 1, 84.824, 84.824, 0.025, 0.033, 693.258, 709.123, 693.258, 709.123, 6.028, 7.384, 22.198, , , 1, 2.648, 0, 0, 12.5, 4.257, 190, 100, 100, 0, 74, 19.12, 20.883, 107.013, 100.832, 100, 100, 0, 27.5, 27.5, 100, 4.416, 114.163, 114.163, 124.489, 124.826, 84.471, 5.1, 5.1, 0, 0, 0, 14, 0, 12.5, 0, 4.257, 190, 100, 100, 0, 74, 1, 0.019, 0.021, 107.013, 100.832, 100, 100, 0, 141, 27.5, 27.5, 100, 4.416, 0, 114.163, 114.163, 124.489, 124.826, 84.471, 0, 0, 5.1, 5.1, 
2.6, 19.9, 100.385, 66.76, 67.487, , 15.596, 0.978, 260.906, 260.906, 0.719, 372.857, 372.857, 372.857, 6.807, 90.103, 76.322, 36.533, 35.82, 7.384, 22.315, 0, 0, 83.193, 85.096, 83.193, 85.096, 1, 85.591, 85.591, 0.025, 0.033, 772.766, 790.45, 772.766, 790.45, 6.066, 7.384, 22.315, , , 1, 2.699, 0, 0, 12.5, 4.292, 190, 100, 100, 0, 74, 19.125, 20.885, 106.68, 100.697, 100, 100, 0, 27.5, 27.5, 100, 4.42, 114.256, 114.256, 124.767, 125.011, 85.159, 5.1, 5.1, 0, 0, 0, 14, 0, 12.5, 0, 4.292, 190, 100, 100, 0, 74, 1, 0.019, 0.021, 106.68, 100.697, 100, 100, 0, 141, 27.5, 27.5, 100, 4.42, 0, 114.256, 114.256, 124.767, 125.011, 85.159, 0, 0, 5.1, 5.1, 
2.65, 19.9, 100.385, 66.76, 67.489, , 15.562, 0.978, 267.051, 267.051, 0.658, 372.076, 372.076, 372.076, 6.056, 90.945, 77.333, 36.461, 35.928, 7.384, 22.37, 0, 0, 83.758, 85.673, 83.758, 85.673, 1, 86.351, 86.351, 0.025, 0.033, 873.009, 892.987, 873.009, 892.987, 6.104, 7.384, 22.37, , , 1, 2.749, 0, 0, 12.5, 4.327, 190, 100, 100, 0, 74, 19.131, 20.887, 106.347, 100.562, 100, 100, 0, 27.5, 27.5, 100, 4.424, 114.348, 114.348, 125.044, 125.196, 85.848, 5.1, 5.1, 0, 0, 0, 14, 0, 12.5, 0, 4.327, 190, 100, 100, 0, 74, 1, 0.019, 0.021, 106.347, 100.562, 100, 100, 0, 141, 27.5, 27.5, 100, 4.424, 0, 114.348, 114.348, 125.044, 125.196, 85.848, 0, 0, 5.1, 5.1, 
2.7, 19.9, 100.385, 66.76, 67.491, , 15.54, 0.978, 273.258, 273.258, 0.597, 371.577, 371.577, 371.577, 5.309, 91.787, 78.345, 36.389, 36.036, 7.383, 22.387, 0, 0, 84.383, 86.313, 84.383, 86.313, 1, 87.118, 87.118, 0.025, 0.033, 1003.327, 1026.288, 1003.327, 1026.288, 6.138, 7.383, 22.387, , , 1, 2.799, 0, 0, 12.5, 4.362, 190, 100, 100, 0, 74, 19.136, 20.889, 106.013, 100.427, 100, 100, 0, 27.5, 27.5, 100, 4.428, 114.441, 114.441, 125.322, 125.381, 86.536, 5.1, 5.1, 0, 0, 0, 14, 0, 12.5, 0, 4.362, 190, 100, 100, 0, 74, 1, 0.019, 0.021, 106.013, 100.427, 100, 100, 0, 141, 27.5, 27.5, 100, 4.428, 0, 114.441, 114.441, 125.322, 125.381, 86.536, 0, 0, 5.1, 5.1, 
2.75, 19.9, 100.384, 66.76, 67.493, , 15.492, 0.978, 279.569, 279.569, 0.536, 370.454, 370.454, 370.454, 4.592, 92.628, 79.357, 36.312, 36.132, 7.382, 22.389, 0, 0, 84.865, 86.807, 84.865, 86.807, 1, 87.867, 87.867, 0.025, 0.033, 1173.926, 1200.791, 1173.926, 1200.791, 6.152, 7.382, 22.389, , , 1, 2.849, 0, 0, 12.5, 4.397, 190, 100, 100, 0, 74, 19.13, 20.887, 105.752, 100.311, 100, 100, 0, 27.553, 27.526, 100, 4.429, 114.513, 114.513, 125.54, 125.54, 87.169, 5.1, 5.1, 0, 0, 0, 13.999, 0, 12.5, 0, 4.397, 190, 100, 100, 0, 74, 1, 0.019, 0.021, 105.752, 100.311, 100, 100, 0, 141, 27.553, 27.526, 100, 4.429, 0, 114.513, 114.513, 125.54, 125.54, 87.169, 0, 0, 5.1, 5.1, 
2.8, 19.9, 100.384, 66.76, 67.495, , 15.433, 0.978, 285.88, 285.88, 0.474, 369.075, 369.075, 369.075, 3.87, 93.47, 80.369, 36.102, 35.922, 7.38, 22.39, 0, 0, 85.274, 87.225, 85.274, 87.225, 1, 88.634, 88.634, 0.025, 0.033, 1416.755, 1449.176, 1416.755, 1449.176, 6.165, 7.38, 22.39, , , 1, 2.899, 0, 0, 12.5, 4.434, 190, 100, 100, 0, 74, 19.101, 20.88, 105.62, 100.229, 100, 100, 0, 27.7, 27.6, 100, 4.428, 114.55, 114.55, 125.65, 125.65, 87.695, 5.1, 5.1, 0, 0, 0, 13.995, 0, 12.5, 0, 4.434, 190, 100, 100, 0, 74, 1, 0.019, 0.021, 105.62, 100.229, 100, 100, 0, 141, 27.7, 27.6, 100, 4.428, 0, 114.55, 114.55, 125.65, 125.65, 87.695, 0, 0, 5.1, 5.1, 
2.85, 19.9, 100.383, 66.76, 67.497, , 15.376, 0.978, 292.264, 292.264, 0.413, 367.755, 367.755, 367.755, 3.168, 94.311, 81.38, 35.893, 35.713, 7.379, 22.39, 0, 0, 85.685, 87.646, 85.685, 87.646, 1, 89.385, 89.385, 0.025, 0.033, 1797.419, 1838.552, 1797.419, 1838.552, 6.179, 7.379, 22.39, , , 1, 2.949, 0, 0, 12.5, 4.471, 190, 100, 100, 0, 74, 19.073, 20.873, 105.488, 100.147, 100, 100, 0, 27.847, 27.674, 100, 4.427, 114.587, 114.587, 125.76, 125.76, 88.221, 5.1, 5.1, 0, 0, 0, 13.991, 0, 12.5, 0, 4.471, 190, 100, 100, 0, 74, 1, 0.019, 0.021, 105.488, 100.147, 100, 100, 0, 141, 27.847, 27.674, 100, 4.427, 0, 114.587, 114.587, 125.76, 125.76, 88.221, 0, 0, 5.1, 5.1, 
2.9, 19.9, 100.383, 66.76, 67.499, , 15.323, 0.978, 298.751, 298.751, 0.352, 366.534, 366.534, 366.534, 2.472, 95.153, 82.392, 35.684, 35.504, 7.378, 22.39, 0, 0, 86.123, 88.095, 86.123, 88.095, 1, 90.141, 90.141, 0.025, 0.033, 2474.414, 2531.04, 2474.414, 2531.04, 6.192, 7.378, 22.39, , , 1, 2.999, 0, 0, 12.5, 4.508, 190, 100, 100, 0, 74, 19.045, 20.865, 105.355, 100.066, 100, 100, 0, 27.994, 27.747, 100, 4.425, 114.624, 114.624, 125.871, 125.871, 88.747, 5.1, 5.1, 0, 0, 0, 13.988, 0, 12.5, 0, 4.508, 190, 100, 100, 0, 74, 1, 0.019, 0.021, 105.355, 100.066, 100, 100, 0, 141, 27.994, 27.747, 100, 4.425, 0, 114.624, 114.624, 125.871, 125.871, 88.747, 0, 0, 5.1, 5.1, 
2.95, 19.9, 100.383, 66.76, 67.501, , 15.253, 0.978, 305.237, 305.237, 0.291, 364.899, 364.899, 364.899, 1.793, 95.994, 83.404, 35.474, 35.294, 7.377, 22.39, 0, 0, 86.455, 88.434, 86.455, 88.434, 1, 90.888, 90.888, 0.025, 0.033, 6821.647, 6977.76, 6821.647, 6977.76, 6.21, 7.377, 22.39, , , 1, 3.049, 0, 0, 12.5, 4.544, 190, 100, 100, 0, 74, 19.017, 20.858, 105.223, 99.984, 100, 100, 0, 28.141, 27.821, 100, 4.424, 114.66, 114.66, 125.981, 125.981, 89.273, 5.1, 5.1, 0, 0, 0, 13.984, 0, 12.5, 0, 4.544, 190, 100, 100, 0, 74, 1, 0.019, 0.021, 105.223, 99.984, 100, 100, 0, 141, 28.141, 27.821, 100, 4.424, 0, 114.66, 114.66, 125.981, 125.981, 89.273, 0, 0, 5.1, 5.1, 
3, 19.9, 100.382, 66.76, 67.503, , 15.204, 0.978, 311.823, 311.823, 0.23, 363.75, 363.75, 363.75, 1.403, 96.836, 84.416, 35.265, 35.085, 7.377, 22.39, 0, 0, 86.894, 88.883, 86.894, 88.883, 1, 91.642, 91.642, 0.025, 0.033, 12514.378, 12800.769, 12514.378, 12800.769, 6.227, 7.377, 22.39, , , 1, 3.099, 0, 0, 12.5, 4.581, 190, 100, 100, 0, 74, 18.988, 20.851, 105.091, 99.903, 100, 100, 0, 28.288, 27.894, 100, 4.422, 114.697, 114.697, 126.091, 126.091, 89.8, 5.1, 5.1, 0, 0, 0, 13.98, 0, 12.5, 0, 4.581, 190, 100, 100, 0, 74, 1, 0.019, 0.021, 105.091, 99.903, 100, 100, 0, 141, 28.288, 27.894, 100, 4.422, 0, 114.697, 114.697, 126.091, 126.091, 89.8, 0, 0, 5.1, 5.1, 
3.05, 19.9, 100.382, 66.76, 67.505, , 15.132, 0.978, 318.962, 318.962, 0.169, 362.075, 362.075, 362.075, 2.307, 97.677, 85.428, 35.273, 35.158, 7.377, 22.39, 0, 0, 87.249, 89.245, 87.249, 89.245, 1, 92.557, 92.557, 0.025, 0.033, 12062.371, 12338.418, 12062.371, 12338.418, 6.245, 7.377, 22.39, , , 1, 3.149, 0, 0, 12.5, 4.618, 190, 100, 100, 0, 74, 18.96, 20.843, 104.958, 99.821, 100, 100, 0, 28.435, 27.968, 100, 4.421, 114.734, 114.734, 126.201, 126.201, 90.326, 5.1, 5.1, 0, 0, 0, 13.977, 0, 12.5, 0, 4.618, 190, 100, 100, 0, 74, 1, 0.019, 0.021, 104.958, 99.821, 100, 100, 0, 141, 28.435, 27.968, 100, 4.421, 0, 114.734, 114.734, 126.201, 126.201, 90.326, 0, 0, 5.1, 5.1, 
3.1, 19.9, 100.381, 66.76, 67.506, , 15.074, 0.978, 327.501, 327.501, 0.108, 360.717, 360.717, 360.717, 3.936, 98.519, 86.439, 35.31, 35.27, 7.377, 22.39, 0, 0, 87.809, 89.817, 87.809, 89.817, 1, 93.38, 93.38, 0.025, 0.033, 10461.882, 10701.302, 10461.882, 10701.302, 6.263, 7.377, 22.39, , , 1, 3.198, 0, 0, 12.5, 4.655, 190, 100, 100, 0, 74, 18.932, 20.836, 104.826, 99.739, 100, 100, 0, 28.582, 28.041, 100, 4.419, 114.771, 114.771, 126.312, 126.312, 90.852, 5.1, 5.1, 0, 0, 0, 13.973, 0, 12.5, 0, 4.655, 190, 100, 100, 0, 74, 1, 0.019, 0.021, 104.826, 99.739, 100, 100, 0, 141, 28.582, 28.041, 100, 4.419, 0, 114.771, 114.771, 126.312, 126.312, 90.852, 0, 0, 5.1, 5.1, 
3.15, 19.9, 100.381, 66.76, 67.508, , 15.019, 0.978, 334.18, 334.18, 0.046, 359.451, 359.451, 359.451, 6.185, 99.36, 87.451, 35.347, 35.381, 7.377, 22.39, 0, 0, 88.19, 90.206, 88.19, 90.206, 1, 94.123, 94.123, 0.025, 0.033, 9679.124, 9900.63, 9679.124, 9900.63, 6.28, 7.377, 22.39, , , 1, 3.248, 0, 0, 12.5, 4.692, 190, 100, 100, 0, 74, 18.903, 20.829, 104.694, 99.658, 100, 100, 0, 28.729, 28.115, 100, 4.418, 114.807, 114.807, 126.422, 126.422, 91.378, 5.1, 5.1, 0, 0, 0, 13.969, 0, 12.5, 0, 4.692, 190, 100, 100, 0, 74, 1, 0.019, 0.021, 104.694, 99.658, 100, 100, 0, 141, 28.729, 28.115, 100, 4.418, 0, 114.807, 114.807, 126.422, 126.422, 91.378, 0, 0, 5.1, 5.1, 
3.2, 19.9, 100.381, 66.76, 67.51, , 14.931, 0.978, 341.047, 341.047, 0.087, 357.39, 357.39, 357.39, 9.088, 98.565, 87.507, 35.384, 35.493, 7.377, 22.39, 0, 0, 88.377, 90.397, 88.377, 90.397, 1, 94.861, 94.861, 0.025, 0.033, 4460.055, 4562.122, 4460.055, 4562.122, 6.296, 7.377, 22.39, , , 1, 3.299, 0, 0, 12.5, 4.728, 190, 100, 100, 0, 74, 18.875, 20.821, 104.561, 99.576, 100, 100, 0, 28.876, 28.188, 100, 4.416, 114.844, 114.844, 126.532, 126.532, 91.904, 5.1, 5.1, 0, 0, 0, 13.966, 0, 12.5, 0, 4.728, 190, 100, 100, 0, 74, 1, 0.019, 0.021, 104.561, 99.576, 100, 100, 0, 141, 28.876, 28.188, 100, 4.416, 0, 114.844, 114.844, 126.532, 126.532, 91.904, 0, 0, 5.1, 5.1, 
3.25, 19.9, 100.38, 66.76, 67.512, , 14.865, 0.978, 347.915, 347.915, 0.45, 355.832, 355.832, 355.832, 12.448, 92.588, 84.538, 35.42, 35.593, 7.377, 22.39, 0, 0, 88.675, 90.702, 88.675, 90.702, 1, 95.592, 95.592, 0.025, 0.033, 495.766, 507.111, 495.766, 507.111, 6.313, 7.377, 22.39, , , 1, 3.348, 0, 0, 12.5, 4.765, 190, 100, 100, 0, 74, 18.847, 20.814, 104.429, 99.494, 100, 100, 0, 29.024, 28.262, 100, 4.415, 114.881, 114.881, 126.643, 126.643, 92.43, 5.1, 5.1, 0, 0, 0, 13.962, 0, 12.5, 0, 4.765, 190, 100, 100, 0, 74, 1, 0.019, 0.021, 104.429, 99.494, 100, 100, 0, 141, 29.024, 28.262, 100, 4.415, 0, 114.881, 114.881, 126.643, 126.643, 92.43, 0, 0, 5.1, 5.1, 
3.3, 19.9, 100.38, 66.76, 67.514, , 14.784, 0.978, 354.783, 354.783, 0.813, 353.951, 353.951, 353.951, 15.747, 86.61, 81.569, 35.42, 35.413, 7.377, 22.39, 0, 0, 88.867, 90.9, 88.867, 90.9, 1, 96.316, 96.316, 0.025, 0.033, 352.44, 360.505, 352.44, 360.505, 6.329, 7.377, 22.39, , , 1, 3.398, 0, 0, 12.5, 4.802, 190, 100, 100, 0, 74, 18.818, 20.806, 104.296, 99.413, 100, 100, 0, 29.171, 28.335, 100, 4.413, 114.918, 114.918, 126.753, 126.753, 92.956, 5.1, 5.1, 0, 0, 0, 13.958, 0, 12.5, 0, 4.802, 190, 100, 100, 0, 74, 1, 0.019, 0.021, 104.296, 99.413, 100, 100, 0, 141, 29.171, 28.335, 100, 4.413, 0, 114.918, 114.918, 126.753, 126.753, 92.956, 0, 0, 5.1, 5.1, 
3.35, 19.9, 100.38, 66.765, 67.516, , 14.697, 0.978, 361.784, 361.784, 1.177, 351.895, 351.895, 351.895, 18.986, 80.632, 78.6, 35.42, 35.233, 7.377, 22.39, 0, 0, 89.023, 91.058, 89.023, 91.058, 1, 97.037, 97.037, 0.025, 0.033, 273.805, 280.07, 273.805, 280.07, 6.354, 7.377, 22.39, , , 1, 3.449, 0, 0, 12.5, 4.839, 190, 100, 100, 0, 74, 18.79, 20.799, 104.164, 99.331, 100, 100, 0, 29.318, 28.409, 100, 4.412, 114.954, 114.954, 126.863, 126.863, 93.483, 5.1, 5.1, 0, 0, 0, 13.955, 0, 12.5, 0, 4.839, 190, 100, 100, 0, 74, 1, 0.019, 0.021, 104.164, 99.331, 100, 100, 0, 141, 29.318, 28.409, 100, 4.412, 0, 114.954, 114.954, 126.863, 126.863, 93.483, 0, 0, 5.1, 5.1, 
3.4, 19.9, 100.381, 66.769, 67.518, , 14.629, 0.978, 368.718, 368.718, 1.54, 350.308, 350.308, 350.308, 22.224, 74.654, 75.631, 35.42, 35.053, 7.377, 22.39, 0, 0, 89.272, 91.312, 89.272, 91.312, 1, 97.764, 97.764, 0.025, 0.033, 228.539, 233.767, 228.539, 233.767, 6.384, 7.377, 22.39, , , 1, 3.499, 0, 0, 12.5, 4.876, 190, 100, 100, 0, 74, 18.762, 20.792, 104.032, 99.25, 100, 100, 0, 29.465, 28.482, 100, 4.41, 114.991, 114.991, 126.974, 126.974, 94.009, 5.1, 5.1, 0, 0, 0, 13.951, 0, 12.5, 0, 4.876, 190, 100, 100, 0, 74, 1, 0.019, 0.021, 104.032, 99.25, 100, 100, 0, 141, 29.465, 28.482, 100, 4.41, 0, 114.991, 114.991, 126.974, 126.974, 94.009, 0, 0, 5.1, 5.1, 
3.45, 19.9, 100.381, 66.773, 67.52, , 14.543, 0.978, 375.794, 375.794, 1.903, 348.303, 348.303, 348.303, 25.787, 68.676, 72.662, 35.42, 34.873, 7.378, 22.39, 0, 0, 89.414, 91.459, 89.414, 91.459, 1, 98.482, 98.482, 0.025, 0.033, 193.531, 197.96, 193.531, 197.96, 6.415, 7.378, 22.39, , , 1, 3.549, 0, 0, 12.5, 4.928, 190, 100, 100, 0, 74, 18.727, 20.76, 103.715, 99.113, 100, 100, 0, 29.658, 28.579, 100, 4.41, 115, 115, 127.079, 127.079, 95.266, 5.1, 5.1, 0, 0, 0, 13.942, 0, 12.5, 0, 4.928, 190, 100, 100, 0, 74, 1, 0.019, 0.021, 103.715, 99.113, 100, 100, 0, 141, 29.658, 28.579, 100, 4.41, 0, 115, 115, 127.079, 127.079, 95.266, 0, 0, 5.1, 5.1, 
3.5, 19.9, 100.382, 66.777, 67.522, , 14.475, 0.978, 382.94, 382.94, 2.266, 346.699, 346.699, 346.699, 29.015, 62.698, 69.693, 35.421, 34.707, 7.378, 22.39, 0, 0, 89.647, 91.698, 89.647, 91.698, 1, 99.191, 99.191, 0.025, 0.033, 169.744, 173.629, 169.744, 173.629, 6.446, 7.378, 22.39, , , 1, 3.599, 0, 0, 12.5, 4.986, 190, 100, 100, 0, 74, 18.691, 20.72, 103.34, 98.959, 100, 100, 0, 29.867, 28.683, 100, 4.41, 115, 115, 127.183, 127.183, 96.755, 5.1, 5.1, 0, 0, 0, 13.932, 0, 12.5, 0, 4.986, 190, 100, 100, 0, 74, 1, 0.019, 0.021, 103.34, 98.959, 100, 100, 0, 141, 29.867, 28.683, 100, 4.41, 0, 115, 115, 127.183, 127.183, 96.755, 0, 0, 5.1, 5.1, 
3.55, 19.9, 100.382, 66.781, 67.524, , 14.423, 0.978, 390.091, 390.091, 2.629, 345.505, 345.505, 345.505, 31.382, 56.721, 66.724, 35.457, 34.886, 7.379, 22.39, 0, 0, 89.976, 92.034, 89.976, 92.034, 1, 99.9, 99.9, 0.025, 0.033, 153.581, 157.094, 153.581, 157.094, 6.491, 7.379, 22.39, , , 1, 3.649, 0, 0, 12.5, 5.043, 190, 100, 100, 0, 74, 18.654, 20.681, 102.965, 98.804, 100, 100, 0, 30.075, 28.788, 100, 4.41, 115, 115, 127.288, 127.288, 98.243, 5.1, 5.1, 0, 0, 0, 13.921, 0, 12.5, 0, 5.043, 190, 100, 100, 0, 74, 1, 0.019, 0.021, 102.965, 98.804, 100, 100, 0, 141, 30.075, 28.788, 100, 4.41, 0, 115, 115, 127.288, 127.288, 98.243, 0, 0, 5.1, 5.1, 
3.6, 19.9, 100.382, 66.785, 67.525, , 14.322, 0.978, 397.388, 397.388, 2.992, 343.119, 343.119, 343.119, 33.053, 50.743, 63.755, 35.493, 35.066, 7.379, 22.39, 0, 0, 89.991, 92.051, 89.991, 92.051, 1, 100.614, 100.614, 0.025, 0.033, 143.43, 146.712, 143.43, 146.712, 6.547, 7.379, 22.39, , , 1, 3.699, 0, 0, 12.5, 5.1, 190, 100, 100, 0, 74, 18.618, 20.641, 102.59, 98.65, 100, 100, 0, 30.283, 28.892, 100, 4.41, 115, 115, 127.392, 127.392, 99.732, 5.1, 5.1, 0, 0, 0, 13.911, 0, 12.5, 0, 5.1, 190, 100, 100, 0, 74, 1, 0.019, 0.021, 102.59, 98.65, 100, 100, 0, 141, 30.283, 28.892, 100, 4.41, 0, 115, 115, 127.392, 127.392, 99.732, 0, 0, 5.1, 5.1, 
3.65, 19.9, 100.383, 66.79, 67.527, , 14.254, 0.978, 404.685, 404.685, 3.356, 341.542, 341.542, 341.542, 33.875, 44.765, 60.786, 35.529, 35.245, 7.38, 22.39, 0, 0, 90.206, 92.272, 90.206, 92.272, 1, 101.318, 101.318, 0.025, 0.033, 138.283, 141.447, 138.283, 141.447, 6.604, 7.38, 22.39, , , 1, 3.749, 0, 0, 12.5, 5.158, 190, 100, 100, 0, 74, 18.581, 20.602, 102.215, 98.496, 100, 100, 0, 30.492, 28.996, 100, 4.41, 115, 115, 127.496, 127.496, 101.22, 5.1, 5.1, 0, 0, 0, 13.9, 0, 12.5, 0, 5.158, 190, 100, 100, 0, 74, 1, 0.019, 0.021, 102.215, 98.496, 100, 100, 0, 141, 30.492, 28.996, 100, 4.41, 0, 115, 115, 127.496, 127.496, 101.22, 0, 0, 5.1, 5.1, 
3.7, 19.9, 100.383, 66.794, 67.529, , 14.167, 0.978, 411.982, 411.982, 3.611, 339.499, 339.499, 339.499, 33.624, 62.338, 57.817, 35.565, 35.424, 7.38, 22.39, 0, 0, 90.285, 92.351, 90.285, 92.351, 1, 102.013, 102.013, 0.025, 0.033, 138.459, 141.626, 138.459, 141.626, 6.66, 7.38, 22.39, , , 1, 3.799, 0, 0, 12.5, 5.195, 190, 100, 100, 0, 74, 18.524, 20.552, 101.843, 98.343, 100, 100, 0, 30.5, 29.099, 100, 4.414, 115, 115, 127.5, 127.5, 102.02, 5.1, 5.1, 0, 0, 0, 13.9, 0, 12.5, 0, 5.195, 190, 100, 100, 0, 74, 1, 0.019, 0.021, 101.843, 98.343, 100, 100, 0, 141, 30.5, 29.099, 100, 4.414, 0, 115, 115, 127.5, 127.5, 102.02, 0, 0, 5.1, 5.1, 
3.75, 19.901, 100.383, 66.798, 67.53, , 14.084, 0.978, 419.321, 419.321, 3.574, 337.567, 337.567, 337.567, 32.687, 62.119, 54.847, 35.6, 35.603, 7.379, 22.39, 0, 0, 90.379, 92.446, 90.379, 92.446, 1, 102.712, 102.712, 0.025, 0.033, 141.574, 144.812, 141.574, 144.812, 6.722, 7.379, 22.39, , , 1, 3.849, 0, 0, 12.5, 5.232, 190, 100, 100, 0, 74, 18.467, 20.503, 101.471, 98.19, 100, 100, 0, 30.5, 29.202, 100, 4.418, 115, 115, 127.5, 127.5, 102.79, 5.1, 5.1, 0, 0, 0, 13.9, 0, 12.5, 0, 5.232, 190, 100, 100, 0, 74, 1, 0.019, 0.021, 101.471, 98.19, 100, 100, 0, 141, 30.5, 29.202, 100, 4.418, 0, 115, 115, 127.5, 127.5, 102.79, 0, 0, 5.1, 5.1, 
3.8, 19.902, 100.384, 66.802, 67.529, , 14.018, 0.978, 426.722, 426.722, 3.538, 336.011, 336.011, 336.011, 31.774, 61.9, 51.878, 35.6, 35.747, 7.379, 22.39, 0, 0, 90.579, 92.652, 90.579, 92.652, 1, 103.398, 103.398, 0.025, 0.033, 145.068, 148.387, 145.068, 148.387, 6.799, 7.379, 22.39, , , 1, 3.898, 0, 0, 12.5, 5.268, 190, 100, 100, 0, 74, 18.409, 20.453, 101.099, 98.037, 100, 100, 0, 30.5, 29.306, 100, 4.422, 115, 115, 127.5, 127.5, 103.561, 5.1, 5.1, 0, 0, 0, 13.9, 0, 12.5, 0, 5.268, 190, 100, 100, 0, 74, 1, 0.018, 0.02, 101.099, 98.037, 100, 100, 0, 141, 30.5, 29.306, 100, 4.422, 0, 115, 115, 127.5, 127.5, 103.561, 0, 0, 5.1, 5.1, 
3.85, 19.903, 100.384, 66.806, 67.528, , 13.951, 0.978, 434.235, 434.235, 3.501, 334.45, 334.45, 334.45, 30.861, 61.682, 48.909, 35.6, 35.892, 7.378, 22.39, 0, 0, 90.747, 92.824, 90.747, 92.824, 1, 104.092, 104.092, 0.025, 0.033, 148.561, 151.96, 148.561, 151.96, 6.876, 7.378, 22.39, , , 1, 3.948, 0, 0, 12.5, 5.305, 190, 100, 100, 0, 74, 18.351, 20.404, 100.727, 97.885, 100, 100, 0, 30.5, 29.409, 100, 4.426, 115, 115, 127.5, 127.5, 104.332, 5.1, 5.1, 0, 0, 0, 13.9, 0, 12.5, 0, 5.305, 190, 100, 100, 0, 74, 1, 0.018, 0.02, 100.727, 97.885, 100, 100, 0, 141, 30.5, 29.409, 100, 4.426, 0, 115, 115, 127.5, 127.5, 104.332, 0, 0, 5.1, 5.1, 
3.9, 19.904, 100.385, 66.811, 67.527, , 13.843, 0.978, 441.767, 441.767, 3.465, 331.905, 331.905, 331.905, 29.967, 61.463, 45.94, 35.6, 36.037, 7.378, 22.39, 0, 0, 90.648, 92.722, 90.648, 92.722, 1, 104.776, 104.776, 0.025, 0.033, 151.82, 155.293, 151.82, 155.293, 6.953, 7.378, 22.39, , , 1, 3.998, 0, 0, 12.5, 5.344, 190.023, 100, 100, 0, 74, 18.302, 20.358, 100.358, 97.712, 100, 100, 0, 30.512, 29.494, 100, 4.43, 115, 115, 127.5, 127.5, 105.097, 5.1, 5.1, 0, 0, 0, 13.9, 0, 12.5, 0, 5.344, 190.023, 100, 100, 0, 74, 1, 0.018, 0.02, 100.358, 97.712, 100, 100, 0, 141, 30.512, 29.494, 100, 4.43, 0, 115, 115, 127.5, 127.5, 105.097, 0, 0, 5.1, 5.1, 
3.95, 19.905, 100.385, 66.815, 67.526, , 13.759, 0.978, 449.41, 449.41, 3.429, 329.958, 329.958, 329.958, 29.088, 61.244, 42.971, 35.6, 36.181, 7.377, 22.39, 0, 0, 90.706, 92.782, 90.706, 92.782, 1, 105.454, 105.454, 0.025, 0.033, 155.551, 159.109, 155.551, 159.109, 7.031, 7.377, 22.39, , , 1, 4.049, 0, 0, 12.5, 5.398, 190.217, 100, 100, 0, 74, 18.315, 20.345, 100.009, 97.391, 100, 100, 0, 30.609, 29.446, 100, 4.426, 115, 115, 127.5, 127.5, 105.82, 5.1, 5.1, 0, 0, 0, 13.9, 0, 12.5, 0, 5.398, 190.217, 100, 100, 0, 74, 1, 0.018, 0.02, 100.009, 97.391, 100, 100, 0, 141, 30.609, 29.446, 100, 4.426, 0, 115, 115, 127.5, 127.5, 105.82, 0, 0, 5.1, 5.1, 
4, 19.906, 100.385, 66.819, 67.526, , 13.636, 0.978, 459.372, 459.372, 3.392, 327.054, 327.054, 327.054, 27.995, 61.025, 40.002, 35.597, 36.31, 7.377, 22.39, 0, 0, 90.648, 92.723, 90.648, 92.723, 1, 106.305, 106.305, 0.025, 0.033, 160.41, 164.08, 160.41, 164.08, 7.114, 7.377, 22.39, , , 1, 4.099, 0, 0, 12.5, 5.453, 190.411, 100, 100, 0, 74, 18.329, 20.331, 99.66, 97.07, 100, 100, 0, 30.705, 29.397, 100, 4.422, 115, 115, 127.5, 127.5, 106.542, 5.1, 5.1, 0, 0, 0, 13.9, 0, 12.5, 0, 5.453, 190.411, 100, 100, 0, 74, 1, 0.018, 0.02, 99.66, 97.07, 100, 100, 0, 141, 30.705, 29.397, 100, 4.422, 0, 115, 115, 127.5, 127.5, 106.542, 0, 0, 5.1, 5.1, 
4.05, 19.908, 100.386, 66.823, 67.525, , 13.527, 0.978, 467.151, 467.151, 3.356, 324.514, 324.514, 324.514, 27.112, 60.807, , 35.525, 36.058, 7.377, 22.39, 0, 0, 90.519, 92.59, 90.519, 92.59, 1, 106.998, 106.998, 0.025, 0.033, 164.246, 168.005, 164.246, 168.005, 7.197, 7.377, 22.39, , , 1, 4.148, 0, 0, 12.5, 5.507, 190.605, 100, 100, 0, 74, 18.342, 20.318, 99.312, 96.749, 100, 100, 0, 30.802, 29.349, 100, 4.418, 115, 115, 127.5, 127.5, 107.265, 5.1, 5.1, 0, 0, 0, 13.9, 0, 12.5, 0, 5.507, 190.605, 100, 100, 0, 74, 1, 0.018, 0.02, 99.312, 96.749, 100, 100, 0, 141, 30.802, 29.349, 100, 4.418, 0, 115, 115, 127.5, 127.5, 107.265, 0, 0, 5.1, 5.1, 
4.1, 19.909, 100.386, 66.827, 67.524, , 13.429, 0.978, 474.784, 474.784, 3.319, 322.195, 322.195, 322.195, 26.276, 60.588, , 35.453, 35.806, 7.377, 22.39, 0, 0, 90.42, 92.49, 90.42, 92.49, 1, 107.658, 107.658, 0.025, 0.033, 168.218, 172.069, 168.218, 172.069, 7.28, 7.377, 22.39, , , 1, 4.199, 0, 0, 12.5, 5.562, 190.798, 100, 100, 0, 74, 18.356, 20.304, 98.963, 96.429, 100, 100, 0, 30.899, 29.3, 100, 4.414, 115, 115, 127.5, 127.5, 107.988, 5.1, 5.1, 0, 0, 0, 13.9, 0, 12.5, 0, 5.562, 190.798, 100, 100, 0, 74, 1, 0.018, 0.02, 98.963, 96.429, 100, 100, 0, 141, 30.899, 29.3, 100, 4.414, 0, 115, 115, 127.5, 127.5, 107.988, 0, 0, 5.1, 5.1, 
4.15, 19.91, 100.387, 66.832, 67.523, , 13.34, 0.978, 482.621, 482.621, 3.283, 320.111, 320.111, 320.111, 25.449, 60.369, , 35.381, 35.554, 7.377, 22.39, 0, 0, 90.386, 92.456, 90.386, 92.456, 1, 108.318, 108.318, 0.025, 0.033, 172.593, 176.546, 172.593, 176.546, 7.358, 7.377, 22.39, , , 1, 4.248, 0, 0, 12.5, 5.616, 190.992, 100, 100, 0, 74, 18.369, 20.291, 98.614, 96.108, 100, 100, 0, 30.996, 29.252, 100, 4.41, 115, 115, 127.5, 127.5, 108.711, 5.1, 5.1, 0, 0, 0, 13.9, 0, 12.5, 0, 5.616, 190.992, 100, 100, 0, 74, 1, 0.018, 0.02, 98.614, 96.108, 100, 100, 0, 141, 30.996, 29.252, 100, 4.41, 0, 115, 115, 127.5, 127.5, 108.711, 0, 0, 5.1, 5.1, 
4.2, 19.911, 100.387, 66.836, 67.523, , 13.223, 0.978, 490.506, 490.506, 3.246, 317.354, 317.354, 317.354, 24.622, 60.151, , 35.309, 35.302, 7.377, 22.39, 0, 0, 90.151, 92.216, 90.151, 92.216, 1, 108.98, 108.98, 0.025, 0.033, 176.81, 180.859, 176.81, 180.859, 7.382, 7.377, 22.39, , , 1, 4.299, 0, 0, 12.5, 5.637, 190.8, 100, 100, 0, 74, 18.286, 20.258, 98.6, 95.984, 100, 100, 0, 31, 29.2, 100, 4.414, 115, 115, 127.5, 127.5, 109.359, 5.1, 5.1, 0, 0, 0, 13.9, 0, 12.5, 0, 5.637, 190.8, 100, 100, 0, 74, 1, 0.018, 0.02, 98.6, 95.984, 100, 100, 0, 141, 31, 29.2, 100, 4.414, 0, 115, 115, 127.5, 127.5, 109.359, 0, 0, 5.1, 5.1, 
4.25, 19.912, 100.387, 66.84, 67.522, , 13.142, 0.978, 498.402, 498.402, 3.21, 315.459, 315.459, 315.459, 23.823, 59.932, , 35.24, 35.076, 7.377, 22.39, 0, 0, 90.149, 92.215, 90.149, 92.215, 1, 109.624, 109.624, 0.025, 0.033, 181.765, 185.926, 181.765, 185.926, 7.406, 7.377, 22.39, , , 1, 4.348, 0, 0, 12.5, 5.656, 190.592, 100, 100, 0, 74, 18.199, 20.225, 98.6, 95.868, 100, 100, 0, 31, 29.148, 100, 4.418, 115, 115, 127.5, 127.5, 110.005, 5.1, 5.1, 0, 0, 0, 13.9, 0, 12.5, 0, 5.656, 190.592, 100, 100, 0, 74, 1, 0.018, 0.02, 98.6, 95.868, 100, 100, 0, 141, 31, 29.148, 100, 4.418, 0, 115, 115, 127.5, 127.5, 110.005, 0, 0, 5.1, 5.1, 
4.3, 19.913, 100.388, 66.844, 67.521, , 13.063, 0.978, 506.293, 506.293, 3.174, 313.611, 313.611, 313.611, 23.015, 59.713, , 35.24, 35.472, 7.377, 22.357, 0, 0, 90.147, 92.212, 90.147, 92.212, 1, 110.279, 110.279, 0.025, 0.033, 186.931, 191.21, 186.931, 191.21, 7.429, 7.377, 22.357, , , 1, 4.399, 0, 0, 12.5, 5.676, 190.383, 100, 100, 0, 74, 18.112, 20.192, 98.6, 95.753, 100, 100, 0, 31, 29.096, 100, 4.422, 115, 115, 127.5, 127.5, 110.65, 5.1, 5.1, 0, 0, 0, 13.9, 0, 12.5, 0, 5.676, 190.383, 100, 100, 0, 74, 1, 0.018, 0.02, 98.6, 95.753, 100, 100, 0, 141, 31, 29.096, 100, 4.422, 0, 115, 115, 127.5, 127.5, 110.65, 0, 0, 5.1, 5.1, 
4.35, 19.914, 100.388, 66.848, 67.52, , 12.968, 0.978, 514.344, 514.344, 3.137, 311.395, 311.395, 311.395, 22.239, 59.495, , 35.24, 35.868, 7.377, 22.269, 0, 0, 90.036, 92.098, 90.036, 92.098, 1, 110.913, 110.913, 0.025, 0.033, 192.246, 196.646, 192.246, 196.646, 7.453, 7.377, 22.269, , , 1, 4.448, 0, 0, 12.5, 5.695, 190.175, 100, 100, 0, 74, 18.025, 20.159, 98.6, 95.637, 100, 100, 0, 31, 29.044, 100, 4.426, 115, 115, 127.5, 127.5, 111.295, 5.1, 5.1, 0, 0, 0, 13.9, 0, 12.5, 0, 5.695, 190.175, 100, 100, 0, 74, 1, 0.018, 0.02, 98.6, 95.637, 100, 100, 0, 141, 31, 29.044, 100, 4.426, 0, 115, 115, 127.5, 127.5, 111.295, 0, 0, 5.1, 5.1, 
4.4, 19.916, 100.388, 66.852, 67.52, , 12.86, 0.978, 522.396, 522.396, 3.101, 308.861, 308.861, 308.861, 21.463, 59.276, , 35.24, 36.264, 7.377, 22.181, 0, 0, 89.82, 91.877, 89.82, 91.877, 1, 111.55, 111.55, 0.025, 0.033, 197.635, 202.157, 197.635, 202.157, 7.467, 7.377, 22.181, , , 1, 4.499, 0, 0, 12.5, 5.715, 190.013, 100, 100, 0, 74, 17.847, 20.128, 98.576, 95.504, 100, 100, 0, 31.007, 29.013, 100, 4.43, 115, 115, 127.49, 127.49, 111.936, 5.1, 5.1, 0, 0, 0, 13.9, 0, 12.5, 0, 5.715, 190.013, 100, 100, 0, 74, 1, 0.018, 0.02, 98.576, 95.504, 100, 100, 0, 141, 31.007, 29.013, 100, 4.43, 0, 115, 115, 127.49, 127.49, 111.936, 0, 0, 5.1, 5.1, 
4.45, 19.917, 100.389, 66.857, 67.519, , 12.789, 0.978, 530.448, 530.448, 3.064, 307.193, 307.193, 307.193, 20.684, 59.057, , 35.24, 36.66, 7.377, 22.093, 0, 0, 89.837, 91.893, 89.837, 91.893, 1, 112.192, 112.192, 0.025, 0.033, 203.817, 208.48, 203.817, 208.48, 7.478, 7.377, 22.093, , , 1, 4.549, 0, 0, 12.5, 5.739, 190.095, 100, 100, 0, 74, 17.11, 20.115, 98.429, 95.277, 100, 100, 0, 31.048, 29.095, 100, 4.429, 115, 115, 127.429, 127.429, 112.547, 5.1, 5.1, 0, 0, 0, 13.9, 0, 12.5, 0, 5.739, 190.095, 100, 100, 0, 74, 1, 0.017, 0.02, 98.429, 95.277, 100, 100, 0, 141, 31.048, 29.095, 100, 4.429, 0, 115, 115, 127.429, 127.429, 112.547, 0, 0, 5.1, 5.1, 
4.5, 19.918, 100.389, 66.861, 67.518, , 12.682, 0.978, 538.552, 538.552, 3.028, 304.671, 304.671, 304.671, 19.932, 58.839, , 35.24, 37.024, 7.377, 21.989, 0, 0, 89.596, 91.646, 89.596, 91.646, 1, 112.814, 112.814, 0.025, 0.033, 209.836, 214.638, 209.836, 214.638, 7.489, 7.377, 21.989, , , 1, 4.598, 0, 0, 12.5, 5.763, 190.177, 100, 100, 0, 74, 16.373, 20.102, 98.281, 95.05, 100, 100, 0, 31.089, 29.177, 100, 4.428, 115, 115, 127.367, 127.367, 113.159, 5.1, 5.1, 0, 0, 0, 13.9, 0, 12.5, 0, 5.763, 190.177, 100, 100, 0, 74, 1, 0.016, 0.02, 98.281, 95.05, 100, 100, 0, 141, 31.089, 29.177, 100, 4.428, 0, 115, 115, 127.367, 127.367, 113.159, 0, 0, 5.1, 5.1, 
4.55, 19.919, 100.39, 66.865, 67.517, , 12.594, 0.978, 546.724, 546.724, 2.992, 302.608, 302.608, 302.608, 19.18, 58.62, , 35.24, 36.628, 7.377, 21.85, 0, 0, 89.481, 91.53, 89.481, 91.53, 1, 113.44, 113.44, 0.025, 0.033, 216.585, 221.543, 216.585, 221.543, 7.5, 7.377, 21.85, , , 1, 4.648, 0, 0, 12.5, 5.786, 190.259, 100, 100, 0, 74, 15.636, 20.089, 98.134, 94.823, 100, 100, 0, 31.13, 29.259, 100, 4.427, 115, 115, 127.306, 127.306, 113.771, 5.1, 5.1, 0, 0, 0, 13.9, 0, 12.5, 0, 5.786, 190.259, 100, 100, 0, 74, 1, 0.016, 0.02, 98.134, 94.823, 100, 100, 0, 141, 31.13, 29.259, 100, 4.427, 0, 115, 115, 127.306, 127.306, 113.771, 0, 0, 5.1, 5.1, 
4.6, 19.92, 100.39, 66.869, 67.517, , 12.49, 0.978, 555.063, 555.063, 2.955, 300.172, 300.172, 300.172, 18.435, 58.401, , 35.24, 36.232, 7.377, 21.75, 0, 0, 89.252, 91.295, 89.252, 91.295, 1, 114.062, 114.062, 0.025, 0.033, 223.635, 228.755, 223.635, 228.755, 7.527, 7.377, 21.75, , , 1, 4.698, 0, 0, 12.5, 5.81, 190.341, 100, 100, 0, 74, 14.899, 20.076, 97.986, 94.595, 100, 100, 0, 31.17, 29.341, 100, 4.427, 115, 115, 127.244, 127.244, 114.382, 5.1, 5.1, 0, 0, 0, 13.9, 0, 12.5, 0, 5.81, 190.341, 100, 100, 0, 74, 1, 0.015, 0.02, 97.986, 94.595, 100, 100, 0, 141, 31.17, 29.341, 100, 4.427, 0, 115, 115, 127.244, 127.244, 114.382, 0, 0, 5.1, 5.1, 
4.65, 19.921, 100.39, 66.867, 67.516, , 12.345, 0.978, 563.236, 563.236, 2.919, 296.753, 296.753, 296.753, 17.71, 58.183, , 35.24, 35.836, 7.377, 21.739, 0, 0, 88.698, 90.727, 88.698, 90.727, 1, 114.669, 114.669, 0.025, 0.033, 230.033, 235.3, 230.033, 235.3, 7.563, 7.377, 21.739, , , 1, 4.748, 0, 0, 12.5, 5.834, 190.423, 100, 100, 0, 74, 14.163, 20.062, 97.839, 94.368, 100, 100, 0, 31.211, 29.423, 100, 4.426, 115, 115, 127.183, 127.183, 114.994, 5.1, 5.1, 0, 0, 0, 13.9, 0, 12.5, 0, 5.834, 190.423, 100, 100, 0, 74, 1, 0.014, 0.02, 97.839, 94.368, 100, 100, 0, 141, 31.211, 29.423, 100, 4.426, 0, 115, 115, 127.183, 127.183, 114.994, 0, 0, 5.1, 5.1, 
4.7, 19.922, 100.389, 66.862, 67.515, , 11.178, 0.978, 571.575, 571.575, 2.882, 269.083, 269.083, 269.083, 16.988, 57.964, , 35.24, 35.44, 7.377, 21.727, 0, 0, 80.759, 82.608, 80.759, 82.608, 1, 115.261, 115.261, 0.025, 0.033, 215.467, 220.401, 215.467, 220.401, 7.6, 7.377, 21.727, , , 1, 4.798, 0, 0, 12.5, 5.858, 190.505, 100, 100, 0, 74, 13.426, 20.049, 97.691, 94.141, 100, 100, 0, 31.252, 29.505, 100, 4.425, 115, 115, 127.121, 127.121, 115.606, 5.1, 5.1, 0, 0, 0, 13.9, 0, 12.5, 0, 5.858, 190.505, 100, 100, 0, 74, 1, 0.013, 0.02, 97.691, 94.141, 100, 100, 0, 141, 31.252, 29.505, 100, 4.425, 0, 115, 115, 127.121, 127.121, 115.606, 0, 0, 5.1, 5.1, 
4.75, 19.924, 100.389, 66.858, 67.514, , 9.915, 0.978, 579.945, 579.945, 2.846, 239.143, 239.143, 239.143, 16.287, 57.745, , 35.239, 35.082, 7.377, 21.71, 0, 0, 72.065, 73.715, 72.065, 73.715, 1, 115.772, 115.772, 0.025, 0.033, 198.705, 203.256, 198.705, 203.256, 7.636, 7.377, 21.71, , , 1, 4.848, 0, 0, 12.5, 5.882, 190.587, 100, 100, 0, 74, 12.689, 20.036, 97.544, 93.914, 100, 100, 0, 31.293, 29.587, 100, 4.424, 115, 115, 127.06, 127.06, 116.217, 5.1, 5.1, 0, 0, 0, 13.9, 0, 12.5, 0, 5.882, 190.587, 100, 100, 0, 74, 1, 0.013, 0.02, 97.544, 93.914, 100, 100, 0, 141, 31.293, 29.587, 100, 4.424, 0, 115, 115, 127.06, 127.06, 116.217, 0, 0, 5.1, 5.1, 
4.8, 19.925, 100.389, 66.854, 67.514, , 8.918, 0.978, 588.42, 588.42, 2.81, 215.51, 215.51, 215.51, 15.586, 57.527, , 35.203, 35.622, 7.377, 21.72, 0, 0, 65.224, 66.717, 65.224, 66.717, 1, 116.251, 116.251, 0.025, 0.033, 187.133, 191.419, 187.133, 191.419, 7.676, 7.377, 21.72, , , 1, 4.898, 0, 0, 12.5, 5.906, 190.669, 100, 100, 0, 74, 11.952, 20.023, 97.396, 93.687, 100, 100, 0, 31.334, 29.669, 100, 4.423, 115, 115, 126.998, 126.998, 116.829, 5.1, 5.1, 0, 0, 0, 13.9, 0, 12.5, 0, 5.906, 190.669, 100, 100, 0, 74, 1, 0.012, 0.02, 97.396, 93.687, 100, 100, 0, 141, 31.334, 29.669, 100, 4.423, 0, 115, 115, 126.998, 126.998, 116.829, 0, 0, 5.1, 5.1, 
4.85, 19.926, 100.388, 66.85, 67.513, , 6.881, 0.978, 596.896, 596.896, 2.773, 167.197, 167.197, 167.197, 14.914, 57.308, , 35.167, 36.162, 7.377, 21.804, 0, 0, 50.758, 51.921, 50.758, 51.921, 1, 116.641, 116.641, 0.025, 0.033, 150.384, 153.828, 150.384, 153.828, 7.724, 7.377, 21.804, , , 1, 4.949, 0, 0, 12.5, 5.929, 190.751, 100, 100, 0, 74, 11.215, 20.01, 97.249, 93.46, 100, 100, 0, 31.375, 29.751, 100, 4.422, 115, 115, 126.937, 126.937, 117.441, 5.1, 5.1, 0, 0, 0, 13.9, 0, 12.5, 0, 5.929, 190.751, 100, 100, 0, 74, 1, 0.011, 0.02, 97.249, 93.46, 100, 100, 0, 141, 31.375, 29.751, 100, 4.422, 0, 115, 115, 126.937, 126.937, 117.441, 0, 0, 5.1, 5.1, 
4.9, 19.927, 100.388, 66.846, 67.512, , 5.126, 0.978, 605.371, 605.371, 2.737, 125.583, 125.583, 125.583, 14.242, 57.089, , 35.131, 36.702, 7.377, 21.89, 0, 0, 38.246, 39.123, 38.246, 39.123, 1, 116.944, 116.944, 0.025, 0.033, 118.765, 121.485, 118.765, 121.485, 7.771, 7.377, 21.89, , , 1, 4.999, 0, 0, 12.5, 5.953, 190.833, 100, 100, 0, 74, 10.478, 19.997, 97.101, 93.233, 100, 100, 0, 31.416, 29.833, 100, 4.422, 115, 115, 126.875, 126.875, 118.052, 5.1, 5.1, 0, 0, 0, 13.9, 0, 12.5, 0, 5.953, 190.833, 100, 100, 0, 74, 1, 0.011, 0.02, 97.101, 93.233, 100, 100, 0, 141, 31.416, 29.833, 100, 4.422, 0, 115, 115, 126.875, 126.875, 118.052, 0, 0, 5.1, 5.1, 
4.95, 19.928, 100.387, 66.841, 67.511, , 4.455, 0.978, 613.846, 613.846, 2.7, 109.681, 109.681, 109.681, 13.591, 56.871, , 35.095, 37.242, 7.378, 21.983, 0, 0, 33.474, 34.242, 33.474, 34.242, 1, 117.173, 117.173, 0.025, 0.033, 108.609, 111.096, 108.609, 111.096, 7.819, 7.378, 21.983, , , 1, 5.048, 0, 0, 12.5, 5.977, 190.915, 100, 100, 0, 74, 9.741, 19.984, 96.953, 93.006, 100, 100, 0, 31.457, 29.915, 100, 4.421, 115, 115, 126.814, 126.814, 118.664, 5.1, 5.1, 0, 0, 0, 13.9, 0, 12.5, 0, 5.977, 190.915, 100, 100, 0, 74, 1, 0.01, 0.02, 96.953, 93.006, 100, 100, 0, 141, 31.457, 29.915, 100, 4.421, 0, 115, 115, 126.814, 126.814, 118.664, 0, 0, 5.1, 5.1, 
5, 19.929, 100.387, 66.837, 67.51, , 3.706, 0.978, 622.494, 622.494, 2.664, 91.917, 91.917, 91.917, 12.945, 56.652, , 35.06, 37.743, 7.378, 22.079, 0, 0, 28.106, 28.752, 28.106, 28.752, 1, 117.384, 117.384, 0.025, 0.033, 95.814, 98.009, 95.814, 98.009, 7.864, 7.378, 22.079, , , 1, 5.098, 0, 0, 12.5, 6.001, 190.997, 100, 100, 0, 74, 9.004, 19.971, 96.806, 92.779, 100, 100, 0, 31.498, 29.997, 100, 4.42, 115, 115, 126.752, 126.752, 119.276, 5.1, 5.1, 0, 0, 0, 13.9, 0, 12.5, 0, 6.001, 190.997, 100, 100, 0, 74, 1, 0.009, 0.02, 96.806, 92.779, 100, 100, 0, 141, 31.498, 29.997, 100, 4.42, 0, 115, 115, 126.752, 126.752, 119.276, 0, 0, 5.1, 5.1, 
5.05, , 100.387, 66.833, , , 2.819, 0.978, 630.969, 630.969, 2.627, 70.871, 70.871, 70.871, 12.302, 56.433, , 35.06, 37.313, 7.379, 22.184, 0, 0, 21.714, 22.214, 21.714, 22.214, 1, 117.538, 117.538, 0.025, 0.033, 79.264, 81.08, 79.264, 81.08, 7.888, 7.379, 22.184, , , 1, 5.148, 0, 0, 12.5, 6.027, 191.2, 100, 100, 0, 74, 7.18, 19.938, 96.44, 92.364, 100, 100, 0, 31.6, 30.2, 100, 4.418, 115, 115, 126.7, 126.7, 119.424, 5.1, 5.1, 0, 0, 0, 13.9, 0, 12.5, 0, 6.027, 191.2, 100, 100, 0, 74, 1, 0.007, 0.02, 96.44, 92.364, 100, 100, 0, 141, 31.6, 30.2, 100, 4.418, 0, 115, 115, 126.7, 126.7, 119.424, 0, 0, 5.1, 5.1, 
5.1, , 100.386, 66.829, , , 2.42, 0.978, 639.617, 639.617, 2.591, 61.414, 61.414, 61.414, 11.66, 56.215, , 35.06, 36.882, 7.379, 22.279, 0, 0, 18.828, 19.26, 18.828, 19.26, 1, 117.672, 117.672, 0.025, 0.033, 70.274, 71.883, 70.274, 71.883, 7.912, 7.379, 22.279, , , 1, 5.198, 0, 0, 12.5, 6.053, 191.408, 100, 100, 0, 74, 5.31, 19.905, 96.065, 91.941, 100, 100, 0, 31.704, 30.408, 100, 4.416, 115, 115, 126.648, 126.648, 119.553, 5.1, 5.1, 0, 0, 0, 13.9, 0, 12.5, 0, 6.053, 191.408, 100, 100, 0, 74, 1, 0.005, 0.02, 96.065, 91.941, 100, 100, 0, 141, 31.704, 30.408, 100, 4.416, 0, 115, 115, 126.648, 126.648, 119.553, 0, 0, 5.1, 5.1, 
5.15, , 100.386, 66.825, , , 1.102, 0.978, 648.266, 648.266, 2.555, 30.142, 30.142, 30.142, 11.037, 55.996, , 35.06, 36.452, 7.381, 22.333, 0, 0, 9.242, 9.455, 9.242, 9.455, 1, 117.764, 117.764, 0.025, 0.033, 32.01, 32.742, 32.01, 32.742, 7.936, 7.381, 22.333, , , 1, 5.248, 0, 0, 12.5, 6.08, 191.617, 100, 100, 0, 74, 3.44, 19.871, 95.69, 91.518, 100, 100, 0, 31.808, 30.617, 100, 4.414, 115, 115, 126.596, 126.596, 119.682, 5.1, 5.1, 0, 0, 0, 13.9, 0, 12.5, 0, 6.08, 191.617, 100, 100, 0, 74, 1, 0.003, 0.02, 95.69, 91.518, 100, 100, 0, 141, 31.808, 30.617, 100, 4.414, 0, 115, 115, 126.596, 126.596, 119.682, 0, 0, 5.1, 5.1, 
5.2, , 100.385, 66.82, , , -1.292, 0.978, 656.914, 656.914, 2.518, -26.634, -26.634, -26.634, 10.412, 55.777, , 35.06, 36.022, 7.382, 22.379, 0, 0, -8.152, -8.339, -8.152, -8.339, 1, 117.761, 117.761, 0.025, 0.033, -46.542, -47.608, -46.542, -47.608, 7.953, 7.382, 22.379, , , 1, 5.298, 0, 0, 12.5, 6.106, 191.825, 100, 100, 0, 74, 1.571, 19.838, 95.315, 91.095, 100, 100, 0, 31.912, 30.825, 100, 4.412, 115, 115, 126.544, 126.544, 119.812, 5.1, 5.1, 0, 0, 0, 13.9, 0, 12.5, 0, 6.106, 191.825, 100, 100, 0, 74, 1, 0.002, 0.02, 95.315, 91.095, 100, 100, 0, 141, 31.912, 30.825, 100, 4.412, 0, 115, 115, 126.544, 126.544, 119.812, 0, 0, 5.1, 5.1, 
5.25, , 100.385, 66.816, , , -3.373, 0.978, 665.562, 665.562, 2.482, -76.028, -76.028, -76.028, 9.794, 55.559, , 35.061, 35.598, 7.382, 22.385, 0, 0, -23.257, -23.791, -23.257, -23.791, 1, 117.646, 117.646, 0.025, 0.033, -118.76, -121.48, -118.76, -121.48, 7.929, 7.382, 22.385, , , 1, 5.348, 0, 0.001, 12.522, 6.128, 192, 100, 100, 0, 73.696, 0.096, 19.273, 95, 89.128, 100, 100, 0, 32.2, 31.208, 97.424, 4.306, 115.08, 115.04, 126.468, 126.468, 119.821, 5.1, 5.1, 0, 0, 0, 13.903, 0.001, 12.522, 0, 6.128, 192, 100, 100, 0, 73.696, 1, 0, 0.019, 95, 89.128, 100, 100, 0, 141, 32.2, 31.208, 97.424, 4.306, 0, 115.08, 115.04, 126.468, 126.468, 119.821, 0, 0, 5.1, 5.1, 
5.3, , 100.385, 66.812, , , -5.094, 0.978, 674.21, 674.21, 2.445, -116.844, -116.844, -116.844, 9.182, 55.34, , 35.097, 35.489, 7.382, 22.39, 0, 0, -35.718, -36.537, -35.718, -36.537, 1, 117.43, 117.43, 0.025, 0.033, -182.902, -187.09, -182.902, -187.09, 7.904, 7.382, 22.39, , , 1, 5.399, 0, 0.005, 12.662, 6.128, 192, 100, 100, 0, 71.796, 0.698, 15.919, 95, 79.055, 100, 100, 0, 33.45, 32.508, 81.324, 3.653, 115.58, 115.29, 126.268, 126.268, 119.201, 5.1, 5.1, 0, 0, 0, 13.923, 0.005, 12.662, 0, 6.128, 192, 100, 100, 0, 71.796, 1, 0.001, 0.016, 95, 79.055, 100, 100, 0, 141, 33.45, 32.508, 81.324, 3.653, 0, 115.58, 115.29, 126.268, 126.268, 119.201, 0, 0, 5.1, 5.1, 
5.35, , 100.384, 66.808, , , -6.273, 0.978, 682.821, 682.821, 2.409, -144.826, -144.826, -144.826, 8.573, 55.121, , 35.133, 35.381, 7.383, 22.39, 0, 0, -44.22, -45.232, -44.22, -45.232, 1, 117.14, 117.14, 0.025, 0.033, -234.208, -239.571, -234.208, -239.571, 7.879, 7.383, 22.39, , , 1, 5.449, 0, 0.009, 12.802, 6.128, 192, 100, 100, 0, 69.896, 1.3, 12.565, 95, 68.982, 100, 100, 0, 34.7, 33.808, 65.224, 3, 116.08, 115.54, 126.068, 126.068, 118.581, 5.1, 5.1, 0, 0, 0, 13.943, 0.009, 12.802, 0, 6.128, 192, 100, 100, 0, 69.896, 1, 0.001, 0.013, 95, 68.982, 100, 100, 0, 141, 34.7, 33.808, 65.224, 3, 0, 116.08, 115.54, 126.068, 126.068, 118.581, 0, 0, 5.1, 5.1, 
5.4, , 100.384, 66.804, , , -6.718, 0.978, 691.333, 691.333, 2.373, -155.405, -155.405, -155.405, 7.963, 54.903, , 35.169, 35.273, 7.384, 22.39, 0, 0, -47.355, -48.438, -47.355, -48.438, 1, 116.806, 116.806, 0.025, 0.033, -265.819, -271.902, -265.819, -271.902, 7.855, 7.384, 22.39, , , 1, 5.499, 0, 0.013, 12.942, 6.128, 192, 100, 100, 0, 67.996, 1.902, 9.211, 95, 58.909, 100, 100, 0, 35.95, 35.108, 49.124, 2.347, 116.58, 115.79, 125.868, 125.868, 117.961, 5.1, 5.1, 0, 0, 0, 13.963, 0.013, 12.942, 0, 6.128, 192, 100, 100, 0, 67.996, 1, 0.002, 0.009, 95, 58.909, 100, 100, 0, 141, 35.95, 35.108, 49.124, 2.347, 0, 116.58, 115.79, 125.868, 125.868, 117.961, 0, 0, 5.1, 5.1, 
5.45, , 100.384, 66.8, , , -6.126, 0.978, 699.981, 699.981, 2.336, -141.384, -141.384, -141.384, 7.35, 54.684, , 35.205, 35.164, 7.383, 22.39, 0, 0, -42.947, -43.928, -42.947, -43.928, 1, 116.486, 116.486, 0.025, 0.033, -265.345, -271.418, -265.345, -271.418, 7.839, 7.383, 22.39, , , 1, 5.549, 0, 0.017, 13.082, 6.128, 192, 100, 100, 0, 66.096, 2.504, 5.857, 95, 48.836, 100, 100, 0, 37.2, 36.408, 33.024, 1.694, 117.08, 116.04, 125.668, 125.668, 117.341, 5.1, 5.1, 0, 0, 0, 13.983, 0.017, 13.082, 0, 6.128, 192, 100, 100, 0, 66.096, 1, 0.002, 0.006, 95, 48.836, 100, 100, 0, 141, 37.2, 36.408, 33.024, 1.694, 0, 117.08, 116.04, 125.668, 125.668, 117.341, 0, 0, 5.1, 5.1, 
5.5, , 100.383, 66.795, , , -5.918, 0.978, 708.63, 708.63, 2.3, -136.447, -136.447, -136.447, 6.735, 54.465, , 35.234, 35.064, 7.382, 22.39, 0, 0, -41.332, -42.275, -41.332, -42.275, 1, 116.185, 116.185, 0.025, 0.033, -282.498, -288.962, -282.498, -288.962, 7.825, 7.382, 22.39, , , 1, 5.599, 0, 0.019, 13.207, 6.124, 192, 100, 100, 0, 64.033, 2.951, 2.979, 95, 39.489, 100, 100, 0, 38.092, 37.367, 18.85, 1.125, 117.433, 116.225, 125.467, 125.467, 116.778, 5.1, 5.1, 0, 0, 0, 14, 0.019, 13.207, 0, 6.124, 192, 100, 100, 0, 64.033, 1, 0.003, 0.003, 95, 39.489, 100, 100, 0, 141, 38.092, 37.367, 18.85, 1.125, 0, 117.433, 116.225, 125.467, 125.467, 116.778, 0, 0, 5.1, 5.1, 
5.55, , 100.383, 66.791, , , -5.797, 0.978, 717.105, 717.105, 2.263, -133.59, -133.59, -133.59, 6.109, 54.247, , 35.09, 35.172, 7.382, 22.39, 0, 0, -40.367, -41.288, -40.367, -41.288, 1, 115.886, 115.886, 0.025, 0.033, -304.799, -311.774, -304.799, -311.774, 7.811, 7.382, 22.39, , , 1, 5.648, 0, 0.015, 13.248, 6.105, 192, 100, 100, 0, 61.117, 2.58, 2.6, 95, 33.954, 100, 100, 0, 37.102, 36.533, 14.788, 1.001, 117.017, 116.069, 125.258, 125.258, 116.519, 5.1, 5.1, 0, 0, 0, 14, 0.015, 13.248, 0, 6.105, 192, 100, 100, 0, 61.117, 1, 0.003, 0.003, 95, 33.954, 100, 100, 0, 141, 37.102, 36.533, 14.788, 1.001, 0, 117.017, 116.069, 125.258, 125.258, 116.519, 0, 0, 5.1, 5.1, 
5.6, , 100.382, 66.787, , , -5.716, 0.978, 725.685, 725.685, 2.227, -131.689, -131.689, -131.689, 5.488, 54.028, , 34.946, 35.28, 7.382, 22.39, 0, 0, -39.694, -40.601, -39.694, -40.601, 1, 115.599, 115.599, 0.025, 0.033, -336.177, -343.87, -336.177, -343.87, 7.797, 7.382, 22.39, , , 1, 5.699, 0, 0.011, 13.29, 6.085, 192, 100, 100, 0, 58.2, 2.209, 2.221, 95, 28.418, 100, 100, 0, 36.112, 35.7, 10.725, 0.877, 116.6, 115.912, 125.05, 125.05, 116.26, 5.1, 5.1, 0, 0, 0, 14, 0.011, 13.29, 0, 6.085, 192, 100, 100, 0, 58.2, 1, 0.002, 0.002, 95, 28.418, 100, 100, 0, 141, 36.112, 35.7, 10.725, 0.877, 0, 116.6, 115.912, 125.05, 125.05, 116.26, 0, 0, 5.1, 5.1, 
5.65, , 100.382, 66.783, , , -5.726, 0.978, 734.191, 734.191, 2.191, -131.937, -131.937, -131.937, 4.864, 53.809, , 34.802, 35.388, 7.38, 22.39, 0, 0, -39.665, -40.574, -39.665, -40.574, 1, 115.312, 115.312, 0.025, 0.033, -385.105, -393.918, -385.105, -393.918, 7.8, 7.38, 22.39, , , 1, 5.749, 0, 0.007, 13.332, 6.066, 192, 100, 100, 0, 55.283, 1.838, 1.842, 95, 22.883, 100, 100, 0, 35.123, 34.867, 6.663, 0.753, 116.183, 115.756, 124.842, 124.842, 116, 5.1, 5.1, 0, 0, 0, 14, 0.007, 13.332, 0, 6.066, 192, 100, 100, 0, 55.283, 1, 0.002, 0.002, 95, 22.883, 100, 100, 0, 141, 35.123, 34.867, 6.663, 0.753, 0, 116.183, 115.756, 124.842, 124.842, 116, 0, 0, 5.1, 5.1, 
5.7, , 100.382, 66.779, , , -5.765, 0.978, 742.697, 742.697, 2.154, -132.87, -132.87, -132.87, 4.235, 53.591, , 34.658, 35.496, 7.379, 22.39, 0, 0, -39.841, -40.753, -39.841, -40.753, 1, 115.024, 115.024, 0.025, 0.033, -454.338, -464.736, -454.338, -464.736, 7.811, 7.379, 22.39, , , 1, 5.799, 0, 0.003, 13.373, 6.046, 192, 100, 100, 0, 52.367, 1.467, 1.463, 95, 17.348, 100, 100, 0, 34.133, 34.033, 2.6, 0.629, 115.767, 115.6, 124.633, 124.633, 115.741, 5.1, 5.1, 0, 0, 0, 14, 0.003, 13.373, 0, 6.046, 192, 100, 100, 0, 52.367, 1, 0.001, 0.001, 95, 17.348, 100, 100, 0, 141, 34.133, 34.033, 2.6, 0.629, 0, 115.767, 115.6, 124.633, 124.633, 115.741, 0, 0, 5.1, 5.1, 
5.75, , 100.381, 66.774, , , -5.754, 0.978, 751.178, 751.178, 2.118, -132.623, -132.623, -132.623, 3.601, 53.372, , 34.517, 35.601, 7.379, 22.39, 0, 0, -39.663, -40.571, -39.663, -40.571, 1, 114.733, 114.733, 0.025, 0.033, -548.022, -560.565, -548.022, -560.565, 7.821, 7.379, 22.39, , , 1, 5.849, 0, 0, 13.404, 6.028, 192, 100, 100, 0, 50.012, 1.138, 1.129, 95, 13.75, 100, 100, 0, 33.181, 33.181, 0, 0.55, 115.5, 115.5, 124.5, 124.5, 115.482, 5.1, 5.1, 0, 0, 0, 14, 0, 13.404, 0, 6.028, 192, 100, 100, 0, 50.012, 1, 0.001, 0.001, 95, 13.75, 100, 100, 0, 141, 33.181, 33.181, 0, 0.55, 0, 115.5, 115.5, 124.5, 124.5, 115.482, 0, 0, 5.1, 5.1, 
5.8, , 100.381, 66.77, , , -5.885, 0.978, 759.542, 759.542, 2.081, -135.745, -135.745, -135.745, 2.963, 53.153, , 34.445, 35.637, 7.378, 22.39, 0, 0, -40.494, -41.423, -40.494, -41.423, 1, 114.441, 114.441, 0.025, 0.033, -710.552, -726.813, -710.552, -726.813, 7.832, 7.378, 22.39, , , 1, 5.899, 0, 0, 13.414, 6.013, 192, 100, 100, 0, 48.658, 0.882, 0.874, 95, 13.595, 100, 100, 0, 32.296, 32.296, 0, 0.55, 115.5, 115.5, 124.5, 124.5, 115.222, 5.1, 5.1, 0, 0, 0, 14, 0, 13.414, 0, 6.013, 192, 100, 100, 0, 48.658, 1, 0.001, 0.001, 95, 13.595, 100, 100, 0, 141, 32.296, 32.296, 0, 0.55, 0, 115.5, 115.5, 124.5, 124.5, 115.222, 0, 0, 5.1, 5.1, 
5.85, , 100.381, 66.766, , , -5.985, 0.978, 768.049, 768.049, 2.045, -138.135, -138.135, -138.135, 2.317, 52.935, , 34.373, 35.673, 7.378, 22.39, 0, 0, -41.105, -42.046, -41.105, -42.046, 1, 114.141, 114.141, 0.025, 0.033, -1017.064, -1040.34, -1017.064, -1040.34, 7.845, 7.378, 22.39, , , 1, 5.949, 0, 0, 13.425, 5.997, 192, 100, 100, 0, 47.304, 0.625, 0.62, 95, 13.441, 100, 100, 0, 31.41, 31.41, 0, 0.55, 115.5, 115.5, 124.5, 124.5, 114.963, 5.1, 5.1, 0, 0, 0, 14, 0, 13.425, 0, 5.997, 192, 100, 100, 0, 47.304, 1, 0.001, 0.001, 95, 13.441, 100, 100, 0, 141, 31.41, 31.41, 0, 0.55, 0, 115.5, 115.5, 124.5, 124.5, 114.963, 0, 0, 5.1, 5.1, 
5.9, , 100.38, 66.762, , , -6.008, 0.978, 776.388, 776.388, 2.008, -138.671, -138.671, -138.671, 1.676, 52.716, , 34.301, 35.709, 7.377, 22.39, 0, 0, -41.156, -42.099, -41.156, -42.099, 1, 113.842, 113.842, 0.025, 0.033, -4.88187094639978E+306, -4.99359204128421E+306, -4.88187094639978E+306, -4.99359204128421E+306, 7.86, 7.377, 22.39, , , 1, 5.999, 0, 0, 13.435, 5.982, 192, 100, 100, 0, 45.95, 0.369, 0.366, 95, 13.287, 100, 100, 0, 30.525, 30.525, 0, 0.55, 115.5, 115.5, 124.5, 124.5, 114.704, 5.1, 5.1, 0, 0, 0, 14, 0, 13.435, 0, 5.982, 192, 100, 100, 0, 45.95, 1, 0, 0, 95, 13.287, 100, 100, 0, 141, 30.525, 30.525, 0, 0.55, 0, 115.5, 115.5, 124.5, 124.5, 114.704, 0, 0, 5.1, 5.1, 
5.95, , , , , , -5.963, , 784.727, 784.727, 1.972, -137.618, -137.618, -137.618, 1.821, 52.497, , 34.229, 35.745, 7.378, 22.39, 0, 0, -40.735, -41.669, -40.735, -41.669, 1, 113.542, 113.542, 0.025, 0.033, -1.95274837855991E+307, -1.99743681651368E+307, -1.95274837855991E+307, -1.99743681651368E+307, 7.875, 7.378, 22.39, , , 1, 6.048, 0, 0, 13.445, 5.966, 192, 100, 100, 0, 44.596, 0.113, 0.112, 95, 13.133, 100, 100, 0, 29.64, 29.64, 0, 0.55, 115.5, 115.5, 124.5, 124.5, 114.444, 5.1, 5.1, 0, 0, 0, 14, 0, 13.445, 0, 5.966, 192, 100, 100, 0, 44.596, 1, 0, 0, 95, 13.133, 100, 100, 0, 141, 29.64, 29.64, 0, 0.55, 0, 115.5, 115.5, 124.5, 124.5, 114.444, 0, 0, 5.1, 5.1, 
6, , , , , , -5.972, , 793.066, 793.066, 1.936, -137.846, -137.846, -137.846, 6.17, 52.279, , 34.177, 35.776, 7.378, 22.39, 0, 0, -40.696, -41.629, -40.696, -41.629, 1, 113.244, 113.244, 0.025, 0.033, -1.95274837855991E+307, -1.99743681651368E+307, -1.95274837855991E+307, -1.99743681651368E+307, 7.89, 7.378, 22.39, , , 1, 6.099, 0, 0, 13.456, 5.955, 192, 100, 100, 0, 44, 0, 0, 95, 12.997, 100, 100, 0, 28.733, 28.733, 0, 0.55, 115.5, 115.5, 124.5, 124.5, 114.255, 5.1, 5.1, 0, 0, 0, 14, 0, 13.456, 0, 5.955, 192, 100, 100, 0, 44, 1, 0, 0, 95, 12.997, 100, 100, 0, 141, 28.733, 28.733, 0, 0.55, 0, 115.5, 115.5, 124.5, 124.5, 114.255, 0, 0, 5.1, 5.1, 
6.05, , , , , , -5.949, , 801.406, 801.406, 1.899, -137.325, -137.325, -137.325, 12.323, 52.06, , 34.597, 35.671, 7.38, 22.39, 0, 0, -40.434, -41.361, -40.434, -41.361, 1, 112.944, 112.944, 0.025, 0.033, -1.95274837855991E+307, -1.99743681651368E+307, -1.95274837855991E+307, -1.99743681651368E+307, 7.905, 7.38, 22.39, , , 1, 6.149, 0, 0, 13.467, 5.946, 192, 100, 100, 0, 44, 0, 0, 95, 12.877, 100, 100, 0, 27.809, 27.809, 0, 0.55, 115.5, 115.5, 124.5, 124.5, 114.12, 5.1, 5.1, 0, 0, 0, 14, 0, 13.467, 0, 5.946, 192, 100, 100, 0, 44, 1, 0, 0, 95, 12.877, 100, 100, 0, 141, 27.809, 27.809, 0, 0.55, 0, 115.5, 115.5, 124.5, 124.5, 114.12, 0, 0, 5.1, 5.1, 
6.1, , , , , , -5.944, , 808.827, 808.827, 1.863, -137.218, -137.218, -137.218, 17.018, 51.841, , 35.017, 35.566, 7.381, 22.39, 0, 0, -40.338, -41.263, -40.338, -41.263, 1, 112.719, 112.719, 0.025, 0.033, -2.32013407478133E+307, -2.37323009513074E+307, -2.32013407478133E+307, -2.37323009513074E+307, 7.925, 7.381, 22.39, , , 1, 6.194, 0, 0, 13.478, 5.938, 192, 100, 100, 0, 44, 0, 0, 95, 12.756, 100, 100, 0, 26.885, 26.885, 0, 0.55, 115.5, 115.5, 124.5, 124.5, 113.985, 5.1, 5.1, 0, 0, 0, 14, 0, 13.478, 0, 5.938, 192, 100, 100, 0, 44, 1, 0, 0, 95, 12.756, 100, 100, 0, 141, 26.885, 26.885, 0, 0.55, 0, 115.5, 115.5, 124.5, 124.5, 113.985, 0, 0, 5.1, 5.1, 
6.15, , , , , , -5.922, , 812.997, 812.997, 2.065, -136.697, -136.697, -136.697, 21.799, 45.883, , 35.438, 35.461, 7.382, 22.39, 0, 0, -40.13, -41.05, -40.13, -41.05, 1, 112.569, 112.569, 0.025, 0.033, -2.40606496643989E+307, -2.4611275060615E+307, -2.40606496643989E+307, -2.4611275060615E+307, 7.945, 7.382, 22.39, , , 1, 6.218, 0, 0, 13.489, 5.929, 192, 100, 100, 0, 44, 0, 0, 95, 12.635, 100, 100, 0, 25.961, 25.961, 0, 0.55, 115.5, 115.5, 124.5, 124.5, 113.85, 5.1, 5.1, 0, 0, 0, 14, 0, 13.489, 0, 5.929, 192, 100, 100, 0, 44, 1, 0, 0, 95, 12.635, 100, 100, 0, 141, 25.961, 25.961, 0, 0.55, 0, 115.5, 115.5, 124.5, 124.5, 113.85, 0, 0, 5.1, 5.1, 
6.2, , , , , , -5.943, , 817.167, 817.167, 3.138, -137.194, -137.194, -137.194, 29.111, 19.244, , 35.858, 35.356, 7.383, 22.39, 0, 0, -40.223, -41.146, -40.223, -41.146, 1, 112.421, 112.421, 0.025, 0.033, -69.365, -70.954, -69.365, -70.954, 7.965, 7.383, 22.39, , , 1, 6.244, 0, 0, 13.5, 5.92, 192, 100, 100, 0, 44, 0, 0, 95, 12.515, 100, 100, 0, 25.037, 25.037, 0, 0.55, 115.5, 115.5, 124.5, 124.5, 113.715, 5.1, 5.1, 0, 0, 0, 14, 0, 13.5, 0, 5.92, 192, 100, 100, 0, 44, 1, 0, 0, 95, 12.515, 100, 100, 0, 141, 25.037, 25.037, 0, 0.55, 0, 115.5, 115.5, 124.5, 124.5, 113.715, 0, 0, 5.1, 5.1, 
6.25, , , , , , -5.94, , 821.253, 821.253, 3.646, -137.119, -137.119, -137.119, 32.553, 4.546, , 36.278, 35.251, 7.385, 22.39, 0, 0, -40.149, -41.07, -40.149, -41.07, 1, 112.272, 112.272, , , -57.505, -58.819, -57.505, -58.819, , 7.385, 22.39, , , 1, 6.268, , , , , , , , , , , , , , , , , , , , , , , , , , , , , , , , , , , , , , , , , , , , , , , , , , , , , , , , , , , , , , , , 
6.3, , , , , , , , 825.383, 825.383, 3.603, , , , 32.217, 0.82, , , , 7.386, 22.39, , , , , , , , 112.123, 112.123, , , , , , , , 7.386, 22.39, , , , , , , , , , , , , , , , , , , , , , , , , , , , , , , , , , , , , , , , , , , , , , , , , , , , , , , , , , , , , , , , , , , , 
