Time, (DWRT ATMO) Humidity, (DWRT ATMO) Pressure, (DWRT ATMO) Temperature 1, (DWRT ATMO) Temperature 2, (DWRT CPU) ????????????????????????????????????????????????????????????????, (DWRT CPU) Acceleration, (DWRT CPU) Correction Factor, (DWRT CPU) Distance, (DWRT CPU) Distance 1, (DWRT CPU) Engine RPM, (DWRT CPU) Force, (DWRT CPU) Force 1, (DWRT CPU) Force Drum 1, (DWRT CPU) Gear Ratio, (DWRT CPU) Inductive 1 Signal Strength, (DWRT CPU) Internal Temp 1, (DWRT CPU) Internal Temp 2, (DWRT CPU) LC1 Volts Petrol AFR, (DWRT CPU) LC2 Volts Petrol AFR2, (DWRT CPU) Link 0 Status, (DWRT CPU) Link 1 Status, (DWRT CPU) Power, (DWRT CPU) Power (uncorrected), (DWRT CPU) Power Drum 1, (DWRT CPU) Power Drum 1 (uncorrected), (DWRT CPU) Sampling, (DWRT CPU) Speed, (DWRT CPU) Speed 1, (DWRT CPU) TCP RX kB/s, (DWRT CPU) TCP TX kB/s, (DWRT CPU) Torque, (DWRT CPU) Torque (uncorrected), (DWRT CPU) Torque Drum 1, (DWRT CPU) Torque Drum 1 (uncorrected), (DWRT CPU) UDP RX kB/s, (DWRT CPU) User Analog 1, (DWRT CPU) User Analog 2, (DWRT CPU) User Analog 3, (DWRT CPU) User Analog 4, (Gen) Sampling, (Gen) Sampling Duration, (Harley - ECU Type 14 SW Level 141) Accel Enrichment, (Harley - ECU Type 14 SW Level 141) Decel Enleanment, (Harley - ECU Type 14 SW Level 141) Desired Air/Fuel, (Harley - ECU Type 14 SW Level 141) Engine Speed, (Harley - ECU Type 14 SW Level 141) Engine Temperature, (Harley - ECU Type 14 SW Level 141) Front Adaptive Fuel Factor, (Harley - ECU Type 14 SW Level 141) Front Closed Loop Integrator, (Harley - ECU Type 14 SW Level 141) Front Spark Knock Retard, (Harley - ECU Type 14 SW Level 141) Idle Air Control Motor Position, (Harley - ECU Type 14 SW Level 141) Injector Time Front, (Harley - ECU Type 14 SW Level 141) Injector Time Rear, (Harley - ECU Type 14 SW Level 141) Intake Air Temperature, (Harley - ECU Type 14 SW Level 141) Manifold Absolute Pressure, (Harley - ECU Type 14 SW Level 141) Rear Adaptive Fuel Factor, (Harley - ECU Type 14 SW Level 141) Rear Closed Loop Integrator, (Harley - ECU Type 14 SW Level 141) Rear Spark Knock Retard, (Harley - ECU Type 14 SW Level 141) Spark Advance Front, (Harley - ECU Type 14 SW Level 141) Spark Advance Rear, (Harley - ECU Type 14 SW Level 141) Throttle Position, (Harley - ECU Type 14 SW Level 141) Throttle Position Sensor Voltage, (Harley - ECU Type 14 SW Level 141) VE Front, (Harley - ECU Type 14 SW Level 141) VE New Front, (Harley - ECU Type 14 SW Level 141) VE New Rear, (Harley - ECU Type 14 SW Level 141) VE Rear, (Harley - ECU Type 14 SW Level 141) Vehicle Speed, (Harley - ECU Type 14 SW Level 141) WBO2 AFR Front, (Harley - ECU Type 14 SW Level 141) WBO2 AFR Rear, (PV) Accel Enrichment, (PV) AT Lambda 1, (PV) AT Lambda 2, (PV) Battery Voltage, (PV) Decel Enleanment, (PV) Desired Air/Fuel, (PV) Desired Lambda, (PV) Engine Speed, (PV) Engine Temperature, (PV) Front Adaptive Fuel Factor, (PV) Front Closed Loop Integrator, (PV) Front Spark Knock Retard, (PV) Idle Air Control Motor Position, (PV) Idle Set Speed, (PV) Injector Time Front, (PV) Injector Time Rear, (PV) Intake Air Temperature, (PV) Manifold Absolute Pressure, (PV) Rear Adaptive Fuel Factor, (PV) Rear Closed Loop Integrator, (PV) Rear Spark Knock Retard, (PV) Software Level, (PV) Spark Advance Front, (PV) Spark Advance Rear, (PV) Throttle Position, (PV) Throttle Position Sensor, (PV) Twistgrip Position, (PV) VE Front, (PV) VE New Front, (PV) VE New Rear, (PV) VE Rear, (PV) Vehicle Speed, (PV) Warm-up Fuel AFR (Lambda), (PV) Warm-up Fuel AFR (Ratio), (PV) WBO2 AFR Front, (PV) WBO2 AFR Rear, 
0, , , , , , -1.722, , , , , -39.32, -39.32, -39.32, , , , , , , , , , , , , , , , , , , , , , , , , , , , , , , , , , , , , , , , , , , , , , , , , , , , , , , , , , , , , , , , , , , , , , , , , , , , , , , , , , , , , , , , , , , , 
0.05, , , , , , -1.632, , , , , -37.187, -37.187, -37.187, , , , , , , , , , , , , , , , , , , , , , , , , , , , , , , , , , , , , , , , , , , , , , , , , , , , , , , , , , , , , , , , , , , , , , , , , , , , , , , , , , , , , , , , , , , , 
0.1, , , , , , -1.542, , , , , -35.055, -35.055, -35.055, , , , , , , , , , , , , , 25.116, 25.116, , , , , , , , , , , , 1, 0.057, , , , , , , , , , , , , , , , , , , , , , , , , , , , , , , , , , , , , , , , , , , , , , , , , , , , , , , , , , , , , , , , 
0.15, , 100.58, 62.37, , , -1.478, 0.971, 4.085, 4.085, , -33.523, -33.523, -33.523, , , , , 7.377, 14.218, , , -2.02, -2.08, -2.02, -2.08, , 25.057, 25.057, , , , , , , , 7.377, 14.218, , , 1, 0.113, , , , , , , , , , , , , , , , , , , , , , , , , , , , , , , , , , , , , , , , , , , , , , , , , , , , , , , , , , , , , , , , 
0.2, , 100.58, 62.37, , , -1.443, 0.971, 7.734, 7.734, , -32.697, -32.697, -32.697, , , 36.039, 35.752, 7.377, 14.024, 0, 0, -2.032, -2.092, -2.032, -2.092, 1, 24.988, 24.988, 0.025, 0.271, , , , , 4.38, 7.377, 14.024, , , 1, 0.201, , , , , , , , , , , , , , , , , , , , , , , , , , , , , , , , , , , , , , , , , , , , , , , , , , , , , , , , , , , , , , , , 
0.25, , 100.58, 62.37, , , -1.408, 0.971, 11.382, 11.382, , -31.871, -31.871, -31.871, , , 35.89, 35.975, 7.377, 13.847, 0, 0, -2.044, -2.104, -2.044, -2.104, 1, 24.879, 24.879, 0.025, 0.27, , , , , 4.364, 7.377, 13.847, , , 1, 0.282, , , , , , , , , , , , , , , , , , , , , , , , , , , , , , , , , , , , , , , , , , , , , , , , , , , , , , , , , , , , , , , , 
0.3, , 100.58, 62.37, , , -1.083, 0.971, 13.352, 13.352, 1.699, -24.163, -24.163, -24.163, , , 35.741, 36.198, 7.377, 13.679, 0, 0, -1.553, -1.598, -1.553, -1.598, 1, 24.769, 24.769, 0.025, 0.269, -4.212, -4.336, -4.212, -4.336, 4.347, 7.377, 13.679, , , 1, 0.339, 0.003, 0, 14.389, 1.699, 171, 0, 0, 0, 39.135, 4.111, 4.187, 113.009, 31.366, 100, 0, 0, 19.52, 19.53, 1.577, 0.658, 90.52, 0, 0, 97.98, 24.915, 0, 0, 0.003, 0, 0, 14, 0, 14.389, 0, 1.699, 171, 0, 0, 0, 39.135, 1, 0.004, 0.004, 113.009, 31.366, 100, 0, 0, 141, 19.52, 19.53, 1.577, 0.658, 0, 90.52, 0, 0, 97.98, 24.915, 0, 0, 0, 0, 
0.35, , 100.58, 62.37, , , -0.733, 0.971, 15.176, 15.176, 1.713, -15.856, -15.856, -15.856, 68.28, , 35.593, 36.421, 7.377, 13.541, 0, 0, -1.017, -1.048, -1.017, -1.048, 1, 24.714, 24.714, 0.025, 0.268, -2.921, -3.006, -2.921, -3.006, 4.331, 7.377, 13.541, , , 1, 0.389, 0.025, 0.003, 14.31, 1.713, 171, 0, 0, 0, 40.258, 4.7, 4.75, 113.084, 34.268, 100, 0, 0, 19.686, 19.78, 5.695, 0.811, 90.686, 0, 0, 97.814, 25.458, 0, 0, 0.025, 0, 0, 14, 0.003, 14.31, 0, 1.713, 171, 0, 0, 0, 40.258, 1, 0.005, 0.005, 113.084, 34.268, 100, 0, 0, 141, 19.686, 19.78, 5.695, 0.811, 0, 90.686, 0, 0, 97.814, 25.458, 0, 0, 0, 0, 
0.4, , 100.58, 62.37, , , 0.789, 0.971, 16.996, 16.996, 1.727, 20.24, 20.24, 20.24, 68.203, , 35.444, 36.644, 7.377, 13.42, 0, 0, 1.372, 1.413, 1.372, 1.413, 1, 24.689, 24.689, 0.025, 0.268, 4.335, 4.469, 4.335, 4.469, 4.312, 7.377, 13.42, , , 1, 0.439, 0.047, 0.005, 14.231, 1.727, 171, 0, 0, 0, 41.381, 5.29, 5.312, 113.159, 37.169, 100, 0, 0, 19.853, 20.029, 9.813, 0.963, 90.853, 0, 0, 97.647, 26.001, 0, 0, 0.047, 0, 0, 14, 0.005, 14.231, 0, 1.727, 171, 0, 0, 0, 41.381, 1, 0.005, 0.005, 113.159, 37.169, 100, 0, 0, 141, 19.853, 20.029, 9.813, 0.963, 0, 90.853, 0, 0, 97.647, 26.001, 0, 0, 0, 0, 
0.45, , 100.58, 62.37, , , 4.392, 0.971, 18.806, 18.806, 1.74, 105.74, 105.74, 105.74, 68, , 35.42, 36.438, 7.377, 13.322, 0, 0, 7.058, 7.27, 7.058, 7.27, 1, 24.714, 24.714, 0.025, 0.267, 22.195, 22.871, 22.195, 22.871, 4.29, 7.377, 13.322, , , 1, 0.489, 0.069, 0.008, 14.152, 1.74, 171, 0, 0, 0, 42.504, 5.879, 5.875, 113.234, 40.07, 100, 0, 0, 20.019, 20.279, 13.931, 1.115, 91.019, 0, 0, 97.481, 26.544, 0, 0, 0.069, 0, 0, 14, 0.008, 14.152, 0, 1.74, 171, 0, 0, 0, 42.504, 1, 0.006, 0.006, 113.234, 40.07, 100, 0, 0, 141, 20.019, 20.279, 13.931, 1.115, 0, 91.019, 0, 0, 97.481, 26.544, 0, 0, 0, 0, 
0.5, , 100.58, 62.37, , , 7.996, 0.971, 20.616, 20.616, 1.754, 191.24, 191.24, 191.24, 65.832, , 35.42, 36.15, 7.377, 13.238, 0, 0, 12.744, 13.127, 12.744, 13.127, 1, 25.524, 25.524, 0.025, 0.266, 40.056, 41.272, 40.056, 41.272, 4.268, 7.377, 13.238, , , 1, 0.539, 0.091, 0.01, 14.073, 1.754, 171, 0, 0, 0, 43.627, 6.468, 6.437, 113.308, 42.972, 100, 0, 0, 20.186, 20.528, 18.049, 1.267, 91.186, 0, 0, 97.314, 27.087, 0, 0, 0.091, 0, 0, 14, 0.01, 14.073, 0, 1.754, 171, 0, 0, 0, 43.627, 1, 0.006, 0.006, 113.308, 42.972, 100, 0, 0, 141, 20.186, 20.528, 18.049, 1.267, 0, 91.186, 0, 0, 97.314, 27.087, 0, 0, 0, 0, 
0.55, , 100.58, 62.37, , , 11.402, 0.971, 23.115, 23.115, 1.768, 272.041, 272.041, 272.041, 63.664, , 35.42, 35.862, 7.377, 13.094, 0, 0, 18.785, 19.351, 18.785, 19.351, 1, 26.335, 26.335, 0.025, 0.265, 59.21, 61.005, 59.21, 61.005, 4.246, 7.377, 13.094, , , 1, 0.589, 0.113, 0.013, 13.994, 1.768, 171, 0, 0, 0, 44.75, 7.058, 6.999, 113.383, 45.873, 100, 0, 0, 20.352, 20.778, 22.167, 1.42, 91.352, 0, 0, 97.148, 27.629, 0, 0, 0.113, 0, 0, 14, 0.013, 13.994, 0, 1.768, 171, 0, 0, 0, 44.75, 1, 0.007, 0.007, 113.383, 45.873, 100, 0, 0, 141, 20.352, 20.778, 22.167, 1.42, 0, 91.352, 0, 0, 97.148, 27.629, 0, 0, 0, 0, 
0.6, 23.691, 100.58, 62.37, 62.981, , 14.751, 0.971, 25.81, 25.81, 1.782, 351.516, 351.516, 351.516, 61.74, , 35.42, 35.574, 7.377, 12.902, 0, 0, 24.926, 25.68, 24.926, 25.68, 1, 27.142, 27.142, 0.025, 0.264, 78.729, 81.114, 78.729, 81.114, 4.235, 7.377, 12.902, , , 1, 0.639, 0.135, 0.015, 13.915, 1.782, 171, 0, 0, 0, 45.874, 7.647, 7.562, 113.458, 48.775, 100, 0, 0, 20.518, 21.027, 26.285, 1.572, 91.518, 0, 0, 96.982, 28.172, 0, 0, 0.135, 0, 0, 14, 0.015, 13.915, 0, 1.782, 171, 0, 0, 0, 45.874, 1, 0.008, 0.008, 113.458, 48.775, 100, 0, 0, 141, 20.518, 21.027, 26.285, 1.572, 0, 91.518, 0, 0, 96.982, 28.172, 0, 0, 0, 0, 
0.65, 23.692, 100.58, 62.37, 62.981, , 17.314, 0.971, 28.375, 28.375, 1.796, 412.326, 412.326, 412.326, 60.08, , 35.42, 35.286, 7.377, 12.646, 0, 0, 29.836, 30.74, 29.836, 30.74, 1, 27.946, 27.946, 0.025, 0.265, 94.068, 96.916, 94.068, 96.916, 4.243, 7.377, 12.646, , , 1, 0.689, 0.157, 0.018, 13.836, 1.796, 171, 0, 0, 0, 46.997, 8.237, 8.124, 113.533, 51.676, 100, 0, 0, 20.685, 21.277, 30.403, 1.724, 91.685, 0, 0, 96.815, 28.715, 0, 0, 0.157, 0, 0, 14, 0.018, 13.836, 0, 1.796, 171, 0, 0, 0, 46.997, 1, 0.008, 0.008, 113.533, 51.676, 100, 0, 0, 141, 20.685, 21.277, 30.403, 1.724, 0, 91.685, 0, 0, 96.815, 28.715, 0, 0, 0, 0, 
0.7, 23.693, 100.58, 62.37, 62.982, , 17.385, 0.971, 30.354, 30.354, 1.81, 414.034, 414.034, 414.034, 58.42, , 35.239, 35.331, 7.377, 12.335, 0, 0, 30.849, 31.784, 30.849, 31.784, 1, 28.75, 28.75, 0.025, 0.265, 96.168, 99.08, 96.168, 99.08, 4.25, 7.377, 12.335, , , 1, 0.739, 0.179, 0.02, 13.757, 1.81, 171, 0, 0, 0, 48.12, 8.826, 8.687, 113.608, 54.578, 100, 0, 0, 20.851, 21.527, 34.522, 1.876, 91.851, 0, 0, 96.649, 29.258, 0, 0, 0.179, 0, 0, 14, 0.02, 13.757, 0, 1.81, 171, 0, 0, 0, 48.12, 1, 0.009, 0.009, 113.608, 54.578, 100, 0, 0, 141, 20.851, 21.527, 34.522, 1.876, 0, 91.851, 0, 0, 96.649, 29.258, 0, 0, 0, 0, 
0.75, 23.694, 100.58, 62.37, 62.983, , 17.457, 0.971, 32.333, 32.333, 1.824, 415.741, 415.741, 415.741, 57.861, 91.523, 35.023, 35.439, 7.377, 12.05, 0, 0, 31.862, 32.827, 31.862, 32.827, 1, 29.567, 29.567, 0.025, 0.265, 98.269, 101.244, 98.269, 101.244, 4.258, 7.377, 12.05, , , 1, 0.789, 0.202, 0.023, 13.678, 1.824, 171, 0, 0, 0, 49.243, 9.416, 9.249, 113.683, 57.479, 100, 0, 0, 21.017, 21.776, 38.64, 2.028, 92.017, 0, 0, 96.483, 29.801, 0, 0, 0.202, 0, 0, 14, 0.023, 13.678, 0, 1.824, 171, 0, 0, 0, 49.243, 1, 0.009, 0.009, 113.683, 57.479, 100, 0, 0, 141, 21.017, 21.776, 38.64, 2.028, 0, 92.017, 0, 0, 96.483, 29.801, 0, 0, 0, 0, 
0.8, 23.696, 100.58, 62.37, 62.984, , 17.521, 0.971, 34.414, 34.414, 1.837, 417.283, 417.283, 417.283, 57.301, 83.356, 34.807, 35.547, 7.378, 11.787, 0, 0, 32.852, 33.848, 32.852, 33.848, 1, 30.385, 30.385, 0.025, 0.265, 98.927, 101.922, 98.927, 101.922, 4.268, 7.378, 11.787, , , 1, 0.838, 0.224, 0.025, 13.599, 1.837, 171, 0, 0, 0, 50.366, 10.005, 9.811, 113.758, 60.38, 100, 0, 0, 21.184, 22.026, 42.758, 2.181, 92.184, 0, 0, 96.316, 30.344, 0, 0, 0.224, 0, 0, 14, 0.025, 13.599, 0, 1.837, 171, 0, 0, 0, 50.366, 1, 0.01, 0.01, 113.758, 60.38, 100, 0, 0, 141, 21.184, 22.026, 42.758, 2.181, 0, 92.184, 0, 0, 96.316, 30.344, 0, 0, 0, 0, 
0.85, 23.697, 100.58, 62.37, 62.984, , 17.584, 0.971, 36.518, 36.518, 1.851, 418.798, 418.798, 418.798, 57.463, 75.189, 34.591, 35.655, 7.378, 11.645, 0, 0, 33.838, 34.864, 33.838, 34.864, 1, 31.214, 31.214, 0.025, 0.265, 99.351, 102.359, 99.351, 102.359, 4.293, 7.378, 11.645, , , 1, 0.888, 0.246, 0.028, 13.52, 1.851, 171, 0, 0, 0, 51.489, 10.595, 10.374, 113.833, 63.282, 100, 0, 0, 21.35, 22.275, 46.876, 2.333, 92.35, 0, 0, 96.15, 30.886, 0, 0, 0.246, 0, 0, 14, 0.028, 13.52, 0, 1.851, 171, 0, 0, 0, 51.489, 1, 0.01, 0.01, 113.833, 63.282, 100, 0, 0, 141, 21.35, 22.275, 46.876, 2.333, 0, 92.35, 0, 0, 96.15, 30.886, 0, 0, 0, 0, 
0.9, 23.698, 100.58, 62.37, 62.985, , 16.288, 0.971, 38.707, 38.707, 1.872, 388.056, 388.056, 388.056, 57.933, 67.022, 34.375, 35.763, 7.379, 11.621, 0, 0, 31.928, 32.895, 31.928, 32.895, 1, 32.049, 32.049, 0.025, 0.265, 91.582, 94.355, 91.582, 94.355, 4.318, 7.379, 11.621, , , 1, 0.938, 0.272, 0.031, 13.425, 1.872, 171, 0, 0, 0, 52.795, 11.274, 11.026, 113.92, 65.792, 100, 0, 0, 21.555, 22.576, 50.474, 2.51, 92.544, 0, 0, 95.956, 31.422, 0, 0, 0.272, 0, 0, 14, 0.031, 13.425, 0, 1.872, 171, 0, 0, 0, 52.795, 1, 0.011, 0.011, 113.92, 65.792, 100, 0, 0, 141, 21.555, 22.576, 50.474, 2.51, 0, 92.544, 0, 0, 95.956, 31.422, 0, 0, 0, 0, 
0.95, 23.699, 100.58, 62.37, 62.986, , 14.227, 0.971, 40.952, 40.952, 1.948, 339.171, 339.171, 339.171, 58.818, 58.854, 34.34, 35.901, 7.379, 11.708, 0, 0, 28.388, 29.245, 28.388, 29.245, 1, 32.776, 32.776, 0.025, 0.265, 79.204, 81.603, 79.204, 81.603, 4.343, 7.379, 11.708, , , 1, 0.989, 0.33, 0.037, 13.218, 1.948, 171, 0, 0, 0, 55.742, 12.769, 12.484, 114.116, 65.429, 100, 0, 0, 22.1, 23.341, 50.255, 2.91, 92.98, 0, 0, 95.52, 31.897, 0, 0, 0.33, 0, 0, 14, 0.037, 13.218, 0, 1.948, 171, 0, 0, 0, 55.742, 1, 0.013, 0.013, 114.116, 65.429, 100, 0, 0, 141, 22.1, 23.341, 50.255, 2.91, 0, 92.98, 0, 0, 95.52, 31.897, 0, 0, 0, 0, 
1, 23.7, 100.58, 62.37, 62.987, , 10.981, 0.971, 43.269, 43.269, 2.022, 262.172, 262.172, 262.172, 60.03, 50.687, 34.34, 36.045, 7.38, 11.915, 0, 0, 22.2, 22.869, 22.2, 22.869, 1, 33.418, 33.418, 0.025, 0.265, 60.949, 62.795, 60.949, 62.795, 4.369, 7.38, 11.915, , , 1, 1.039, 0.388, 0.044, 13.01, 2.022, 171, 0, 0, 0, 58.69, 14.264, 13.943, 114.313, 65.067, 100, 0, 0, 22.646, 24.105, 50.037, 3.309, 93.417, 0, 0, 95.083, 32.372, 0, 0, 0.388, 0, 0, 14, 0.044, 13.01, 0, 2.022, 171, 0, 0, 0, 58.69, 1, 0.014, 0.014, 114.313, 65.067, 100, 0, 0, 141, 22.646, 24.105, 50.037, 3.309, 0, 93.417, 0, 0, 95.083, 32.372, 0, 0, 0, 0, 
1.05, 23.701, 100.58, 62.37, 62.987, , 6.726, 0.971, 45.652, 45.652, 2.098, 161.225, 161.225, 161.225, 61.42, 46.851, 34.34, 36.189, 7.38, 12.144, 0, 0, 13.756, 14.17, 13.756, 14.17, 1, 33.846, 33.846, 0.025, 0.265, 37.687, 38.829, 37.687, 38.829, 4.379, 7.38, 12.144, , , 1, 1.088, 0.446, 0.05, 12.803, 2.098, 171, 0, 0, 0, 61.638, 15.758, 15.401, 114.509, 64.704, 100, 0, 0, 23.192, 24.869, 49.819, 3.709, 93.854, 0, 0, 94.646, 32.847, 0, 0, 0.446, 0, 0, 14, 0.05, 12.803, 0, 2.098, 171, 0, 0, 0, 61.638, 1, 0.016, 0.016, 114.509, 64.704, 100, 0, 0, 141, 23.192, 24.869, 49.819, 3.709, 0, 93.854, 0, 0, 94.646, 32.847, 0, 0, 0, 0, 
1.1, 23.702, 100.58, 62.37, 62.988, , 2.955, 0.971, 48.091, 48.091, 2.172, 71.769, 71.769, 71.769, 62.964, 60.646, 34.34, 36.333, 7.379, 12.401, 0, 0, 6.149, 6.332, 6.149, 6.332, 1, 34.093, 34.093, 0.025, 0.265, 17.311, 17.836, 17.311, 17.836, 4.388, 7.379, 12.401, , , 1, 1.138, 0.503, 0.057, 12.595, 2.172, 171, 0, 0, 0, 64.585, 17.253, 16.86, 114.706, 64.342, 100, 0, 0, 23.738, 25.633, 49.6, 4.108, 94.29, 0, 0, 94.21, 33.322, 0, 0, 0.503, 0, 0, 14, 0.057, 12.595, 0, 2.172, 171, 0, 0, 0, 64.585, 1, 0.017, 0.017, 114.706, 64.342, 100, 0, 0, 141, 23.738, 25.633, 49.6, 4.108, 0, 94.29, 0, 0, 94.21, 33.322, 0, 0, 0, 0, 
1.15, 23.703, 100.58, 62.37, 62.989, , -0.465, 0.971, 50.575, 50.575, 2.218, -9.366, -9.366, -9.366, 64.487, 61.546, 34.34, 36.477, 7.379, 12.6, 0, 0, -0.853, -0.882, -0.853, -0.882, 1, 34.139, 34.139, 0.025, 0.264, -0.974, -1.005, -0.974, -1.005, 4.396, 7.379, 12.6, , , 1, 1.188, 0.471, 0.124, 12.667, 2.218, 171, 0, 0, 0, 64.55, 16.226, 15.937, 114.607, 59.754, 100, 0, 0, 24.027, 25.812, 43.931, 3.897, 92.882, 0, 0, 92.975, 33.584, 0, 0, 0.471, 0, 0, 14, 0.126, 12.667, 0, 2.218, 171, 0, 0, 0, 64.55, 1, 0.016, 0.016, 114.607, 59.754, 100, 0, 0, 141, 24.027, 25.812, 43.931, 3.897, 0, 92.882, 0, 0, 92.975, 33.584, 0, 0, 0, 0, 
1.2, 23.705, 100.58, 62.37, 62.99, , -2.542, 0.971, 53.096, 53.096, 2.238, -58.642, -58.642, -58.642, 65.997, 62.446, 34.673, 36.621, 7.378, 12.724, 0, 0, -5.147, -5.306, -5.147, -5.306, 1, 34.062, 34.062, 0.025, 0.264, -11.7, -12.056, -11.7, -12.056, 4.404, 7.378, 12.724, , , 1, 1.238, 0.361, 0.248, 12.977, 2.238, 171, 0, 0, 0, 61.76, 12.873, 12.815, 114.235, 51.566, 100, 0, 0, 24.079, 25.45, 33.619, 3.122, 89.77, 0, 0, 91.004, 33.649, 0, 0, 0.361, 0, 0, 14, 0.249, 12.977, 0, 2.238, 171, 0, 0, 0, 61.76, 1, 0.013, 0.013, 114.235, 51.566, 100, 0, 0, 141, 24.079, 25.45, 33.619, 3.122, 0, 89.77, 0, 0, 91.004, 33.649, 0, 0, 0, 0, 
1.25, 23.706, 100.58, 62.37, 62.991, , -4.043, 0.971, 55.634, 55.634, 2.258, -94.264, -94.264, -94.264, 67.183, 63.345, 35.069, 36.765, 7.378, 12.818, 0, 0, -8.282, -8.534, -8.282, -8.534, 1, 33.88, 33.88, 0.025, 0.263, -19.186, -19.769, -19.186, -19.769, 4.4, 7.378, 12.818, , , 1, 1.289, 0.252, 0.371, 13.287, 2.258, 171, 0, 0, 0, 58.971, 9.52, 9.693, 113.863, 43.379, 100, 0, 0, 24.13, 25.089, 23.306, 2.348, 86.658, 0, 0, 89.033, 33.714, 0, 0, 0.252, 0, 0, 14, 0.372, 13.287, 0, 2.258, 171, 0, 0, 0, 58.971, 1, 0.009, 0.01, 113.863, 43.379, 100, 0, 0, 141, 24.13, 25.089, 23.306, 2.348, 0, 86.658, 0, 0, 89.033, 33.714, 0, 0, 0, 0, 
1.3, 23.707, 100.58, 62.37, 62.991, , -3.817, 0.971, 58.127, 58.127, 2.278, -88.906, -88.906, -88.906, 68.265, 64.245, 35.465, 36.909, 7.377, 12.87, 0, 0, -7.766, -8.001, -7.766, -8.001, 1, 33.665, 33.665, 0.025, 0.263, -17.904, -18.449, -17.904, -18.449, 4.394, 7.377, 12.87, , , 1, 1.339, 0.142, 0.495, 13.597, 2.278, 171, 0, 0, 0, 56.182, 6.166, 6.571, 113.491, 35.191, 100, 0, 0, 24.182, 24.727, 12.994, 1.573, 83.546, 0, 0, 87.062, 33.779, 0, 0, 0.142, 0, 0, 14, 0.495, 13.597, 0, 2.278, 171, 0, 0, 0, 56.182, 1, 0.006, 0.006, 113.491, 35.191, 100, 0, 0, 141, 24.182, 24.727, 12.994, 1.573, 0, 83.546, 0, 0, 87.062, 33.779, 0, 0, 0, 0, 
1.35, 23.708, 100.58, 62.37, 62.992, , -3.262, 0.971, 60.61, 60.61, 2.298, -75.743, -75.743, -75.743, 68.651, 65.145, 35.861, 37.053, 7.377, 12.982, 0, 0, -6.555, -6.753, -6.555, -6.753, 1, 33.495, 33.495, 0.025, 0.263, -14.951, -15.408, -14.951, -15.408, 4.388, 7.377, 12.982, , , 1, 1.389, 0.033, 0.618, 13.907, 2.298, 171, 0, 0, 0, 53.393, 2.813, 3.449, 113.119, 27.004, 100, 0, 0, 24.233, 24.366, 2.681, 0.798, 80.434, 0, 0, 85.091, 33.844, 0, 0, 0.033, 0, 0, 14, 0.618, 13.907, 0, 2.298, 171, 0, 0, 0, 53.393, 1, 0.003, 0.003, 113.119, 27.004, 100, 0, 0, 141, 24.233, 24.366, 2.681, 0.798, 0, 80.434, 0, 0, 85.091, 33.844, 0, 0, 0, 0, 
1.4, 23.709, 100.58, 62.37, 62.993, , -3.586, 0.971, 63.095, 63.095, 2.293, -83.431, -83.431, -83.431, 68.953, 66.045, 36.257, 37.197, 7.377, 13.184, 0, 0, -7.182, -7.399, -7.182, -7.399, 1, 33.329, 33.329, 0.025, 0.262, -16.454, -16.954, -16.454, -16.954, 4.382, 7.377, 13.184, , , 1, 1.439, 1.693, 0.562, 14.023, 2.293, 171, 0, 0, 0, 51.307, 4.464, 4.846, 113, 24.104, 100, 0, 0, 24.474, 24.511, 0, 0.554, 79.5, 0, 0, 85.536, 33.818, 0, 0, 1.693, 0, 0, 14, 0.562, 14.023, 0, 2.293, 171, 0, 0, 0, 51.307, 1, 0.004, 0.004, 113, 24.104, 100, 0, 0, 141, 24.474, 24.511, 0, 0.554, 0, 79.5, 0, 0, 85.536, 33.818, 0, 0, 0, 0, 
1.45, 23.71, 100.58, 62.37, 62.994, , -3.742, 0.971, 65.575, 65.575, 2.279, -87.134, -87.134, -87.134, 68.93, 66.945, 35.957, 36.887, 7.377, 13.494, 0, 0, -7.47, -7.695, -7.47, -7.695, 1, 33.131, 33.131, 0.025, 0.262, -17.167, -17.687, -17.167, -17.687, 4.384, 7.377, 13.494, , , 1, 1.489, 4.112, 0.429, 14.056, 2.279, 171, 0, 0, 0, 49.553, 8.469, 8.369, 113, 23.061, 100, 0, 0, 24.803, 24.895, 0, 0.561, 79.5, 0, 0, 87.016, 33.749, 0, 0, 4.112, 0, 0, 14, 0.429, 14.056, 0, 2.279, 171, 0, 0, 0, 49.553, 1, 0.008, 0.008, 113, 23.061, 100, 0, 0, 141, 24.803, 24.895, 0, 0.561, 0, 79.5, 0, 0, 87.016, 33.749, 0, 0, 0, 0, 
1.5, 23.711, 100.58, 62.366, 62.994, , -0.694, 0.971, 68.007, 68.007, 2.265, -14.815, -14.815, -14.815, 68.839, 67.845, 35.525, 36.491, 7.377, 13.98, 0, 0, -1.24, -1.277, -1.24, -1.277, 1, 32.968, 32.968, 0.025, 0.262, -2.618, -2.696, -2.618, -2.696, 4.392, 7.377, 13.98, , , 1, 1.539, 6.531, 0.297, 14.089, 2.265, 171, 0, 0, 0, 47.798, 12.475, 11.892, 113, 22.019, 100, 0, 0, 25.132, 25.279, 0, 0.568, 79.5, 0, 0, 88.497, 33.68, 0, 0, 6.531, 0, 0, 14, 0.297, 14.089, 0, 2.265, 171, 0, 0, 0, 47.798, 1, 0.012, 0.012, 113, 22.019, 100, 0, 0, 141, 25.132, 25.279, 0, 0.568, 0, 79.5, 0, 0, 88.497, 33.68, 0, 0, 0, 0, 
1.55, 23.713, 100.58, 62.362, 62.995, , 2.487, 0.971, 70.435, 70.435, 2.251, 60.65, 60.65, 60.65, 68.251, 68.744, 35.093, 36.095, 7.377, 14.559, 0, 0, 5.306, 5.466, 5.306, 5.466, 1, 33.06, 33.06, 0.025, 0.262, 12.701, 13.088, 12.701, 13.088, 4.4, 7.377, 14.559, , , 1, 1.589, 8.95, 0.164, 14.122, 2.251, 171, 0, 0, 0, 46.044, 16.48, 15.415, 113, 20.976, 100, 0, 0, 25.461, 25.662, 0, 0.574, 79.5, 0, 0, 89.977, 33.611, 0, 0, 8.95, 0, 0, 14, 0.164, 14.122, 0, 2.251, 171, 0, 0, 0, 46.044, 1, 0.016, 0.015, 113, 20.976, 100, 0, 0, 141, 25.461, 25.662, 0, 0.574, 0, 79.5, 0, 0, 89.977, 33.611, 0, 0, 0, 0, 
1.6, 23.714, 100.58, 62.357, 62.996, , 6.364, 0.971, 72.842, 72.842, 2.239, 152.629, 152.629, 152.629, 67.579, 69.644, 34.661, 35.699, 7.377, 15.32, 0, 0, 13.509, 13.918, 13.509, 13.918, 1, 33.223, 33.223, 0.025, 0.261, 32.062, 33.037, 32.062, 33.037, 4.408, 7.377, 15.32, , , 1, 1.639, 11.366, 0.048, 14.161, 2.239, 171, 0, 0, 0, 44.774, 20.192, 18.704, 113, 21.287, 100, 0, 0, 25.77, 26.02, 0, 0.631, 79.5, 0, 0, 91.348, 33.615, 0, 0, 11.366, 0, 0, 14, 0.048, 14.161, 0, 2.239, 171, 0, 0, 0, 44.774, 1, 0.02, 0.019, 113, 21.287, 100, 0, 0, 141, 25.77, 26.02, 0, 0.631, 0, 79.5, 0, 0, 91.455, 33.615, 0, 0, 0, 0, 
1.65, 23.715, 100.58, 62.353, 62.997, , 10.195, 0.971, 75.25, 75.25, 2.232, 243.54, 243.54, 243.54, 66.574, 70.544, 34.229, 35.303, 7.377, 15.964, 0, 0, 21.675, 22.332, 21.675, 22.332, 1, 33.674, 33.674, 0.025, 0.261, 51.26, 52.817, 51.26, 52.817, 4.425, 7.377, 15.964, , , 1, 1.689, 13.764, 0.038, 14.237, 2.232, 171, 0, 0, 0, 47.057, 21.753, 20.283, 113, 29.911, 100, 0, 0, 25.933, 26.183, 0, 1.052, 79.5, 0, 0, 92.052, 34.156, 0, 0, 13.764, 0, 0, 14, 0.038, 14.237, 0, 2.232, 171, 0, 0, 0, 47.057, 1, 0.022, 0.02, 113, 29.911, 100, 0, 0, 141, 25.933, 26.183, 0, 1.052, 0, 79.5, 0, 0, 92.923, 34.156, 0, 0, 0, 0, 
1.7, 23.716, 100.58, 62.349, 62.997, , 13.867, 0.971, 77.657, 77.657, 2.226, 330.664, 330.664, 330.664, 65.514, 71.444, 34.341, 35.24, 7.377, 16.36, 0, 0, 29.711, 30.613, 29.711, 30.613, 1, 34.211, 34.211, 0.025, 0.262, 69.879, 72.001, 69.879, 72.001, 4.452, 7.377, 16.36, , , 1, 1.739, 16.161, 0.027, 14.313, 2.226, 171, 0, 0, 0, 49.339, 23.314, 21.861, 113, 38.535, 100, 0, 0, 26.096, 26.346, 0, 1.474, 79.5, 0, 0, 92.755, 34.698, 0, 0, 16.161, 0, 0, 14, 0.027, 14.313, 0, 2.226, 171, 0, 0, 0, 49.339, 1, 0.023, 0.022, 113, 38.535, 100, 0, 0, 141, 26.096, 26.346, 0, 1.474, 0, 79.5, 0, 0, 94.39, 34.698, 0, 0, 0, 0, 
1.75, 23.717, 100.58, 62.345, 62.998, , 16.604, 0.971, 80.085, 80.085, 2.219, 395.597, 395.597, 395.597, 64.299, 72.344, 34.557, 35.24, 7.377, 16.57, 0, 0, 35.929, 37.02, 35.929, 37.02, 1, 34.995, 34.995, 0.025, 0.262, 84.115, 86.668, 84.115, 86.668, 4.479, 7.377, 16.57, , , 1, 1.789, 18.559, 0.016, 14.389, 2.219, 171, 0, 0, 0, 51.622, 24.875, 23.439, 113, 47.159, 100, 0, 0, 26.259, 26.509, 0, 1.896, 79.5, 0, 0, 93.459, 35.239, 0, 0, 18.559, 0, 0, 14, 0.016, 14.389, 0, 2.219, 171, 0, 0, 0, 51.622, 1, 0.025, 0.024, 113, 47.159, 100, 0, 0, 141, 26.259, 26.509, 0, 1.896, 0, 79.5, 0, 0, 95.858, 35.239, 0, 0, 0, 0, 
1.8, 23.718, 100.58, 62.341, 62.999, , 17.158, 0.971, 82.569, 82.569, 2.213, 408.755, 408.755, 408.755, 63.217, 73.243, 34.773, 35.24, 7.377, 16.348, 0, 0, 37.902, 39.054, 37.902, 39.054, 1, 35.798, 35.798, 0.025, 0.262, 88.123, 90.796, 88.123, 90.796, 4.505, 7.377, 16.348, , , 1, 1.839, 20.957, 0.005, 14.465, 2.213, 171, 0, 0, 0, 53.904, 26.436, 25.017, 113, 55.783, 100, 0, 0, 26.422, 26.672, 0, 2.318, 79.5, 0, 0, 94.162, 35.78, 0, 0, 20.957, 0, 0, 14, 0.005, 14.465, 0, 2.213, 171, 0, 0, 0, 53.904, 1, 0.027, 0.025, 113, 55.783, 100, 0, 0, 141, 26.422, 26.672, 0, 2.318, 0, 79.5, 0, 0, 97.325, 35.78, 0, 0, 0, 0, 
1.85, 23.719, 100.58, 62.336, 63, , 17.353, 0.971, 85.098, 85.098, 2.244, 413.396, 413.396, 413.396, 62.395, 74.143, 34.989, 35.24, 7.377, 15.921, 0, 0, 39.14, 40.329, 39.14, 40.329, 1, 36.635, 36.635, 0.025, 0.262, 90.107, 92.84, 90.107, 92.84, 4.529, 7.377, 15.921, , , 1, 1.889, 19.601, 0, 14.276, 2.244, 171, 0, 0, 0, 56.192, 26.086, 24.871, 113, 64.399, 100, 0, 0, 26.527, 26.777, 11.203, 2.727, 80.732, 0, 0, 94.256, 36.511, 0, 0, 19.601, 0, 0, 14, 0, 14.276, 0, 2.244, 171, 0, 0, 0, 56.192, 1, 0.026, 0.025, 113, 64.399, 100, 0, 0, 141, 26.527, 26.777, 11.203, 2.727, 0, 80.732, 0, 0, 97.356, 36.511, 0, 0, 0, 0, 
1.9, 23.72, 100.58, 62.332, 63, , 17.052, 0.971, 87.691, 87.691, 2.307, 406.276, 406.276, 406.276, 61.826, 75.043, 35.205, 35.24, 7.377, 14.969, 0, 0, 39.362, 40.557, 39.362, 40.557, 1, 37.461, 37.461, 0.025, 0.262, 89.298, 92.007, 89.298, 92.007, 4.542, 7.377, 14.969, , , 1, 1.939, 15.049, 0, 13.861, 2.307, 171, 0, 0, 0, 58.483, 23.972, 23.132, 113, 73.008, 100, 0, 0, 26.579, 26.829, 31.95, 3.125, 83.015, 0, 0, 93.788, 37.418, 0, 0, 15.049, 0, 0, 14, 0, 13.861, 0, 2.307, 171, 0, 0, 0, 58.483, 1, 0.024, 0.023, 113, 73.008, 100, 0, 0, 141, 26.579, 26.829, 31.95, 3.125, 0, 83.015, 0, 0, 96.163, 37.418, 0, 0, 0, 0, 
1.95, 23.721, 100.58, 62.328, 62.999, , 16.891, 0.971, 91.173, 91.173, 2.37, 402.457, 402.457, 402.457, 61.512, 75.943, 35.27, 35.21, 7.377, 14.05, 0, 0, 40.108, 41.324, 40.108, 41.324, 1, 38.275, 38.275, 0.025, 0.262, 88.772, 91.465, 88.772, 91.465, 4.555, 7.377, 14.05, , , 1, 1.989, 10.496, 0, 13.446, 2.37, 171, 0, 0, 0, 60.775, 21.859, 21.394, 113, 81.618, 100, 0, 0, 26.631, 26.881, 52.697, 3.523, 85.297, 0, 0, 93.319, 38.324, 0, 0, 10.496, 0, 0, 14, 0, 13.446, 0, 2.37, 171, 0, 0, 0, 60.775, 1, 0.022, 0.022, 113, 81.618, 100, 0, 0, 141, 26.631, 26.881, 52.697, 3.523, 0, 85.297, 0, 0, 94.97, 38.324, 0, 0, 0, 0, 
2, 23.722, 100.58, 62.324, 62.998, , 16.814, 0.971, 95.245, 95.245, 2.433, 400.662, 400.662, 400.662, 61.55, 76.843, 35.306, 35.174, 7.377, 13.227, 0, 0, 41.176, 42.423, 41.176, 42.423, 1, 39.375, 39.375, 0.025, 0.263, 88.42, 91.101, 88.42, 91.101, 4.567, 7.377, 13.227, , , 1, 2.039, 5.943, 0, 13.031, 2.433, 171, 0, 0, 0, 63.067, 19.745, 19.655, 113, 90.227, 100, 0, 0, 26.683, 26.933, 73.444, 3.921, 87.579, 0, 0, 92.85, 39.23, 0, 0, 5.943, 0, 0, 14, 0, 13.031, 0, 2.433, 171, 0, 0, 0, 63.067, 1, 0.02, 0.02, 113, 90.227, 100, 0, 0, 141, 26.683, 26.933, 73.444, 3.921, 0, 87.579, 0, 0, 93.777, 39.23, 0, 0, 0, 0, 
2.05, 23.723, 100.58, 62.32, 62.997, , 16.571, 0.971, 98.21, 98.21, 2.495, 394.894, 394.894, 394.894, 61.72, 77.743, 35.342, 35.138, 7.377, 12.494, 0, 0, 41.398, 42.652, 41.398, 42.652, 1, 40.549, 40.549, 0.025, 0.263, 86.931, 89.567, 86.931, 89.567, 4.58, 7.377, 12.494, , , 1, 2.088, 1.39, 0, 12.616, 2.495, 171, 0, 0, 0, 65.358, 17.632, 17.917, 113, 98.837, 100, 0, 0, 26.735, 26.985, 94.191, 4.319, 89.861, 0, 0, 92.381, 40.136, 0, 0, 1.39, 0, 0, 14, 0, 12.616, 0, 2.495, 171, 0, 0, 0, 65.358, 1, 0.018, 0.018, 113, 98.837, 100, 0, 0, 141, 26.735, 26.985, 94.191, 4.319, 0, 89.861, 0, 0, 92.584, 40.136, 0, 0, 0, 0, 
2.1, 23.723, 100.58, 62.316, 62.997, , 15.887, 0.971, 101.046, 101.046, 2.558, 378.686, 378.686, 378.686, 62.013, 78.642, 35.378, 35.102, 7.377, 12.048, 0, 0, 40.373, 41.596, 40.373, 41.596, 1, 41.323, 41.323, 0.025, 0.263, 83.11, 85.631, 83.11, 85.631, 4.593, 7.377, 12.048, , , 1, 2.138, 0.105, 0.091, 12.657, 2.558, 171, 0, 0, 0, 65.765, 15.816, 16.187, 112.859, 99.679, 100, 0, 0, 27.141, 28.526, 94.655, 4.202, 91.876, 0, 0, 94.058, 40.827, 0, 0, 0.105, 0, 0, 14, 0.091, 12.657, 0, 2.558, 171, 0, 0, 0, 65.765, 1, 0.016, 0.016, 112.859, 99.679, 100, 0, 0, 141, 27.141, 28.526, 94.655, 4.202, 0, 91.876, 0, 0, 94.058, 40.827, 0, 0, 0, 0, 
2.15, 23.724, 100.58, 62.311, 62.996, , 13.869, 0.971, 103.965, 103.965, 2.621, 330.816, 330.816, 330.816, 62.388, 79.542, 35.414, 35.066, 7.377, 11.693, 0, 0, 35.696, 36.779, 35.696, 36.779, 1, 42.042, 42.042, 0.025, 0.263, 72.307, 74.5, 72.307, 74.5, 4.606, 7.377, 11.693, , , 1, 2.189, 0.091, 0.218, 12.876, 2.621, 171, 0, 0, 0, 65.439, 14.116, 14.461, 112.663, 97.794, 100, 0, 0, 27.685, 30.646, 87.231, 3.886, 93.786, 0, 0, 96.569, 41.435, 0, 0, 0.091, 0, 0, 14, 0.218, 12.876, 0, 2.621, 171, 0, 0, 0, 65.439, 1, 0.014, 0.015, 112.662, 97.794, 100, 0, 0, 141, 27.685, 30.646, 87.231, 3.886, 0, 93.786, 0, 0, 96.569, 41.435, 0, 0, 0, 0, 
2.2, 23.725, 100.58, 62.307, 62.995, , 10.705, 0.971, 106.954, 106.954, 2.683, 255.762, 255.762, 255.762, 62.877, 80.442, 35.45, 35.151, 7.377, 11.658, 0, 0, 27.811, 28.656, 27.811, 28.656, 1, 42.683, 42.683, 0.025, 0.262, 55.907, 57.602, 55.907, 57.602, 4.619, 7.377, 11.658, , , 1, 2.239, 0.076, 0.344, 13.094, 2.683, 171, 0, 0, 0, 65.113, 12.416, 12.735, 112.468, 95.908, 100, 0, 0, 28.228, 32.765, 79.808, 3.57, 95.697, 0, 0, 99.08, 42.043, 0, 0, 0.076, 0, 0, 14, 0.344, 13.094, 0, 2.683, 171, 0, 0, 0, 65.113, 1, 0.012, 0.013, 112.466, 95.908, 100, 0, 0, 141, 28.228, 32.765, 79.808, 3.57, 0, 95.697, 0, 0, 99.08, 42.043, 0, 0, 0, 0, 
2.25, 23.726, 100.58, 62.303, 62.994, , 6.888, 0.971, 109.993, 109.993, 2.746, 165.225, 165.225, 165.225, 63.671, 81.342, 35.486, 35.259, 7.377, 11.626, 0, 0, 18.083, 18.635, 18.083, 18.635, 1, 43.082, 43.082, 0.025, 0.262, 36.347, 37.447, 36.347, 37.447, 4.632, 7.377, 11.626, , , 1, 2.289, 0.062, 0.471, 13.312, 2.746, 171, 0, 0, 0, 64.787, 10.716, 11.009, 112.272, 94.022, 100, 0, 0, 28.772, 34.885, 72.384, 3.253, 97.607, 0, 0, 101.591, 42.65, 0, 0, 0.062, 0, 0, 14, 0.471, 13.312, 0, 2.746, 171, 0, 0, 0, 64.787, 1, 0.011, 0.011, 112.269, 94.022, 100, 0, 0, 141, 28.772, 34.885, 72.384, 3.253, 0, 97.607, 0, 0, 101.591, 42.65, 0, 0, 0, 0, 
2.3, 23.727, 100.58, 62.299, 62.993, , 2.998, 0.971, 113.106, 113.106, 2.804, 72.949, 72.949, 72.949, 64.557, 82.242, 35.522, 35.367, 7.377, 11.606, 0, 0, 8.01, 8.256, 8.01, 8.256, 1, 43.343, 43.343, 0.025, 0.262, 16.666, 17.169, 16.666, 17.169, 4.642, 7.377, 11.606, , , 1, 2.339, 0.048, 0.598, 13.53, 2.804, 171, 0, 0, 0, 64.461, 9.008, 9.271, 112.077, 92.125, 100, 0, 0, 29.309, 36.991, 64.965, 2.937, 99.501, 0, 0, 104.061, 43.209, 0, 0, 0.048, 0, 0, 14, 0.598, 13.53, 0, 2.804, 171, 0, 0, 0, 64.461, 1, 0.009, 0.009, 112.073, 92.125, 100, 0, 0, 141, 29.309, 36.991, 64.965, 2.937, 0, 99.501, 0, 0, 104.062, 43.209, 0, 0, 0, 0, 
2.35, 23.727, 100.58, 62.295, 62.993, , -0.551, 0.971, 116.269, 116.269, 2.833, -11.25, -11.25, -11.25, 65.525, 83.141, 35.558, 35.475, 7.377, 11.581, 0, 0, -1.273, -1.309, -1.273, -1.309, 1, 43.412, 43.412, 0.025, 0.262, -1.271, -1.313, -1.271, -1.313, 4.652, 7.377, 11.581, , , 1, 2.388, 0.038, 0.724, 13.748, 2.833, 171, 0, 0, 0, 64.135, 7.243, 7.447, 111.881, 90.16, 100, 0, 0, 29.798, 39.002, 57.574, 2.621, 101.295, 0, 0, 106.279, 43.413, 0, 0, 0.038, 0, 0, 14, 0.724, 13.748, 0, 2.833, 171, 0, 0, 0, 64.135, 1, 0.007, 0.007, 111.878, 90.16, 100, 0, 0, 141, 29.798, 39.002, 57.574, 2.621, 0, 101.295, 0, 0, 106.29, 43.413, 0, 0, 0, 0, 
2.4, 23.728, 100.58, 62.29, 62.992, , -3.638, 0.971, 119.468, 119.468, 2.862, -84.476, -84.476, -84.476, 66.514, 84.041, 35.594, 35.583, 7.377, 11.532, 0, 0, -9.416, -9.698, -9.416, -9.698, 1, 43.274, 43.274, 0.025, 0.262, -16.822, -17.336, -16.822, -17.336, 4.662, 7.377, 11.532, , , 1, 2.439, 0.027, 0.85, 13.965, 2.862, 171, 0, 0, 0, 63.809, 5.478, 5.623, 111.685, 88.194, 100, 0, 0, 30.287, 41.013, 50.183, 2.304, 103.088, 0, 0, 108.498, 43.616, 0, 0, 0.027, 0, 0, 14, 0.85, 13.965, 0, 2.862, 171, 0, 0, 0, 63.809, 1, 0.005, 0.006, 111.683, 88.194, 100, 0, 0, 141, 30.287, 41.013, 50.183, 2.304, 0, 103.088, 0, 0, 108.518, 43.616, 0, 0, 0, 0, 
2.45, 23.729, 100.58, 62.286, 62.991, , -5.14, 0.971, 122.666, 122.666, 2.891, -120.132, -120.132, -120.132, 67.43, 84.941, 35.54, 35.6, 7.377, 11.502, 0, 0, -13.385, -13.789, -13.385, -13.789, 1, 43.052, 43.052, 0.025, 0.262, -24.13, -24.867, -24.13, -24.867, 4.671, 7.377, 11.502, , , 1, 2.489, 0.016, 0.976, 14.183, 2.891, 171, 0, 0, 0, 63.483, 3.713, 3.799, 111.49, 86.229, 100, 0, 0, 30.776, 43.024, 42.791, 1.988, 104.882, 0, 0, 110.716, 43.819, 0, 0, 0.016, 0, 0, 14, 0.976, 14.183, 0, 2.891, 171, 0, 0, 0, 63.483, 1, 0.004, 0.004, 111.488, 86.229, 100, 0, 0, 141, 30.776, 43.024, 42.791, 1.988, 0, 104.882, 0, 0, 110.747, 43.819, 0, 0, 0, 0, 
2.5, 23.73, 100.58, 62.282, 62.99, , -5.411, 0.971, 125.865, 125.865, 2.92, -126.549, -126.549, -126.549, 68.23, 85.841, 35.468, 35.6, 7.377, 11.572, 0, 0, -14.038, -14.461, -14.038, -14.461, 1, 42.765, 42.765, 0.025, 0.262, -25.3, -26.071, -25.3, -26.071, 4.696, 7.377, 11.572, , , 1, 2.539, 0.005, 1.102, 14.4, 2.92, 171, 0, 0, 0, 63.157, 1.947, 1.975, 111.294, 84.264, 100, 0, 0, 31.265, 45.035, 35.4, 1.672, 106.675, 0, 0, 112.935, 44.022, 0, 0, 0.005, 0, 0, 14, 1.102, 14.4, 0, 2.92, 171, 0, 0, 0, 63.157, 1, 0.002, 0.002, 111.294, 84.264, 100, 0, 0, 141, 31.265, 45.035, 35.4, 1.672, 0, 106.675, 0, 0, 112.975, 44.022, 0, 0, 0, 0, 
2.55, 23.73, 100.58, 62.278, 62.99, , -4.935, 0.971, 129.047, 129.047, 2.931, -115.265, -115.265, -115.265, 68.66, 86.741, 35.396, 35.6, 7.377, 11.707, 0, 0, -12.702, -13.085, -12.702, -13.085, 1, 42.505, 42.505, 0.025, 0.262, -22.828, -23.524, -22.828, -23.524, 4.729, 7.377, 11.707, , , 1, 2.589, 0, 1.051, 14.36, 2.931, 171, 0, 0, 0, 61.652, 1.235, 1.215, 111.2, 76.829, 100, 0, 0, 31.356, 44.459, 28.8, 1.427, 105.258, 0, 0, 111.641, 43.94, 0, 0, 0, 0, 0, 14, 1.051, 14.36, 0, 2.931, 171, 0, 0, 0, 61.652, 1, 0.001, 0.001, 111.2, 76.829, 100, 0, 0, 141, 31.356, 44.459, 28.8, 1.427, 0, 105.258, 0, 0, 111.559, 43.94, 0, 0, 0, 0, 
2.6, 23.731, 100.58, 62.274, 62.989, , -4.014, 0.971, 132.16, 132.16, 2.926, -93.426, -93.426, -93.426, 68.964, 87.641, 35.324, 35.6, 7.377, 12.318, 0, 0, -10.252, -10.56, -10.252, -10.56, 1, 42.279, 42.279, 0.025, 0.262, -18.445, -19.006, -18.445, -19.006, 4.763, 7.377, 12.318, , , 1, 2.638, 0, 0.85, 14.101, 2.926, 171, 0, 0, 0, 59.059, 1.494, 1.435, 111.2, 64.735, 100, 0, 0, 31.078, 41.496, 22.874, 1.247, 101.107, 0, 0, 107.104, 43.594, 0, 0, 0, 0, 0, 14, 0.849, 14.101, 0, 2.926, 171, 0, 0, 0, 59.059, 1, 0.001, 0.001, 111.2, 64.735, 100, 0, 0, 141, 31.078, 41.496, 22.874, 1.247, 0, 101.107, 0, 0, 107.039, 43.594, 0, 0, 0, 0, 
2.65, 23.732, 100.58, 62.269, 62.988, , -0.81, 0.971, 135.303, 135.303, 2.922, -17.423, -17.423, -17.423, 69.145, 88.54, 35.252, 35.6, 7.377, 12.989, 0, 0, -1.865, -1.919, -1.865, -1.919, 1, 42.092, 42.092, 0.025, 0.262, -3.257, -3.356, -3.257, -3.356, 4.797, 7.377, 12.989, , , 1, 2.688, 0, 0.649, 13.841, 2.922, 171, 0, 0, 0, 56.467, 1.753, 1.655, 111.2, 52.64, 100, 0, 0, 30.8, 38.533, 16.948, 1.067, 96.956, 0, 0, 102.567, 43.247, 0, 0, 0, 0, 0, 14, 0.647, 13.841, 0, 2.922, 171, 0, 0, 0, 56.467, 1, 0.001, 0.001, 111.2, 52.64, 100, 0, 0, 141, 30.8, 38.533, 16.948, 1.067, 0, 96.956, 0, 0, 102.518, 43.247, 0, 0, 0, 0, 
2.7, 23.733, 100.58, 62.265, 62.987, , 3.286, 0.971, 138.44, 138.44, 2.917, 79.751, 79.751, 79.751, 68.832, 89.44, 35.391, 35.57, 7.378, 14.188, 0, 0, 8.89, 9.161, 8.89, 9.161, 1, 42.205, 42.205, 0.025, 0.262, 16.252, 16.745, 16.252, 16.745, 4.828, 7.378, 14.188, , , 1, 2.739, 0, 0.448, 13.582, 2.917, 171, 0, 0, 0, 53.874, 2.013, 1.876, 111.2, 40.546, 100, 0, 0, 30.522, 35.57, 11.022, 0.888, 92.804, 0, 0, 98.03, 42.901, 0, 0, 0, 0, 0, 14, 0.445, 13.582, 0, 2.917, 171, 0, 0, 0, 53.874, 1, 0.002, 0.002, 111.2, 40.546, 100, 0, 0, 141, 30.522, 35.57, 11.022, 0.888, 0, 92.804, 0, 0, 97.998, 42.901, 0, 0, 0, 0, 
2.75, 23.733, 100.58, 62.261, 62.987, , 7.037, 0.971, 141.512, 141.512, 2.913, 168.754, 168.754, 168.754, 68.305, 89.994, 35.571, 35.534, 7.378, 15.381, 0, 0, 18.94, 19.514, 18.94, 19.514, 1, 42.454, 42.454, 0.025, 0.261, 34.524, 35.572, 34.524, 35.572, 4.853, 7.378, 15.381, , , 1, 2.789, 0, 0.247, 13.323, 2.913, 171, 0, 0, 0, 51.281, 2.272, 2.096, 111.2, 28.451, 100, 0, 0, 30.244, 32.607, 5.096, 0.708, 88.653, 0, 0, 93.493, 42.555, 0, 0, 0, 0, 0, 14, 0.244, 13.323, 0, 2.913, 171, 0, 0, 0, 51.281, 1, 0.002, 0.002, 111.2, 28.451, 100, 0, 0, 141, 30.244, 32.607, 5.096, 0.708, 0, 88.653, 0, 0, 93.478, 42.555, 0, 0, 0, 0, 
2.8, 23.734, 100.58, 62.26, 62.986, , 10.737, 0.971, 144.585, 144.585, 2.912, 256.535, 256.535, 256.535, 67.55, 87.438, 35.751, 35.498, 7.38, 16.491, 0, 0, 28.994, 29.872, 28.994, 29.872, 1, 42.849, 42.849, 0.025, 0.261, 52.846, 54.45, 52.846, 54.45, 4.879, 7.38, 16.491, , , 1, 2.838, 0.03, 0.069, 13.094, 2.912, 171, 0, 0, 0, 49.089, 2.668, 2.488, 111.176, 18.552, 100, 0, 0, 29.987, 29.991, 0.563, 0.571, 85.201, 0, 0, 89.645, 42.314, 0, 0, 0.03, 0, 0, 14, 0.069, 13.094, 0, 2.912, 171, 0, 0, 0, 49.089, 1, 0.002, 0.002, 111.176, 18.552, 100, 0, 0, 141, 29.987, 29.991, 0.563, 0.571, 0, 85.201, 0, 0, 89.645, 42.314, 0, 0, 0, 0, 
2.85, 23.735, 100.58, 62.26, 62.985, , 14.283, 0.971, 147.657, 147.657, 2.935, 340.678, 340.678, 340.678, 66.426, 84.882, 35.931, 35.462, 7.381, 17.54, 0, 0, 38.744, 39.916, 38.744, 39.916, 1, 43.491, 43.491, 0.025, 0.261, 70.645, 72.789, 70.645, 72.789, 4.905, 7.381, 17.54, , , 1, 2.889, 0.245, 0.064, 13.049, 2.935, 171, 0, 0, 0, 49.835, 4.068, 4.141, 110.975, 22.141, 100, 0, 0, 29.875, 29.917, 4.587, 0.747, 86.878, 0, 0, 90.856, 42.846, 0, 0, 0.245, 0, 0, 14, 0.064, 13.049, 0, 2.935, 171, 0, 0, 0, 49.835, 1, 0.004, 0.004, 110.975, 22.141, 100, 0, 0, 141, 29.875, 29.917, 4.587, 0.747, 0, 86.878, 0, 0, 90.856, 42.846, 0, 0, 0, 0, 
2.9, 23.736, 100.58, 62.26, 62.984, , 17.231, 0.971, 150.73, 150.73, 2.957, 410.636, 410.636, 410.636, 65.158, 82.326, 36.111, 35.426, 7.383, 17.625, 0, 0, 47.097, 48.522, 47.097, 48.522, 1, 44.239, 44.239, 0.025, 0.261, 85.966, 88.573, 85.966, 88.573, 4.924, 7.383, 17.625, , , 1, 2.939, 0.459, 0.059, 13.004, 2.957, 171, 0, 0, 0, 50.58, 5.468, 5.794, 110.773, 25.729, 100, 0, 0, 29.763, 29.842, 8.611, 0.923, 88.554, 0, 0, 92.067, 43.379, 0, 0, 0.459, 0, 0, 14, 0.059, 13.004, 0, 2.957, 171, 0, 0, 0, 50.58, 1, 0.005, 0.006, 110.773, 25.729, 100, 0, 0, 141, 29.763, 29.842, 8.611, 0.923, 0, 88.554, 0, 0, 92.067, 43.379, 0, 0, 0, 0, 
2.95, 23.736, 100.58, 62.26, 62.984, , 17.959, 0.971, 153.857, 153.857, 2.98, 427.919, 427.919, 427.919, 63.725, 79.77, 36.019, 35.36, 7.384, 17.661, 0, 0, 49.873, 51.381, 49.873, 51.381, 1, 45.11, 45.11, 0.025, 0.261, 91.212, 93.978, 91.212, 93.978, 4.901, 7.384, 17.661, , , 1, 2.989, 0.674, 0.054, 12.96, 2.98, 171, 0, 0, 0, 51.325, 6.868, 7.447, 110.572, 29.317, 100, 0, 0, 29.651, 29.768, 12.635, 1.099, 90.231, 0, 0, 93.278, 43.911, 0, 0, 0.674, 0, 0, 14, 0.054, 12.96, 0, 2.98, 171, 0, 0, 0, 51.325, 1, 0.007, 0.007, 110.572, 29.317, 100, 0, 0, 141, 29.651, 29.768, 12.635, 1.099, 0, 90.231, 0, 0, 93.278, 43.911, 0, 0, 0, 0, 
3, 23.737, 100.58, 62.26, 62.983, , 17.645, 0.971, 157.036, 157.036, 3.002, 420.471, 420.471, 420.471, 62.411, 77.214, 35.875, 35.288, 7.384, 16.524, 0, 0, 50.035, 51.547, 50.035, 51.547, 1, 45.953, 45.953, 0.025, 0.26, 91.743, 94.525, 91.743, 94.525, 4.877, 7.384, 16.524, , , 1, 3.038, 0.889, 0.049, 12.915, 3.002, 171, 0, 0, 0, 52.07, 8.269, 9.099, 110.371, 32.906, 100, 0, 0, 29.539, 29.693, 16.659, 1.275, 91.908, 0, 0, 94.489, 44.444, 0, 0, 0.889, 0, 0, 14, 0.048, 12.915, 0, 3.002, 171, 0, 0, 0, 52.07, 1, 0.008, 0.009, 110.371, 32.906, 100, 0, 0, 141, 29.539, 29.693, 16.659, 1.275, 0, 91.908, 0, 0, 94.489, 44.444, 0, 0, 0, 0, 
3.05, 23.738, 100.58, 62.26, 62.982, , 17.736, 0.971, 160.326, 160.326, 3.025, 422.65, 422.65, 422.65, 61.128, 74.658, 35.731, 35.216, 7.384, 15.384, 0, 0, 51.235, 52.783, 51.235, 52.783, 1, 46.803, 46.803, 0.025, 0.26, 94.168, 97.023, 94.168, 97.023, 4.854, 7.384, 15.384, , , 1, 3.088, 1.103, 0.043, 12.871, 3.025, 171, 0, 0, 0, 52.815, 9.669, 10.752, 110.17, 36.494, 100, 0, 0, 29.428, 29.618, 20.683, 1.45, 93.584, 0, 0, 95.7, 44.976, 0, 0, 1.103, 0, 0, 14, 0.043, 12.871, 0, 3.025, 171, 0, 0, 0, 52.815, 1, 0.009, 0.011, 110.17, 36.494, 100, 0, 0, 141, 29.428, 29.618, 20.683, 1.45, 0, 93.584, 0, 0, 95.7, 44.976, 0, 0, 0, 0, 
3.1, 23.739, 100.58, 62.26, 62.981, , 17.847, 0.971, 163.65, 163.65, 3.047, 425.296, 425.296, 425.296, 59.871, 72.101, 35.587, 35.144, 7.383, 14.097, 0, 0, 52.506, 54.093, 52.506, 54.093, 1, 47.664, 47.664, 0.025, 0.259, 96.737, 99.67, 96.737, 99.67, 4.83, 7.383, 14.097, , , 1, 3.138, 1.318, 0.038, 12.826, 3.047, 171, 0, 0, 0, 53.56, 11.069, 12.405, 109.969, 40.082, 100, 0, 0, 29.316, 29.544, 24.706, 1.626, 95.261, 0, 0, 96.911, 45.508, 0, 0, 1.318, 0, 0, 14, 0.038, 12.826, 0, 3.047, 171, 0, 0, 0, 53.56, 1, 0.011, 0.012, 109.969, 40.082, 100, 0, 0, 141, 29.316, 29.544, 24.706, 1.626, 0, 95.261, 0, 0, 96.911, 45.508, 0, 0, 0, 0, 
3.15, 23.739, 100.58, 62.26, 62.981, , 18.077, 0.971, 167.021, 167.021, 3.07, 430.774, 430.774, 430.774, 58.675, 69.545, 35.443, 35.072, 7.381, 12.811, 0, 0, 54.149, 55.787, 54.149, 55.787, 1, 48.523, 48.523, 0.025, 0.259, 100.003, 103.035, 100.003, 103.035, 4.826, 7.381, 12.811, , , 1, 3.189, 1.533, 0.033, 12.781, 3.07, 171, 0, 0, 0, 54.306, 12.469, 14.058, 109.768, 43.67, 100, 0, 0, 29.204, 29.469, 28.73, 1.802, 96.937, 0, 0, 98.121, 46.041, 0, 0, 1.533, 0, 0, 14, 0.033, 12.781, 0, 3.07, 171, 0, 0, 0, 54.306, 1, 0.012, 0.014, 109.768, 43.67, 100, 0, 0, 141, 29.204, 29.469, 28.73, 1.802, 0, 96.937, 0, 0, 98.121, 46.041, 0, 0, 0, 0, 
3.2, 23.74, 100.58, 62.26, 62.98, , 18.487, 0.971, 170.455, 170.455, 3.092, 440.515, 440.515, 440.515, 57.492, 66.989, 35.095, 35.06, 7.38, 12.095, 0, 0, 56.348, 58.054, 56.348, 58.054, 1, 49.404, 49.404, 0.025, 0.258, 104.308, 107.47, 104.308, 107.47, 4.827, 7.38, 12.095, , , 1, 3.239, 1.747, 0.028, 12.737, 3.092, 171, 0, 0, 0, 55.051, 13.869, 15.71, 109.566, 47.259, 100, 0, 0, 29.092, 29.395, 32.754, 1.978, 98.614, 0, 0, 99.332, 46.573, 0, 0, 1.747, 0, 0, 14, 0.028, 12.737, 0, 3.092, 171, 0, 0, 0, 55.051, 1, 0.014, 0.016, 109.566, 47.259, 100, 0, 0, 141, 29.092, 29.395, 32.754, 1.978, 0, 98.614, 0, 0, 99.332, 46.573, 0, 0, 0, 0, 
3.25, 23.74, 100.58, 62.26, 62.98, , 18.649, 0.971, 173.993, 173.993, 3.115, 444.38, 444.38, 444.38, 56.421, 64.433, 34.708, 35.06, 7.378, 11.379, 0, 0, 57.896, 59.649, 57.896, 59.649, 1, 50.3, 50.3, 0.025, 0.258, 107.438, 110.695, 107.438, 110.695, 4.827, 7.378, 11.379, , , 1, 3.289, 1.962, 0.022, 12.692, 3.115, 171, 0, 0, 0, 55.796, 15.269, 17.363, 109.365, 50.847, 100, 0, 0, 28.981, 29.32, 36.778, 2.154, 100.291, 0, 0, 100.543, 47.106, 0, 0, 1.962, 0, 0, 14, 0.022, 12.692, 0, 3.115, 171, 0, 0, 0, 55.796, 1, 0.015, 0.017, 109.365, 50.847, 100, 0, 0, 141, 28.981, 29.32, 36.778, 2.154, 0, 100.291, 0, 0, 100.543, 47.106, 0, 0, 0, 0, 
3.3, 23.74, 100.58, 62.26, 62.98, , 18.814, 0.971, 177.606, 177.606, 3.138, 448.313, 448.313, 448.313, 55.588, 61.877, 34.322, 35.06, 7.378, 11.334, 0, 0, 59.457, 61.26, 59.457, 61.26, 1, 51.206, 51.206, 0.025, 0.258, 109.632, 112.956, 109.632, 112.956, 4.828, 7.378, 11.334, , , 1, 3.338, 2.177, 0.017, 12.647, 3.138, 171, 0, 0, 0, 56.541, 16.67, 19.016, 109.164, 54.435, 100, 0, 0, 28.869, 29.246, 40.802, 2.33, 101.967, 0, 0, 101.754, 47.638, 0, 0, 2.177, 0, 0, 14, 0.017, 12.647, 0, 3.138, 171, 0, 0, 0, 56.541, 1, 0.017, 0.019, 109.164, 54.435, 100, 0, 0, 141, 28.869, 29.246, 40.802, 2.33, 0, 101.967, 0, 0, 101.754, 47.638, 0, 0, 0, 0, 
3.35, 23.74, 100.58, 62.26, 62.98, , 19.041, 0.971, 182.019, 182.019, 3.16, 453.734, 453.734, 453.734, 55.531, 59.321, 33.935, 35.06, 7.377, 11.302, 0, 0, 61.456, 63.321, 61.456, 63.321, 1, 52.115, 52.115, 0.025, 0.258, 110.582, 113.935, 110.582, 113.935, 4.847, 7.377, 11.302, , , 1, 3.388, 2.391, 0.012, 12.603, 3.16, 171, 0, 0, 0, 57.286, 18.07, 20.669, 108.963, 58.024, 100, 0, 0, 28.757, 29.171, 44.826, 2.506, 103.644, 0, 0, 102.965, 48.17, 0, 0, 2.391, 0, 0, 14, 0.012, 12.603, 0, 3.16, 171, 0, 0, 0, 57.286, 1, 0.018, 0.021, 108.963, 58.024, 100, 0, 0, 141, 28.757, 29.171, 44.826, 2.506, 0, 103.644, 0, 0, 102.965, 48.17, 0, 0, 0, 0, 
3.4, 23.74, 100.58, 62.26, 62.98, , 19.33, 0.971, 187.327, 187.327, 3.183, 460.612, 460.612, 460.612, 56.757, 56.765, 33.548, 35.06, 7.378, 11.413, 0, 0, 63.935, 65.875, 63.935, 65.875, 1, 53.391, 53.391, 0.025, 0.258, 110.065, 113.402, 110.065, 113.402, 4.877, 7.378, 11.413, , , 1, 3.438, 2.606, 0.007, 12.558, 3.183, 171, 0, 0, 0, 58.031, 19.47, 22.321, 108.762, 61.612, 100, 0, 0, 28.645, 29.097, 48.849, 2.681, 105.32, 0, 0, 104.176, 48.703, 0, 0, 2.606, 0, 0, 14, 0.007, 12.558, 0, 3.183, 171, 0, 0, 0, 58.031, 1, 0.02, 0.022, 108.762, 61.612, 100, 0, 0, 141, 28.645, 29.097, 48.849, 2.681, 0, 105.32, 0, 0, 104.176, 48.703, 0, 0, 0, 0, 
3.45, 23.74, 100.58, 62.26, 62.98, , 19.43, 0.971, 191.093, 191.093, 3.205, 462.997, 462.997, 462.997, 58.294, 54.208, 33.732, 35.087, 7.378, 11.53, 0, 0, 65.386, 67.37, 65.386, 67.37, 1, 54.543, 54.543, 0.025, 0.257, 108.303, 111.585, 108.303, 111.585, 4.908, 7.378, 11.53, , , 1, 3.489, 2.821, 0.002, 12.513, 3.205, 171, 0, 0, 0, 58.776, 20.87, 23.974, 108.56, 65.2, 100, 0, 0, 28.534, 29.022, 52.873, 2.857, 106.997, 0, 0, 105.387, 49.235, 0, 0, 2.821, 0, 0, 14, 0.002, 12.513, 0, 3.205, 171, 0, 0, 0, 58.776, 1, 0.021, 0.024, 108.56, 65.2, 100, 0, 0, 141, 28.534, 29.022, 52.873, 2.857, 0, 106.997, 0, 0, 105.387, 49.235, 0, 0, 0, 0, 
3.5, 23.74, 100.58, 62.26, 62.98, , 19.481, 0.971, 194.972, 194.972, 3.273, 464.23, 464.23, 464.23, 59.762, 51.652, 34.138, 35.123, 7.379, 11.621, 0, 0, 66.669, 68.694, 66.669, 68.694, 1, 55.478, 55.478, 0.025, 0.257, 105.731, 108.935, 105.731, 108.935, 4.939, 7.379, 11.621, , , 1, 3.539, 2.446, 0, 12.5, 3.273, 171, 0, 0, 0, 60.065, 21.071, 23.826, 108.363, 71.811, 100, 0, 0, 28.765, 29.114, 61.169, 3.139, 106.739, 0, 0, 105.636, 50.855, 0, 0, 2.446, 0, 0, 14, 0, 12.5, 0, 3.273, 171, 0, 0, 0, 60.065, 1, 0.021, 0.024, 108.363, 71.811, 100, 0, 0, 141, 28.765, 29.114, 61.169, 3.139, 0, 106.739, 0, 0, 105.636, 50.855, 0, 0, 0, 0, 
3.55, 23.74, 100.58, 62.26, 62.98, , 19.568, 0.971, 198.91, 198.91, 3.359, 466.311, 466.311, 466.311, 61.215, 49.096, 34.544, 35.16, 7.379, 11.71, 0, 0, 68.091, 70.159, 68.091, 70.159, 1, 56.422, 56.422, 0.025, 0.257, 103.736, 106.879, 103.736, 106.879, 4.973, 7.379, 11.71, , , 1, 3.589, 1.819, 0, 12.5, 3.359, 171, 0, 0, 0, 61.587, 20.758, 22.906, 108.167, 79.598, 100, 0, 0, 29.144, 29.276, 71.126, 3.466, 105.652, 0, 0, 105.473, 52.94, 0, 0, 1.819, 0, 0, 14, 0, 12.5, 0, 3.359, 171, 0, 0, 0, 61.587, 1, 0.021, 0.023, 108.167, 79.598, 100, 0, 0, 141, 29.144, 29.276, 71.126, 3.466, 0, 105.652, 0, 0, 105.473, 52.94, 0, 0, 0, 0, 
3.6, 23.74, 100.58, 62.26, 62.98, , 19.658, 0.971, 202.903, 202.903, 3.446, 468.482, 468.482, 468.482, 62.293, 46.54, 34.949, 35.197, 7.38, 11.764, 0, 0, 69.553, 71.665, 69.553, 71.665, 1, 57.356, 57.356, 0.025, 0.257, 102.33, 105.431, 102.33, 105.431, 5.012, 7.38, 11.764, , , 1, 3.639, 1.192, 0, 12.5, 3.446, 171, 0, 0, 0, 63.109, 20.446, 21.986, 107.972, 87.385, 100, 0, 0, 29.523, 29.438, 81.082, 3.792, 104.565, 0, 0, 105.31, 55.026, 0, 0, 1.192, 0, 0, 14, 0, 12.5, 0, 3.446, 171, 0, 0, 0, 63.109, 1, 0.021, 0.022, 107.972, 87.385, 100, 0, 0, 141, 29.523, 29.438, 81.082, 3.792, 0, 104.565, 0, 0, 105.31, 55.026, 0, 0, 0, 0, 
3.65, 23.74, 100.58, 62.26, 62.98, , 19.721, 0.971, 206.98, 206.98, 3.532, 469.999, 469.999, 469.999, 63.003, 44.586, 35.355, 35.234, 7.38, 11.814, 0, 0, 70.935, 73.087, 70.935, 73.087, 1, 58.306, 58.306, 0.025, 0.258, 101.405, 104.478, 101.405, 104.478, 5.051, 7.38, 11.814, , , 1, 3.689, 0.564, 0, 12.5, 3.532, 171, 0, 0, 0, 64.63, 20.133, 21.066, 107.776, 95.172, 100, 0, 0, 29.902, 29.601, 91.039, 4.119, 103.478, 0, 0, 105.147, 57.111, 0, 0, 0.564, 0, 0, 14, 0, 12.5, 0, 3.532, 171, 0, 0, 0, 64.63, 1, 0.02, 0.021, 107.776, 95.172, 100, 0, 0, 141, 29.902, 29.601, 91.039, 4.119, 0, 103.478, 0, 0, 105.147, 57.111, 0, 0, 0, 0, 
3.7, 23.74, 100.58, 62.26, 62.98, , 19.756, 0.971, 211.15, 211.15, 3.616, 470.834, 470.834, 470.834, 63.38, 61.463, 35.148, 35.542, 7.38, 11.862, 0, 0, 72.214, 74.406, 72.214, 74.406, 1, 59.257, 59.257, 0.025, 0.258, 100.933, 103.99, 100.933, 103.99, 5.09, 7.38, 11.862, , , 1, 3.738, 0, 0, 12.5, 3.616, 171, 0, 0, 0, 66, 19.85, 20.224, 107.6, 102.172, 100, 0, 0, 30.262, 29.754, 100, 4.42, 102.604, 0, 0, 105.073, 59.072, 0, 0, 0, 0, 0, 14, 0, 12.5, 0, 3.616, 171, 0, 0, 0, 66, 1, 0.02, 0.02, 107.6, 102.172, 100, 0, 0, 141, 30.262, 29.754, 100, 4.42, 0, 102.604, 0, 0, 105.073, 59.072, 0, 0, 0, 0, 
3.75, 23.74, 100.58, 62.26, 62.98, , 19.776, 0.971, 215.338, 215.338, 3.682, 471.348, 471.348, 471.348, 63.509, 62.296, 34.824, 35.902, 7.38, 11.909, 0, 0, 73.462, 75.693, 73.462, 75.693, 1, 60.211, 60.211, 0.025, 0.258, 100.89, 103.945, 100.89, 103.945, 5.131, 7.38, 11.909, , , 1, 3.789, 0, 0, 12.5, 3.682, 171, 0, 0, 0, 66, 19.918, 20.27, 107.6, 102.096, 100, 0, 0, 30.419, 29.806, 100, 4.418, 103.641, 0, 0, 105.799, 59.59, 0, 0, 0, 0, 0, 14, 0, 12.5, 0, 3.682, 171, 0, 0, 0, 66, 1, 0.02, 0.02, 107.6, 102.096, 100, 0, 0, 141, 30.419, 29.806, 100, 4.418, 0, 103.641, 0, 0, 105.799, 59.59, 0, 0, 0, 0, 
3.8, 23.74, 100.58, 62.26, 62.98, , 19.784, 0.971, 219.662, 219.662, 3.749, 471.546, 471.546, 471.546, 63.551, 63.128, 34.5, 36.262, 7.38, 11.947, 0, 0, 74.642, 76.907, 74.642, 76.907, 1, 61.166, 61.166, 0.025, 0.258, 100.868, 103.921, 100.868, 103.921, 5.182, 7.38, 11.947, , , 1, 3.839, 0, 0, 12.5, 3.749, 171, 0, 0, 0, 66, 19.986, 20.315, 107.6, 102.019, 100, 0, 0, 30.575, 29.858, 100, 4.416, 104.678, 0, 0, 106.525, 60.109, 0, 0, 0, 0, 0, 14, 0, 12.5, 0, 3.749, 171, 0, 0, 0, 66, 1, 0.02, 0.02, 107.6, 102.019, 100, 0, 0, 141, 30.575, 29.858, 100, 4.416, 0, 104.678, 0, 0, 106.525, 60.109, 0, 0, 0, 0, 
3.85, 23.74, 100.58, 62.26, 62.98, , 19.76, 0.971, 223.986, 223.986, 3.815, 471.007, 471.007, 471.007, 63.579, 63.961, 34.176, 36.622, 7.38, 11.983, 0, 0, 75.732, 78.028, 75.732, 78.028, 1, 62.121, 62.121, 0.025, 0.258, 100.707, 103.755, 100.707, 103.755, 5.233, 7.38, 11.983, , , 1, 3.888, 0, 0, 12.5, 3.815, 171, 0, 0, 0, 66, 20.054, 20.361, 107.6, 101.942, 100, 0, 0, 30.731, 29.91, 100, 4.414, 105.716, 0, 0, 107.251, 60.628, 0, 0, 0, 0, 0, 14, 0, 12.5, 0, 3.815, 171, 0, 0, 0, 66, 1, 0.02, 0.02, 107.6, 101.942, 100, 0, 0, 141, 30.731, 29.91, 100, 4.414, 0, 105.716, 0, 0, 107.251, 60.628, 0, 0, 0, 0, 
3.9, 23.74, 100.58, 62.26, 62.98, , 19.708, 0.971, 228.47, 228.47, 3.882, 469.794, 469.794, 469.794, 63.594, 64.794, 33.852, 36.982, 7.38, 12.015, 0, 0, 76.697, 79.023, 76.697, 79.023, 1, 63.077, 63.077, 0.025, 0.259, 100.423, 103.464, 100.423, 103.464, 5.284, 7.38, 12.015, , , 1, 3.938, 0, 0, 12.5, 3.882, 171, 0, 0, 0, 66, 20.121, 20.407, 107.6, 101.865, 100, 0, 0, 30.888, 29.962, 100, 4.411, 106.753, 0, 0, 107.977, 61.146, 0, 0, 0, 0, 0, 14, 0, 12.5, 0, 3.882, 171, 0, 0, 0, 66, 1, 0.02, 0.02, 107.6, 101.865, 100, 0, 0, 141, 30.888, 29.962, 100, 4.411, 0, 106.753, 0, 0, 107.977, 61.146, 0, 0, 0, 0, 
3.95, 23.74, 100.58, 62.26, 62.98, , 19.634, 0.971, 232.96, 232.96, 3.947, 468.067, 468.067, 468.067, 63.601, 65.627, 34.072, 36.919, 7.38, 12.047, 0, 0, 77.556, 79.907, 77.556, 79.907, 1, 64.035, 64.035, 0.025, 0.259, 100.043, 103.072, 100.043, 103.072, 5.334, 7.38, 12.047, , , 1, 3.989, 0, 0, 12.5, 3.947, 171.052, 0, 0, 0, 66, 20.206, 20.471, 107.506, 101.771, 100, 0, 0, 31.026, 30.026, 100, 4.411, 107.736, 0, 0, 108.736, 61.78, 0, 0, 0, 0, 0, 14, 0, 12.5, 0, 3.947, 171.052, 0, 0, 0, 66, 1, 0.02, 0.02, 107.506, 101.771, 100, 0, 0, 141, 31.026, 30.026, 100, 4.411, 0, 107.736, 0, 0, 108.736, 61.78, 0, 0, 0, 0, 
4, 23.74, 100.58, 62.26, 62.98, , 19.574, 0.971, 237.528, 237.528, 4.01, 466.654, 466.654, 466.654, 63.608, 66.459, 34.396, 36.775, 7.38, 12.061, 0, 0, 78.485, 80.862, 78.485, 80.862, 1, 64.985, 64.985, 0.025, 0.259, 99.737, 102.758, 99.737, 102.758, 5.382, 7.38, 12.061, , , 1, 4.039, 0, 0, 12.5, 4.01, 171.24, 0, 0, 0, 66, 20.335, 20.583, 107.169, 101.633, 100, 0, 0, 31.119, 30.119, 100, 4.415, 108.579, 0, 0, 109.579, 62.707, 0, 0, 0, 0, 0, 14, 0, 12.5, 0, 4.01, 171.24, 0, 0, 0, 66, 1, 0.02, 0.02, 107.169, 101.633, 100, 0, 0, 141, 31.119, 30.119, 100, 4.415, 0, 108.579, 0, 0, 109.579, 62.707, 0, 0, 0, 0, 
4.05, 23.74, 100.58, 62.26, 62.98, , 19.451, 0.971, 244.193, 244.193, 4.072, 463.788, 463.788, 463.788, 63.654, 67.292, 34.72, 36.631, 7.38, 12.071, 0, 0, 79.596, 82.008, 79.596, 82.008, 1, 66.099, 66.099, 0.025, 0.259, 99.022, 102.021, 99.022, 102.021, 5.431, 7.38, 12.071, , , 1, 4.088, 0, 0, 12.5, 4.072, 171.427, 0, 0, 0, 66, 20.464, 20.695, 106.831, 101.494, 100, 0, 0, 31.213, 30.213, 100, 4.419, 109.421, 0, 0, 110.421, 63.634, 0, 0, 0, 0, 0, 14, 0, 12.5, 0, 4.072, 171.427, 0, 0, 0, 66, 1, 0.02, 0.02, 106.831, 101.494, 100, 0, 0, 141, 31.213, 30.213, 100, 4.419, 0, 109.421, 0, 0, 110.421, 63.634, 0, 0, 0, 0, 
4.1, 23.74, 100.58, 62.26, 62.98, , 19.362, 0.971, 249.272, 249.272, 4.135, 461.688, 461.688, 461.688, 63.752, 68.125, 35.044, 36.487, 7.38, 12.059, 0, 0, 80.434, 82.871, 80.434, 82.871, 1, 67.336, 67.336, 0.025, 0.259, 98.453, 101.436, 98.453, 101.436, 5.479, 7.38, 12.059, , , 1, 4.139, 0, 0, 12.5, 4.135, 171.614, 0, 0, 0, 66, 20.592, 20.807, 106.494, 101.355, 100, 0, 0, 31.306, 30.306, 100, 4.422, 110.264, 0, 0, 111.264, 64.561, 0, 0, 0, 0, 0, 14, 0, 12.5, 0, 4.135, 171.614, 0, 0, 0, 66, 1, 0.021, 0.021, 106.494, 101.355, 100, 0, 0, 141, 31.306, 30.306, 100, 4.422, 0, 110.264, 0, 0, 111.264, 64.561, 0, 0, 0, 0, 
4.15, 23.74, 100.579, 62.26, 62.98, , 19.102, 0.971, 254.037, 254.037, 4.197, 455.539, 455.539, 455.539, 63.858, 68.957, 35.368, 36.343, 7.38, 12.041, 0, 0, 80.452, 82.889, 80.452, 82.889, 1, 68.26, 68.26, 0.025, 0.259, 96.984, 99.923, 96.984, 99.923, 5.527, 7.38, 12.041, , , 1, 4.189, 0, 0, 12.5, 4.197, 171.801, 0, 0, 0, 66, 20.721, 20.919, 106.157, 101.217, 100, 0, 0, 31.399, 30.399, 100, 4.426, 111.107, 0, 0, 112.107, 65.489, 0, 0, 0, 0, 0, 14, 0, 12.5, 0, 4.197, 171.801, 0, 0, 0, 66, 1, 0.021, 0.021, 106.157, 101.217, 100, 0, 0, 141, 31.399, 30.399, 100, 4.426, 0, 111.107, 0, 0, 112.107, 65.489, 0, 0, 0, 0, 
4.2, 23.74, 100.579, 62.26, 62.98, , 18.164, 0.971, 258.985, 258.985, 4.259, 433.323, 433.323, 433.323, 64.008, 69.79, 35.541, 36.048, 7.38, 12.002, 0, 0, 77.439, 79.785, 77.439, 79.785, 1, 69.16, 69.16, 0.025, 0.259, 92.067, 94.858, 92.067, 94.858, 5.548, 7.38, 12.002, , , 1, 4.238, 0, 0, 12.5, 4.259, 171.989, 0, 0, 0, 66, 20.85, 21.031, 105.82, 101.078, 100, 0, 0, 31.493, 30.493, 100, 4.43, 111.949, 0, 0, 112.949, 66.416, 0, 0, 0, 0, 0, 14, 0, 12.5, 0, 4.259, 171.989, 0, 0, 0, 66, 1, 0.021, 0.021, 105.82, 101.078, 100, 0, 0, 141, 31.493, 30.493, 100, 4.43, 0, 111.949, 0, 0, 112.949, 66.416, 0, 0, 0, 0, 
4.25, 23.74, 100.579, 62.26, 62.98, , 15.763, 0.971, 263.854, 263.854, 4.351, 376.38, 376.38, 376.38, 64.216, 70.623, 35.685, 35.724, 7.38, 11.957, 0, 0, 67.858, 69.913, 67.858, 69.913, 1, 69.991, 69.991, 0.025, 0.258, 79.805, 82.225, 79.805, 82.225, 5.566, 7.38, 11.957, , , 1, 4.289, 0, 0.004, 12.5, 4.351, 171.812, 0, 0, 0, 65.532, 19.201, 19.349, 105.463, 95.174, 100, 0, 0, 31.914, 31.006, 91.634, 4.089, 111.111, 0, 0, 112.251, 67.404, 0, 0, 0, 0, 0, 13.981, 0.004, 12.5, 0, 4.351, 171.812, 0, 0, 0, 65.532, 1, 0.019, 0.019, 105.463, 95.174, 100, 0, 0, 141, 31.914, 31.006, 91.634, 4.089, 0, 111.111, 0, 0, 112.251, 67.404, 0, 0, 0, 0, 
4.3, 23.74, 100.578, 62.26, 62.98, , 11.904, 0.971, 268.93, 268.93, 4.444, 284.84, 284.84, 284.84, 64.491, 71.455, 35.829, 35.4, 7.38, 11.884, 0, 0, 51.669, 53.233, 51.669, 53.233, 1, 70.672, 70.672, 0.025, 0.258, 60.342, 62.172, 60.342, 62.172, 5.584, 7.38, 11.884, , , 1, 4.339, 0, 0.008, 12.5, 4.444, 171.612, 0, 0, 0, 65.034, 17.398, 17.511, 105.104, 88.902, 100, 0, 0, 32.364, 31.556, 82.734, 3.718, 110.164, 0, 0, 111.454, 68.398, 0, 0, 0, 0, 0, 13.961, 0.008, 12.5, 0, 4.444, 171.612, 0, 0, 0, 65.034, 1, 0.018, 0.018, 105.104, 88.902, 100, 0, 0, 141, 32.364, 31.556, 82.734, 3.718, 0, 110.164, 0, 0, 111.454, 68.398, 0, 0, 0, 0, 
4.35, 23.74, 100.578, 62.26, 62.98, , 6.662, 0.971, 274.007, 274.007, 4.537, 160.492, 160.492, 160.492, 64.892, 72.288, 35.973, 35.076, 7.379, 11.801, 0, 0, 29.209, 30.092, 29.209, 30.092, 1, 71.132, 71.132, 0.025, 0.258, 34.206, 35.244, 34.206, 35.244, 5.601, 7.379, 11.801, , , 1, 4.389, 0, 0.012, 12.5, 4.537, 171.412, 0, 0, 0, 64.536, 15.595, 15.673, 104.746, 82.63, 100, 0, 0, 32.814, 32.106, 73.834, 3.347, 109.218, 0, 0, 110.657, 69.392, 0, 0, 0, 0, 0, 13.941, 0.012, 12.5, 0, 4.537, 171.412, 0, 0, 0, 64.536, 1, 0.016, 0.016, 104.746, 82.63, 100, 0, 0, 141, 32.814, 32.106, 73.834, 3.347, 0, 109.218, 0, 0, 110.657, 69.392, 0, 0, 0, 0, 
4.4, 23.74, 100.578, 62.26, 62.98, , 1.454, 0.971, 279.11, 279.11, 4.63, 36.937, 36.937, 36.937, 65.461, 73.121, 36.117, 34.752, 7.379, 11.722, 0, 0, 6.739, 6.942, 6.739, 6.942, 1, 71.334, 71.334, 0.025, 0.258, 8.407, 8.662, 8.407, 8.662, 5.627, 7.379, 11.722, , , 1, 4.439, 0, 0.016, 12.5, 4.63, 171.212, 0, 0, 0, 64.038, 13.792, 13.835, 104.387, 76.358, 100, 0, 0, 33.264, 32.656, 64.934, 2.976, 108.272, 0, 0, 109.861, 70.386, 0, 0, 0, 0, 0, 13.921, 0.016, 12.5, 0, 4.63, 171.212, 0, 0, 0, 64.038, 1, 0.014, 0.014, 104.387, 76.358, 100, 0, 0, 141, 33.264, 32.656, 64.934, 2.976, 0, 108.272, 0, 0, 109.861, 70.386, 0, 0, 0, 0, 
4.45, 23.74, 100.577, 62.26, 62.98, , -2.856, 0.971, 284.339, 284.339, 4.723, -65.297, -65.297, -65.297, 66.181, 73.953, 35.959, 34.881, 7.378, 11.645, 0, 0, -11.969, -12.334, -11.969, -12.334, 1, 71.295, 71.295, 0.025, 0.257, -12.864, -13.255, -12.864, -13.255, 5.656, 7.378, 11.645, , , 1, 4.489, 0, 0.02, 12.5, 4.723, 171.012, 0, 0, 0, 63.54, 11.989, 11.997, 104.029, 70.086, 100, 0, 0, 33.714, 33.206, 56.034, 2.605, 107.326, 0, 0, 109.064, 71.38, 0, 0, 0, 0, 0, 13.901, 0.02, 12.5, 0, 4.723, 171.012, 0, 0, 0, 63.54, 1, 0.012, 0.012, 104.029, 70.086, 100, 0, 0, 141, 33.714, 33.206, 56.034, 2.605, 0, 107.326, 0, 0, 109.064, 71.38, 0, 0, 0, 0, 
4.5, 23.74, 100.577, 62.26, 62.98, , -5.741, 0.971, 289.592, 289.592, 4.749, -133.767, -133.767, -133.767, 66.918, 74.786, 35.743, 35.097, 7.378, 11.648, 0, 0, -24.547, -25.292, -24.547, -25.292, 1, 71.063, 71.063, 0.025, 0.257, -26.979, -27.798, -26.979, -27.798, 5.685, 7.378, 11.648, , , 1, 4.539, 0, 0.024, 12.5, 4.749, 171, 0, 0, 0, 63.019, 10.069, 10.058, 104, 63.784, 100, 0, 0, 33.991, 33.587, 46.785, 2.222, 105.758, 0, 0, 107.749, 71.341, 0, 0, 0, 0, 0, 13.9, 0.024, 12.5, 0, 4.749, 171, 0, 0, 0, 63.019, 1, 0.01, 0.01, 104, 63.784, 100, 0, 0, 141, 33.991, 33.587, 46.785, 2.222, 0, 105.758, 0, 0, 107.749, 71.341, 0, 0, 0, 0, 
4.55, 23.741, 100.576, 62.26, 62.978, , -7.136, 0.971, 294.847, 294.847, 4.77, -166.865, -166.865, -166.865, 67.563, 75.619, 35.527, 35.313, 7.377, 11.683, 0, 0, -30.573, -31.501, -30.573, -31.501, 1, 70.726, 70.726, 0.025, 0.257, -33.632, -34.653, -33.632, -34.653, 5.715, 7.377, 11.683, , , 1, 4.59, 0, 0.028, 12.5, 4.77, 171, 0, 0, 0, 62.496, 8.14, 8.11, 104, 57.48, 100, 0, 0, 34.252, 33.953, 37.515, 1.838, 104.137, 0, 0, 106.389, 71.211, 0, 0, 0, 0, 0, 13.9, 0.028, 12.5, 0, 4.77, 171, 0, 0, 0, 62.496, 1, 0.008, 0.008, 104, 57.48, 100, 0, 0, 141, 34.252, 33.953, 37.515, 1.838, 0, 104.137, 0, 0, 106.389, 71.211, 0, 0, 0, 0, 
4.6, 23.742, 100.576, 62.26, 62.977, , -7.012, 0.971, 300.073, 300.073, 4.791, -163.918, -163.918, -163.918, 68.076, 76.451, 35.311, 35.529, 7.377, 11.933, 0, 0, -29.895, -30.802, -29.895, -30.802, 1, 70.356, 70.356, 0.025, 0.257, -32.818, -33.814, -32.818, -33.814, 5.751, 7.377, 11.933, , , 1, 4.639, 0, 0.032, 12.5, 4.791, 171, 0, 0, 0, 61.973, 6.21, 6.163, 104, 51.176, 100, 0, 0, 34.514, 34.319, 28.244, 1.454, 102.516, 0, 0, 105.029, 71.081, 0, 0, 0, 0, 0, 13.9, 0.032, 12.5, 0, 4.791, 171, 0, 0, 0, 61.973, 1, 0.007, 0.007, 104, 51.176, 100, 0, 0, 141, 34.514, 34.319, 28.244, 1.454, 0, 102.516, 0, 0, 105.029, 71.081, 0, 0, 0, 0, 
4.65, 23.742, 100.576, 62.26, 62.975, , -6.248, 0.971, 305.262, 305.262, 4.813, -145.815, -145.815, -145.815, 68.387, 77.284, 35.095, 35.745, 7.377, 12.284, 0, 0, -26.437, -27.238, -26.437, -27.238, 1, 70.023, 70.023, 0.025, 0.258, -29, -29.878, -29, -29.878, 5.791, 7.377, 12.284, , , 1, 4.689, 0, 0.036, 12.5, 4.813, 171, 0, 0, 0, 61.45, 4.28, 4.215, 104, 44.872, 100, 0, 0, 34.775, 34.685, 18.973, 1.07, 100.894, 0, 0, 103.669, 70.952, 0, 0, 0, 0, 0, 13.9, 0.036, 12.5, 0, 4.813, 171, 0, 0, 0, 61.45, 1, 0.005, 0.005, 104, 44.872, 100, 0, 0, 141, 34.775, 34.685, 18.973, 1.07, 0, 100.894, 0, 0, 103.669, 70.952, 0, 0, 0, 0, 
4.7, 23.743, 100.575, 62.26, 62.974, , -5.964, 0.971, 310.451, 310.451, 4.828, -139.086, -139.086, -139.086, 68.502, 78.117, 35.12, 35.72, 7.377, 12.941, 0, 0, -25.091, -25.851, -25.091, -25.851, 1, 69.715, 69.715, 0.025, 0.258, -27.594, -28.428, -27.594, -28.428, 5.831, 7.377, 12.941, , , 1, 4.739, 0, 0.039, 12.5, 4.828, 171, 0, 0, 0, 60.568, 2.627, 2.545, 103.948, 38.791, 100, 0, 0, 35, 35, 10.683, 0.735, 99.514, 0, 0, 102.514, 70.822, 0, 0, 0, 0, 0, 13.903, 0.039, 12.5, 0, 4.828, 171, 0, 0, 0, 60.568, 1, 0.003, 0.003, 103.948, 38.791, 100, 0, 0, 141, 35, 35, 10.683, 0.735, 0, 99.514, 0, 0, 102.514, 70.822, 0, 0, 0, 0, 
4.75, 23.744, 100.575, 62.26, 62.972, , -6.068, 0.971, 315.631, 315.631, 4.806, -141.563, -141.563, -141.563, 68.5, 78.95, 35.192, 35.648, 7.377, 13.755, 0, 0, -25.431, -26.202, -25.431, -26.202, 1, 69.412, 69.412, 0.025, 0.258, -28.095, -28.945, -28.095, -28.945, 5.871, 7.377, 13.755, , , 1, 4.789, 0, 0.031, 12.5, 4.806, 171, 0, 0, 0, 57.481, 2.676, 2.577, 103.578, 34.083, 100, 0, 0, 35, 35, 8.42, 0.696, 99.617, 0, 0, 102.617, 70.693, 0, 0, 0, 0, 0, 13.923, 0.031, 12.5, 0, 4.806, 171, 0, 0, 0, 57.481, 1, 0.003, 0.003, 103.578, 34.083, 100, 0, 0, 141, 35, 35, 8.42, 0.696, 0, 99.617, 0, 0, 102.617, 70.693, 0, 0, 0, 0, 
4.8, 23.745, 100.574, 62.26, 62.971, , -6.022, 0.971, 320.725, 320.725, 4.783, -140.473, -140.473, -140.473, 68.473, 79.782, 35.264, 35.576, 7.377, 14.827, 0, 0, -25.132, -25.895, -25.132, -25.895, 1, 69.105, 69.105, 0.025, 0.259, -27.888, -28.731, -27.888, -28.731, 5.905, 7.377, 14.827, , , 1, 4.839, 0, 0.022, 12.5, 4.783, 171, 0, 0, 0, 54.395, 2.725, 2.61, 103.207, 29.375, 100, 0, 0, 35, 35, 6.156, 0.657, 99.72, 0, 0, 102.72, 70.564, 0, 0, 0, 0, 0, 13.944, 0.022, 12.5, 0, 4.783, 171, 0, 0, 0, 54.395, 1, 0.003, 0.003, 103.207, 29.375, 100, 0, 0, 141, 35, 35, 6.156, 0.657, 0, 99.72, 0, 0, 102.72, 70.564, 0, 0, 0, 0, 
4.85, 23.745, 100.574, 62.26, 62.969, , -5.821, 0.971, 325.884, 325.884, 4.761, -135.718, -135.718, -135.718, 68.436, 80.615, 35.336, 35.504, 7.377, 16.045, 0, 0, -24.182, -24.916, -24.182, -24.916, 1, 68.806, 68.806, 0.025, 0.259, -26.957, -27.772, -26.957, -27.772, 5.937, 7.377, 16.045, , , 1, 4.889, 0, 0.014, 12.5, 4.761, 171, 0, 0, 0, 51.309, 2.774, 2.643, 102.837, 24.667, 100, 0, 0, 35, 35, 3.893, 0.618, 99.823, 0, 0, 102.823, 70.435, 0, 0, 0, 0, 0, 13.965, 0.014, 12.5, 0, 4.761, 171, 0, 0, 0, 51.309, 1, 0.003, 0.003, 102.837, 24.667, 100, 0, 0, 141, 35, 35, 3.893, 0.618, 0, 99.823, 0, 0, 102.823, 70.435, 0, 0, 0, 0, 
4.9, 23.746, 100.574, 62.26, 62.968, , -5.745, 0.971, 330.96, 330.96, 4.739, -133.911, -133.911, -133.911, 68.389, 81.448, 35.408, 35.432, 7.377, 17.305, 0, 0, -23.752, -24.474, -23.752, -24.474, 1, 68.515, 68.515, 0.025, 0.259, -26.615, -27.421, -26.615, -27.421, 5.97, 7.377, 17.305, , , 1, 4.939, 0, 0.006, 12.5, 4.739, 171, 0, 0, 0, 48.222, 2.824, 2.676, 102.467, 19.96, 100, 0, 0, 35, 35, 1.63, 0.579, 99.926, 0, 0, 102.926, 70.306, 0, 0, 0, 0, 0, 13.985, 0.006, 12.5, 0, 4.739, 171, 0, 0, 0, 48.222, 1, 0.003, 0.003, 102.467, 19.96, 100, 0, 0, 141, 35, 35, 1.63, 0.579, 0, 99.926, 0, 0, 102.926, 70.306, 0, 0, 0, 0, 
4.95, 23.747, 100.573, 62.26, 62.966, , -5.765, 0.971, 335.991, 335.991, 4.717, -134.393, -134.393, -134.393, 68.34, 82.28, 35.541, 35.299, 7.377, 18.59, 0, 0, -23.729, -24.45, -23.729, -24.45, 1, 68.223, 68.223, 0.025, 0.259, -26.73, -27.54, -26.73, -27.54, 6.002, 7.377, 18.59, , , 1, 4.988, 0, 0, 12.5, 4.717, 171, 0, 0, 0, 45.438, 2.71, 2.558, 102.2, 16.508, 100, 0, 0, 35, 35, 0, 0.549, 99.972, 0, 0, 102.972, 70.145, 0, 0, 0, 0, 0, 14, 0, 12.5, 0, 4.717, 171, 0, 0, 0, 45.438, 1, 0.003, 0.003, 102.2, 16.508, 100, 0, 0, 141, 35, 35, 0, 0.549, 0, 99.972, 0, 0, 102.972, 70.145, 0, 0, 0, 0, 
5, 23.748, 100.573, 62.26, 62.965, , -5.782, 0.971, 341.011, 341.011, 4.693, -134.822, -134.822, -134.822, 68.299, 83.113, 35.685, 35.155, 7.377, 19.696, 0, 0, -23.698, -24.417, -23.698, -24.417, 1, 67.936, 67.936, 0.025, 0.259, -26.832, -27.646, -26.832, -27.646, 6.039, 7.377, 19.696, , , 1, 5.039, 0, 0, 12.5, 4.693, 171, 0, 0, 0, 43.43, 2.133, 2.014, 102.2, 16.287, 100, 0, 0, 35, 35, 0, 0.545, 99.871, 0, 0, 102.871, 69.896, 0, 0, 0, 0, 0, 14, 0, 12.5, 0, 4.693, 171, 0, 0, 0, 43.43, 1, 0.002, 0.002, 102.2, 16.287, 100, 0, 0, 141, 35, 35, 0, 0.545, 0, 99.871, 0, 0, 102.871, 69.895, 0, 0, 0, 0, 
5.05, 23.748, 100.573, 62.26, 62.963, , -5.848, 0.971, 346.026, 346.026, 4.67, -136.383, -136.383, -136.383, 68.27, 83.946, 35.829, 35.011, 7.377, 20.682, 0, 0, -23.865, -24.589, -23.865, -24.589, 1, 67.64, 67.64, 0.025, 0.258, -27.154, -27.978, -27.154, -27.978, 6.08, 7.377, 20.682, , , 1, 5.089, 0, 0, 12.5, 4.67, 171, 0, 0, 0, 41.422, 1.557, 1.47, 102.2, 16.066, 100, 0, 0, 35, 35, 0, 0.541, 99.771, 0, 0, 102.771, 69.647, 0, 0, 0, 0, 0, 14, 0, 12.5, 0, 4.67, 171, 0, 0, 0, 41.422, 1, 0.002, 0.002, 102.2, 16.066, 100, 0, 0, 141, 35, 35, 0, 0.541, 0, 99.771, 0, 0, 102.771, 69.645, 0, 0, 0, 0, 
5.1, 23.749, 100.572, 62.26, 62.962, , -6.045, 0.971, 351.061, 351.061, 4.647, -141.073, -141.073, -141.073, 68.258, 84.778, 35.973, 34.867, 7.377, 21.381, 0, 0, -24.58, -25.324, -24.58, -25.324, 1, 67.342, 67.342, 0.025, 0.258, -28.091, -28.945, -28.091, -28.945, 6.121, 7.377, 21.381, , , 1, 5.138, 0, 0, 12.5, 4.647, 171, 0, 0, 0, 39.414, 0.98, 0.925, 102.2, 15.846, 100, 0, 0, 35, 35, 0, 0.537, 99.671, 0, 0, 102.671, 69.398, 0, 0, 0, 0, 0, 14, 0, 12.5, 0, 4.647, 171, 0, 0, 0, 39.414, 1, 0.001, 0.001, 102.2, 15.846, 100, 0, 0, 141, 35, 35, 0, 0.537, 0, 99.671, 0, 0, 102.671, 69.395, 0, 0, 0, 0, 
5.15, 23.75, 100.572, 62.26, 62.96, , -6.205, 0.971, 356.062, 356.062, 4.624, -144.879, -144.879, -144.879, 68.266, 85.611, 36.117, 34.723, 7.377, 21.871, 0, 0, -25.131, -25.892, -25.131, -25.892, 1, 67.032, 67.032, 0.025, 0.258, -28.846, -29.723, -28.846, -29.723, 6.163, 7.377, 21.871, , , 1, 5.189, 0, 0, 12.5, 4.624, 171, 0, 0, 0, 37.406, 0.404, 0.381, 102.2, 15.625, 100, 0, 0, 35, 35, 0, 0.533, 99.57, 0, 0, 102.57, 69.149, 0, 0, 0, 0, 0, 14, 0, 12.5, 0, 4.624, 171, 0, 0, 0, 37.406, 1, 0, 0, 102.2, 15.625, 100, 0, 0, 141, 35, 35, 0, 0.533, 0, 99.57, 0, 0, 102.57, 69.145, 0, 0, 0, 0, 
5.2, 23.751, 100.571, 62.26, 62.959, , -6.236, 0.971, 360.951, 360.951, 4.602, -145.618, -145.618, -145.618, 68.287, 86.444, 36.17, 35.123, 7.377, 22.171, 0, 0, -25.142, -25.903, -25.142, -25.903, 1, 66.716, 66.716, 0.025, 0.258, -28.985, -29.866, -28.985, -29.866, 6.183, 7.377, 22.171, , , 1, 5.239, 0, 0, 12.5, 4.602, 171, 0, 0, 0, 36, 0, 0, 102.2, 15.359, 100, 0, 0, 34.4, 34.4, 0, 0.531, 99.5, 0, 0, 102.5, 68.865, 0, 0, 0, 0, 0, 14, 0, 12.5, 0, 4.602, 171, 0, 0, 0, 36, 1, 0, 0, 102.2, 15.359, 100, 0, 0, 141, 34.4, 34.4, 0, 0.531, 0, 99.5, 0, 0, 102.5, 68.858, 0, 0, 0, 0, 
5.25, 23.751, 100.571, 62.26, 62.957, , -6.255, 0.971, 365.898, 365.898, 4.583, -146.073, -146.073, -146.073, 68.313, 87.276, 36.206, 35.627, 7.377, 22.321, 0, 0, -25.102, -25.862, -25.102, -25.862, 1, 66.4, 66.4, 0.025, 0.258, -29.066, -29.948, -29.066, -29.948, 6.185, 7.377, 22.321, , , 1, 5.289, 0, 0, 12.5, 4.583, 171, 0, 0, 0, 36, 0, 0, 102.2, 14.989, 100, 0, 0, 32.4, 32.4, 0, 0.535, 99.5, 0, 0, 102.5, 68.492, 0, 0, 0, 0, 0, 14, 0, 12.5, 0, 4.583, 171, 0, 0, 0, 36, 1, 0, 0, 102.2, 14.989, 100, 0, 0, 141, 32.4, 32.4, 0, 0.535, 0, 99.5, 0, 0, 102.5, 68.486, 0, 0, 0, 0, 
5.3, 23.752, 100.571, 62.26, 62.956, , -6.277, 0.971, 368.686, 368.686, 4.563, -146.589, -146.589, -146.589, 68.334, 88.109, 36.242, 36.131, 7.377, 22.39, 0, 0, -25.123, -25.885, -25.123, -25.885, 1, 66.146, 66.146, 0.025, 0.257, -29.162, -30.046, -29.162, -30.046, 6.188, 7.377, 22.39, , , 1, 5.339, 0, 0, 12.5, 4.563, 171, 0, 0, 0, 36, 0, 0, 102.2, 14.619, 100, 0, 0, 30.4, 30.4, 0, 0.539, 99.5, 0, 0, 102.5, 68.118, 0, 0, 0, 0, 0, 14, 0, 12.5, 0, 4.563, 171, 0, 0, 0, 36, 1, 0, 0, 102.2, 14.619, 100, 0, 0, 141, 30.4, 30.4, 0, 0.539, 0, 99.5, 0, 0, 102.5, 68.114, 0, 0, 0, 0, 
5.35, 23.753, 100.57, 62.26, 62.954, , -6.289, 0.971, 373.4, 373.4, 4.544, -146.885, -146.885, -146.885, 68.351, 88.942, 36.278, 36.635, 7.378, 22.39, 0, 0, -25.059, -25.819, -25.059, -25.819, 1, 65.917, 65.917, 0.025, 0.257, -29.212, -30.096, -29.212, -30.096, 6.19, 7.378, 22.39, , , 1, 5.389, 0, 0, 12.5, 4.544, 171, 0, 0, 0, 36, 0, 0, 102.2, 14.249, 100, 0, 0, 28.4, 28.4, 0, 0.543, 99.5, 0, 0, 102.5, 67.745, 0, 0, 0, 0, 0, 14, 0, 12.5, 0, 4.544, 171, 0, 0, 0, 36, 1, 0, 0, 102.2, 14.249, 100, 0, 0, 141, 28.4, 28.4, 0, 0.543, 0, 99.5, 0, 0, 102.5, 67.742, 0, 0, 0, 0, 
5.4, 23.754, , , 62.953, , -6.293, , 378.269, 378.269, 4.525, -146.986, -146.986, -146.986, 68.37, 89.774, 36.314, 37.139, 7.378, 22.39, 0, 0, -24.956, -25.714, -24.956, -25.714, 1, 65.6, 65.6, 0.025, 0.257, -29.224, -30.108, -29.224, -30.108, 6.189, 7.378, 22.39, , , 1, 5.439, 0, 0, 12.5, 4.525, 171, 0, 0, 0, 36, 0, 0, 102.2, 13.879, 100, 0, 0, 26.4, 26.4, 0, 0.547, 99.5, 0, 0, 102.5, 67.371, 0, 0, 0, 0, 0, 14, 0, 12.5, 0, 4.525, 171, 0, 0, 0, 36, 1, 0, 0, 102.2, 13.879, 100, 0, 0, 141, 26.4, 26.4, 0, 0.547, 0, 99.5, 0, 0, 102.5, 67.37, 0, 0, 0, 0, 
5.45, 23.754, , , 62.951, , -6.287, , 383.036, 383.036, 4.502, -146.861, -146.861, -146.861, 68.384, 90.607, 36.199, 37.311, 7.379, 22.39, 0, 0, -24.815, -25.569, -24.815, -25.569, 1, 65.285, 65.285, 0.025, 0.256, -29.193, -30.075, -29.193, -30.075, 6.182, 7.379, 22.39, , , 1, 5.488, 0, 0, 12.5, 4.502, 171.03, 0, 0, 0, 36, 0, 0, 102.254, 13.62, 100, 0, 0, 24.214, 24.214, 0, 0.55, 99.485, 0, 0, 102.485, 66.978, 0, 0, 0, 0, 0, 14, 0, 12.5, 0, 4.502, 171.03, 0, 0, 0, 36, 1, 0, 0, 102.254, 13.62, 100, 0, 0, 141, 24.214, 24.214, 0, 0.55, 0, 99.485, 0, 0, 102.485, 66.978, 0, 0, 0, 0, 
5.5, 23.755, , , 62.95, , -6.277, , 387.895, 387.895, 4.471, -146.632, -146.632, -146.632, 68.392, 91.44, 36.055, 37.419, 7.379, 22.39, 0, 0, -24.654, -25.404, -24.654, -25.404, 1, 64.967, 64.967, 0.025, 0.256, -29.143, -30.025, -29.143, -30.025, 6.176, 7.379, 22.39, , , 1, 5.539, 0, 0, 12.5, 4.471, 171.131, 0, 0, 0, 36, 0, 0, 102.436, 13.62, 100, 0, 0, 21.593, 21.593, 0, 0.55, 99.434, 0, 0, 102.434, 66.54, 0, 0, 0, 0, 0, 14, 0, 12.5, 0, 4.471, 171.131, 0, 0, 0, 36, 1, 0, 0, 102.436, 13.62, 100, 0, 0, 141, 21.593, 21.593, 0, 0.55, 0, 99.434, 0, 0, 102.434, 66.54, 0, 0, 0, 0, 
5.55, 23.756, , , 62.948, , -6.268, , 392.661, 392.661, 4.441, -146.433, -146.433, -146.433, 68.392, 92.273, 35.911, 37.527, 7.38, 22.39, 0, 0, -24.501, -25.247, -24.501, -25.247, 1, 64.649, 64.649, 0.025, 0.256, -29.104, -29.986, -29.104, -29.986, 6.169, 7.38, 22.39, , , 1, 5.589, 0, 0, 12.5, 4.441, 171.232, 0, 0, 0, 36, 0, 0, 102.617, 13.62, 100, 0, 0, 18.972, 18.972, 0, 0.55, 99.384, 0, 0, 102.384, 66.101, 0, 0, 0, 0, 0, 14, 0, 12.5, 0, 4.441, 171.232, 0, 0, 0, 36, 1, 0, 0, 102.617, 13.62, 100, 0, 0, 141, 18.972, 18.972, 0, 0.55, 0, 99.384, 0, 0, 102.384, 66.101, 0, 0, 0, 0, 
5.6, 23.757, , , 62.947, , -6.276, , 397.426, 397.426, 4.41, -146.618, -146.618, -146.618, 68.384, 93.105, 35.767, 37.635, 7.38, 22.39, 0, 0, -24.413, -25.155, -24.413, -25.155, 1, 64.332, 64.332, 0.025, 0.256, -29.144, -30.028, -29.144, -30.028, 6.166, 7.38, 22.39, , , 1, 5.639, 0, 0, 12.5, 4.41, 171.333, 0, 0, 0, 36, 0, 0, 102.799, 13.62, 100, 0, 0, 16.351, 16.351, 0, 0.55, 99.334, 0, 0, 102.334, 65.663, 0, 0, 0, 0, 0, 14, 0, 12.5, 0, 4.41, 171.333, 0, 0, 0, 36, 1, 0, 0, 102.799, 13.62, 100, 0, 0, 141, 16.351, 16.351, 0, 0.55, 0, 99.334, 0, 0, 102.334, 65.663, 0, 0, 0, 0, 
5.65, 23.758, , , 62.945, , -6.272, , 402.192, 402.192, 4.38, -146.535, -146.535, -146.535, 68.369, 93.938, 35.623, 37.743, 7.379, 22.39, 0, 0, -24.28, -25.015, -24.28, -25.015, 1, 64.013, 64.013, 0.025, 0.256, -29.134, -30.018, -29.134, -30.018, 6.169, 7.379, 22.39, , , 1, 5.688, 0, 0, 12.5, 4.38, 171.433, 0, 0, 0, 36, 0, 0, 102.98, 13.62, 100, 0, 0, 13.73, 13.73, 0, 0.55, 99.283, 0, 0, 102.283, 65.224, 0, 0, 0, 0, 0, 14, 0, 12.5, 0, 4.38, 171.433, 0, 0, 0, 36, 1, 0, 0, 102.98, 13.62, 100, 0, 0, 141, 13.73, 13.73, 0, 0.55, 0, 99.283, 0, 0, 102.283, 65.224, 0, 0, 0, 0, 
5.7, 23.758, , , 62.943, , -6.259, , 406.944, 406.944, 4.351, -146.24, -146.24, -146.24, 68.348, 94.771, 35.691, 37.669, 7.379, 22.39, 0, 0, -24.11, -24.842, -24.11, -24.842, 1, 63.698, 63.698, 0.025, 0.256, -29.085, -29.967, -29.085, -29.967, 6.171, 7.379, 22.39, , , 1, 5.739, 0, 0, 12.5, 4.351, 171.54, 0, 0, 0, 36, 0, 0, 103.173, 13.62, 100, 0, 0, 12, 12, 0, 0.55, 99.23, 0, 0, 102.23, 64.81, 0, 0, 0, 0, 0, 14, 0, 12.5, 0, 4.351, 171.54, 0, 0, 0, 36, 1, 0, 0, 103.173, 13.62, 100, 0, 0, 141, 12, 12, 0, 0.55, 0, 99.23, 0, 0, 102.23, 64.81, 0, 0, 0, 0, 
5.75, 23.759, , , 62.942, , -6.268, , 411.614, 411.614, 4.328, -146.457, -146.457, -146.457, 68.33, , 35.799, 37.561, 7.378, 22.39, 0, 0, -24.027, -24.756, -24.027, -24.756, 1, 63.385, 63.385, 0.025, 0.256, -29.135, -30.02, -29.135, -30.02, 6.174, 7.378, 22.39, , , 1, 5.789, 0, 0, 12.5, 4.328, 171.66, 0, 0, 0, 36, 0, 0, 103.386, 13.62, 100, 0, 0, 12, 12, 0, 0.55, 99.17, 0, 0, 102.17, 64.441, 0, 0, 0, 0, 0, 14, 0, 12.5, 0, 4.328, 171.66, 0, 0, 0, 36, 1, 0, 0, 103.386, 13.62, 100, 0, 0, 141, 12, 12, 0, 0.55, 0, 99.17, 0, 0, 102.17, 64.441, 0, 0, 0, 0, 
5.8, 23.76, , , 62.94, , -6.275, , 416.284, 416.284, 4.304, -146.617, -146.617, -146.617, 68.318, , 35.907, 37.453, 7.378, 22.39, 0, 0, -23.934, -24.66, -23.934, -24.66, 1, 63.07, 63.07, 0.025, 0.256, -29.172, -30.058, -29.172, -30.058, 6.175, 7.378, 22.39, , , 1, 5.839, 0, 0, 12.5, 4.304, 171.779, 0, 0, 0, 36, 0, 0, 103.599, 13.62, 100, 0, 0, 12, 12, 0, 0.55, 99.111, 0, 0, 102.111, 64.073, 0, 0, 0, 0, 0, 14, 0, 12.5, 0, 4.304, 171.779, 0, 0, 0, 36, 1, 0, 0, 103.599, 13.62, 100, 0, 0, 141, 12, 12, 0, 0.55, 0, 99.111, 0, 0, 102.111, 64.073, 0, 0, 0, 0, 
5.85, , , , , , -6.262, , 420.954, 420.954, 4.28, -146.331, -146.331, -146.331, 68.31, , 36.015, 37.345, 7.377, 22.39, 0, 0, -23.766, -24.487, -23.766, -24.487, 1, 62.752, 62.752, 0.025, 0.257, -29.12, -30.004, -29.12, -30.004, 6.171, 7.377, 22.39, , , 1, 5.889, 0, 0, 12.5, 4.28, 171.898, 0, 0, 0, 36, 0, 0, 103.812, 13.62, 100, 0, 0, 12, 12, 0, 0.55, 99.051, 0, 0, 102.051, 63.704, 0, 0, 0, 0, 0, 14, 0, 12.5, 0, 4.28, 171.898, 0, 0, 0, 36, 1, 0, 0, 103.812, 13.62, 100, 0, 0, 141, 12, 12, 0, 0.55, 0, 99.051, 0, 0, 102.051, 63.704, 0, 0, 0, 0, 
5.9, , , , , , -6.253, , 425.611, 425.611, 4.259, -146.11, -146.11, -146.11, 68.308, , 36.123, 37.237, 7.377, 22.39, 0, 0, -23.611, -24.328, -23.611, -24.328, 1, 62.434, 62.434, 0.025, 0.257, -29.081, -29.965, -29.081, -29.965, 6.167, 7.377, 22.39, , , 1, 5.939, 0, 0, 12.5, 4.259, 172, 0, 0, 0, 36, 0, 0, 104, 13.62, 100, 0, 0, 12, 12, 0, 0.55, 99, 0, 0, 102, 63.364, 0, 0, 0, 0, 0, 14, 0, 12.5, 0, 4.259, 172, 0, 0, 0, 36, 1, 0, 0, 104, 13.62, 100, 0, 0, 141, 12, 12, 0, 0.55, 0, 99, 0, 0, 102, 63.364, 0, 0, 0, 0, 
5.95, , , , , , -6.245, , 430.189, 430.189, 4.248, -145.947, -145.947, -145.947, 68.309, , 36.019, 36.857, 7.378, 22.39, 0, 0, -23.475, -24.186, -23.475, -24.186, 1, 62.119, 62.119, 0.025, 0.257, -29.079, -29.964, -29.079, -29.964, 6.164, 7.378, 22.39, , , 1, 5.989, 0, 0, 12.5, 4.248, 172, 0, 0, 0, 36, 0, 0, 104, 13.62, 100, 0, 0, 12, 12, 0, 0.55, 99, 0, 0, 102, 63.235, 0, 0, 0, 0, 0, 14, 0, 12.5, 0, 4.248, 172, 0, 0, 0, 36, 1, 0, 0, 104, 13.62, 100, 0, 0, 141, 12, 12, 0, 0.55, 0, 99, 0, 0, 102, 63.235, 0, 0, 0, 0, 
6, , , , , , -6.231, , 434.538, 434.538, 4.237, -145.62, -145.62, -145.62, 68.31, , 35.875, 36.425, 7.378, 22.39, 0, 0, -23.363, -24.07, -23.363, -24.07, 1, 61.903, 61.903, 0.025, 0.257, -29.004, -29.887, -29.004, -29.887, 6.16, 7.378, 22.39, , , 1, 6.038, 0, 0, 12.5, 4.237, 172, 0, 0, 0, 36, 0, 0, 104, 13.62, 100, 0, 0, 12, 12, 0, 0.55, 99, 0, 0, 102, 63.105, 0, 0, 0, 0, 0, 14, 0, 12.5, 0, 4.237, 172, 0, 0, 0, 36, 1, 0, 0, 104, 13.62, 100, 0, 0, 141, 12, 12, 0, 0.55, 0, 99, 0, 0, 102, 63.105, 0, 0, 0, 0, 
6.05, , , , , , -6.216, , 436.828, 436.828, 4.227, -145.265, -145.265, -145.265, 68.31, , 35.731, 35.993, 7.378, 22.39, 0, 0, -23.246, -23.949, -23.246, -23.949, 1, 61.746, 61.746, 0.025, 0.258, -28.909, -29.789, -28.909, -29.789, 6.158, 7.378, 22.39, , , 1, 6.063, 0, 0, 12.5, 4.227, 172, 0, 0, 0, 36, 0, 0, 104, 13.62, 100, 0, 0, 12, 12, 0, 0.55, 99, 0, 0, 102, 62.975, 0, 0, 0, 0, 0, 14, 0, 12.5, 0, 4.227, 172, 0, 0, 0, 36, 1, 0, 0, 104, 13.62, 100, 0, 0, 141, 12, 12, 0, 0.55, 0, 99, 0, 0, 102, 62.975, 0, 0, 0, 0, 
6.1, , , , , , -6.209, , 439.114, 439.114, 4.216, -145.099, -145.099, -145.099, 68.31, , 35.587, 35.561, 7.379, 22.39, 0, 0, -23.163, -23.863, -23.163, -23.863, 1, 61.591, 61.591, 0.025, 0.258, , , , , 6.156, 7.379, 22.39, , , 1, 6.088, 0, 0, 12.5, 4.216, 172, 0, 0, 0, 36, 0, 0, 104, 13.62, 100, 0, 0, 12, 12, 0, 0.55, 99, 0, 0, 102, 62.846, 0, 0, 0, 0, 0, 14, 0, 12.5, 0, 4.216, 172, 0, 0, 0, 36, 1, 0, 0, 104, 13.62, 100, 0, 0, 141, 12, 12, 0, 0.55, 0, 99, 0, 0, 102, 62.846, 0, 0, 0, 0, 
6.15, , , , , , , , 441.359, 441.359, , , , , , , 35.443, 35.129, 7.38, 22.39, 0, 0, , , , , 1, 61.437, 61.437, 0.025, 0.258, , , , , 6.153, 7.38, 22.39, , , , 6.113, , , , , , , , , , , , , , , , , , , , , , , , , , , , , , , , , , , , , , , , , , , , , , , , , , , , , , , , , , , , , , , , 
6.2, , , , , , , , 443.603, 443.603, , , , , , , , , , , 0, 0, , , , , 1, , , , , , , , , , , , , , , 6.138, , , , , , , , , , , , , , , , , , , , , , , , , , , , , , , , , , , , , , , , , , , , , , , , , , , , , , , , , , , , , , , , 
