Time, (DWRT ATMO) Humidity, (DWRT ATMO) Pressure, (DWRT ATMO) Temperature 1, (DWRT ATMO) Temperature 2, (DWRT CPU) ????????????????????????????????????????????????????????????????, (DWRT CPU) Acceleration, (DWRT CPU) Correction Factor, (DWRT CPU) Distance, (DWRT CPU) Distance 1, (DWRT CPU) Engine RPM, (DWRT CPU) Force, (DWRT CPU) Force 1, (DWRT CPU) Force Drum 1, (DWRT CPU) Gear Ratio, (DWRT CPU) Inductive 1 Signal Strength, (DWRT CPU) Internal Temp 1, (DWRT CPU) Internal Temp 2, (DWRT CPU) LC1 Volts Petrol AFR, (DWRT CPU) LC2 Volts Petrol AFR2, (DWRT CPU) Link 0 Status, (DWRT CPU) Link 1 Status, (DWRT CPU) Power, (DWRT CPU) Power (uncorrected), (DWRT CPU) Power Drum 1, (DWRT CPU) Power Drum 1 (uncorrected), (DWRT CPU) Sampling, (DWRT CPU) Speed, (DWRT CPU) Speed 1, (DWRT CPU) TCP RX kB/s, (DWRT CPU) TCP TX kB/s, (DWRT CPU) Torque, (DWRT CPU) Torque (uncorrected), (DWRT CPU) Torque Drum 1, (DWRT CPU) Torque Drum 1 (uncorrected), (DWRT CPU) UDP RX kB/s, (DWRT CPU) User Analog 1, (DWRT CPU) User Analog 2, (DWRT CPU) User Analog 3, (DWRT CPU) User Analog 4, (Gen) Sampling, (Gen) Sampling Duration, (Harley - ECU Type 14 SW Level 141) Accel Enrichment, (Harley - ECU Type 14 SW Level 141) Decel Enleanment, (Harley - ECU Type 14 SW Level 141) Desired Air/Fuel, (Harley - ECU Type 14 SW Level 141) Engine Speed, (Harley - ECU Type 14 SW Level 141) Engine Temperature, (Harley - ECU Type 14 SW Level 141) Front Adaptive Fuel Factor, (Harley - ECU Type 14 SW Level 141) Front Closed Loop Integrator, (Harley - ECU Type 14 SW Level 141) Front Spark Knock Retard, (Harley - ECU Type 14 SW Level 141) Idle Air Control Motor Position, (Harley - ECU Type 14 SW Level 141) Injector Time Front, (Harley - ECU Type 14 SW Level 141) Injector Time Rear, (Harley - ECU Type 14 SW Level 141) Intake Air Temperature, (Harley - ECU Type 14 SW Level 141) Manifold Absolute Pressure, (Harley - ECU Type 14 SW Level 141) Rear Adaptive Fuel Factor, (Harley - ECU Type 14 SW Level 141) Rear Closed Loop Integrator, (Harley - ECU Type 14 SW Level 141) Rear Spark Knock Retard, (Harley - ECU Type 14 SW Level 141) Spark Advance Front, (Harley - ECU Type 14 SW Level 141) Spark Advance Rear, (Harley - ECU Type 14 SW Level 141) Throttle Position, (Harley - ECU Type 14 SW Level 141) Throttle Position Sensor Voltage, (Harley - ECU Type 14 SW Level 141) VE Front, (Harley - ECU Type 14 SW Level 141) VE New Front, (Harley - ECU Type 14 SW Level 141) VE New Rear, (Harley - ECU Type 14 SW Level 141) VE Rear, (Harley - ECU Type 14 SW Level 141) Vehicle Speed, (Harley - ECU Type 14 SW Level 141) WBO2 AFR Front, (Harley - ECU Type 14 SW Level 141) WBO2 AFR Rear, (PV) Accel Enrichment, (PV) AT Lambda 1, (PV) AT Lambda 2, (PV) Battery Voltage, (PV) Decel Enleanment, (PV) Desired Air/Fuel, (PV) Desired Lambda, (PV) Engine Speed, (PV) Engine Temperature, (PV) Front Adaptive Fuel Factor, (PV) Front Closed Loop Integrator, (PV) Front Spark Knock Retard, (PV) Idle Air Control Motor Position, (PV) Idle Set Speed, (PV) Injector Time Front, (PV) Injector Time Rear, (PV) Intake Air Temperature, (PV) Manifold Absolute Pressure, (PV) Rear Adaptive Fuel Factor, (PV) Rear Closed Loop Integrator, (PV) Rear Spark Knock Retard, (PV) Software Level, (PV) Spark Advance Front, (PV) Spark Advance Rear, (PV) Throttle Position, (PV) Throttle Position Sensor, (PV) Twistgrip Position, (PV) VE Front, (PV) VE New Front, (PV) VE New Rear, (PV) VE Rear, (PV) Vehicle Speed, (PV) Warm-up Fuel AFR (Lambda), (PV) Warm-up Fuel AFR (Ratio), (PV) WBO2 AFR Front, (PV) WBO2 AFR Rear, 
0, , , , , , , , , , , , , , , , , , , , , , , , , , , , , , , , , , , , , , , , 1, 0, , , , , , , , , , , , , , , , , , , , , , , , , , , , , , , , , , , , , , , , , , , , , , , , , , , , , , , , , , , , , , , , 
0.05, , , , , , -6.026, , 4.267, 4.267, , -139.178, -139.178, -139.178, , , , , 7.377, 22.39, , , -40.44, -41.492, -40.44, -41.492, , 111.837, 111.837, , , , , , , , 7.377, 22.39, , , 1, 0.025, , , , , , , , , , , , , , , , , , , , , , , , , , , , , , , , , , , , , , , , , , , , , , , , , , , , , , , , , , , , , , , , 
0.1, 24.85, , , 64.92, , -5.928, , 18.197, 18.197, , -136.884, -136.884, -136.884, , , , , 7.377, 22.39, 0, 0, -39.614, -40.647, -39.614, -40.647, 1, 111.386, 111.386, , , , , , , , 7.377, 22.39, , , 1, 0.099, , , , , , , , , , , , , , , , , , , , , , , , , , , , , , , , , , , , , , , , , , , , , , , , , , , , , , , , , , , , , , , , 
0.15, 24.848, , , 64.92, , -5.931, , 30.516, 30.516, , -136.96, -136.96, -136.96, , , 34.392, 35.093, 7.377, 22.39, 0, 0, -39.484, -40.514, -39.484, -40.514, 1, 111.022, 111.022, 0.025, 0.034, , , , , 8.56, 7.377, 22.39, , , 1, 0.15, , , , , , , , , , , , , , , , , , , , , , , , , , , , , , , , , , , , , , , , , , , , , , , , , , , , , , , , , , , , , , , , 
0.2, 24.846, , , 64.92, , -5.925, , 40.499, 40.499, , -136.838, -136.838, -136.838, , , 34.644, 35.129, 7.377, 22.39, 0, 0, -39.31, -40.335, -39.31, -40.335, 1, 110.583, 110.583, 0.025, 0.034, , , , , 8.556, 7.377, 22.39, , , 1, 0.2, , , , , , , , , , , , , , , , , , , , , , , , , , , , , , , , , , , , , , , , , , , , , , , , , , , , , , , , , , , , , , , , 
0.25, 24.844, , , 64.92, , -5.91, , 52.577, 52.577, , -136.494, -136.494, -136.494, , , 34.896, 35.165, 7.377, 22.39, 0, 0, -39.055, -40.074, -39.055, -40.074, 1, 110.132, 110.132, 0.025, 0.034, , , , , 8.552, 7.377, 22.39, , , 1, 0.349, 0, 0, 12.5, 5.817, 178, 0, 0, 0, 45, 0, 0, 86.151, 12.88, 100, 0, 0, 12, 12, 0, 0.55, 100.5, 0, 0, 103.5, 111.745, 0, 0, 0, 0, 0, 14.1, 0, 12.5, 0, 5.817, 178, 0, 0, 0, 45, 1, 0, 0, 86.151, 12.88, 100, 0, 0, 141, 12, 12, 0, 0.55, 0, 100.5, 0, 0, 103.5, 111.745, 0, 0, 0, 0, 
0.3, 24.842, , , 64.92, , -5.892, , 64.879, 64.879, , -136.083, -136.083, -136.083, , , 35.148, 35.201, 7.378, 22.39, 0, 0, -38.806, -39.818, -38.806, -39.818, 1, 109.725, 109.725, 0.025, 0.034, , , , , 8.548, 7.378, 22.39, , , 1, 0.4, 0, 0, 12.5, 5.802, 178, 0, 0, 0, 45, 0, 0, 86.511, 12.88, 100, 0, 0, 12, 12, 0, 0.55, 100.5, 0, 0, 103.5, 111.495, 0, 0, 0, 0, 0, 14.1, 0, 12.5, 0, 5.802, 178, 0, 0, 0, 45, 1, 0, 0, 86.511, 12.88, 100, 0, 0, 141, 12, 12, 0, 0.55, 0, 100.5, 0, 0, 103.5, 111.495, 0, 0, 0, 0, 
0.35, 24.84, , , 64.92, , -5.897, , 73.109, 73.109, , -136.217, -136.217, -136.217, , , 35.4, 35.237, 7.378, 22.39, 0, 0, -38.739, -39.749, -38.739, -39.749, 1, 109.428, 109.428, 0.025, 0.034, , , , , 8.547, 7.378, 22.39, , , 1, 0.45, 0, 0, 12.5, 5.788, 178, 0, 0, 0, 45, 0, 0, 86.871, 12.88, 100, 0, 0, 12, 12, 0, 0.55, 100.5, 0, 0, 103.5, 111.245, 0, 0, 0, 0, 0, 14.1, 0, 12.5, 0, 5.788, 178, 0, 0, 0, 45, 1, 0, 0, 86.871, 12.88, 100, 0, 0, 141, 12, 12, 0, 0.55, 0, 100.5, 0, 0, 103.5, 111.245, 0, 0, 0, 0, 
0.4, 24.838, , , 64.92, , -5.887, , 81.16, 81.16, , -135.994, -135.994, -135.994, , , 35.254, 35.339, 7.379, 22.39, 0, 0, -38.572, -39.577, -38.572, -39.577, 1, 109.132, 109.132, 0.025, 0.034, , , , , 8.553, 7.379, 22.39, , , 1, 0.5, 0, 0, 12.5, 5.773, 178, 0, 0, 0, 45, 0, 0, 87.231, 12.88, 100, 0, 0, 12, 12, 0, 0.55, 100.5, 0, 0, 103.5, 110.995, 0, 0, 0, 0, 0, 14.1, 0, 12.5, 0, 5.773, 178, 0, 0, 0, 45, 1, 0, 0, 87.231, 12.88, 100, 0, 0, 141, 12, 12, 0, 0.55, 0, 100.5, 0, 0, 103.5, 110.995, 0, 0, 0, 0, 
0.45, 24.836, , , 64.92, , -5.886, , 89.212, 89.212, , -135.979, -135.979, -135.979, , , 35.074, 35.447, 7.379, 22.39, 0, 0, -38.463, -39.465, -38.463, -39.465, 1, 108.835, 108.835, 0.025, 0.034, , , , , 8.56, 7.379, 22.39, , , 1, 0.551, 0, 0, 12.5, 5.758, 178, 0, 0, 0, 45, 0, 0, 87.591, 12.88, 100, 0, 0, 12, 12, 0, 0.55, 100.5, 0, 0, 103.5, 110.745, 0, 0, 0, 0, 0, 14.1, 0, 12.5, 0, 5.758, 178, 0, 0, 0, 45, 1, 0, 0, 87.591, 12.88, 100, 0, 0, 141, 12, 12, 0, 0.55, 0, 100.5, 0, 0, 103.5, 110.745, 0, 0, 0, 0, 
0.5, 24.834, , , 64.92, , -5.877, , 97.135, 97.135, , -135.776, -135.776, -135.776, , , 34.894, 35.555, 7.38, 22.39, 0, 0, -38.302, -39.299, -38.302, -39.299, 1, 108.538, 108.538, 0.025, 0.034, , , , , 8.567, 7.38, 22.39, , , 1, 0.601, 0, 0, 12.5, 5.743, 178, 0, 0, 0, 45, 0, 0, 87.951, 12.88, 100, 0, 0, 12, 12, 0, 0.55, 100.5, 0, 0, 103.5, 110.444, 0, 0, 0, 0, 0, 14.1, 0, 12.5, 0, 5.743, 178, 0, 0, 0, 45, 1, 0, 0, 87.951, 12.88, 100, 0, 0, 141, 12, 12, 0, 0.55, 0, 100.5, 0, 0, 103.5, 110.444, 0, 0, 0, 0, 
0.55, 24.832, , , 64.92, , -5.87, , 105.155, 105.155, , -135.614, -135.614, -135.614, , , 34.714, 35.663, 7.38, 22.39, 0, 0, -38.151, -39.145, -38.151, -39.145, 1, 108.24, 108.24, 0.025, 0.034, , , , , 8.574, 7.38, 22.39, , , 1, 0.65, 0, 0, 12.5, 5.728, 178, 0, 0, 0, 45, 0, 0, 88.311, 12.88, 100, 0, 0, 12, 12, 0, 0.55, 100.5, 0, 0, 103.5, 110.072, 0, 0, 0, 0, 0, 14.1, 0, 12.5, 0, 5.728, 178, 0, 0, 0, 45, 1, 0, 0, 88.311, 12.88, 100, 0, 0, 141, 12, 12, 0, 0.55, 0, 100.5, 0, 0, 103.5, 110.072, 0, 0, 0, 0, 
0.6, 24.831, , , 64.92, , -5.856, , 113.169, 113.169, , -135.312, -135.312, -135.312, , , 34.534, 35.771, 7.379, 22.39, 0, 0, -37.962, -38.951, -37.962, -38.951, 1, 107.948, 107.948, 0.025, 0.034, , , , , 8.548, 7.379, 22.39, , , 1, 0.7, 0, 0, 12.5, 5.712, 178, 0, 0, 0, 45, 0, 0, 88.671, 12.88, 100, 0, 0, 12, 12, 0, 0.55, 100.5, 0, 0, 103.5, 109.7, 0, 0, 0, 0, 0, 14.1, 0, 12.5, 0, 5.712, 178, 0, 0, 0, 45, 1, 0, 0, 88.671, 12.88, 100, 0, 0, 141, 12, 12, 0, 0.55, 0, 100.5, 0, 0, 103.5, 109.7, 0, 0, 0, 0, 
0.65, 24.829, , , 64.92, , -5.869, , 121.098, 121.098, , -135.616, -135.616, -135.616, , , 34.488, 35.844, 7.379, 22.39, 0, 0, -37.943, -38.932, -37.943, -38.932, 1, 107.652, 107.652, 0.025, 0.034, , , , , 8.52, 7.379, 22.39, , , 1, 0.751, 0, 0, 12.5, 5.697, 178, 0, 0, 0, 45, 0, 0, 89.031, 12.88, 100, 0, 0, 12, 12, 0, 0.55, 100.5, 0, 0, 103.5, 109.328, 0, 0, 0, 0, 0, 14.1, 0, 12.5, 0, 5.697, 178, 0, 0, 0, 45, 1, 0, 0, 89.031, 12.88, 100, 0, 0, 141, 12, 12, 0, 0.55, 0, 100.5, 0, 0, 103.5, 109.328, 0, 0, 0, 0, 
0.7, 24.827, , , 64.92, , -5.853, , 129.048, 129.048, , -135.259, -135.259, -135.259, , , 34.453, 35.913, 7.378, 22.39, 0, 0, -37.74, -38.724, -37.74, -38.724, 1, 107.356, 107.356, 0.025, 0.034, , , , , 8.492, 7.378, 22.39, , , 1, 0.801, 0, 0, 12.5, 5.681, 178, 0, 0, 0, 45, 0, 0, 89.391, 12.88, 100, 0, 0, 12, 12, 0, 0.55, 100.5, 0, 0, 103.5, 108.956, 0, 0, 0, 0, 0, 14.1, 0, 12.5, 0, 5.681, 178, 0, 0, 0, 45, 1, 0, 0, 89.391, 12.88, 100, 0, 0, 141, 12, 12, 0, 0.55, 0, 100.5, 0, 0, 103.5, 108.956, 0, 0, 0, 0, 
0.75, 24.825, , , 64.92, , -5.841, , 136.879, 136.879, , -134.982, -134.982, -134.982, , , 34.419, 35.983, 7.378, 22.39, 0, 0, -37.559, -38.538, -37.559, -38.538, 1, 107.061, 107.061, 0.025, 0.034, , , , , 8.464, 7.378, 22.39, , , 1, 0.85, 0, 0, 12.5, 5.666, 178, 0, 0, 0, 45, 0, 0, 89.6, 12.88, 100, 0, 0, 12, 12, 0, 0.55, 100.5, 0, 0, 103.5, 108.64, 0, 0, 0, 0, 0, 14.1, 0, 12.5, 0, 5.666, 178, 0, 0, 0, 45, 1, 0, 0, 89.6, 12.88, 100, 0, 0, 141, 12, 12, 0, 0.55, 0, 100.5, 0, 0, 103.5, 108.64, 0, 0, 0, 0, 
0.8, 24.823, , , 64.92, , -5.828, , 144.77, 144.77, , -134.688, -134.688, -134.688, , , 34.384, 36.052, 7.377, 22.39, 0, 0, -37.376, -38.35, -37.376, -38.35, 1, 106.77, 106.77, 0.025, 0.034, , , , , 8.419, 7.377, 22.39, , , 1, 0.901, 0, 0, 12.5, 5.652, 178, 0, 0, 0, 45, 0, 0, 89.6, 12.88, 100, 0, 0, 12, 12, 0, 0.55, 100.5, 0, 0, 103.5, 108.401, 0, 0, 0, 0, 0, 14.1, 0, 12.5, 0, 5.652, 178, 0, 0, 0, 45, 1, 0, 0, 89.6, 12.88, 100, 0, 0, 141, 12, 12, 0, 0.55, 0, 100.5, 0, 0, 103.5, 108.401, 0, 0, 0, 0, 
0.85, 24.821, , , 64.92, , -5.832, , 152.708, 152.708, , -134.778, -134.778, -134.778, , , 34.349, 36.122, 7.377, 22.39, 0, 0, -37.297, -38.268, -37.297, -38.268, 1, 106.474, 106.474, 0.025, 0.034, , , , , 8.373, 7.377, 22.39, , , 1, 0.951, 0, 0, 12.5, 5.637, 178, 0, 0, 0, 45, 0, 0, 89.6, 12.88, 100, 0, 0, 12, 12, 0, 0.55, 100.5, 0, 0, 103.5, 108.163, 0, 0, 0, 0, 0, 14.1, 0, 12.5, 0, 5.637, 178, 0, 0, 0, 45, 1, 0, 0, 89.6, 12.88, 100, 0, 0, 141, 12, 12, 0, 0.55, 0, 100.5, 0, 0, 103.5, 108.163, 0, 0, 0, 0, 
0.9, 24.819, , , 64.92, , -5.821, , 160.492, 160.492, , -134.527, -134.527, -134.527, , , 34.478, 36.306, 7.377, 22.39, 0, 0, -37.126, -38.093, -37.126, -38.093, 1, 106.183, 106.183, 0.025, 0.034, , , , , 8.327, 7.377, 22.39, , , 1, 1.001, 0, 0, 12.5, 5.623, 178, 0, 0, 0, 45, 0, 0, 89.6, 12.88, 100, 0, 0, 12, 12, 0, 0.55, 100.5, 0, 0, 103.5, 107.924, 0, 0, 0, 0, 0, 14.1, 0, 12.5, 0, 5.623, 178, 0, 0, 0, 45, 1, 0, 0, 89.6, 12.88, 100, 0, 0, 141, 12, 12, 0, 0.55, 0, 100.5, 0, 0, 103.5, 107.924, 0, 0, 0, 0, 
0.95, 24.817, , , 64.92, , -5.821, , 168.2, 168.2, , -134.536, -134.536, -134.536, , , 34.665, 36.53, 7.377, 22.39, 0, 0, -37.028, -37.991, -37.028, -37.991, 1, 105.893, 105.893, 0.025, 0.034, , , , , 8.281, 7.377, 22.39, , , 1, 1.051, 0, 0, 12.5, 5.608, 178, 0, 0, 0, 45, 0, 0, 89.6, 12.88, 100, 0, 0, 12, 12, 0, 0.55, 100.5, 0, 0, 103.5, 107.686, 0, 0, 0, 0, 0, 14.1, 0, 12.5, 0, 5.608, 178, 0, 0, 0, 45, 1, 0, 0, 89.6, 12.88, 100, 0, 0, 141, 12, 12, 0, 0.55, 0, 100.5, 0, 0, 103.5, 107.686, 0, 0, 0, 0, 
1, 24.815, 100.47, 64.27, 64.92, , -5.808, 0.975, 173.879, 173.879, , -134.252, -134.252, -134.252, , , 34.852, 36.754, 7.377, 22.39, 0, 0, -36.874, -37.834, -36.874, -37.834, 1, 105.683, 105.683, 0.025, 0.034, , , , , 8.266, 7.377, 22.39, , , 1, 1.102, 0, 0, 12.5, 5.592, 178.044, 0, 0, 0, 45, 0, 0, 89.64, 12.896, 100, 0, 0, 12, 12, 0, 0.55, 100.5, 0, 0, 103.5, 107.39, 0, 0, 0, 0, 0, 14.1, 0, 12.5, 0, 5.592, 178.044, 0, 0, 0, 45, 1, 0, 0, 89.64, 12.896, 100, 0, 0, 141, 12, 12, 0, 0.55, 0, 100.5, 0, 0, 103.5, 107.39, 0, 0, 0, 0, 
1.05, 24.813, 100.47, 64.27, 64.92, , -5.803, 0.975, 181.602, 181.602, , -134.145, -134.145, -134.145, , , 35.038, 36.978, 7.377, 22.39, 0, 0, -36.744, -37.699, -36.744, -37.699, 1, 105.391, 105.391, 0.025, 0.034, , , , , 8.266, 7.377, 22.39, , , 1, 1.151, 0, 0, 12.5, 5.569, 178.244, 0, 0, 0, 45, 0, 0, 89.82, 12.97, 100, 0, 0, 12, 12, 0, 0.548, 100.5, 0, 0, 103.5, 106.892, 0, 0, 0, 0, 0, 14.1, 0, 12.5, 0, 5.569, 178.244, 0, 0, 0, 45, 1, 0, 0, 89.82, 12.97, 100, 0, 0, 141, 12, 12, 0, 0.548, 0, 100.5, 0, 0, 103.5, 106.892, 0, 0, 0, 0, 
1.1, 24.812, 100.47, 64.27, 64.92, , -5.805, 0.975, 189.29, 189.29, , -134.197, -134.197, -134.197, , , 35.225, 37.202, 7.377, 22.39, 0, 0, -36.658, -37.611, -36.658, -37.611, 1, 105.104, 105.104, 0.025, 0.034, , , , , 8.267, 7.377, 22.39, , , 1, 1.2, 0, 0, 12.5, 5.545, 178.444, 0, 0, 0, 45, 0, 0, 90, 13.044, 100, 0, 0, 12, 12, 0, 0.546, 100.5, 0, 0, 103.5, 106.394, 0, 0, 0, 0, 0, 14.1, 0, 12.5, 0, 5.545, 178.444, 0, 0, 0, 45, 1, 0, 0, 90, 13.044, 100, 0, 0, 141, 12, 12, 0, 0.546, 0, 100.5, 0, 0, 103.5, 106.394, 0, 0, 0, 0, 
1.15, 24.81, 100.47, 64.27, 64.92, , -5.792, 0.975, 197.073, 197.073, , -133.906, -133.906, -133.906, , , 35.273, 36.856, 7.377, 22.39, 0, 0, -36.477, -37.426, -36.477, -37.426, 1, 104.81, 104.81, 0.025, 0.034, , , , , 8.267, 7.377, 22.39, , , 1, 1.25, 0, 0, 12.5, 5.522, 178.644, 0, 0, 0, 45, 0, 0, 90.18, 13.118, 100, 0, 0, 12, 12, 0, 0.544, 100.5, 0, 0, 103.5, 105.896, 0, 0, 0, 0, 0, 14.1, 0, 12.5, 0, 5.522, 178.644, 0, 0, 0, 45, 1, 0, 0, 90.18, 13.118, 100, 0, 0, 141, 12, 12, 0, 0.544, 0, 100.5, 0, 0, 103.5, 105.896, 0, 0, 0, 0, 
1.2, 24.808, 100.47, 64.27, 64.92, , -5.787, 0.975, 204.801, 204.801, , -133.792, -133.792, -133.792, , , 35.309, 36.46, 7.377, 22.39, 0, 0, -36.344, -37.29, -36.344, -37.29, 1, 104.516, 104.516, 0.025, 0.034, , , , , 8.25, 7.377, 22.39, , , 1, 1.301, 0, 0, 12.5, 5.499, 178.844, 0, 0, 0, 45, 0, 0, 90.36, 13.192, 100, 0, 0, 12, 12, 0, 0.542, 100.5, 0, 0, 103.5, 105.398, 0, 0, 0, 0, 0, 14.1, 0, 12.5, 0, 5.499, 178.844, 0, 0, 0, 45, 1, 0, 0, 90.36, 13.192, 100, 0, 0, 141, 12, 12, 0, 0.542, 0, 100.5, 0, 0, 103.5, 105.398, 0, 0, 0, 0, 
1.25, 24.806, 100.47, 64.27, 64.92, , -5.765, 0.975, 212.484, 212.484, , -133.279, -133.279, -133.279, , , 35.345, 36.064, 7.377, 22.39, 0, 0, -36.104, -37.044, -36.104, -37.044, 1, 104.228, 104.228, 0.025, 0.034, , , , , 8.214, 7.377, 22.39, , , 1, 1.351, 0, 0, 12.5, 5.479, 179.048, 0, 0, 0, 45, 0, 0, 90.543, 13.25, 100, 0, 0, 12, 12, 0, 0.54, 100.5, 0, 0, 103.5, 104.98, 0, 0, 0, 0, 0, 14.1, 0, 12.5, 0, 5.479, 179.048, 0, 0, 0, 45, 1, 0, 0, 90.543, 13.25, 100, 0, 0, 141, 12, 12, 0, 0.54, 0, 100.5, 0, 0, 103.5, 104.98, 0, 0, 0, 0, 
1.3, 24.804, 100.47, 64.27, 64.92, , -5.76, 0.975, 220.167, 220.167, , -133.179, -133.179, -133.179, , , 35.381, 35.668, 7.377, 22.39, 0, 0, -35.976, -36.913, -35.976, -36.913, 1, 103.94, 103.94, 0.025, 0.034, , , , , 8.178, 7.377, 22.39, , , 1, 1.401, 0, 0, 12.5, 5.471, 179.265, 0, 0, 0, 45, 0, 0, 90.739, 13.25, 100, 0, 0, 12, 12, 0, 0.537, 100.5, 0, 0, 103.5, 104.846, 0, 0, 0, 0, 0, 14.1, 0, 12.5, 0, 5.471, 179.265, 0, 0, 0, 45, 1, 0, 0, 90.739, 13.25, 100, 0, 0, 141, 12, 12, 0, 0.537, 0, 100.5, 0, 0, 103.5, 104.846, 0, 0, 0, 0, 
1.35, 24.802, 100.47, 64.27, 64.92, , -5.744, 0.975, 227.85, 227.85, , -132.806, -132.806, -132.806, , , 35.417, 35.272, 7.377, 22.39, 0, 0, -35.775, -36.705, -35.775, -36.705, 1, 103.651, 103.651, 0.025, 0.034, , , , , 8.143, 7.377, 22.39, , , 1, 1.451, 0, 0, 12.5, 5.463, 179.483, 0, 0, 0, 45, 0, 0, 90.934, 13.25, 100, 0, 0, 12, 12, 0, 0.535, 100.5, 0, 0, 103.5, 104.711, 0, 0, 0, 0, 0, 14.1, 0, 12.5, 0, 5.463, 179.483, 0, 0, 0, 45, 1, 0, 0, 90.934, 13.25, 100, 0, 0, 141, 12, 12, 0, 0.535, 0, 100.5, 0, 0, 103.5, 104.711, 0, 0, 0, 0, 
1.4, 24.8, 100.47, 64.27, 64.92, , -5.739, 0.975, 235.383, 235.383, , -132.685, -132.685, -132.685, , , 35.586, 35.306, 7.377, 22.39, 0, 0, -35.644, -36.57, -35.644, -36.57, 1, 103.36, 103.36, 0.025, 0.034, , , , , 8.096, 7.377, 22.39, , , 1, 1.501, 0, 0, 12.5, 5.455, 179.7, 0, 0, 0, 45, 0, 0, 91.13, 13.25, 100, 0, 0, 12, 12, 0, 0.533, 100.5, 0, 0, 103.5, 104.576, 0, 0, 0, 0, 0, 14.1, 0, 12.5, 0, 5.455, 179.7, 0, 0, 0, 45, 1, 0, 0, 91.13, 13.25, 100, 0, 0, 141, 12, 12, 0, 0.533, 0, 100.5, 0, 0, 103.5, 104.576, 0, 0, 0, 0, 
1.45, , 100.47, 64.27, , , -5.727, 0.975, 243.066, 243.066, , -132.419, -132.419, -132.419, , , 35.766, 35.378, 7.377, 22.39, 0, 0, -35.473, -36.395, -35.473, -36.395, 1, 103.074, 103.074, 0.025, 0.034, , , , , 8.016, 7.377, 22.39, , , 1, 1.551, 0, 0, 12.5, 5.447, 179.917, 0, 0, 0, 45, 0, 0, 91.326, 13.25, 100, 0, 0, 12, 12, 0, 0.531, 100.5, 0, 0, 103.5, 104.441, 0, 0, 0, 0, 0, 14.1, 0, 12.5, 0, 5.447, 179.917, 0, 0, 0, 45, 1, 0, 0, 91.326, 13.25, 100, 0, 0, 141, 12, 12, 0, 0.531, 0, 100.5, 0, 0, 103.5, 104.441, 0, 0, 0, 0, 
1.5, , 100.47, 64.27, , , -5.731, 0.975, 250.598, 250.598, , -132.527, -132.527, -132.527, , , 35.946, 35.45, 7.377, 22.39, 0, 0, -35.404, -36.324, -35.404, -36.324, 1, 102.782, 102.782, 0.025, 0.034, , , , , 7.936, 7.377, 22.39, , , 1, 1.601, 0, 0, 12.5, 5.431, 180, 0, 0, 0, 45, 0, 0, 91.722, 13.316, 100, 0, 0, 12, 12, 0, 0.532, 100.5, 0, 0, 103.5, 104.168, 0, 0, 0, 0, 0, 14.1, 0, 12.5, 0, 5.431, 180, 0, 0, 0, 45, 1, 0, 0, 91.722, 13.316, 100, 0, 0, 141, 12, 12, 0, 0.532, 0, 100.5, 0, 0, 103.5, 104.168, 0, 0, 0, 0, 
1.55, , 100.47, 64.27, , , -5.719, 0.975, 258.251, 258.251, , -132.254, -132.254, -132.254, , , 36.126, 35.522, 7.377, 22.39, 0, 0, -35.231, -36.146, -35.231, -36.146, 1, 102.496, 102.496, 0.025, 0.033, , , , , 7.856, 7.377, 22.39, , , 1, 1.651, 0, 0, 12.5, 5.41, 180, 0, 0, 0, 45, 0, 0, 92.241, 13.423, 100, 0, 0, 12, 12, 0, 0.536, 100.5, 0, 0, 103.5, 103.809, 0, 0, 0, 0, 0, 14.1, 0, 12.5, 0, 5.41, 180, 0, 0, 0, 45, 1, 0, 0, 92.241, 13.423, 100, 0, 0, 141, 12, 12, 0, 0.536, 0, 100.5, 0, 0, 103.5, 103.809, 0, 0, 0, 0, 
1.6, , 100.47, 64.27, , , -5.713, 0.975, 265.813, 265.813, , -132.122, -132.122, -132.122, , , 36.306, 35.594, 7.378, 22.39, 0, 0, -35.097, -36.009, -35.097, -36.009, 1, 102.208, 102.208, 0.025, 0.033, , , , , 7.776, 7.378, 22.39, , , 1, 1.701, 0, 0, 12.5, 5.389, 180, 0, 0, 0, 45, 0, 0, 92.76, 13.53, 100, 0, 0, 12, 12, 0, 0.54, 100.5, 0, 0, 103.5, 103.45, 0, 0, 0, 0, 0, 14.1, 0, 12.5, 0, 5.389, 180, 0, 0, 0, 45, 1, 0, 0, 92.76, 13.53, 100, 0, 0, 141, 12, 12, 0, 0.54, 0, 100.5, 0, 0, 103.5, 103.45, 0, 0, 0, 0, 
1.65, , 100.47, 64.27, , , -5.708, 0.975, 273.345, 273.345, , -132.011, -132.011, -132.011, , , 36.188, 35.534, 7.378, 22.39, 0, 0, -34.968, -35.877, -34.968, -35.877, 1, 101.921, 101.921, 0.024, 0.033, , , , , 7.697, 7.378, 22.39, , , 1, 1.751, 0, 0, 12.5, 5.368, 180, 0, 0, 0, 45, 0, 0, 93.28, 13.636, 100, 0, 0, 12, 12, 0, 0.544, 100.5, 0, 0, 103.5, 103.092, 0, 0, 0, 0, 0, 14.1, 0, 12.5, 0, 5.368, 180, 0, 0, 0, 45, 1, 0, 0, 93.28, 13.636, 100, 0, 0, 141, 12, 12, 0, 0.544, 0, 100.5, 0, 0, 103.5, 103.092, 0, 0, 0, 0, 
1.7, , 100.47, 64.27, , , -5.696, 0.975, 280.783, 280.783, , -131.73, -131.73, -131.73, , , 36.044, 35.462, 7.379, 22.39, 0, 0, -34.796, -35.7, -34.796, -35.7, 1, 101.633, 101.633, 0.024, 0.033, , , , , 7.617, 7.379, 22.39, , , 1, 1.801, 0, 0, 12.5, 5.348, 180, 0, 0, 0, 45, 0, 0, 93.799, 13.743, 100, 0, 0, 12, 12, 0, 0.548, 100.5, 0, 0, 103.5, 102.733, 0, 0, 0, 0, 0, 14.1, 0, 12.5, 0, 5.348, 180, 0, 0, 0, 45, 1, 0, 0, 93.799, 13.743, 100, 0, 0, 141, 12, 12, 0, 0.548, 0, 100.5, 0, 0, 103.5, 102.733, 0, 0, 0, 0, 
1.75, , 100.47, 64.27, , , -5.69, 0.975, 288.259, 288.259, , -131.6, -131.6, -131.6, , , 35.9, 35.39, 7.379, 22.39, 0, 0, -34.663, -35.564, -34.663, -35.564, 1, 101.345, 101.345, 0.024, 0.033, , , , , 7.538, 7.379, 22.39, , , 1, 1.851, 0, 0, 12.5, 5.332, 180, 0, 0, 0, 45, 0, 0, 94.179, 13.821, 100, 0, 0, 12, 12, 0, 0.55, 100.5, 0, 0, 103.5, 102.47, 0, 0, 0, 0, 0, 14.1, 0, 12.5, 0, 5.332, 180, 0, 0, 0, 45, 1, 0, 0, 94.179, 13.821, 100, 0, 0, 141, 12, 12, 0, 0.55, 0, 100.5, 0, 0, 103.5, 102.47, 0, 0, 0, 0, 
1.8, , 100.47, 64.27, , , -5.671, 0.975, 295.791, 295.791, , -131.159, -131.159, -131.159, , , 35.756, 35.318, 7.38, 22.39, 0, 0, -34.449, -35.344, -34.449, -35.344, 1, 101.061, 101.061, 0.024, 0.033, , , , , 7.459, 7.38, 22.39, , , 1, 1.901, 0, 0, 12.5, 5.324, 180, 0, 0, 0, 45, 0, 0, 94.366, 13.86, 100, 0, 0, 12, 12, 0, 0.55, 100.5, 0, 0, 103.5, 102.34, 0, 0, 0, 0, 0, 14.1, 0, 12.5, 0, 5.324, 180, 0, 0, 0, 45, 1, 0, 0, 94.366, 13.86, 100, 0, 0, 141, 12, 12, 0, 0.55, 0, 100.5, 0, 0, 103.5, 102.34, 0, 0, 0, 0, 
1.85, , 100.47, 64.27, , , -5.669, 0.975, 303.172, 303.172, , -131.138, -131.138, -131.138, , , 35.612, 35.246, 7.38, 22.39, 0, 0, -34.347, -35.24, -34.347, -35.24, 1, 100.773, 100.773, 0.024, 0.033, , , , , 7.413, 7.38, 22.39, , , 1, 1.951, 0, 0, 12.5, 5.316, 180, 0, 0, 0, 45, 0, 0, 94.554, 13.898, 100, 0, 0, 12, 12, 0, 0.55, 100.5, 0, 0, 103.5, 102.21, 0, 0, 0, 0, 0, 14.1, 0, 12.5, 0, 5.316, 180, 0, 0, 0, 45, 1, 0, 0, 94.554, 13.898, 100, 0, 0, 141, 12, 12, 0, 0.55, 0, 100.5, 0, 0, 103.5, 102.21, 0, 0, 0, 0, 
1.9, , 100.47, 64.27, , , -5.657, 0.975, 310.554, 310.554, , -130.851, -130.851, -130.851, , , 35.501, 35.339, 7.38, 22.39, 0, 0, -34.176, -35.065, -34.176, -35.065, 1, 100.489, 100.489, 0.024, 0.033, , , , , 7.369, 7.38, 22.39, , , 1, 2.001, 0, 0, 12.5, 5.308, 180, 0, 0, 0, 45, 0, 0, 94.741, 13.937, 100, 0, 0, 12, 12, 0, 0.55, 100.5, 0, 0, 103.5, 102.08, 0, 0, 0, 0, 0, 14.1, 0, 12.5, 0, 5.308, 180, 0, 0, 0, 45, 1, 0, 0, 94.741, 13.937, 100, 0, 0, 141, 12, 12, 0, 0.55, 0, 100.5, 0, 0, 103.5, 102.08, 0, 0, 0, 0, 
1.95, , 100.47, 64.27, , , -5.652, 0.975, 317.996, 317.996, , -130.753, -130.753, -130.753, , , 35.393, 35.447, 7.38, 22.39, 0, 0, -34.054, -34.939, -34.054, -34.939, 1, 100.207, 100.207, 0.025, 0.034, , , , , 7.325, 7.38, 22.39, , , 1, 2.051, 0, 0, 12.5, 5.3, 180, 0, 0, 0, 45, 0, 0, 94.929, 13.975, 100, 0, 0, 12, 12, 0, 0.55, 100.5, 0, 0, 103.5, 101.949, 0, 0, 0, 0, 0, 14.1, 0, 12.5, 0, 5.3, 180, 0, 0, 0, 45, 1, 0, 0, 94.929, 13.975, 100, 0, 0, 141, 12, 12, 0, 0.55, 0, 100.5, 0, 0, 103.5, 101.949, 0, 0, 0, 0, 
2, , 100.47, 64.27, , , -5.635, 0.975, 325.439, 325.439, , -130.345, -130.345, -130.345, , , 35.285, 35.555, 7.38, 22.39, 0, 0, -33.851, -34.73, -33.851, -34.73, 1, 99.922, 99.922, 0.025, 0.034, , , , , 7.28, 7.38, 22.39, , , 1, 2.101, 0, 0, 12.5, 5.284, 180, 0, 0, 0, 45, 0, 0, 95.107, 13.99, 100, 0, 0, 12, 12, 0, 0.55, 100.5, 0, 0, 103.5, 101.604, 0, 0, 0, 0, 0, 14.1, 0, 12.5, 0, 5.284, 180, 0, 0, 0, 45, 1, 0, 0, 95.107, 13.99, 100, 0, 0, 141, 12, 12, 0, 0.55, 0, 100.5, 0, 0, 103.5, 101.604, 0, 0, 0, 0, 
2.05, , 100.47, 64.27, , , -5.633, 0.975, 332.736, 332.736, , -130.312, -130.312, -130.312, , , 35.177, 35.663, 7.38, 22.39, 0, 0, -33.746, -34.623, -33.746, -34.623, 1, 99.638, 99.638, 0.025, 0.034, , , , , 7.285, 7.38, 22.39, , , 1, 2.151, 0, 0, 12.5, 5.264, 180, 0, 0, 0, 45, 0, 0, 95.28, 13.99, 100, 0, 0, 12, 12, 0, 0.55, 100.5, 0, 0, 103.5, 101.127, 0, 0, 0, 0, 0, 14.1, 0, 12.5, 0, 5.264, 180, 0, 0, 0, 45, 1, 0, 0, 95.28, 13.99, 100, 0, 0, 141, 12, 12, 0, 0.55, 0, 100.5, 0, 0, 103.5, 101.127, 0, 0, 0, 0, 
2.1, , 100.47, 64.27, , , -5.618, 0.975, 340.034, 340.034, , -129.972, -129.972, -129.972, , , 35.069, 35.771, 7.38, 22.39, 0, 0, -33.563, -34.436, -33.563, -34.436, 1, 99.356, 99.356, 0.025, 0.034, , , , , 7.292, 7.38, 22.39, , , 1, 2.201, 0, 0, 12.5, 5.243, 180, 0, 0, 0, 45, 0, 0, 95.453, 13.99, 100, 0, 0, 12, 12, 0, 0.55, 100.5, 0, 0, 103.5, 100.65, 0, 0, 0, 0, 0, 14.1, 0, 12.5, 0, 5.243, 180, 0, 0, 0, 45, 1, 0, 0, 95.453, 13.99, 100, 0, 0, 141, 12, 12, 0, 0.55, 0, 100.5, 0, 0, 103.5, 100.65, 0, 0, 0, 0, 
2.15, , 100.47, 64.27, , , -5.605, 0.975, 347.331, 347.331, , -129.662, -129.662, -129.662, , , 35.093, 35.846, 7.38, 22.39, 0, 0, -33.388, -34.257, -33.388, -34.257, 1, 99.075, 99.075, 0.025, 0.034, , , , , 7.299, 7.38, 22.39, , , 1, 2.251, 0, 0, 12.5, 5.223, 180, 0, 0, 0, 45, 0, 0, 95.627, 13.99, 100, 0, 0, 12, 12, 0, 0.55, 100.5, 0, 0, 103.5, 100.174, 0, 0, 0, 0, 0, 14.1, 0, 12.5, 0, 5.223, 180, 0, 0, 0, 45, 1, 0, 0, 95.627, 13.99, 100, 0, 0, 141, 12, 12, 0, 0.55, 0, 100.5, 0, 0, 103.5, 100.174, 0, 0, 0, 0, 
2.2, , 100.47, 64.27, , , -5.6, 0.975, 354.628, 354.628, , -129.556, -129.556, -129.556, , , 35.129, 35.918, 7.38, 22.39, 0, 0, -33.265, -34.131, -33.265, -34.131, 1, 98.791, 98.791, 0.025, 0.034, -297.998, -305.761, -297.998, -305.761, 7.305, 7.38, 22.39, , , 1, 2.301, 0, 0, 12.5, 5.202, 180, 0, 0, 0, 45, 0, 0, 95.8, 13.99, 100, 0, 0, 12, 12, 0, 0.55, 100.5, 0, 0, 103.5, 99.697, 0, 0, 0, 0, 0, 14.1, 0, 12.5, 0, 5.202, 180, 0, 0, 0, 45, 1, 0, 0, 95.8, 13.99, 100, 0, 0, 141, 12, 12, 0, 0.55, 0, 100.5, 0, 0, 103.5, 99.697, 0, 0, 0, 0, 
2.25, , 100.47, 64.27, , , -5.594, 0.975, 361.925, 361.925, , -129.439, -129.439, -129.439, , , 35.165, 35.99, 7.379, 22.39, 0, 0, -33.139, -34.002, -33.139, -34.002, 1, 98.51, 98.51, 0.025, 0.034, -174.967, -179.523, -174.967, -179.523, 7.325, 7.379, 22.39, , , 1, 2.351, 0, 0, 12.5, 5.187, 180, 0, 0, 0, 45, 0, 0, 95.979, 13.99, 100, 0, 0, 12, 12, 0, 0.55, 100.5, 0, 0, 103.5, 99.366, 0, 0, 0, 0, 0, 14.1, 0, 12.5, 0, 5.187, 180, 0, 0, 0, 45, 1, 0, 0, 95.979, 13.99, 100, 0, 0, 141, 12, 12, 0, 0.55, 0, 100.5, 0, 0, 103.5, 99.366, 0, 0, 0, 0, 
2.3, , , , , , -5.597, , 369.222, 369.222, , -129.504, -129.504, -129.504, , , 35.201, 36.062, 7.379, 22.39, 0, 0, -33.061, -33.921, -33.061, -33.921, 1, 98.227, 98.227, 0.025, 0.034, -130.827, -134.235, -130.827, -134.235, 7.351, 7.379, 22.39, , , 1, 2.401, 0, 0, 12.5, 5.179, 180, 0, 0, 0, 45, 0, 0, 96.166, 13.99, 100, 0, 0, 12, 12, 0, 0.55, 100.5, 0, 0, 103.5, 99.237, 0, 0, 0, 0, 0, 14.1, 0, 12.5, 0, 5.179, 180, 0, 0, 0, 45, 1, 0, 0, 96.166, 13.99, 100, 0, 0, 141, 12, 12, 0, 0.55, 0, 100.5, 0, 0, 103.5, 99.237, 0, 0, 0, 0, 
2.35, , , , , , -5.585, , 376.501, 376.501, , -129.233, -129.233, -129.233, , , 35.237, 36.134, 7.378, 22.39, 0, 0, -32.897, -33.752, -32.897, -33.752, 1, 97.948, 97.948, 0.025, 0.033, -121.456, -124.62, -121.456, -124.62, 7.377, 7.378, 22.39, , , 1, 2.451, 0, 0, 12.5, 5.172, 180, 0, 0, 0, 45, 0, 0, 96.354, 13.99, 100, 0, 0, 12, 12, 0, 0.55, 100.5, 0, 0, 103.5, 99.107, 0, 0, 0, 0, 0, 14.1, 0, 12.5, 0, 5.172, 180, 0, 0, 0, 45, 1, 0, 0, 96.354, 13.99, 100, 0, 0, 141, 12, 12, 0, 0.55, 0, 100.5, 0, 0, 103.5, 99.107, 0, 0, 0, 0, 
2.4, , , , , , -5.596, , 383.669, 383.669, 0.131, -129.499, -129.499, -129.499, , 78.917, 35.108, 36.239, 7.378, 22.39, 0, 0, -32.871, -33.725, -32.871, -33.725, 1, 97.665, 97.665, 0.025, 0.033, -121.456, -124.62, -121.456, -124.62, 7.403, 7.378, 22.39, , , 1, 2.501, 0, 0, 12.5, 5.164, 180, 0, 0, 0, 45, 0, 0, 96.541, 13.99, 100, 0, 0, 12, 12, 0, 0.55, 100.5, 0, 0, 103.5, 98.978, 0, 0, 0, 0, 0, 14.1, 0, 12.5, 0, 5.164, 180, 0, 0, 0, 45, 1, 0, 0, 96.541, 13.99, 100, 0, 0, 141, 12, 12, 0, 0.55, 0, 100.5, 0, 0, 103.5, 98.978, 0, 0, 0, 0, 
2.45, , , , , , -5.583, , 390.82, 390.82, 1.765, -129.209, -129.209, -129.209, 22.044, 67.254, 34.964, 36.347, 7.378, 22.39, 0, 0, -32.709, -33.561, -32.709, -33.561, 1, 97.384, 97.384, 0.025, 0.033, -61.272, -62.868, -61.272, -62.868, 7.426, 7.378, 22.39, , , 1, 2.551, 0, 0, 12.5, 5.156, 180, 0, 0, 0, 45, 0, 0, 96.729, 13.99, 100, 0, 0, 12, 12, 0, 0.55, 100.5, 0, 0, 103.5, 98.849, 0, 0, 0, 0, 0, 14.1, 0, 12.5, 0, 5.156, 180, 0, 0, 0, 45, 1, 0, 0, 96.729, 13.99, 100, 0, 0, 141, 12, 12, 0, 0.55, 0, 100.5, 0, 0, 103.5, 98.849, 0, 0, 0, 0, 
2.5, , , , , , -5.582, , 396.312, 396.312, 3.399, -129.19, -129.19, -129.19, 40.451, 55.59, 34.82, 36.455, 7.378, 22.39, 0, 0, -32.658, -33.507, -32.658, -33.507, 1, 97.215, 97.215, 0.025, 0.033, -43.419, -44.552, -43.419, -44.552, 7.448, 7.378, 22.39, , , 1, 2.583, , , , , , , , , , , , , , , , , , , , , , , , , , , , , , , , , , , , , , , , , , , , , , , , , , , , , , , , , , , , , , , , 
2.55, , , , , , -5.565, , 399.921, 399.921, 4.998, -128.787, -128.787, -128.787, 50.564, 44.863, 34.676, 36.563, 7.379, 22.39, 0, 0, -32.509, -33.354, -32.509, -33.354, 1, 97.076, 97.076, 0.025, 0.033, , , , , 7.47, 7.379, 22.39, , , 1, 2.608, , , , , , , , , , , , , , , , , , , , , , , , , , , , , , , , , , , , , , , , , , , , , , , , , , , , , , , , , , , , , , , , 
2.6, , , , , , -5.568, , 403.459, 403.459, , -128.854, -128.854, -128.854, , , 34.532, 36.671, 7.379, 22.39, 0, 0, -32.478, -33.325, -32.478, -33.325, 1, 96.934, 96.934, 0.025, 0.033, , , , , 7.492, 7.379, 22.39, , , 1, 2.633, , , , , , , , , , , , , , , , , , , , , , , , , , , , , , , , , , , , , , , , , , , , , , , , , , , , , , , , , , , , , , , , 
2.65, , , , , , -5.539, , 407.019, 407.019, , -128.187, -128.187, -128.187, , , , , 7.38, 22.39, 0, 0, -32.262, -33.105, -32.262, -33.105, 1, 96.796, 96.796, , , , , , , , 7.38, 22.39, , , 1, 2.659, , , , , , , , , , , , , , , , , , , , , , , , , , , , , , , , , , , , , , , , , , , , , , , , , , , , , , , , , , , , , , , , 
2.7, , , , , , , , 410.605, 410.605, , , , , , , , , , , , , , , , , , , , , , , , , , , , , , , , , , , , , , , , , , , , , , , , , , , , , , , , , , , , , , , , , , , , , , , , , , , , , , , , , , , , , , , , , , , , , , , , 
