Time, (DWRT ATMO) Humidity, (DWRT ATMO) Pressure, (DWRT ATMO) Temperature 1, (DWRT ATMO) Temperature 2, (DWRT CPU) ????????????????????????????????????????????????????????????????, (DWRT CPU) Acceleration, (DWRT CPU) Correction Factor, (DWRT CPU) Distance, (DWRT CPU) Distance 1, (DWRT CPU) Engine RPM, (DWRT CPU) Force, (DWRT CPU) Force 1, (DWRT CPU) Force Drum 1, (DWRT CPU) Gear Ratio, (DWRT CPU) Inductive 1 Signal Strength, (DWRT CPU) Internal Temp 1, (DWRT CPU) Internal Temp 2, (DWRT CPU) LC1 Volts Petrol AFR, (DWRT CPU) LC2 Volts Petrol AFR2, (DWRT CPU) Link 0 Status, (DWRT CPU) Link 1 Status, (DWRT CPU) Power, (DWRT CPU) Power (uncorrected), (DWRT CPU) Power Drum 1, (DWRT CPU) Power Drum 1 (uncorrected), (DWRT CPU) Sampling, (DWRT CPU) Speed, (DWRT CPU) Speed 1, (DWRT CPU) TCP RX kB/s, (DWRT CPU) TCP TX kB/s, (DWRT CPU) Torque, (DWRT CPU) Torque (uncorrected), (DWRT CPU) Torque Drum 1, (DWRT CPU) Torque Drum 1 (uncorrected), (DWRT CPU) UDP RX kB/s, (DWRT CPU) User Analog 1, (DWRT CPU) User Analog 2, (DWRT CPU) User Analog 3, (DWRT CPU) User Analog 4, (Gen) Sampling, (Gen) Sampling Duration, (Harley - ECU Type 14 SW Level 141) Accel Enrichment, (Harley - ECU Type 14 SW Level 141) Decel Enleanment, (Harley - ECU Type 14 SW Level 141) Desired Air/Fuel, (Harley - ECU Type 14 SW Level 141) Engine Speed, (Harley - ECU Type 14 SW Level 141) Engine Temperature, (Harley - ECU Type 14 SW Level 141) Front Adaptive Fuel Factor, (Harley - ECU Type 14 SW Level 141) Front Closed Loop Integrator, (Harley - ECU Type 14 SW Level 141) Front Spark Knock Retard, (Harley - ECU Type 14 SW Level 141) Idle Air Control Motor Position, (Harley - ECU Type 14 SW Level 141) Injector Time Front, (Harley - ECU Type 14 SW Level 141) Injector Time Rear, (Harley - ECU Type 14 SW Level 141) Intake Air Temperature, (Harley - ECU Type 14 SW Level 141) Manifold Absolute Pressure, (Harley - ECU Type 14 SW Level 141) Rear Adaptive Fuel Factor, (Harley - ECU Type 14 SW Level 141) Rear Closed Loop Integrator, (Harley - ECU Type 14 SW Level 141) Rear Spark Knock Retard, (Harley - ECU Type 14 SW Level 141) Spark Advance Front, (Harley - ECU Type 14 SW Level 141) Spark Advance Rear, (Harley - ECU Type 14 SW Level 141) Throttle Position, (Harley - ECU Type 14 SW Level 141) Throttle Position Sensor Voltage, (Harley - ECU Type 14 SW Level 141) VE Front, (Harley - ECU Type 14 SW Level 141) VE New Front, (Harley - ECU Type 14 SW Level 141) VE New Rear, (Harley - ECU Type 14 SW Level 141) VE Rear, (Harley - ECU Type 14 SW Level 141) Vehicle Speed, (Harley - ECU Type 14 SW Level 141) WBO2 AFR Front, (Harley - ECU Type 14 SW Level 141) WBO2 AFR Rear, (PV) Accel Enrichment, (PV) AT Lambda 1, (PV) AT Lambda 2, (PV) Battery Voltage, (PV) Decel Enleanment, (PV) Desired Air/Fuel, (PV) Desired Lambda, (PV) Engine Speed, (PV) Engine Temperature, (PV) Front Adaptive Fuel Factor, (PV) Front Closed Loop Integrator, (PV) Front Spark Knock Retard, (PV) Idle Air Control Motor Position, (PV) Idle Set Speed, (PV) Injector Time Front, (PV) Injector Time Rear, (PV) Intake Air Temperature, (PV) Manifold Absolute Pressure, (PV) Rear Adaptive Fuel Factor, (PV) Rear Closed Loop Integrator, (PV) Rear Spark Knock Retard, (PV) Software Level, (PV) Spark Advance Front, (PV) Spark Advance Rear, (PV) Throttle Position, (PV) Throttle Position Sensor, (PV) Twistgrip Position, (PV) VE Front, (PV) VE New Front, (PV) VE New Rear, (PV) VE Rear, (PV) Vehicle Speed, (PV) Warm-up Fuel AFR (Lambda), (PV) Warm-up Fuel AFR (Ratio), (PV) WBO2 AFR Front, (PV) WBO2 AFR Rear, 
0, , , , , , 0.444, , , , , 12.09, 12.09, 12.09, , , , , , , , , , , , , , , , , , , , , , , , , , , , , , , , , , , , , , , , , , , , , , , , , , , , , , , , , , , , , , , , , , , , , , , , , , , , , , , , , , , , , , , , , , , , 
0.05, , , , , , 0.521, , , , , 13.916, 13.916, 13.916, , , , , , , , , , , , , , , , , , , , , , , , , , , , , , , , , , , , , , , , , , , , , , , , , , , , , , , , , , , , , , , , , , , , , , , , , , , , , , , , , , , , , , , , , , , , 
0.1, , , , , , 0.598, , , , 1.769, 15.743, 15.743, 15.743, , , , , 7.377, 12.461, , , , , , , , 26.324, 26.324, , , , , , , , 7.377, 12.461, , , 1, 0.024, 0, 0, 14.4, 1.769, 158, 0, 0, 0, 41.993, 4.909, 4.799, 116.6, 35.385, 100, 0, 0, 20.007, 20.007, 4, 0.72, 90.5, 0, 0, 98.007, 26.109, 0, 0, 0, 0, 0, 14, 0, 14.4, 0, 1.769, 158, 0, 0, 0, 41.993, 1, 0.005, 0.005, 116.6, 35.385, 100, 0, 0, 141, 20.007, 20.007, 4, 0.72, 0, 90.5, 0, 0, 98.007, 26.109, 0, 0, 0, 0, 
0.15, 23.59, , , 63.28, , 0.634, , 4.575, 4.575, 1.771, 16.588, 16.588, 16.588, , , , , 7.378, 12.44, 0, 0, 1.25, 1.289, 1.25, 1.289, 1, 26.379, 26.379, 0.025, 0.276, 3.699, 3.812, 3.699, 3.812, 4.23, 7.378, 12.44, , , 1, 0.098, 0, 0, 14.4, 1.771, 158, 0, 0, 0, 41.933, 4.898, 4.791, 116.6, 35.341, 100, 0, 0, 20.067, 20.067, 4, 0.72, 90.5, 0, 0, 98.067, 26.182, 0, 0, 0, 0, 0, 14, 0, 14.4, 0, 1.771, 158, 0, 0, 0, 41.933, 1, 0.005, 0.005, 116.6, 35.341, 100, 0, 0, 141, 20.067, 20.067, 4, 0.72, 0, 90.5, 0, 0, 98.067, 26.182, 0, 0, 0, 0, 
0.2, 23.59, , , 63.28, , 0.639, , 8.434, 8.434, 1.773, 16.722, 16.722, 16.722, 67.165, , , , 7.379, 12.429, 0, 0, 1.198, 1.235, 1.198, 1.235, 1, 26.427, 26.427, 0.025, 0.276, 3.542, 3.65, 3.542, 3.65, 4.22, 7.379, 12.429, , , 1, 0.186, 0, 0, 14.4, 1.773, 158, 0, 0, 0, 41.874, 4.887, 4.782, 116.6, 35.297, 100, 0, 0, 20.126, 20.126, 4, 0.72, 90.5, 0, 0, 98.126, 26.256, 0, 0, 0, 0, 0, 14, 0, 14.4, 0, 1.773, 158, 0, 0, 0, 41.874, 1, 0.005, 0.005, 116.6, 35.297, 100, 0, 0, 141, 20.126, 20.126, 4, 0.72, 0, 90.5, 0, 0, 98.126, 26.256, 0, 0, 0, 0, 
0.25, 23.59, , , 63.28, , 0.646, , 12.139, 12.139, 1.775, 16.882, 16.882, 16.882, 67.123, , 35.06, 35.682, 7.38, 12.432, 0, 0, 1.158, 1.194, 1.158, 1.194, 1, 26.46, 26.46, 0.025, 0.276, 3.42, 3.525, 3.42, 3.525, 4.211, 7.38, 12.432, , , 1, 0.25, 0, 0, 14.4, 1.775, 158, 0, 0, 0, 41.815, 4.877, 4.774, 116.6, 35.253, 100, 0, 0, 20.185, 20.185, 4, 0.72, 90.5, 0, 0, 98.185, 26.33, 0, 0, 0, 0, 0, 14, 0, 14.4, 0, 1.775, 158, 0, 0, 0, 41.815, 1, 0.005, 0.005, 116.6, 35.253, 100, 0, 0, 141, 20.185, 20.185, 4, 0.72, 0, 90.5, 0, 0, 98.185, 26.33, 0, 0, 0, 0, 
0.3, 23.59, , , 63.28, , 0.658, , 15.034, 15.034, 1.777, 17.176, 17.176, 17.176, 67.082, 94.76, 35.06, 35.803, 7.38, 12.436, 0, 0, 1.18, 1.216, 1.18, 1.216, 1, 26.494, 26.494, 0.025, 0.275, 3.482, 3.588, 3.482, 3.588, 4.201, 7.38, 12.436, , , 1, 0.311, 0, 0, 14.4, 1.777, 158, 0, 0, 0, 41.755, 4.866, 4.766, 116.6, 35.209, 100, 0, 0, 20.245, 20.245, 4, 0.72, 90.5, 0, 0, 98.245, 26.403, 0, 0, 0, 0, 0, 14, 0, 14.4, 0, 1.777, 158, 0, 0, 0, 41.755, 1, 0.005, 0.005, 116.6, 35.209, 100, 0, 0, 141, 20.245, 20.245, 4, 0.72, 0, 90.5, 0, 0, 98.245, 26.403, 0, 0, 0, 0, 
0.35, 23.59, , , 63.28, , 0.671, , 17.929, 17.929, 1.779, 17.47, 17.47, 17.47, 67.042, 72.992, 35.06, 35.923, 7.379, 12.441, 0, 0, 1.202, 1.238, 1.202, 1.238, 1, 26.539, 26.539, 0.025, 0.275, 3.545, 3.652, 3.545, 3.652, 4.234, 7.379, 12.441, , , 1, 0.375, 0, 0, 14.4, 1.779, 158, 0, 0, 0, 41.696, 4.855, 4.757, 116.6, 35.164, 100, 0, 0, 20.304, 20.304, 4, 0.72, 90.5, 0, 0, 98.304, 26.477, 0, 0, 0, 0, 0, 14, 0, 14.4, 0, 1.779, 158, 0, 0, 0, 41.696, 1, 0.005, 0.005, 116.6, 35.164, 100, 0, 0, 141, 20.304, 20.304, 4, 0.72, 0, 90.5, 0, 0, 98.304, 26.477, 0, 0, 0, 0, 
0.4, 23.59, , , 63.28, , 0.684, , 20.121, 20.121, 1.781, 17.78, 17.78, 17.78, 67.002, 51.225, 35.06, 36.044, 7.379, 12.446, 0, 0, 1.224, 1.261, 1.224, 1.261, 1, 26.585, 26.585, 0.025, 0.274, 3.61, 3.718, 3.61, 3.718, 4.276, 7.379, 12.446, , , 1, 0.425, 0, 0, 14.4, 1.781, 158, 0, 0, 0, 41.637, 4.845, 4.749, 116.6, 35.12, 100, 0, 0, 20.363, 20.363, 4, 0.72, 90.5, 0, 0, 98.363, 26.551, 0, 0, 0, 0, 0, 14, 0, 14.4, 0, 1.781, 158, 0, 0, 0, 41.637, 1, 0.005, 0.005, 116.6, 35.12, 100, 0, 0, 141, 20.363, 20.363, 4, 0.72, 0, 90.5, 0, 0, 98.363, 26.551, 0, 0, 0, 0, 
0.45, 23.59, , , 63.28, , 0.697, , 22.067, 22.067, 1.783, 18.095, 18.095, 18.095, 66.972, 53.727, 35.06, 36.165, 7.378, 12.449, 0, 0, 1.248, 1.285, 1.248, 1.285, 1, 26.625, 26.625, 0.025, 0.274, 3.676, 3.785, 3.676, 3.785, 4.318, 7.378, 12.449, , , 1, 0.474, 0, 0, 14.4, 1.783, 158, 0, 0, 0, 41.577, 4.834, 4.741, 116.6, 35.076, 100, 0, 0, 20.423, 20.423, 4, 0.72, 90.5, 0, 0, 98.423, 26.624, 0, 0, 0, 0, 0, 14, 0, 14.4, 0, 1.783, 158, 0, 0, 0, 41.577, 1, 0.005, 0.005, 116.6, 35.076, 100, 0, 0, 141, 20.423, 20.423, 4, 0.72, 0, 90.5, 0, 0, 98.423, 26.624, 0, 0, 0, 0, 
0.5, 23.59, , , 63.28, , 0.689, , 24.019, 24.019, 1.784, 17.902, 17.902, 17.902, 66.951, 61.787, 35.008, 36.135, 7.378, 12.453, 0, 0, 1.236, 1.272, 1.236, 1.272, 1, 26.66, 26.66, 0.025, 0.273, 3.639, 3.746, 3.639, 3.746, 4.36, 7.378, 12.453, , , 1, 0.525, 0, 0, 14.4, 1.784, 158, 0, 0, 0, 41.518, 4.823, 4.732, 116.6, 35.032, 100, 0, 0, 20.482, 20.482, 4, 0.72, 90.5, 0, 0, 98.482, 26.698, 0, 0, 0, 0, 0, 14, 0, 14.4, 0, 1.784, 158, 0, 0, 0, 41.518, 1, 0.005, 0.005, 116.6, 35.032, 100, 0, 0, 141, 20.482, 20.482, 4, 0.72, 0, 90.5, 0, 0, 98.482, 26.698, 0, 0, 0, 0, 
0.55, 23.59, , , 63.28, , 0.639, , 25.981, 25.981, 1.786, 16.723, 16.723, 16.723, 66.937, 63.516, 34.896, 35.929, 7.377, 12.459, 0, 0, 1.156, 1.189, 1.156, 1.189, 1, 26.694, 26.694, 0.025, 0.273, 3.399, 3.5, 3.399, 3.5, 4.361, 7.377, 12.459, , , 1, 0.575, 0, 0, 14.4, 1.786, 158, 0, 0, 0, 41.427, 4.814, 4.73, 116.6, 35.02, 100, 0, 0, 20.5, 20.5, 4, 0.72, 90.5, 0, 0, 98.5, 26.72, 0, 0, 0, 0, 0, 14, 0, 14.4, 0, 1.786, 158, 0, 0, 0, 41.427, 1, 0.005, 0.005, 116.6, 35.02, 100, 0, 0, 141, 20.5, 20.5, 4, 0.72, 0, 90.5, 0, 0, 98.5, 26.72, 0, 0, 0, 0, 
0.6, 23.59, , , 63.28, , 0.589, , 27.944, 27.944, 1.786, 15.544, 15.544, 15.544, 66.964, 65.245, 34.783, 35.723, 7.377, 12.465, 0, 0, 1.077, 1.107, 1.077, 1.107, 1, 26.724, 26.724, 0.025, 0.272, 3.16, 3.253, 3.16, 3.253, 4.353, 7.377, 12.465, , , 1, 0.625, 0, 0, 14.4, 1.786, 158, 0, 0, 0, 41.322, 4.806, 4.73, 116.6, 35.02, 100, 0, 0, 20.5, 20.5, 4, 0.72, 90.5, 0, 0, 98.5, 26.72, 0, 0, 0, 0, 0, 14, 0, 14.4, 0, 1.786, 158, 0, 0, 0, 41.322, 1, 0.005, 0.005, 116.6, 35.02, 100, 0, 0, 141, 20.5, 20.5, 4, 0.72, 0, 90.5, 0, 0, 98.5, 26.72, 0, 0, 0, 0, 
0.65, 23.59, , , 63.28, , 1.599, , 29.89, 29.89, 1.787, 39.491, 39.491, 39.491, 66.99, 66.974, 34.671, 35.516, 7.377, 12.475, 0, 0, 2.775, 2.855, 2.775, 2.855, 1, 26.753, 26.753, 0.025, 0.272, 8.089, 8.33, 8.089, 8.33, 4.345, 7.377, 12.475, , , 1, 0.675, 0, 0, 14.4, 1.787, 158, 0, 0, 0, 41.218, 4.797, 4.73, 116.6, 35.02, 100, 0, 0, 20.5, 20.5, 4, 0.72, 90.5, 0, 0, 98.5, 26.72, 0, 0, 0, 0, 0, 14, 0, 14.4, 0, 1.787, 158, 0, 0, 0, 41.218, 1, 0.005, 0.005, 116.6, 35.02, 100, 0, 0, 141, 20.5, 20.5, 4, 0.72, 0, 90.5, 0, 0, 98.5, 26.72, 0, 0, 0, 0, 
0.7, 23.59, , , 63.28, , 2.652, , 31.836, 31.836, 1.788, 64.486, 64.486, 64.486, 66.824, 68.703, 34.558, 35.31, 7.377, 12.484, 0, 0, 4.547, 4.68, 4.547, 4.68, 1, 26.877, 26.877, 0.025, 0.271, 13.233, 13.629, 13.233, 13.629, 4.336, 7.377, 12.484, , , 1, 0.725, 0, 0, 14.4, 1.788, 158, 0, 0, 0, 41.113, 4.789, 4.73, 116.6, 35.02, 100, 0, 0, 20.5, 20.5, 4, 0.72, 90.5, 0, 0, 98.5, 26.72, 0, 0, 0, 0, 0, 14, 0, 14.4, 0, 1.788, 158, 0, 0, 0, 41.113, 1, 0.005, 0.005, 116.6, 35.02, 100, 0, 0, 141, 20.5, 20.5, 4, 0.72, 0, 90.5, 0, 0, 98.5, 26.72, 0, 0, 0, 0, 
0.75, 23.59, , , 63.28, , 4.467, , 33.791, 33.791, 1.789, 107.541, 107.541, 107.541, 66.597, 70.432, 34.377, 35.288, 7.377, 12.492, 0, 0, 7.722, 7.951, 7.722, 7.951, 1, 27.031, 27.031, 0.025, 0.271, 22.226, 22.892, 22.226, 22.892, 4.35, 7.377, 12.492, , , 1, 0.775, 0, 0, 14.4, 1.789, 158, 0, 0, 0, 41.008, 4.781, 4.73, 116.6, 35.02, 100, 0, 0, 20.5, 20.5, 4, 0.72, 90.5, 0, 0, 98.5, 26.72, 0, 0, 0, 0, 0, 14, 0, 14.4, 0, 1.789, 158, 0, 0, 0, 41.008, 1, 0.005, 0.005, 116.6, 35.02, 100, 0, 0, 141, 20.5, 20.5, 4, 0.72, 0, 90.5, 0, 0, 98.5, 26.72, 0, 0, 0, 0, 
0.8, 23.59, , , 63.28, , 6.88, , 35.753, 35.753, 1.793, 164.786, 164.786, 164.786, 66.328, 72.162, 34.16, 35.36, 7.377, 12.497, 0, 0, 11.999, 12.357, 11.999, 12.357, 1, 27.286, 27.286, 0.025, 0.271, 34.243, 35.27, 34.243, 35.27, 4.38, 7.377, 12.497, , , 1, 0.825, 0, 0, 14.4, 1.793, 158.354, 0, 0, 0, 40.823, 4.646, 4.606, 116.6, 34.955, 100, 0, 0, 20.5, 20.412, 4, 0.713, 90.235, 0, 0, 98.146, 26.72, 0, 0, 0, 0, 0, 14, 0, 14.4, 0, 1.793, 158.354, 0, 0, 0, 40.823, 1, 0.005, 0.005, 116.6, 34.955, 100, 0, 0, 141, 20.5, 20.412, 4, 0.713, 0, 90.235, 0, 0, 98.146, 26.72, 0, 0, 0, 0, 
0.85, 23.59, , , 63.28, , 9.297, , 37.715, 37.715, 1.797, 222.147, 222.147, 222.147, 65.989, 73.891, 33.943, 35.432, 7.377, 12.494, 0, 0, 16.335, 16.824, 16.335, 16.824, 1, 27.706, 27.706, 0.025, 0.272, 46.305, 47.695, 46.305, 47.695, 4.409, 7.377, 12.494, , , 1, 0.875, 0, 0, 14.4, 1.797, 158.738, 0, 0, 0, 40.631, 4.499, 4.472, 116.6, 34.883, 100, 0, 0, 20.5, 20.315, 4, 0.705, 89.946, 0, 0, 97.762, 26.72, 0, 0, 0, 0, 0, 14, 0, 14.4, 0, 1.797, 158.738, 0, 0, 0, 40.631, 1, 0.005, 0.005, 116.6, 34.883, 100, 0, 0, 141, 20.5, 20.315, 4, 0.705, 0, 89.946, 0, 0, 97.762, 26.72, 0, 0, 0, 0, 
0.9, 23.59, , , 63.28, , 11.737, , 39.677, 39.677, 1.801, 280.035, 280.035, 280.035, 65.65, 75.62, 33.726, 35.505, 7.377, 12.477, 0, 0, 20.94, 21.567, 20.94, 21.567, 1, 28.127, 28.127, 0.025, 0.272, 58.575, 60.332, 58.575, 60.332, 4.438, 7.377, 12.477, , , 1, 0.926, 0, 0, 14.4, 1.801, 159.123, 0, 0, 0, 40.438, 4.353, 4.337, 116.6, 34.812, 100, 0, 0, 20.5, 20.219, 4, 0.698, 89.658, 0, 0, 97.377, 26.72, 0, 0, 0, 0, 0, 14, 0, 14.4, 0, 1.801, 159.123, 0, 0, 0, 40.438, 1, 0.004, 0.004, 116.6, 34.812, 100, 0, 0, 141, 20.5, 20.219, 4, 0.698, 0, 89.658, 0, 0, 97.377, 26.72, 0, 0, 0, 0, 
0.95, 23.59, , , 63.28, , 14.177, , 41.64, 41.64, 1.806, 337.923, 337.923, 337.923, 65.18, 77.069, 33.509, 35.577, 7.378, 12.414, 0, 0, 25.545, 26.31, 25.545, 26.31, 1, 28.809, 28.809, 0.025, 0.272, 70.845, 72.969, 70.845, 72.969, 4.462, 7.378, 12.414, , , 1, 0.975, 0, 0, 14.4, 1.806, 159.508, 0, 0, 0, 40.246, 4.207, 4.202, 116.6, 34.741, 100, 0, 0, 20.5, 20.123, 4, 0.69, 89.369, 0, 0, 96.992, 26.72, 0, 0, 0, 0, 0, 14, 0, 14.4, 0, 1.806, 159.508, 0, 0, 0, 40.246, 1, 0.004, 0.004, 116.6, 34.741, 100, 0, 0, 141, 20.5, 20.123, 4, 0.69, 0, 89.369, 0, 0, 96.992, 26.72, 0, 0, 0, 0, 
1, 23.59, , , 63.28, , 15.679, , 43.671, 43.671, 1.81, 373.566, 373.566, 373.566, 64.71, 74.132, 33.66, 35.845, 7.378, 12.335, 0, 0, 28.821, 29.685, 28.821, 29.685, 1, 29.491, 29.491, 0.025, 0.272, 78.676, 81.035, 78.676, 81.035, 4.475, 7.378, 12.335, , , 1, 1.025, 0, 0, 14.4, 1.81, 159.892, 0, 0, 0, 40.054, 4.061, 4.068, 116.6, 34.67, 100, 0, 0, 20.5, 20.027, 4, 0.682, 89.081, 0, 0, 96.608, 26.72, 0, 0, 0, 0, 0, 14, 0, 14.4, 0, 1.81, 159.892, 0, 0, 0, 40.054, 1, 0.004, 0.004, 116.6, 34.67, 100, 0, 0, 141, 20.5, 20.027, 4, 0.682, 0, 89.081, 0, 0, 96.608, 26.72, 0, 0, 0, 0, 
1.05, 23.59, 100.58, 62.6, 63.28, , 16.975, 0.971, 45.719, 45.719, 1.845, 404.326, 404.326, 404.326, 64.305, 71.194, 33.984, 36.205, 7.38, 12.201, 0, 0, 31.806, 32.76, 31.806, 32.76, 1, 30.267, 30.267, 0.025, 0.273, 85.533, 88.099, 85.533, 88.099, 4.488, 7.38, 12.201, , , 1, 1.075, 0.152, 0, 14.117, 1.845, 159.702, 0, 0, 0, 43.868, 6.231, 6.3, 116.6, 44.422, 100, 0, 0, 20.798, 20.744, 18.281, 1.238, 89.893, 0, 0, 95.905, 27.367, 0, 0, 0.152, 0, 0, 14, 0, 14.117, 0, 1.845, 159.702, 0, 0, 0, 43.868, 1, 0.006, 0.006, 116.6, 44.422, 100, 0, 0, 141, 20.798, 20.744, 18.281, 1.238, 0, 89.893, 0, 0, 95.905, 27.367, 0, 0, 0, 0, 
1.1, 23.59, 100.58, 62.6, 63.28, , 16.184, 0.971, 47.837, 47.837, 1.893, 385.56, 385.56, 385.56, 63.934, 68.257, 34.308, 36.565, 7.381, 12.069, 0, 0, 30.767, 31.69, 30.767, 31.69, 1, 31.092, 31.092, 0.025, 0.273, 81.797, 84.252, 81.797, 84.252, 4.5, 7.381, 12.069, , , 1, 1.125, 0.362, 0, 13.725, 1.893, 159.289, 0, 0, 0, 49.24, 9.301, 9.453, 116.6, 57.994, 100, 0, 0, 21.211, 21.777, 38.116, 2.013, 91.132, 0, 0, 95.079, 28.266, 0, 0, 0.362, 0, 0, 14, 0, 13.725, 0, 1.893, 159.289, 0, 0, 0, 49.24, 1, 0.009, 0.009, 116.6, 57.994, 100, 0, 0, 141, 21.211, 21.777, 38.116, 2.013, 0, 91.132, 0, 0, 95.079, 28.266, 0, 0, 0, 0, 
1.15, 23.59, 100.58, 62.6, 63.28, , 13.752, 0.971, 50.019, 50.019, 1.941, 327.881, 327.881, 327.881, 63.712, 67.097, 34.632, 36.925, 7.383, 11.94, 0, 0, 26.565, 27.363, 26.565, 27.363, 1, 31.815, 31.815, 0.025, 0.273, 69.739, 71.832, 69.739, 71.832, 4.509, 7.383, 11.94, , , 1, 1.175, 0.573, 0, 13.332, 1.941, 158.876, 0, 0, 0, 54.612, 12.371, 12.606, 116.6, 71.567, 100, 0, 0, 21.624, 22.81, 57.95, 2.787, 92.372, 0, 0, 94.252, 29.165, 0, 0, 0.573, 0, 0, 14, 0, 13.332, 0, 1.941, 158.876, 0, 0, 0, 54.612, 1, 0.012, 0.012, 116.6, 71.567, 100, 0, 0, 141, 21.624, 22.81, 57.95, 2.787, 0, 92.372, 0, 0, 94.252, 29.165, 0, 0, 0, 0, 
1.2, 23.59, 100.58, 62.6, 63.28, , 10.713, 0.971, 52.251, 52.251, 1.989, 255.801, 255.801, 255.801, 63.678, 67.862, 34.956, 37.285, 7.384, 11.829, 0, 0, 21.002, 21.633, 21.002, 21.633, 1, 32.409, 32.409, 0.025, 0.274, 54.618, 56.258, 54.618, 56.258, 4.507, 7.384, 11.829, , , 1, 1.224, 0.784, 0, 12.94, 1.989, 158.463, 0, 0, 0, 59.983, 15.441, 15.759, 116.6, 85.139, 100, 0, 0, 22.037, 23.843, 77.785, 3.562, 93.612, 0, 0, 93.426, 30.063, 0, 0, 0.784, 0, 0, 14, 0, 12.94, 0, 1.989, 158.463, 0, 0, 0, 59.983, 1, 0.016, 0.016, 116.6, 85.139, 100, 0, 0, 141, 22.037, 23.843, 77.785, 3.562, 0, 93.612, 0, 0, 93.426, 30.063, 0, 0, 0, 0, 
1.25, 23.59, 100.58, 62.6, 63.28, , 6.764, 0.971, 54.562, 54.562, 2.036, 162.122, 162.122, 162.122, 63.858, 68.628, 34.962, 37.18, 7.384, 11.805, 0, 0, 13.398, 13.8, 13.398, 13.8, 1, 32.868, 32.868, 0.025, 0.274, 34.903, 35.953, 34.903, 35.953, 4.506, 7.384, 11.805, , , 1, 1.274, 0.995, 0, 12.547, 2.036, 158.05, 0, 0, 0, 65.355, 18.512, 18.912, 116.6, 98.711, 100, 0, 0, 22.45, 24.876, 97.62, 4.337, 94.851, 0, 0, 92.599, 30.962, 0, 0, 0.995, 0, 0, 14, 0, 12.547, 0, 2.036, 158.05, 0, 0, 0, 65.355, 1, 0.019, 0.019, 116.6, 98.711, 100, 0, 0, 141, 22.45, 24.876, 97.62, 4.337, 0, 94.851, 0, 0, 92.599, 30.962, 0, 0, 0, 0, 
1.3, 23.59, 100.58, 62.6, 63.28, , 3.007, 0.971, 56.917, 56.917, 2.071, 72.986, 72.986, 72.986, 64.418, 69.393, 34.818, 36.856, 7.384, 11.804, 0, 0, 6.072, 6.254, 6.072, 6.254, 1, 33.086, 33.086, 0.025, 0.274, 16.083, 16.568, 16.083, 16.568, 4.504, 7.384, 11.804, , , 1, 1.325, 0.839, 0.35, 12.819, 2.071, 158, 0, 0, 0, 65.823, 15.725, 16.352, 116.6, 100.406, 100, 0, 0, 23.121, 26.597, 95.547, 4.116, 95.266, 0, 0, 93.742, 31.51, 0, 0, 0.839, 0, 0, 14, 0.35, 12.819, 0, 2.071, 158, 0, 0, 0, 65.823, 1, 0.016, 0.016, 116.6, 100.406, 100, 0, 0, 141, 23.121, 26.597, 95.547, 4.116, 0, 95.266, 0, 0, 93.742, 31.51, 0, 0, 0, 0, 
1.35, 23.59, 100.58, 62.6, 63.28, , -0.438, 0.971, 59.35, 59.35, 2.103, -8.734, -8.734, -8.734, 65.164, 70.158, 34.674, 36.532, 7.382, 11.931, 0, 0, -0.801, -0.823, -0.801, -0.823, 1, 33.168, 33.168, 0.025, 0.275, -1.278, -1.313, -1.278, -1.313, 4.506, 7.382, 11.931, , , 1, 1.375, 0.633, 0.747, 13.182, 2.103, 158, 0, 0, 0, 65.621, 12.141, 13.013, 116.6, 100.481, 100, 0, 0, 23.827, 28.411, 90.486, 3.759, 95.569, 0, 0, 95.153, 32.01, 0, 0, 0.633, 0, 0, 14, 0.747, 13.182, 0, 2.103, 158, 0, 0, 0, 65.621, 1, 0.012, 0.013, 116.6, 100.481, 100, 0, 0, 141, 23.827, 28.411, 90.486, 3.759, 0, 95.569, 0, 0, 95.153, 32.01, 0, 0, 0, 0, 
1.4, 23.59, 100.58, 62.6, 63.28, , -2.873, 0.971, 61.794, 61.794, 2.136, -66.516, -66.516, -66.516, 66.19, 70.923, 34.53, 36.208, 7.381, 12.067, 0, 0, -5.668, -5.836, -5.668, -5.836, 1, 33.047, 33.047, 0.025, 0.274, -13.424, -13.824, -13.424, -13.824, 4.52, 7.381, 12.067, , , 1, 1.425, 0.428, 1.144, 13.545, 2.136, 158, 0, 0, 0, 65.419, 8.556, 9.675, 116.6, 100.556, 100, 0, 0, 24.532, 30.226, 85.425, 3.402, 95.871, 0, 0, 96.565, 32.51, 0, 0, 0.428, 0, 0, 14, 1.144, 13.545, 0, 2.136, 158, 0, 0, 0, 65.419, 1, 0.009, 0.01, 116.6, 100.556, 100, 0, 0, 141, 24.532, 30.226, 85.425, 3.402, 0, 95.871, 0, 0, 96.565, 32.51, 0, 0, 0, 0, 
1.45, 23.59, 100.58, 62.6, 63.28, , -4.024, 0.971, 64.251, 64.251, 2.169, -93.831, -93.831, -93.831, 67.243, 71.688, 34.386, 35.884, 7.379, 12.258, 0, 0, -7.982, -8.22, -7.982, -8.22, 1, 32.872, 32.872, 0.025, 0.274, -18.933, -19.499, -18.933, -19.499, 4.534, 7.379, 12.258, , , 1, 1.475, 0.222, 1.541, 13.908, 2.169, 158, 0, 0, 0, 65.218, 4.971, 6.336, 116.6, 100.631, 100, 0, 0, 25.238, 32.04, 80.364, 3.045, 96.173, 0, 0, 97.976, 33.01, 0, 0, 0.222, 0, 0, 14, 1.541, 13.908, 0, 2.169, 158, 0, 0, 0, 65.218, 1, 0.005, 0.006, 116.6, 100.631, 100, 0, 0, 141, 25.238, 32.04, 80.364, 3.045, 0, 96.173, 0, 0, 97.976, 33.01, 0, 0, 0, 0, 
1.5, 23.588, 100.58, 62.6, 63.28, , -4.252, 0.971, 66.682, 66.682, 2.201, -99.223, -99.223, -99.223, 68.323, 72.454, 34.462, 35.682, 7.378, 12.472, 0, 0, -8.409, -8.66, -8.409, -8.66, 1, 32.643, 32.643, 0.025, 0.274, -19.874, -20.47, -19.874, -20.47, 4.548, 7.378, 12.472, , , 1, 1.525, 0.016, 1.938, 14.271, 2.201, 158, 0, 0, 0, 65.016, 1.387, 2.997, 116.6, 100.706, 100, 0, 0, 25.944, 33.855, 75.304, 2.689, 96.476, 0, 0, 99.387, 33.51, 0, 0, 0.016, 0, 0, 14, 1.938, 14.271, 0, 2.201, 158, 0, 0, 0, 65.016, 1, 0.001, 0.003, 116.6, 100.706, 100, 0, 0, 141, 25.944, 33.855, 75.304, 2.689, 0, 96.476, 0, 0, 99.387, 33.51, 0, 0, 0, 0, 
1.55, 23.586, 100.58, 62.6, 63.28, , -3.691, 0.971, 69.089, 69.089, 2.218, -85.937, -85.937, -85.937, 69.142, 73.219, 34.642, 35.538, 7.378, 12.851, 0, 0, -7.229, -7.443, -7.229, -7.443, 1, 32.445, 32.445, 0.025, 0.273, -16.923, -17.432, -16.923, -17.432, 4.557, 7.378, 12.851, , , 1, 1.575, 0, 1.664, 14.229, 2.218, 158, 0, 0, 0, 62.346, 1.302, 2.679, 116.282, 86.767, 100, 0, 0, 25.558, 32.319, 61.494, 2.287, 93.492, 0, 0, 96.846, 33.331, 0, 0, 0, 0, 0, 14, 1.664, 14.229, 0, 2.218, 158, 0, 0, 0, 62.346, 1, 0.001, 0.003, 116.282, 86.767, 100, 0, 0, 141, 25.558, 32.319, 61.442, 2.287, 0, 93.492, 0, 0, 96.846, 33.331, 0, 0, 0, 0, 
1.6, 23.584, 100.58, 62.6, 63.28, , -3.652, 0.971, 71.482, 71.482, 2.232, -85.017, -85.017, -85.017, 69.771, 73.984, 34.822, 35.394, 7.378, 13.255, 0, 0, -7.097, -7.309, -7.097, -7.309, 1, 32.27, 32.27, 0.025, 0.272, -16.537, -17.035, -16.537, -17.035, 4.547, 7.378, 13.255, , , 1, 1.625, 0, 1.331, 14.152, 2.232, 158, 0, 0, 0, 59.462, 1.521, 2.623, 115.935, 71.935, 100, 0, 0, 25.077, 30.492, 47.126, 1.881, 90.223, 0, 0, 93.962, 33.092, 0, 0, 0, 0, 0, 14, 1.331, 14.152, 0, 2.232, 158, 0, 0, 0, 59.462, 1, 0.001, 0.003, 115.935, 71.935, 100, 0, 0, 141, 25.077, 30.492, 47.019, 1.881, 0, 90.223, 0, 0, 93.962, 33.092, 0, 0, 0, 0, 
1.65, 23.583, 100.58, 62.6, 63.28, , -3.961, 0.971, 73.864, 73.864, 2.247, -92.34, -92.34, -92.34, 70.209, 74.749, 35.002, 35.25, 7.379, 13.94, 0, 0, -7.666, -7.895, -7.666, -7.895, 1, 32.076, 32.076, 0.025, 0.271, -17.86, -18.399, -17.86, -18.399, 4.538, 7.379, 13.94, , , 1, 1.675, 0, 0.999, 14.075, 2.247, 158, 0, 0, 0, 56.577, 1.74, 2.567, 115.589, 57.102, 100, 0, 0, 24.596, 28.665, 32.759, 1.475, 86.954, 0, 0, 91.077, 32.854, 0, 0, 0, 0, 0, 14, 0.999, 14.075, 0, 2.247, 158, 0, 0, 0, 56.577, 1, 0.002, 0.002, 115.589, 57.102, 100, 0, 0, 141, 24.596, 28.665, 32.596, 1.475, 0, 86.954, 0, 0, 91.077, 32.854, 0, 0, 0, 0, 
1.7, 23.581, 100.58, 62.6, 63.28, , -3.991, 0.971, 76.231, 76.231, 2.262, -93.061, -93.061, -93.061, 70.531, 75.514, 35.182, 35.106, 7.379, 14.648, 0, 0, -7.68, -7.912, -7.68, -7.912, 1, 31.87, 31.87, 0.025, 0.27, -17.944, -18.486, -17.944, -18.486, 4.528, 7.379, 14.648, , , 1, 1.725, 0, 0.666, 13.998, 2.262, 158, 0, 0, 0, 53.692, 1.959, 2.511, 115.243, 42.269, 100, 0, 0, 24.115, 26.838, 18.391, 1.069, 83.685, 0, 0, 88.192, 32.615, 0, 0, 0, 0, 0, 14, 0.666, 13.998, 0, 2.262, 158, 0, 0, 0, 53.692, 1, 0.002, 0.002, 115.243, 42.269, 100, 0, 0, 141, 24.115, 26.838, 18.173, 1.069, 0, 83.685, 0, 0, 88.192, 32.615, 0, 0, 0, 0, 
1.75, 23.579, 100.58, 62.6, 63.28, , -3.865, 0.971, 78.59, 78.59, 2.277, -90.068, -90.068, -90.068, 70.585, 76.279, 35.362, 35.403, 7.38, 15.722, 0, 0, -7.384, -7.607, -7.384, -7.607, 1, 31.672, 31.672, 0.025, 0.269, -17.332, -17.855, -17.332, -17.855, 4.52, 7.38, 15.722, , , 1, 1.776, 0, 0.333, 13.922, 2.277, 158, 0, 0, 0, 50.808, 2.179, 2.456, 114.897, 27.436, 100, 0, 0, 23.635, 25.012, 4.023, 0.664, 80.415, 0, 0, 85.308, 32.377, 0, 0, 0, 0, 0, 14, 0.333, 13.922, 0, 2.277, 158, 0, 0, 0, 50.808, 1, 0.002, 0.002, 114.897, 27.436, 100, 0, 0, 141, 23.635, 25.012, 3.75, 0.664, 0, 80.415, 0, 0, 85.308, 32.377, 0, 0, 0, 0, 
1.8, 23.577, 100.58, 62.6, 63.28, , -3.853, 0.971, 80.933, 80.933, 2.26, -89.788, -89.788, -89.788, 70.502, 77.045, 35.542, 35.907, 7.38, 16.799, 0, 0, -7.316, -7.537, -7.316, -7.537, 1, 31.479, 31.479, 0.025, 0.269, -17.298, -17.819, -17.298, -17.819, 4.53, 7.38, 16.799, , , 1, 1.825, 0, 0.207, 13.871, 2.26, 158, 0, 0, 0, 47.984, 2.262, 2.431, 114.8, 22.98, 100, 0, 0, 23.176, 24.032, 0, 0.55, 79.5, 0, 0, 84.5, 32.131, 0, 0, 0, 0, 0, 14, 0.207, 13.871, 0, 2.26, 158, 0, 0, 0, 47.984, 1, 0.002, 0.002, 114.8, 22.98, 100, 0, 0, 141, 23.176, 24.032, 0, 0.55, 0, 79.5, 0, 0, 84.5, 32.131, 0, 0, 0, 0, 
1.85, 23.575, 100.58, 62.6, 63.28, , -3.9, 0.971, 83.267, 83.267, 2.231, -90.906, -90.906, -90.906, 70.351, 77.81, 35.722, 36.411, 7.38, 17.936, 0, 0, -7.366, -7.589, -7.366, -7.589, 1, 31.284, 31.284, 0.025, 0.269, -17.563, -18.091, -17.563, -18.091, 4.54, 7.38, 17.936, , , 1, 1.875, 0, 0.161, 13.831, 2.231, 158, 0, 0, 0, 45.184, 2.293, 2.419, 114.8, 22.169, 100, 0, 0, 22.726, 23.382, 0, 0.55, 79.5, 0, 0, 84.5, 31.883, 0, 0, 0, 0, 0, 14, 0.161, 13.831, 0, 2.231, 158, 0, 0, 0, 45.184, 1, 0.002, 0.002, 114.8, 22.169, 100, 0, 0, 141, 22.726, 23.382, 0, 0.55, 0, 79.5, 0, 0, 84.5, 31.883, 0, 0, 0, 0, 
1.9, 23.573, 100.58, 62.6, 63.28, , -3.843, 0.971, 85.587, 85.587, 2.202, -89.564, -89.564, -89.564, 70.167, 78.575, 35.902, 36.915, 7.379, 19.067, 0, 0, -7.213, -7.431, -7.213, -7.431, 1, 31.087, 31.087, 0.025, 0.269, -17.349, -17.87, -17.349, -17.87, 4.55, 7.379, 19.067, , , 1, 1.925, 0, 0.115, 13.791, 2.202, 158, 0, 0, 0, 42.384, 2.324, 2.407, 114.8, 21.358, 100, 0, 0, 22.276, 22.732, 0, 0.55, 79.5, 0, 0, 84.5, 31.635, 0, 0, 0, 0, 0, 14, 0.115, 13.791, 0, 2.202, 158, 0, 0, 0, 42.384, 1, 0.002, 0.002, 114.8, 21.358, 100, 0, 0, 141, 22.276, 22.732, 0, 0.55, 0, 79.5, 0, 0, 84.5, 31.635, 0, 0, 0, 0, 
1.95, 23.571, 100.58, 62.6, 63.28, , -3.733, 0.971, 87.899, 87.899, 2.173, -86.955, -86.955, -86.955, 70.009, 79.34, 36.082, 37.419, 7.379, 19.981, 0, 0, -6.955, -7.165, -6.955, -7.165, 1, 30.896, 30.896, 0.025, 0.269, -16.888, -17.394, -16.888, -17.394, 4.56, 7.379, 19.981, , , 1, 1.975, 0, 0.069, 13.751, 2.173, 158, 0, 0, 0, 39.584, 2.355, 2.395, 114.8, 20.547, 100, 0, 0, 21.826, 22.082, 0, 0.55, 79.5, 0, 0, 84.5, 31.387, 0, 0, 0, 0, 0, 14, 0.069, 13.751, 0, 2.172, 158, 0, 0, 0, 39.584, 1, 0.002, 0.002, 114.8, 20.547, 100, 0, 0, 141, 21.826, 22.082, 0, 0.55, 0, 79.5, 0, 0, 84.5, 31.387, 0, 0, 0, 0, 
2, 23.569, 100.58, 62.6, 63.28, , -3.646, 0.971, 90.182, 90.182, 2.144, -84.892, -84.892, -84.892, 69.867, 80.105, 35.993, 37.164, 7.378, 20.895, 0, 0, -6.748, -6.951, -6.748, -6.951, 1, 30.708, 30.708, 0.025, 0.27, -16.521, -17.015, -16.521, -17.015, 4.563, 7.378, 20.895, , , 1, 2.025, 0, 0.023, 13.711, 2.144, 158, 0, 0, 0, 36.784, 2.386, 2.383, 114.8, 19.736, 100, 0, 0, 21.376, 21.432, 0, 0.55, 79.5, 0, 0, 84.5, 31.139, 0, 0, 0, 0, 0, 14, 0.023, 13.711, 0, 2.143, 158, 0, 0, 0, 36.784, 1, 0.002, 0.002, 114.8, 19.736, 100, 0, 0, 141, 21.376, 21.432, 0, 0.55, 0, 79.5, 0, 0, 84.5, 31.139, 0, 0, 0, 0, 
2.05, 23.567, 100.58, 62.6, 63.28, , -3.573, 0.971, 92.449, 92.449, 2.13, -83.163, -83.163, -83.163, 69.758, 80.871, 35.777, 36.552, 7.378, 21.397, 0, 0, -6.573, -6.77, -6.573, -6.77, 1, 30.526, 30.526, 0.025, 0.27, -16.21, -16.695, -16.21, -16.695, 4.563, 7.378, 21.397, , , 1, 2.075, 0, 0.008, 13.7, 2.13, 158, 0, 0, 0, 36, 2.402, 2.382, 114.8, 19.469, 100, 0, 0, 21.062, 21.062, 0, 0.55, 79.5, 0, 0, 84.5, 30.977, 0, 0, 0, 0, 0, 14, 0.008, 13.7, 0, 2.13, 158, 0, 0, 0, 36, 1, 0.002, 0.002, 114.8, 19.469, 100, 0, 0, 141, 21.062, 21.062, 0, 0.55, 0, 79.5, 0, 0, 84.5, 30.977, 0, 0, 0, 0, 
2.1, 23.565, 100.58, 62.6, 63.28, , -2.892, 0.971, 94.703, 94.703, 2.122, -67.001, -67.001, -67.001, 69.67, 81.636, 35.561, 35.94, 7.377, 21.899, 0, 0, -5.283, -5.44, -5.283, -5.44, 1, 30.346, 30.346, 0.025, 0.27, -13.046, -13.435, -13.046, -13.435, 4.563, 7.377, 21.899, , , 1, 2.125, 0, 0.006, 13.7, 2.122, 158, 0, 0, 0, 36, 2.411, 2.384, 114.8, 19.393, 100, 0, 0, 20.802, 20.802, 0, 0.55, 79.5, 0, 0, 84.5, 30.848, 0, 0, 0, 0, 0, 14, 0.006, 13.7, 0, 2.122, 158, 0, 0, 0, 36, 1, 0.002, 0.002, 114.8, 19.393, 100, 0, 0, 141, 20.802, 20.802, 0, 0.55, 0, 79.5, 0, 0, 84.5, 30.848, 0, 0, 0, 0, 
2.15, 23.564, 100.58, 62.6, 63.28, , -1.77, 0.971, 96.949, 96.949, 2.115, -40.387, -40.387, -40.387, 69.443, 82.401, 35.345, 35.328, 7.377, 22.103, 0, 0, -3.186, -3.28, -3.186, -3.28, 1, 30.231, 30.231, 0.025, 0.271, -7.815, -8.047, -7.815, -8.047, 4.564, 7.377, 22.103, , , 1, 2.175, 0, 0.004, 13.7, 2.115, 158, 0, 0, 0, 36, 2.421, 2.386, 114.8, 19.317, 100, 0, 0, 20.542, 20.542, 0, 0.55, 79.5, 0, 0, 84.5, 30.719, 0, 0, 0, 0, 0, 14, 0.004, 13.7, 0, 2.115, 158, 0, 0, 0, 36, 1, 0.002, 0.002, 114.8, 19.317, 100, 0, 0, 141, 20.542, 20.542, 0, 0.55, 0, 79.5, 0, 0, 84.5, 30.719, 0, 0, 0, 0, 
2.2, 23.562, 100.58, 62.6, 63.28, , 0.674, 0.971, 99.183, 99.183, 2.107, 17.606, 17.606, 17.606, 69.097, 83.166, 35.129, 34.716, 7.377, 22.302, 0, 0, 1.469, 1.514, 1.469, 1.514, 1, 30.17, 30.17, 0.025, 0.271, 4.06, 4.184, 4.06, 4.184, 4.558, 7.377, 22.302, , , 1, 2.225, 0, 0.002, 13.7, 2.107, 158, 0, 0, 0, 36, 2.43, 2.388, 114.8, 19.241, 100, 0, 0, 20.281, 20.281, 0, 0.55, 79.5, 0, 0, 84.5, 30.59, 0, 0, 0, 0, 0, 14, 0.002, 13.7, 0, 2.107, 158, 0, 0, 0, 36, 1, 0.002, 0.002, 114.8, 19.241, 100, 0, 0, 141, 20.281, 20.281, 0, 0.55, 0, 79.5, 0, 0, 84.5, 30.59, 0, 0, 0, 0, 
2.25, 23.56, 100.58, 62.6, 63.28, , 4.442, 0.971, 101.407, 101.407, 2.099, 106.979, 106.979, 106.979, 68.475, 83.931, 35.06, 34.642, 7.377, 22.348, 0, 0, 8.682, 8.942, 8.682, 8.942, 1, 30.281, 30.281, 0.025, 0.271, 22.581, 23.258, 22.581, 23.258, 4.545, 7.377, 22.348, , , 1, 2.275, 0, 0, 13.7, 2.099, 158, 0, 0, 0, 36, 2.439, 2.39, 114.8, 19.165, 100, 0, 0, 20.021, 20.021, 0, 0.55, 79.5, 0, 0, 84.5, 30.46, 0, 0, 0, 0, 0, 14, 0, 13.7, 0, 2.099, 158, 0, 0, 0, 36, 1, 0.002, 0.002, 114.8, 19.165, 100, 0, 0, 141, 20.021, 20.021, 0, 0.55, 0, 79.5, 0, 0, 84.5, 30.46, 0, 0, 0, 0, 
2.3, 23.558, 100.58, 62.6, 63.28, , 7.984, 0.971, 103.614, 103.614, 2.1, 191.023, 191.023, 191.023, 67.502, 84.696, 35.06, 34.822, 7.377, 22.388, 0, 0, 15.574, 16.04, 15.574, 16.04, 1, 30.608, 30.608, 0.025, 0.271, 40.168, 41.371, 40.168, 41.371, 4.533, 7.377, 22.388, , , 1, 2.324, 3.161, 0, 13.7, 2.1, 158.187, 0, 0, 0, 36, 6.955, 2.782, 114.469, 19.16, 100, 0, 0, 20, 20, 0, 0.55, 79.5, 0, 0, 84.5, 30.336, 0, 0, 3.161, 0, 0, 14, 0, 13.7, 0, 2.086, 158.187, 0, 0, 0, 36, 1, 0.007, 0.003, 114.469, 19.16, 100, 0, 0, 141, 20, 20, 0, 0.55, 0, 79.5, 0, 0, 84.5, 30.336, 0, 0, 0, 0, 
2.35, 23.556, 100.58, 62.6, 63.28, , 11.16, 0.971, 105.796, 105.796, 2.1, 266.374, 266.374, 266.374, 66.475, 85.462, 35.06, 35.002, 7.377, 22.115, 0, 0, 21.945, 22.601, 21.945, 22.601, 1, 31.034, 31.034, 0.025, 0.272, 56.234, 57.918, 56.234, 57.918, 4.521, 7.377, 22.115, , , 1, 2.375, 6.597, 0, 13.7, 2.1, 158.386, 0, 0, 0, 36, 11.863, 3.208, 114.109, 19.16, 100, 0, 0, 20, 20, 0, 0.55, 79.5, 0, 0, 84.5, 30.212, 0, 0, 6.597, 0, 0, 14, 0, 13.7, 0, 2.071, 158.386, 0, 0, 0, 36, 1, 0.012, 0.003, 114.109, 19.16, 100, 0, 0, 141, 20, 20, 0, 0.55, 0, 79.5, 0, 0, 84.5, 30.212, 0, 0, 0, 0, 
2.4, 23.554, 100.58, 62.6, 63.28, , 14.078, 0.971, 107.989, 107.989, 2.101, 335.62, 335.62, 335.62, 65.335, 86.227, 35.06, 35.182, 7.377, 21.823, 0, 0, 27.915, 28.75, 27.915, 28.75, 1, 31.671, 31.671, 0.025, 0.272, 71.179, 73.31, 71.179, 73.31, 4.512, 7.377, 21.823, , , 1, 2.425, 10.033, 0, 13.7, 2.101, 158.586, 0, 0, 0, 36, 16.771, 3.634, 113.749, 19.16, 100, 0, 0, 20, 20, 0, 0.55, 79.5, 0, 0, 84.5, 30.088, 0, 0, 10.033, 0, 0, 14, 0, 13.7, 0, 2.057, 158.586, 0, 0, 0, 36, 1, 0.017, 0.004, 113.749, 19.16, 100, 0, 0, 141, 20, 20, 0, 0.55, 0, 79.5, 0, 0, 84.5, 30.088, 0, 0, 0, 0, 
2.45, 23.552, 100.579, 62.6, 63.28, , 16.264, 0.971, 110.213, 110.213, 2.102, 387.492, 387.492, 387.492, 64.206, 86.992, 35.06, 35.362, 7.377, 20.961, 0, 0, 32.742, 33.722, 32.742, 33.722, 1, 32.353, 32.353, 0.025, 0.272, 82.93, 85.415, 82.93, 85.415, 4.508, 7.377, 20.961, , , 1, 2.475, 13.469, 0, 13.7, 2.102, 158.785, 0, 0, 0, 36, 21.679, 4.06, 113.389, 19.16, 100, 0, 0, 20, 20, 0, 0.55, 79.5, 0, 0, 84.5, 29.964, 0, 0, 13.469, 0, 0, 14, 0, 13.7, 0, 2.043, 158.785, 0, 0, 0, 36, 1, 0.022, 0.004, 113.389, 19.16, 100, 0, 0, 141, 20, 20, 0, 0.55, 0, 79.5, 0, 0, 84.5, 29.964, 0, 0, 0, 0, 
2.5, 23.55, 100.579, 62.6, 63.28, , 17.973, 0.971, 112.458, 112.458, 2.102, 428.036, 428.036, 428.036, 63.12, 87.757, 35.133, 35.444, 7.377, 20.049, 0, 0, 36.7, 37.8, 36.7, 37.8, 1, 33.22, 33.22, 0.025, 0.272, 92.315, 95.081, 92.315, 95.081, 4.504, 7.377, 20.049, , , 1, 2.524, 16.905, 0, 13.7, 2.102, 158.984, 0, 0, 0, 36, 26.587, 4.486, 113.029, 19.16, 100, 0, 0, 20, 20, 0, 0.55, 79.5, 0, 0, 84.5, 29.84, 0, 0, 16.905, 0, 0, 14, 0, 13.7, 0, 2.029, 158.984, 0, 0, 0, 36, 1, 0.027, 0.005, 113.029, 19.16, 100, 0, 0, 141, 20, 20, 0, 0.55, 0, 79.5, 0, 0, 84.5, 29.84, 0, 0, 0, 0, 
2.55, 23.548, 100.578, 62.6, 63.28, , 17.506, 0.971, 114.817, 114.817, 2.144, 416.979, 416.979, 416.979, 62.165, 88.522, 35.241, 35.48, 7.378, 18.617, 0, 0, 36.7, 37.8, 36.7, 37.8, 1, 34.076, 34.076, 0.025, 0.271, 90.914, 93.64, 90.914, 93.64, 4.5, 7.378, 18.617, , , 1, 2.575, 13.966, 0, 13.471, 2.144, 159.192, 0, 0, 0, 41.726, 25.194, 7.054, 113.172, 35.135, 100, 0, 0, 21.098, 21.241, 19.502, 1.291, 81.838, 0, 0, 85.932, 31.135, 0, 0, 13.966, 0, 0, 14, 0, 13.471, 0, 2.084, 159.192, 0, 0, 0, 41.726, 1, 0.025, 0.007, 113.172, 35.135, 100, 0, 0, 141, 21.098, 21.241, 19.502, 1.291, 0, 81.838, 0, 0, 85.932, 31.135, 0, 0, 0, 0, 
2.6, 23.546, 100.578, 62.6, 63.28, , 17.121, 0.971, 117.198, 117.198, 2.188, 407.856, 407.856, 407.856, 61.806, 89.287, 35.348, 35.516, 7.378, 17.127, 0, 0, 36.844, 37.948, 36.844, 37.948, 1, 34.887, 34.887, 0.025, 0.271, 89.786, 92.479, 89.786, 92.479, 4.503, 7.378, 17.127, , , 1, 2.625, 10.472, 0, 13.222, 2.188, 159.4, 0, 0, 0, 47.95, 23.254, 9.808, 113.359, 52.13, 100, 0, 0, 22.29, 22.589, 40.249, 2.096, 84.38, 0, 0, 87.488, 32.553, 0, 0, 10.472, 0, 0, 14, 0, 13.222, 0, 2.144, 159.4, 0, 0, 0, 47.95, 1, 0.023, 0.01, 113.359, 52.13, 100, 0, 0, 141, 22.29, 22.589, 40.249, 2.096, 0, 84.38, 0, 0, 87.488, 32.553, 0, 0, 0, 0, 
2.65, 23.544, 100.578, 62.6, 63.28, , 17.062, 0.971, 119.682, 119.682, 2.233, 406.47, 406.47, 406.47, 61.528, 90.053, 35.456, 35.552, 7.379, 15.631, 0, 0, 37.564, 38.689, 37.564, 38.689, 1, 35.701, 35.701, 0.024, 0.272, 89.751, 92.442, 89.751, 92.442, 4.513, 7.379, 15.631, , , 1, 2.676, 6.978, 0, 12.973, 2.233, 159.608, 0, 0, 0, 54.174, 21.313, 12.562, 113.545, 69.125, 100, 0, 0, 23.483, 23.938, 60.996, 2.901, 86.921, 0, 0, 89.044, 33.971, 0, 0, 6.978, 0, 0, 14, 0, 12.973, 0, 2.204, 159.608, 0, 0, 0, 54.174, 1, 0.021, 0.013, 113.545, 69.125, 100, 0, 0, 141, 23.483, 23.938, 60.996, 2.901, 0, 86.921, 0, 0, 89.044, 33.971, 0, 0, 0, 0, 
2.7, 23.543, 100.577, 62.6, 63.28, , 16.998, 0.971, 122.208, 122.208, 2.277, 404.972, 404.972, 404.972, 61.504, 90.818, 35.563, 35.588, 7.379, 14.135, 0, 0, 38.275, 39.422, 38.275, 39.422, 1, 36.523, 36.523, 0.024, 0.272, 89.54, 92.224, 89.54, 92.224, 4.523, 7.379, 14.135, , , 1, 2.725, 3.484, 0, 12.724, 2.277, 159.817, 0, 0, 0, 60.398, 19.372, 15.316, 113.732, 86.12, 100, 0, 0, 24.676, 25.286, 81.743, 3.706, 89.463, 0, 0, 90.6, 35.389, 0, 0, 3.484, 0, 0, 14, 0, 12.724, 0, 2.264, 159.817, 0, 0, 0, 60.398, 1, 0.019, 0.016, 113.732, 86.12, 100, 0, 0, 141, 24.676, 25.286, 81.743, 3.706, 0, 89.463, 0, 0, 90.6, 35.389, 0, 0, 0, 0, 
2.75, 23.541, 100.577, 62.6, 63.28, , 16.925, 0.971, 124.832, 124.832, 2.324, 403.238, 403.238, 403.238, 61.598, 91.583, 35.528, 35.552, 7.379, 13.195, 0, 0, 38.968, 40.135, 38.968, 40.135, 1, 37.341, 37.341, 0.024, 0.272, 88.955, 91.621, 88.955, 91.621, 4.533, 7.379, 13.195, , , 1, 2.775, 0.337, 0, 12.5, 2.324, 160, 0, 0, 0, 66, 17.624, 17.797, 113.879, 101.096, 100, 0, 0, 25.78, 26.524, 100, 4.43, 91.72, 0, 0, 92.012, 36.761, 0, 0, 0.337, 0, 0, 14, 0, 12.5, 0, 2.324, 160, 0, 0, 0, 66, 1, 0.018, 0.018, 113.879, 101.096, 100, 0, 0, 141, 25.78, 26.524, 100, 4.43, 0, 91.72, 0, 0, 92.012, 36.761, 0, 0, 0, 0, 
2.8, 23.54, 100.577, 62.6, 63.28, , 16.835, 0.971, 127.503, 127.503, 2.384, 401.126, 401.126, 401.126, 61.856, 92.348, 35.42, 35.48, 7.38, 12.362, 0, 0, 39.825, 41.018, 39.825, 41.018, 1, 38.154, 38.154, 0.024, 0.272, 88.2, 90.842, 88.2, 90.842, 4.549, 7.38, 12.362, , , 1, 2.825, 0.303, 0, 12.5, 2.384, 160, 0, 0, 0, 66, 17.611, 17.817, 113.665, 101.27, 100, 0, 0, 26.076, 26.761, 100, 4.43, 91.423, 0, 0, 92.131, 37.717, 0, 0, 0.303, 0, 0, 14, 0, 12.5, 0, 2.384, 160, 0, 0, 0, 66, 1, 0.018, 0.018, 113.665, 101.27, 100, 0, 0, 141, 26.076, 26.761, 100, 4.43, 0, 91.423, 0, 0, 92.131, 37.717, 0, 0, 0, 0, 
2.85, 23.54, 100.576, 62.6, 63.28, , 16.731, 0.971, 130.218, 130.218, 2.445, 398.694, 398.694, 398.694, 62.049, 93.113, 35.312, 35.408, 7.38, 12.019, 0, 0, 40.821, 42.045, 40.821, 42.045, 1, 39.211, 39.211, 0.024, 0.272, 87.298, 89.913, 87.298, 89.913, 4.57, 7.38, 12.019, , , 1, 2.875, 0.27, 0, 12.5, 2.445, 160, 0, 0, 0, 66, 17.598, 17.837, 113.452, 101.444, 100, 0, 0, 26.372, 26.998, 100, 4.43, 91.125, 0, 0, 92.25, 38.673, 0, 0, 0.27, 0, 0, 14, 0, 12.5, 0, 2.445, 160, 0, 0, 0, 66, 1, 0.018, 0.018, 113.452, 101.444, 100, 0, 0, 141, 26.372, 26.998, 100, 4.43, 0, 91.125, 0, 0, 92.25, 38.673, 0, 0, 0, 0, 
2.9, 23.54, 100.576, 62.6, 63.28, , 16.778, 0.971, 134.137, 134.137, 2.506, 399.808, 399.808, 399.808, 62.209, 93.879, 35.203, 35.335, 7.379, 11.784, 0, 0, 41.851, 43.107, 41.851, 43.107, 1, 40.395, 40.395, 0.024, 0.272, 87.411, 90.03, 87.411, 90.03, 4.591, 7.379, 11.784, , , 1, 2.925, 0.237, 0, 12.5, 2.506, 160, 0, 0, 0, 66, 17.585, 17.857, 113.239, 101.618, 100, 0, 0, 26.668, 27.235, 100, 4.43, 90.827, 0, 0, 92.369, 39.629, 0, 0, 0.237, 0, 0, 14, 0, 12.5, 0, 2.506, 160, 0, 0, 0, 66, 1, 0.018, 0.018, 113.239, 101.618, 100, 0, 0, 141, 26.668, 27.235, 100, 4.43, 0, 90.827, 0, 0, 92.369, 39.629, 0, 0, 0, 0, 
2.95, 23.54, 100.575, 62.6, 63.28, , 16.861, 0.971, 138.175, 138.175, 2.566, 401.798, 401.798, 401.798, 62.227, 94.644, 35.095, 35.263, 7.379, 11.764, 0, 0, 42.892, 44.179, 42.892, 44.179, 1, 41.219, 41.219, 0.024, 0.272, 87.787, 90.416, 87.787, 90.416, 4.613, 7.379, 11.764, , , 1, 2.976, 0.203, 0, 12.5, 2.566, 160, 0, 0, 0, 66, 17.572, 17.878, 113.026, 101.793, 100, 0, 0, 26.964, 27.472, 100, 4.43, 90.53, 0, 0, 92.488, 40.585, 0, 0, 0.203, 0, 0, 14, 0, 12.5, 0, 2.566, 160, 0, 0, 0, 66, 1, 0.018, 0.018, 113.026, 101.793, 100, 0, 0, 141, 26.964, 27.472, 100, 4.43, 0, 90.53, 0, 0, 92.488, 40.585, 0, 0, 0, 0, 
3, 23.54, 100.575, 62.6, 63.28, , 16.942, 0.971, 141.094, 141.094, 2.622, 403.731, 403.731, 403.731, 62.244, 95.409, 35.06, 35.118, 7.378, 11.799, 0, 0, 43.946, 45.264, 43.946, 45.264, 1, 42.027, 42.027, 0.024, 0.272, 88.21, 90.852, 88.21, 90.852, 4.628, 7.378, 11.799, , , 1, 3.025, 0.162, 0, 12.5, 2.622, 160, 0, 0, 0, 66, 17.645, 18.013, 113, 101.915, 100, 0, 0, 27.092, 27.685, 100, 4.43, 90.971, 0, 0, 93.206, 41.503, 0, 0, 0.162, 0, 0, 14, 0, 12.5, 0, 2.622, 160, 0, 0, 0, 66, 1, 0.018, 0.018, 113, 101.915, 100, 0, 0, 141, 27.092, 27.685, 100, 4.43, 0, 90.971, 0, 0, 93.206, 41.503, 0, 0, 0, 0, 
3.05, 23.54, 100.575, 62.6, 63.28, , 17.05, 0.971, 144.053, 144.053, 2.677, 406.312, 406.312, 406.312, 62.269, 96.174, 35.06, 34.938, 7.378, 11.785, 0, 0, 45.086, 46.438, 45.086, 46.438, 1, 42.834, 42.834, 0.024, 0.272, 88.724, 91.381, 88.724, 91.381, 4.631, 7.378, 11.785, , , 1, 3.075, 0.121, 0, 12.5, 2.677, 160, 0, 0, 0, 66, 17.73, 18.164, 113, 102.032, 100, 0, 0, 27.197, 27.895, 100, 4.43, 91.494, 0, 0, 93.991, 42.416, 0, 0, 0.121, 0, 0, 14, 0, 12.5, 0, 2.677, 160, 0, 0, 0, 66, 1, 0.018, 0.018, 113, 102.032, 100, 0, 0, 141, 27.197, 27.895, 100, 4.43, 0, 91.494, 0, 0, 93.991, 42.416, 0, 0, 0, 0, 
3.1, 23.54, 100.574, 62.6, 63.28, , 17.182, 0.971, 147.047, 147.047, 2.732, 409.445, 409.445, 409.445, 62.352, 96.939, 35.06, 34.758, 7.378, 11.757, 0, 0, 46.3, 47.69, 46.3, 47.69, 1, 43.655, 43.655, 0.024, 0.272, 89.315, 91.99, 89.315, 91.99, 4.633, 7.378, 11.757, , , 1, 3.125, 0.079, 0, 12.5, 2.732, 160, 0, 0, 0, 66, 17.815, 18.316, 113, 102.148, 100, 0, 0, 27.303, 28.105, 100, 4.43, 92.017, 0, 0, 94.775, 43.329, 0, 0, 0.079, 0, 0, 14, 0, 12.5, 0, 2.732, 160, 0, 0, 0, 66, 1, 0.018, 0.018, 113, 102.148, 100, 0, 0, 141, 27.303, 28.105, 100, 4.43, 0, 92.017, 0, 0, 94.775, 43.329, 0, 0, 0, 0, 
3.15, 23.54, 100.574, 62.6, 63.28, , 17.344, 0.971, 150.158, 150.158, 2.787, 413.315, 413.315, 413.315, 62.471, 97.704, 35.06, 34.578, 7.378, 11.719, 0, 0, 47.63, 49.06, 47.63, 49.06, 1, 44.483, 44.483, 0.024, 0.271, 89.957, 92.65, 89.957, 92.65, 4.635, 7.378, 11.719, , , 1, 3.175, 0.037, 0, 12.5, 2.787, 160, 0, 0, 0, 66, 17.9, 18.467, 113, 102.265, 100, 0, 0, 27.408, 28.315, 100, 4.43, 92.54, 0, 0, 95.56, 44.242, 0, 0, 0.037, 0, 0, 14, 0, 12.5, 0, 2.787, 160, 0, 0, 0, 66, 1, 0.018, 0.018, 113, 102.265, 100, 0, 0, 141, 27.408, 28.315, 100, 4.43, 0, 92.54, 0, 0, 95.56, 44.242, 0, 0, 0, 0, 
3.2, 23.54, 100.573, 62.6, 63.28, , 17.5, 0.971, 153.312, 153.312, 2.839, 417.032, 417.032, 417.032, 62.639, 98.47, 35.06, 34.398, 7.379, 11.678, 0, 0, 48.963, 50.432, 48.963, 50.432, 1, 45.319, 45.319, 0.024, 0.271, 90.533, 93.243, 90.533, 93.243, 4.638, 7.379, 11.678, , , 1, 3.225, 0, 0, 12.5, 2.839, 160, 0, 0, 0, 66, 17.981, 18.61, 113, 102.371, 100, 0, 0, 27.514, 28.514, 100, 4.43, 93.027, 0, 0, 96.298, 45.104, 0, 0, 0, 0, 0, 14, 0, 12.5, 0, 2.839, 160, 0, 0, 0, 66, 1, 0.018, 0.019, 113, 102.371, 100, 0, 0, 141, 27.514, 28.514, 100, 4.43, 0, 93.027, 0, 0, 96.298, 45.104, 0, 0, 0, 0, 
3.25, 23.54, 100.573, 62.6, 63.28, , 17.651, 0.971, 156.513, 156.513, 2.872, 420.634, 420.634, 420.634, 62.808, 99.235, 34.962, 34.585, 7.379, 11.646, 0, 0, 50.304, 51.814, 50.304, 51.814, 1, 46.163, 46.163, 0.025, 0.271, 91.054, 93.78, 91.054, 93.78, 4.649, 7.379, 11.646, , , 1, 3.274, 0, 0, 12.5, 2.872, 160, 0, 0, 0, 66, 18.027, 18.689, 113, 102.413, 100, 0, 0, 27.627, 28.627, 100, 4.43, 93.255, 0, 0, 96.695, 45.599, 0, 0, 0, 0, 0, 14, 0, 12.5, 0, 2.872, 160, 0, 0, 0, 66, 1, 0.018, 0.019, 113, 102.413, 100, 0, 0, 141, 27.627, 28.627, 100, 4.43, 0, 93.255, 0, 0, 96.695, 45.599, 0, 0, 0, 0, 
3.3, 23.54, 100.573, 62.6, 63.28, , 17.842, 0.971, 159.802, 159.802, 2.905, 425.176, 425.176, 425.176, 62.951, 100, 34.818, 34.945, 7.38, 11.617, 0, 0, 51.789, 53.342, 51.789, 53.342, 1, 47.014, 47.014, 0.025, 0.271, 91.85, 94.601, 91.85, 94.601, 4.661, 7.38, 11.617, , , 1, 3.325, 0, 0, 12.5, 2.905, 160, 0, 0, 0, 66, 18.074, 18.769, 113, 102.455, 100, 0, 0, 27.741, 28.741, 100, 4.43, 93.482, 0, 0, 97.093, 46.093, 0, 0, 0, 0, 0, 14, 0, 12.5, 0, 2.905, 160, 0, 0, 0, 66, 1, 0.018, 0.019, 113, 102.455, 100, 0, 0, 141, 27.741, 28.741, 100, 4.43, 0, 93.482, 0, 0, 97.093, 46.093, 0, 0, 0, 0, 
3.35, 23.54, 100.572, 62.6, 63.28, , 18.021, 0.971, 163.147, 163.147, 2.938, 429.439, 429.439, 429.439, 63.04, 93.907, 34.674, 35.305, 7.38, 11.603, 0, 0, 53.265, 54.86, 53.265, 54.86, 1, 47.876, 47.876, 0.025, 0.271, 92.652, 95.428, 92.652, 95.428, 4.672, 7.38, 11.603, , , 1, 3.375, 0, 0, 12.5, 2.938, 160, 0, 0, 0, 66, 18.12, 18.848, 113, 102.497, 100, 0, 0, 27.855, 28.855, 100, 4.43, 93.709, 0, 0, 97.491, 46.587, 0, 0, 0, 0, 0, 14, 0, 12.5, 0, 2.938, 160, 0, 0, 0, 66, 1, 0.018, 0.019, 113, 102.497, 100, 0, 0, 141, 27.855, 28.855, 100, 4.43, 0, 93.709, 0, 0, 97.491, 46.587, 0, 0, 0, 0, 
3.4, 23.54, 100.572, 62.6, 63.28, , 17.986, 0.971, 166.554, 166.554, 2.971, 428.621, 428.621, 428.621, 63.063, 87.814, 34.53, 35.665, 7.379, 11.595, 0, 0, 54.083, 55.702, 54.083, 55.702, 1, 48.752, 48.752, 0.025, 0.271, 92.415, 95.184, 92.415, 95.184, 4.683, 7.379, 11.595, , , 1, 3.426, 0, 0, 12.5, 2.971, 160, 0, 0, 0, 66, 18.167, 18.928, 113, 102.539, 100, 0, 0, 27.968, 28.968, 100, 4.43, 93.936, 0, 0, 97.889, 47.082, 0, 0, 0, 0, 0, 14, 0, 12.5, 0, 2.971, 160, 0, 0, 0, 66, 1, 0.018, 0.019, 113, 102.539, 100, 0, 0, 141, 27.968, 28.968, 100, 4.43, 0, 93.936, 0, 0, 97.889, 47.082, 0, 0, 0, 0, 
3.45, 23.54, 100.572, 62.6, 63.28, , 17.296, 0.971, 170.039, 170.039, 3.038, 412.263, 412.263, 412.263, 63.076, 81.72, 34.386, 36.025, 7.379, 11.596, 0, 0, 52.837, 54.417, 52.837, 54.417, 1, 49.6, 49.6, 0.025, 0.271, 88.873, 91.535, 88.873, 91.535, 4.718, 7.379, 11.596, , , 1, 3.475, 0, 0.047, 12.5, 3.038, 160, 0, 0, 0, 65.64, 17.028, 17.764, 112.611, 98.072, 100, 0, 0, 28.432, 29.072, 93.488, 4.173, 94.504, 0, 0, 98.972, 47.846, 0, 0, 0, 0, 0, 14, 0.047, 12.5, 0, 3.038, 160, 0, 0, 0, 65.64, 1, 0.017, 0.018, 112.611, 98.072, 100, 0, 0, 141, 28.432, 29.072, 93.488, 4.173, 0, 94.504, 0, 0, 98.972, 47.846, 0, 0, 0, 0, 
3.5, 23.54, 100.571, 62.6, 63.28, , 14.837, 0.971, 173.57, 173.57, 3.116, 353.951, 353.951, 353.951, 63.124, 75.627, 34.505, 36.069, 7.378, 11.601, 0, 0, 45.859, 47.229, 45.859, 47.229, 1, 50.392, 50.392, 0.025, 0.272, 76.282, 78.568, 76.282, 78.568, 4.752, 7.378, 11.601, , , 1, 3.525, 0, 0.112, 12.5, 3.116, 160, 0, 0, 0, 65.14, 15.428, 16.117, 112.071, 92.021, 100, 0, 0, 29.032, 29.172, 84.688, 3.816, 95.204, 0, 0, 100.322, 48.716, 0, 0, 0, 0, 0, 14, 0.112, 12.5, 0, 3.116, 160, 0, 0, 0, 65.14, 1, 0.015, 0.016, 112.071, 92.021, 100, 0, 0, 141, 29.032, 29.172, 84.688, 3.816, 0, 95.204, 0, 0, 100.322, 48.716, 0, 0, 0, 0, 
3.55, 23.54, 100.571, 62.6, 63.28, , 11.102, 0.971, 177.17, 177.17, 3.195, 265.353, 265.353, 265.353, 63.303, 69.534, 34.747, 35.966, 7.378, 11.609, 0, 0, 34.662, 35.697, 34.662, 35.697, 1, 51.061, 51.061, 0.025, 0.272, 57.243, 58.959, 57.243, 58.959, 4.787, 7.378, 11.609, , , 1, 3.576, 0, 0.177, 12.5, 3.195, 160, 0, 0, 0, 64.64, 13.828, 14.47, 111.531, 85.97, 100, 0, 0, 29.632, 29.272, 75.888, 3.459, 95.904, 0, 0, 101.672, 49.586, 0, 0, 0, 0, 0, 14, 0.177, 12.5, 0, 3.195, 160, 0, 0, 0, 64.64, 1, 0.014, 0.015, 111.531, 85.97, 100, 0, 0, 141, 29.632, 29.272, 75.888, 3.459, 0, 95.904, 0, 0, 101.672, 49.586, 0, 0, 0, 0, 
3.6, 23.54, 100.57, 62.6, 63.28, , 6.232, 0.971, 180.852, 180.852, 3.273, 149.835, 149.835, 149.835, 63.768, 63.441, 34.989, 35.862, 7.377, 11.618, 0, 0, 19.693, 20.279, 19.693, 20.279, 1, 51.48, 51.48, 0.025, 0.272, 32.584, 33.561, 32.584, 33.561, 4.821, 7.377, 11.618, , , 1, 3.625, 0, 0.242, 12.5, 3.273, 160, 0, 0, 0, 64.14, 12.228, 12.823, 110.991, 79.919, 100, 0, 0, 30.232, 29.372, 67.088, 3.102, 96.604, 0, 0, 103.022, 50.456, 0, 0, 0, 0, 0, 14, 0.242, 12.5, 0, 3.273, 160, 0, 0, 0, 64.14, 1, 0.012, 0.013, 110.991, 79.919, 100, 0, 0, 141, 30.232, 29.372, 67.088, 3.102, 0, 96.604, 0, 0, 103.022, 50.456, 0, 0, 0, 0, 
3.65, 23.54, 100.57, 62.6, 63.28, , 0.533, 0.971, 184.618, 184.618, 3.352, 14.639, 14.639, 14.639, 64.54, 57.348, 35.232, 35.758, 7.377, 11.615, 0, 0, 1.937, 1.992, 1.937, 1.992, 1, 51.638, 51.638, 0.025, 0.272, 3.973, 4.091, 3.973, 4.091, 4.864, 7.377, 11.615, , , 1, 3.674, 0, 0.307, 12.5, 3.352, 160, 0, 0, 0, 63.64, 10.628, 11.176, 110.451, 73.868, 100, 0, 0, 30.832, 29.472, 58.288, 2.745, 97.304, 0, 0, 104.372, 51.326, 0, 0, 0, 0, 0, 14, 0.307, 12.5, 0, 3.352, 160, 0, 0, 0, 63.64, 1, 0.011, 0.011, 110.451, 73.868, 100, 0, 0, 141, 30.832, 29.472, 58.288, 2.745, 0, 97.304, 0, 0, 104.372, 51.326, 0, 0, 0, 0, 
3.7, 23.54, 100.57, 62.6, 63.28, , -3.519, 0.971, 188.384, 188.384, 3.39, -81.512, -81.512, -81.512, 65.536, 55.347, 35.474, 35.654, 7.377, 11.605, 0, 0, -10.812, -11.139, -10.812, -11.139, 1, 51.566, 51.566, 0.025, 0.272, -16.271, -16.76, -16.271, -16.76, 4.909, 7.377, 11.605, , , 1, 3.725, 0, 0.356, 12.5, 3.39, 160, 0, 0, 0, 62.075, 8.959, 9.43, 110.03, 65.667, 100, 0, 0, 31.112, 29.575, 48.292, 2.352, 97.5, 0, 0, 105.315, 51.477, 0, 0, 0, 0, 0, 14, 0.356, 12.5, 0, 3.39, 160, 0, 0, 0, 62.075, 1, 0.009, 0.01, 110.03, 65.667, 100, 0, 0, 141, 31.112, 29.575, 48.292, 2.352, 0, 97.5, 0, 0, 105.315, 51.477, 0, 0, 0, 0, 
3.75, 23.54, 100.571, 62.6, 63.28, , -5.896, 0.971, 192.199, 192.199, 3.414, -137.897, -137.897, -137.897, 66.619, 62.998, 35.582, 35.546, 7.377, 11.678, 0, 0, -18.281, -18.831, -18.281, -18.831, 1, 51.326, 51.326, 0.025, 0.272, -27.922, -28.76, -27.922, -28.76, 4.953, 7.377, 11.678, , , 1, 3.775, 0, 0.399, 12.5, 3.414, 160, 0, 0, 0, 60.096, 7.263, 7.646, 109.655, 56.711, 100, 0, 0, 31.269, 29.679, 37.875, 1.946, 97.5, 0, 0, 106.099, 51.348, 0, 0, 0, 0, 0, 14, 0.399, 12.5, 0, 3.414, 160, 0, 0, 0, 60.096, 1, 0.008, 0.008, 109.655, 56.711, 100, 0, 0, 141, 31.269, 29.679, 37.875, 1.946, 0, 97.5, 0, 0, 106.099, 51.348, 0, 0, 0, 0, 
3.8, 23.54, 100.571, 62.6, 63.28, , -6.869, 0.971, 195.991, 195.991, 3.438, -160.999, -160.999, -160.999, 67.613, 65.794, 35.544, 35.434, 7.377, 11.801, 0, 0, -21.274, -21.913, -21.274, -21.913, 1, 50.981, 50.981, 0.025, 0.272, -32.457, -33.431, -32.457, -33.431, 4.997, 7.377, 11.801, , , 1, 3.824, 0, 0.442, 12.5, 3.438, 160, 0, 0, 0, 58.117, 5.567, 5.862, 109.28, 47.755, 100, 0, 0, 31.425, 29.783, 27.458, 1.54, 97.5, 0, 0, 106.884, 51.219, 0, 0, 0, 0, 0, 14, 0.442, 12.5, 0, 3.438, 160, 0, 0, 0, 58.117, 1, 0.006, 0.006, 109.28, 47.755, 100, 0, 0, 141, 31.425, 29.783, 27.458, 1.54, 0, 97.5, 0, 0, 106.884, 51.219, 0, 0, 0, 0, 
3.85, 23.54, 100.571, 62.6, 63.28, , -6.736, 0.971, 199.757, 199.757, 3.462, -157.839, -157.839, -157.839, 68.353, 64.595, 35.507, 35.321, 7.377, 12.145, 0, 0, -20.736, -21.358, -20.736, -21.358, 1, 50.627, 50.627, 0.025, 0.272, -31.515, -32.46, -31.515, -32.46, 5.027, 7.377, 12.145, , , 1, 3.875, 0, 0.485, 12.5, 3.462, 160, 0, 0, 0, 56.138, 3.871, 4.077, 108.905, 38.799, 100, 0, 0, 31.581, 29.888, 17.042, 1.134, 97.5, 0, 0, 107.668, 51.09, 0, 0, 0, 0, 0, 14, 0.485, 12.5, 0, 3.462, 160, 0, 0, 0, 56.138, 1, 0.004, 0.004, 108.905, 38.799, 100, 0, 0, 141, 31.581, 29.888, 17.042, 1.134, 0, 97.5, 0, 0, 107.668, 51.09, 0, 0, 0, 0, 
3.9, 23.54, 100.572, 62.6, 63.28, , -5.913, 0.971, 203.517, 203.517, 3.486, -138.324, -138.324, -138.324, 68.826, 62.294, 35.47, 35.208, 7.377, 12.635, 0, 0, -18.019, -18.56, -18.019, -18.56, 1, 50.313, 50.313, 0.025, 0.272, -27.306, -28.127, -27.306, -28.127, 5.055, 7.377, 12.635, , , 1, 3.925, 0, 0.527, 12.5, 3.486, 160, 0, 0, 0, 54.158, 2.176, 2.293, 108.53, 29.842, 100, 0, 0, 31.738, 29.992, 6.625, 0.727, 97.5, 0, 0, 108.453, 50.96, 0, 0, 0, 0, 0, 14, 0.527, 12.5, 0, 3.486, 160, 0, 0, 0, 54.158, 1, 0.003, 0.002, 108.53, 29.842, 100, 0, 0, 141, 31.738, 29.992, 6.625, 0.727, 0, 97.5, 0, 0, 108.453, 50.96, 0, 0, 0, 0, 
3.95, 23.54, 100.572, 62.6, 63.28, , -5.779, 0.971, 207.223, 207.223, 3.465, -135.161, -135.161, -135.161, 69.09, 63.739, 35.432, 35.096, 7.377, 13.489, 0, 0, -17.505, -18.032, -17.505, -18.032, 1, 50.018, 50.018, 0.025, 0.273, -26.596, -27.395, -26.596, -27.395, 5.083, 7.377, 13.489, , , 1, 3.975, 0, 0.429, 12.529, 3.465, 160, 0, 0, 0, 51.604, 1.892, 1.974, 108.328, 26.667, 100, 0, 0, 31.415, 30, 4.825, 0.665, 96.135, 0, 0, 106.404, 50.712, 0, 0, 0, 0, 0, 14, 0.429, 12.529, 0, 3.465, 160, 0, 0, 0, 51.604, 1, 0.002, 0.002, 108.328, 26.667, 100, 0, 0, 141, 31.415, 30, 4.825, 0.665, 0, 96.135, 0, 0, 106.404, 50.712, 0, 0, 0, 0, 
4, 23.54, 100.573, 62.6, 63.28, , -5.404, 0.971, 210.929, 210.929, 3.442, -126.263, -126.263, -126.263, 69.202, 65.183, 35.371, 35.109, 7.377, 14.604, 0, 0, -16.276, -16.768, -16.276, -16.768, 1, 49.732, 49.732, 0.025, 0.273, -24.809, -25.554, -24.809, -25.554, 5.111, 7.377, 14.604, , , 1, 4.025, 0, 0.321, 12.56, 3.442, 160, 0, 0, 0, 49, 1.732, 1.782, 108.14, 23.861, 100, 0, 0, 31.05, 30, 3.575, 0.633, 94.683, 0, 0, 104.173, 50.454, 0, 0, 0, 0, 0, 14, 0.321, 12.56, 0, 3.442, 160, 0, 0, 0, 49, 1, 0.002, 0.002, 108.14, 23.861, 100, 0, 0, 141, 31.05, 30, 3.575, 0.633, 0, 94.683, 0, 0, 104.173, 50.454, 0, 0, 0, 0, 
4.05, 23.54, 100.573, 62.6, 63.28, , -5.19, 0.971, 214.602, 214.602, 3.419, -121.181, -121.181, -121.181, 69.214, 66.628, 35.299, 35.181, 7.377, 15.894, 0, 0, -15.535, -16.005, -15.535, -16.005, 1, 49.466, 49.466, 0.025, 0.273, -23.806, -24.521, -23.806, -24.521, 5.152, 7.377, 15.894, , , 1, 4.075, 0, 0.213, 12.591, 3.419, 160, 0, 0, 0, 46.396, 1.572, 1.59, 107.952, 21.055, 100, 0, 0, 30.685, 30, 2.325, 0.601, 93.23, 0, 0, 101.943, 50.196, 0, 0, 0, 0, 0, 14, 0.213, 12.591, 0, 3.419, 160, 0, 0, 0, 46.396, 1, 0.002, 0.001, 107.952, 21.055, 100, 0, 0, 141, 30.685, 30, 2.325, 0.601, 0, 93.23, 0, 0, 101.943, 50.196, 0, 0, 0, 0, 
4.1, , 100.573, 62.6, , , -5.138, 0.971, 218.251, 218.251, 3.395, -119.969, -119.969, -119.969, 69.136, 68.072, 35.227, 35.253, 7.377, 17.322, 0, 0, -15.286, -15.749, -15.286, -15.749, 1, 49.206, 49.206, 0.025, 0.274, -23.593, -24.303, -23.593, -24.303, 5.197, 7.377, 17.322, , , 1, 4.124, 0, 0.105, 12.623, 3.395, 160, 0, 0, 0, 43.792, 1.411, 1.399, 107.765, 18.248, 100, 0, 0, 30.321, 30, 1.075, 0.568, 91.778, 0, 0, 99.713, 49.937, 0, 0, 0, 0, 0, 14, 0.105, 12.623, 0, 3.395, 160, 0, 0, 0, 43.792, 1, 0.002, 0.001, 107.765, 18.248, 100, 0, 0, 141, 30.321, 30, 1.075, 0.568, 0, 91.778, 0, 0, 99.713, 49.937, 0, 0, 0, 0, 
4.15, , 100.574, 62.6, , , -5.12, 0.971, 221.898, 221.898, 3.372, -119.539, -119.539, -119.539, 69.006, 69.517, 35.155, 35.325, 7.377, 18.672, 0, 0, -15.134, -15.592, -15.134, -15.592, 1, 48.949, 48.949, 0.025, 0.275, -23.562, -24.27, -23.562, -24.27, 5.242, 7.377, 18.672, , , 1, 4.174, 0, 0.01, 12.653, 3.372, 160, 0, 0, 0, 41.35, 1.235, 1.196, 107.6, 15.794, 100, 0, 0, 29.905, 29.905, 0, 0.54, 90.473, 0, 0, 97.709, 49.676, 0, 0, 0, 0, 0, 14, 0.01, 12.653, 0, 3.372, 160, 0, 0, 0, 41.35, 1, 0.001, 0.001, 107.6, 15.794, 100, 0, 0, 141, 29.905, 29.905, 0, 0.54, 0, 90.473, 0, 0, 97.709, 49.676, 0, 0, 0, 0, 
4.2, , 100.574, 62.6, , , -5.182, 0.971, 225.49, 225.49, 3.351, -121.007, -121.007, -121.007, 68.865, 70.961, 35.083, 35.397, 7.377, 19.956, 0, 0, -15.233, -15.692, -15.233, -15.692, 1, 48.689, 48.689, 0.025, 0.275, -23.908, -24.627, -23.908, -24.627, 5.288, 7.377, 19.956, , , 1, 4.225, 0, 0.007, 12.676, 3.351, 160, 0, 0, 0, 40.1, 0.947, 0.917, 107.6, 15.501, 100, 0, 0, 29.109, 29.109, 0, 0.543, 90.244, 0, 0, 97.366, 49.394, 0, 0, 0, 0, 0, 14, 0.007, 12.676, 0, 3.351, 160, 0, 0, 0, 40.1, 1, 0.001, 0.001, 107.6, 15.501, 100, 0, 0, 141, 29.109, 29.109, 0, 0.543, 0, 90.244, 0, 0, 97.366, 49.394, 0, 0, 0, 0, 
4.25, , 100.574, 62.6, , , -5.517, 0.971, 229.082, 229.082, 3.329, -128.968, -128.968, -128.968, 68.757, 72.406, 35.084, 35.861, 7.377, 20.923, 0, 0, -16.152, -16.637, -16.152, -16.637, 1, 48.422, 48.422, 0.025, 0.276, -25.506, -26.273, -25.506, -26.273, 5.331, 7.377, 20.923, , , 1, 4.275, 0, 0.005, 12.698, 3.329, 160, 0, 0, 0, 38.85, 0.658, 0.637, 107.6, 15.208, 100, 0, 0, 28.314, 28.314, 0, 0.545, 90.016, 0, 0, 97.024, 49.113, 0, 0, 0, 0, 0, 14, 0.005, 12.698, 0, 3.329, 160, 0, 0, 0, 38.85, 1, 0.001, 0.001, 107.6, 15.208, 100, 0, 0, 141, 28.314, 28.314, 0, 0.545, 0, 90.016, 0, 0, 97.024, 49.113, 0, 0, 0, 0, 
4.3, , 100.575, 62.6, , , -5.786, 0.971, 232.675, 232.675, 3.308, -135.367, -135.367, -135.367, 68.751, 73.85, 35.12, 36.509, 7.377, 21.599, 0, 0, -16.868, -17.373, -16.868, -17.373, 1, 48.134, 48.134, 0.025, 0.276, -26.772, -27.576, -26.772, -27.576, 5.375, 7.377, 21.599, , , 1, 4.325, 0, 0.003, 12.721, 3.308, 160, 0, 0, 0, 37.6, 0.369, 0.358, 107.6, 14.914, 100, 0, 0, 27.518, 27.518, 0, 0.547, 89.788, 0, 0, 96.682, 48.831, 0, 0, 0, 0, 0, 14, 0.003, 12.721, 0, 3.308, 160, 0, 0, 0, 37.6, 1, 0, 0, 107.6, 14.914, 100, 0, 0, 141, 27.518, 27.518, 0, 0.547, 0, 89.788, 0, 0, 96.682, 48.831, 0, 0, 0, 0, 
4.35, , 100.575, 62.6, , , -5.809, 0.971, 236.261, 236.261, 3.286, -135.896, -135.896, -135.896, 68.806, , 35.156, 37.157, 7.377, 22.049, 0, 0, -16.834, -17.338, -16.834, -17.338, 1, 47.838, 47.838, 0.025, 0.276, -26.862, -27.668, -26.862, -27.668, 5.418, 7.377, 22.049, , , 1, 4.375, 0, 0.001, 12.744, 3.286, 160, 0, 0, 0, 36.35, 0.081, 0.078, 107.6, 14.621, 100, 0, 0, 26.723, 26.723, 0, 0.549, 89.559, 0, 0, 96.339, 48.549, 0, 0, 0, 0, 0, 14, 0.001, 12.744, 0, 3.286, 160, 0, 0, 0, 36.35, 1, 0, 0, 107.6, 14.621, 100, 0, 0, 141, 26.723, 26.723, 0, 0.549, 0, 89.559, 0, 0, 96.339, 48.549, 0, 0, 0, 0, 
4.4, , 100.576, 62.6, , , -5.746, 0.971, 239.798, 239.798, 3.268, -134.405, -134.405, -134.405, 68.89, , 35.192, 37.805, 7.377, 22.273, 0, 0, -16.546, -17.042, -16.546, -17.042, 1, 47.545, 47.545, 0.025, 0.277, -26.528, -27.323, -26.528, -27.323, 5.461, 7.377, 22.273, , , 1, 4.426, 0, 0, 12.765, 3.268, 160, 0, 0, 0, 36, 0, 0, 107.6, 14.545, 100, 0, 0, 25.15, 25.15, 0, 0.55, 89.346, 0, 0, 95.98, 48.283, 0, 0, 0, 0, 0, 14, 0, 12.765, 0, 3.268, 160, 0, 0, 0, 36, 1, 0, 0, 107.6, 14.545, 100, 0, 0, 141, 25.15, 25.15, 0, 0.55, 0, 89.346, 0, 0, 95.98, 48.283, 0, 0, 0, 0, 
4.45, , 100.576, 62.6, , , -5.734, 0.971, 243.294, 243.294, 3.251, -134.148, -134.148, -134.148, 68.986, , 35.228, 38.453, 7.377, 22.39, 0, 0, -16.412, -16.905, -16.412, -16.905, 1, 47.258, 47.258, 0.025, 0.277, -26.443, -27.234, -26.443, -27.234, 5.49, 7.377, 22.39, , , 1, 4.475, 0, 0, 12.786, 3.251, 160, 0, 0, 0, 36, 0, 0, 107.6, 14.545, 100, 0, 0, 23.275, 23.275, 0, 0.55, 89.138, 0, 0, 95.616, 48.024, 0, 0, 0, 0, 0, 14, 0, 12.786, 0, 3.251, 160, 0, 0, 0, 36, 1, 0, 0, 107.6, 14.545, 100, 0, 0, 141, 23.275, 23.275, 0, 0.55, 0, 89.138, 0, 0, 95.616, 48.024, 0, 0, 0, 0, 
4.5, , 100.576, 62.6, , , -5.728, 0.971, 246.779, 246.779, 3.233, -133.995, -133.995, -133.995, 69.055, , 35.264, 38.195, 7.377, 22.39, 0, 0, -16.292, -16.783, -16.292, -16.783, 1, 46.969, 46.969, 0.025, 0.276, -26.386, -27.175, -26.386, -27.175, 5.504, 7.377, 22.39, , , 1, 4.526, 0, 0, 12.807, 3.233, 160, 0, 0, 0, 36, 0, 0, 107.6, 14.545, 100, 0, 0, 21.4, 21.4, 0, 0.55, 88.929, 0, 0, 95.251, 47.764, 0, 0, 0, 0, 0, 14, 0, 12.807, 0, 3.233, 160, 0, 0, 0, 36, 1, 0, 0, 107.6, 14.545, 100, 0, 0, 141, 21.4, 21.4, 0, 0.55, 0, 88.929, 0, 0, 95.251, 47.764, 0, 0, 0, 0, 
4.55, , 100.577, 62.6, , , -5.707, 0.971, 250.258, 250.258, 3.216, -133.509, -133.509, -133.509, 69.096, , 35.3, 37.511, 7.377, 22.39, 0, 0, -16.134, -16.621, -16.134, -16.621, 1, 46.678, 46.678, 0.025, 0.275, -26.272, -27.059, -26.272, -27.059, 5.518, 7.377, 22.39, , , 1, 4.577, 0, 0, 12.828, 3.216, 160, 0, 0, 0, 36, 0, 0, 107.6, 14.545, 100, 0, 0, 19.525, 19.525, 0, 0.55, 88.721, 0, 0, 94.886, 47.505, 0, 0, 0, 0, 0, 14, 0, 12.828, 0, 3.216, 160, 0, 0, 0, 36, 1, 0, 0, 107.6, 14.545, 100, 0, 0, 141, 19.525, 19.525, 0, 0.55, 0, 88.721, 0, 0, 94.886, 47.505, 0, 0, 0, 0, 
4.6, , 100.577, 62.6, , , -5.672, 0.971, 253.692, 253.692, 3.199, -132.687, -132.687, -132.687, 69.113, , 35.336, 36.827, 7.377, 22.39, 0, 0, -15.935, -16.416, -15.935, -16.416, 1, 46.389, 46.389, 0.025, 0.274, -26.105, -26.886, -26.105, -26.886, 5.532, 7.377, 22.39, , , 1, 4.626, 0, 0, 12.849, 3.199, 160, 0, 0, 0, 36, 0, 0, 107.6, 14.545, 100, 0, 0, 17.65, 17.65, 0, 0.55, 88.512, 0, 0, 94.522, 47.246, 0, 0, 0, 0, 0, 14, 0, 12.849, 0, 3.199, 160, 0, 0, 0, 36, 1, 0, 0, 107.6, 14.545, 100, 0, 0, 141, 17.65, 17.65, 0, 0.55, 0, 88.512, 0, 0, 94.522, 47.246, 0, 0, 0, 0, 
4.65, , 100.578, 62.6, , , -5.649, 0.971, 257.126, 257.126, 3.188, -132.141, -132.141, -132.141, 69.106, , 35.372, 36.143, 7.377, 22.39, 0, 0, -15.772, -16.247, -15.772, -16.247, 1, 46.102, 46.102, 0.025, 0.273, -25.999, -26.779, -25.999, -26.779, 5.538, 7.377, 22.39, , , 1, 4.676, 0, 0, 12.86, 3.188, 160, 0, 0, 0, 36, 0, 0, 107.6, 14.581, 100, 0, 0, 16.446, 16.446, 0, 0.55, 88.402, 0, 0, 94.304, 47.105, 0, 0, 0, 0, 0, 14, 0, 12.86, 0, 3.188, 160, 0, 0, 0, 36, 1, 0, 0, 107.6, 14.581, 100, 0, 0, 141, 16.446, 16.446, 0, 0.55, 0, 88.402, 0, 0, 94.304, 47.105, 0, 0, 0, 0, 
4.7, , 100.578, 62.6, , , -5.622, 0.971, 260.54, 260.54, 3.178, -131.508, -131.508, -131.508, 69.094, , 35.408, 35.459, 7.377, 22.39, 0, 0, -15.6, -16.069, -15.6, -16.069, 1, 45.815, 45.815, 0.025, 0.273, -25.879, -26.657, -25.879, -26.657, 5.533, 7.377, 22.39, , , 1, 4.725, 0, 0, 12.87, 3.178, 160, 0, 0, 0, 36, 0, 0, 107.6, 14.62, 100, 0, 0, 15.3, 15.3, 0, 0.55, 88.298, 0, 0, 94.096, 46.975, 0, 0, 0, 0, 0, 14, 0, 12.87, 0, 3.178, 160, 0, 0, 0, 36, 1, 0, 0, 107.6, 14.62, 100, 0, 0, 141, 15.3, 15.3, 0, 0.55, 0, 88.298, 0, 0, 94.096, 46.975, 0, 0, 0, 0, 
4.75, , 100.578, 62.6, , , -5.584, 0.971, 263.925, 263.925, 3.168, -130.627, -130.627, -130.627, 69.082, , 35.542, 35.509, 7.377, 22.39, 0, 0, -15.4, -15.862, -15.4, -15.862, 1, 45.53, 45.53, 0.025, 0.272, -25.711, -26.483, -25.711, -26.483, 5.528, 7.377, 22.39, , , 1, 4.775, 0, 0, 12.881, 3.168, 160, 0, 0, 0, 36, 0, 0, 107.6, 14.658, 100, 0, 0, 14.154, 14.154, 0, 0.55, 88.194, 0, 0, 93.888, 46.845, 0, 0, 0, 0, 0, 14, 0, 12.881, 0, 3.168, 160, 0, 0, 0, 36, 1, 0, 0, 107.6, 14.658, 100, 0, 0, 141, 14.154, 14.154, 0, 0.55, 0, 88.194, 0, 0, 93.888, 46.845, 0, 0, 0, 0, 
4.8, , 100.579, 62.6, , , -5.567, 0.971, 267.309, 267.309, 3.158, -130.212, -130.212, -130.212, 69.073, , 35.722, 35.905, 7.377, 22.39, 0, 0, -15.255, -15.713, -15.255, -15.713, 1, 45.247, 45.247, 0.025, 0.272, -25.633, -26.402, -25.633, -26.402, 5.523, 7.377, 22.39, , , 1, 4.824, 0, 0, 12.891, 3.158, 160, 0, 0, 0, 36, 0, 0, 107.6, 14.697, 100, 0, 0, 13.008, 13.008, 0, 0.55, 88.09, 0, 0, 93.679, 46.715, 0, 0, 0, 0, 0, 14, 0, 12.891, 0, 3.158, 160, 0, 0, 0, 36, 1, 0, 0, 107.6, 14.697, 100, 0, 0, 141, 13.008, 13.008, 0, 0.55, 0, 88.09, 0, 0, 93.679, 46.715, 0, 0, 0, 0, 
4.85, , 100.579, 62.6, , , -5.548, 0.971, 270.662, 270.662, 3.146, -129.78, -129.78, -129.78, 69.065, , 35.902, 36.301, 7.377, 22.39, 0, 0, -15.11, -15.564, -15.11, -15.564, 1, 44.967, 44.967, 0.025, 0.271, -25.581, -26.348, -25.581, -26.348, 5.517, 7.377, 22.39, , , 1, 4.874, 0, 0, 12.903, 3.146, 160, 0, 0, 0, 36, 0, 0, 107.6, 14.74, 100, 0, 0, 12, 12, 0, 0.55, 87.958, 0, 0, 93.458, 46.555, 0, 0, 0, 0, 0, 14, 0, 12.903, 0, 3.146, 160, 0, 0, 0, 36, 1, 0, 0, 107.6, 14.74, 100, 0, 0, 141, 12, 12, 0, 0.55, 0, 87.958, 0, 0, 93.458, 46.555, 0, 0, 0, 0, 
4.9, , 100.579, 62.6, , , -5.53, 0.971, 273.986, 273.986, 3.127, -129.348, -129.348, -129.348, 69.066, , 36.082, 36.697, 7.377, 22.39, 0, 0, -14.977, -15.427, -14.977, -15.427, 1, 44.685, 44.685, 0.025, 0.271, -25.531, -26.296, -25.531, -26.296, 5.509, 7.377, 22.39, , , 1, 4.925, 0, 0, 12.923, 3.127, 160, 0, 0, 0, 36, 0, 0, 107.6, 14.814, 100, 0, 0, 12, 12, 0, 0.55, 87.658, 0, 0, 93.158, 46.183, 0, 0, 0, 0, 0, 14, 0, 12.923, 0, 3.127, 160, 0, 0, 0, 36, 1, 0, 0, 107.6, 14.814, 100, 0, 0, 141, 12, 12, 0, 0.55, 0, 87.658, 0, 0, 93.158, 46.183, 0, 0, 0, 0, 
4.95, , 100.58, 62.6, , , -5.513, 0.971, 277.275, 277.275, 3.108, -128.943, -128.943, -128.943, 69.066, , 36.262, 37.093, 7.377, 22.39, 0, 0, -14.884, -15.331, -14.884, -15.331, 1, 44.48, 44.48, 0.025, 0.271, -25.437, -26.198, -25.437, -26.198, 5.5, 7.377, 22.39, , , 1, 4.975, 0, 0, 12.943, 3.108, 160, 0, 0, 0, 36, 0, 0, 107.6, 14.888, 100, 0, 0, 12, 12, 0, 0.55, 87.358, 0, 0, 92.858, 45.811, 0, 0, 0, 0, 0, 14, 0, 12.943, 0, 3.108, 160, 0, 0, 0, 36, 1, 0, 0, 107.6, 14.888, 100, 0, 0, 141, 12, 12, 0, 0.55, 0, 87.358, 0, 0, 92.858, 45.811, 0, 0, 0, 0, 
5, , , , , , -5.506, , 279.215, 279.215, 3.089, -128.769, -128.769, -128.769, 69.065, , 36.149, 37.147, 7.377, 22.39, 0, 0, -14.817, -15.262, -14.817, -15.262, 1, 44.34, 44.34, 0.025, 0.271, -25.408, -26.168, -25.408, -26.168, 5.492, 7.377, 22.39, , , 1, 5.025, 0, 0, 12.963, 3.089, 160, 0, 0, 0, 36, 0, 0, 107.6, 14.962, 100, 0, 0, 12, 12, 0, 0.55, 87.058, 0, 0, 92.558, 45.439, 0, 0, 0, 0, 0, 14, 0, 12.963, 0, 3.089, 160, 0, 0, 0, 36, 1, 0, 0, 107.6, 14.962, 100, 0, 0, 141, 12, 12, 0, 0.55, 0, 87.058, 0, 0, 92.558, 45.439, 0, 0, 0, 0, 
5.05, , , , , , -5.499, , 280.85, 280.85, 3.07, -128.607, -128.607, -128.607, 69.061, , 35.897, 37.039, 7.377, 22.39, 0, 0, -14.752, -15.196, -14.752, -15.196, 1, 44.204, 44.204, , , , , , , , 7.377, 22.39, , , 1, 5.056, 0, 0, 12.983, 3.07, 160, 0, 0, 0, 36, 0, 0, 107.6, 15.036, 100, 0, 0, 12, 12, 0, 0.55, 86.758, 0, 0, 92.258, 45.067, 0, 0, 0, 0, 0, 14, 0, 12.983, 0, 3.07, 160, 0, 0, 0, 36, 1, 0, 0, 107.6, 15.036, 100, 0, 0, 141, 12, 12, 0, 0.55, 0, 86.758, 0, 0, 92.258, 45.067, 0, 0, 0, 0, 
5.1, , , , , , -5.489, , 282.472, 282.472, , -128.389, -128.389, -128.389, , , 35.645, 36.931, 7.377, 22.39, 0, 0, -14.683, -15.123, -14.683, -15.123, 1, 44.066, 44.066, , , , , , , , 7.377, 22.39, , , 1, 5.081, , , , , , , , , , , , , , , , , , , , , , , , , , , , , , , , , , , , , , , , , , , , , , , , , , , , , , , , , , , , , , , , 
5.15, , , , , , , , 284.093, 284.093, , , , , , , 35.393, 36.823, 7.377, 22.39, 0, 0, , , , , 1, , , , , , , , , , 7.377, 22.39, , , 1, 5.106, , , , , , , , , , , , , , , , , , , , , , , , , , , , , , , , , , , , , , , , , , , , , , , , , , , , , , , , , , , , , , , , 
5.2, , , , , , , , , , , , , , , , 35.141, 36.715, 7.377, 22.39, , , , , , , , , , , , , , , , , 7.377, 22.39, , , , 5.132, , , , , , , , , , , , , , , , , , , , , , , , , , , , , , , , , , , , , , , , , , , , , , , , , , , , , , , , , , , , , , , , 
