Time, (DWRT ATMO) Humidity, (DWRT ATMO) Pressure, (DWRT ATMO) Temperature 1, (DWRT ATMO) Temperature 2, (DWRT CPU) ????????????????????????????????????????????????????????????????, (DWRT CPU) Acceleration, (DWRT CPU) Correction Factor, (DWRT CPU) Distance, (DWRT CPU) Distance 1, (DWRT CPU) Engine RPM, (DWRT CPU) Force, (DWRT CPU) Force 1, (DWRT CPU) Force Drum 1, (DWRT CPU) Gear Ratio, (DWRT CPU) Inductive 1 Signal Strength, (DWRT CPU) Internal Temp 1, (DWRT CPU) Internal Temp 2, (DWRT CPU) LC1 Volts Petrol AFR, (DWRT CPU) LC2 Volts Petrol AFR2, (DWRT CPU) Link 0 Status, (DWRT CPU) Link 1 Status, (DWRT CPU) Power, (DWRT CPU) Power (uncorrected), (DWRT CPU) Power Drum 1, (DWRT CPU) Power Drum 1 (uncorrected), (DWRT CPU) Sampling, (DWRT CPU) Speed, (DWRT CPU) Speed 1, (DWRT CPU) TCP RX kB/s, (DWRT CPU) TCP TX kB/s, (DWRT CPU) Torque, (DWRT CPU) Torque (uncorrected), (DWRT CPU) Torque Drum 1, (DWRT CPU) Torque Drum 1 (uncorrected), (DWRT CPU) UDP RX kB/s, (DWRT CPU) User Analog 1, (DWRT CPU) User Analog 2, (DWRT CPU) User Analog 3, (DWRT CPU) User Analog 4, (Gen) Sampling, (Gen) Sampling Duration, (Harley - ECU Type 14 SW Level 141) Accel Enrichment, (Harley - ECU Type 14 SW Level 141) Decel Enleanment, (Harley - ECU Type 14 SW Level 141) Desired Air/Fuel, (Harley - ECU Type 14 SW Level 141) Engine Speed, (Harley - ECU Type 14 SW Level 141) Engine Temperature, (Harley - ECU Type 14 SW Level 141) Front Adaptive Fuel Factor, (Harley - ECU Type 14 SW Level 141) Front Closed Loop Integrator, (Harley - ECU Type 14 SW Level 141) Front Spark Knock Retard, (Harley - ECU Type 14 SW Level 141) Idle Air Control Motor Position, (Harley - ECU Type 14 SW Level 141) Injector Time Front, (Harley - ECU Type 14 SW Level 141) Injector Time Rear, (Harley - ECU Type 14 SW Level 141) Intake Air Temperature, (Harley - ECU Type 14 SW Level 141) Manifold Absolute Pressure, (Harley - ECU Type 14 SW Level 141) Rear Adaptive Fuel Factor, (Harley - ECU Type 14 SW Level 141) Rear Closed Loop Integrator, (Harley - ECU Type 14 SW Level 141) Rear Spark Knock Retard, (Harley - ECU Type 14 SW Level 141) Spark Advance Front, (Harley - ECU Type 14 SW Level 141) Spark Advance Rear, (Harley - ECU Type 14 SW Level 141) Throttle Position, (Harley - ECU Type 14 SW Level 141) Throttle Position Sensor Voltage, (Harley - ECU Type 14 SW Level 141) VE Front, (Harley - ECU Type 14 SW Level 141) VE New Front, (Harley - ECU Type 14 SW Level 141) VE New Rear, (Harley - ECU Type 14 SW Level 141) VE Rear, (Harley - ECU Type 14 SW Level 141) Vehicle Speed, (Harley - ECU Type 14 SW Level 141) WBO2 AFR Front, (Harley - ECU Type 14 SW Level 141) WBO2 AFR Rear, (PV) Accel Enrichment, (PV) AT Lambda 1, (PV) AT Lambda 2, (PV) Battery Voltage, (PV) Decel Enleanment, (PV) Desired Air/Fuel, (PV) Desired Lambda, (PV) Engine Speed, (PV) Engine Temperature, (PV) Front Adaptive Fuel Factor, (PV) Front Closed Loop Integrator, (PV) Front Spark Knock Retard, (PV) Idle Air Control Motor Position, (PV) Idle Set Speed, (PV) Injector Time Front, (PV) Injector Time Rear, (PV) Intake Air Temperature, (PV) Manifold Absolute Pressure, (PV) Rear Adaptive Fuel Factor, (PV) Rear Closed Loop Integrator, (PV) Rear Spark Knock Retard, (PV) Software Level, (PV) Spark Advance Front, (PV) Spark Advance Rear, (PV) Throttle Position, (PV) Throttle Position Sensor, (PV) Twistgrip Position, (PV) VE Front, (PV) VE New Front, (PV) VE New Rear, (PV) VE Rear, (PV) Vehicle Speed, (PV) Warm-up Fuel AFR (Lambda), (PV) Warm-up Fuel AFR (Ratio), (PV) WBO2 AFR Front, (PV) WBO2 AFR Rear, 
0, , , , , , -2.612, , , , , -60.36, -60.36, -60.36, , , , , , , , , , , , , , , , , , , , , , , , , , , , , , , , , , , , , , , , , , , , , , , , , , , , , , , , , , , , , , , , , , , , , , , , , , , , , , , , , , , , , , , , , , , , 
0.05, , , , , , -2.681, , , , , -62.012, -62.012, -62.012, , , , , , , , , , , , , , , , , , , , , , , , , , , , , , , , , , , , , , , , , , , , , , , , , , , , , , , , , , , , , , , , , , , , , , , , , , , , , , , , , , , , , , , , , , , , 
0.1, , , , , , -2.751, , , , , -63.665, -63.665, -63.665, , , 35.758, 35.24, 7.38, 20.429, , , , , , , , 28.915, 28.915, , , , , , , , 7.38, 20.429, , , 1, 0.046, , , , , , , , , , , , , , , , , , , , , , , , , , , , , , , , , , , , , , , , , , , , , , , , , , , , , , , , , , , , , , , , 
0.15, , , , , , -2.708, , 4.923, 4.923, 1.985, -62.644, -62.644, -62.644, , , 35.722, 35.24, 7.379, 19.763, , , -4.844, -4.989, -4.844, -4.989, , 28.765, 28.765, , , , , , , , 7.379, 19.763, , , 1, 0.121, 0, 0, 14.114, 1.985, 165, 0, 0, 0, 38, 3.379, 3.248, 115.04, 25.413, 100, 0, 0, 20, 20, 2, 0.62, 79.767, 0, 0, 85.833, 29.117, 0, 0, 0, 0, 0, 14, 0, 14.114, 0, 1.985, 165, 0, 0, 0, 38, 1, 0.003, 0.003, 115.04, 25.413, 100, 0, 0, 141, 20, 20, 2, 0.62, 0, 79.767, 0, 0, 85.833, 29.117, 0, 0, 0, 0, 
0.2, , , , , , -2.636, , 8.078, 8.078, 1.975, -60.954, -60.954, -60.954, 68.952, 90.77, 35.686, 35.24, 7.378, 19.21, 0, 0, -4.574, -4.713, -4.574, -4.713, 1, 28.595, 28.595, 0.025, 0.275, , , , , 4.647, 7.378, 19.21, , , 1, 0.196, 0, 0, 14.134, 1.975, 165, 0, 0, 0, 38, 3.408, 3.292, 115.415, 25.949, 100, 0, 0, 20, 20, 2, 0.62, 80.183, 0, 0, 86.354, 28.988, 0, 0, 0, 0, 0, 14, 0, 14.134, 0, 1.975, 165, 0, 0, 0, 38, 1, 0.003, 0.003, 115.415, 25.949, 100, 0, 0, 141, 20, 20, 2, 0.62, 0, 80.183, 0, 0, 86.354, 28.988, 0, 0, 0, 0, 
0.25, , , , , , -2.515, , 11.217, 11.217, 1.966, -58.091, -58.091, -58.091, 68.898, 85.826, 35.65, 35.24, 7.377, 18.77, 0, 0, -4.282, -4.414, -4.282, -4.414, 1, 28.418, 28.418, 0.025, 0.275, -10.92, -11.252, -10.92, -11.252, 4.61, 7.377, 18.77, , , 1, 0.271, 0, 0, 14.155, 1.966, 165, 0, 0, 0, 38, 3.437, 3.336, 115.79, 26.484, 100, 0, 0, 20, 20, 2, 0.62, 80.6, 0, 0, 86.875, 28.859, 0, 0, 0, 0, 0, 14, 0, 14.155, 0, 1.966, 165, 0, 0, 0, 38, 1, 0.004, 0.003, 115.79, 26.484, 100, 0, 0, 141, 20, 20, 2, 0.62, 0, 80.6, 0, 0, 86.875, 28.859, 0, 0, 0, 0, 
0.3, , , , , , -2.359, , 14.344, 14.344, 1.956, -54.378, -54.378, -54.378, 68.862, 80.881, 35.614, 35.24, 7.377, 18.111, 0, 0, -3.976, -4.098, -3.976, -4.098, 1, 28.24, 28.24, 0.025, 0.275, -10.522, -10.841, -10.522, -10.841, 4.572, 7.377, 18.111, , , 1, 0.331, 0, 0, 14.176, 1.956, 165, 0, 0, 0, 38, 3.466, 3.379, 116.165, 27.019, 100, 0, 0, 20, 20, 2, 0.62, 81.017, 0, 0, 87.396, 28.73, 0, 0, 0, 0, 0, 14, 0, 14.176, 0, 1.956, 165, 0, 0, 0, 38, 1, 0.004, 0.003, 116.165, 27.019, 100, 0, 0, 141, 20, 20, 2, 0.62, 0, 81.017, 0, 0, 87.396, 28.73, 0, 0, 0, 0, 
0.35, 23.61, , , 63.209, , -2.255, , 17.462, 17.462, 1.947, -51.921, -51.921, -51.921, 68.844, 75.937, 35.665, 35.391, 7.377, 17.214, 0, 0, -3.767, -3.883, -3.767, -3.883, 1, 28.062, 28.062, 0.025, 0.276, -10.257, -10.567, -10.257, -10.567, 4.534, 7.377, 17.214, , , 1, 0.381, 0, 0, 14.197, 1.947, 165, 0, 0, 0, 38, 3.495, 3.423, 116.54, 27.554, 100, 0, 0, 20, 20, 2, 0.62, 81.433, 0, 0, 87.917, 28.601, 0, 0, 0, 0, 0, 14, 0, 14.197, 0, 1.947, 165, 0, 0, 0, 38, 1, 0.004, 0.003, 116.54, 27.554, 100, 0, 0, 141, 20, 20, 2, 0.62, 0, 81.433, 0, 0, 87.917, 28.601, 0, 0, 0, 0, 
0.4, 23.61, , , 63.208, , -2.254, , 20.561, 20.561, 1.938, -51.905, -51.905, -51.905, 68.841, 70.992, 35.773, 35.643, 7.377, 16.503, 0, 0, -3.75, -3.864, -3.75, -3.864, 1, 27.898, 27.898, 0.025, 0.275, -10.25, -10.56, -10.25, -10.56, 4.534, 7.377, 16.503, , , 1, 0.432, 0, 0, 14.217, 1.938, 165, 0, 0, 0, 38.174, 3.498, 3.46, 116.6, 27.769, 100, 0, 0, 20, 20, 2, 0.623, 81.849, 0, 0, 88.436, 28.472, 0, 0, 0, 0, 0, 14, 0, 14.217, 0, 1.938, 165, 0, 0, 0, 38.174, 1, 0.004, 0.003, 116.6, 27.769, 100, 0, 0, 141, 20, 20, 2, 0.623, 0, 81.849, 0, 0, 88.436, 28.472, 0, 0, 0, 0, 
0.45, 23.61, , , 63.207, , -2.238, , 23.554, 23.554, 1.929, -51.53, -51.53, -51.53, 68.889, 66.048, 35.881, 35.895, 7.377, 16.009, 0, 0, -3.707, -3.819, -3.707, -3.819, 1, 27.783, 27.783, 0.025, 0.274, -10.172, -10.479, -10.172, -10.479, 4.549, 7.377, 16.009, , , 1, 0.481, 0, 0, 14.238, 1.929, 165, 0, 0, 0, 38.382, 3.496, 3.495, 116.6, 27.922, 100, 0, 0, 20, 20, 2, 0.628, 82.263, 0, 0, 88.954, 28.343, 0, 0, 0, 0, 0, 14, 0, 14.238, 0, 1.929, 165, 0, 0, 0, 38.382, 1, 0.004, 0.003, 116.6, 27.922, 100, 0, 0, 141, 20, 20, 2, 0.628, 0, 82.263, 0, 0, 88.954, 28.343, 0, 0, 0, 0, 
0.5, 23.61, , , 63.206, , -2.049, , 25.584, 25.584, 1.92, -47.03, -47.03, -47.03, 68.938, 61.103, 35.989, 36.147, 7.377, 15.575, 0, 0, -3.373, -3.476, -3.373, -3.476, 1, 27.668, 27.668, 0.025, 0.274, -9.275, -9.555, -9.275, -9.555, 4.564, 7.377, 15.575, , , 1, 0.531, 0, 0, 14.259, 1.92, 165, 0, 0, 0, 38.589, 3.494, 3.53, 116.6, 28.076, 100, 0, 0, 20, 20, 2, 0.632, 82.678, 0, 0, 89.473, 28.215, 0, 0, 0, 0, 0, 14, 0, 14.259, 0, 1.92, 165, 0, 0, 0, 38.589, 1, 0.003, 0.004, 116.6, 28.076, 100, 0, 0, 141, 20, 20, 2, 0.632, 0, 82.678, 0, 0, 89.473, 28.215, 0, 0, 0, 0, 
0.55, 23.61, , , 63.205, , -1.859, , 27.615, 27.615, 1.911, -42.53, -42.53, -42.53, 69.053, 56.159, 36.097, 36.399, 7.377, 15.223, 0, 0, -3.04, -3.132, -3.04, -3.132, 1, 27.574, 27.574, 0.025, 0.273, -8.379, -8.631, -8.379, -8.631, 4.579, 7.377, 15.223, , , 1, 0.582, 0, 0, 14.28, 1.911, 165, 0, 0, 0, 38.797, 3.492, 3.565, 116.6, 28.23, 100, 0, 0, 20, 20, 2, 0.636, 83.093, 0, 0, 89.992, 28.086, 0, 0, 0, 0, 0, 14, 0, 14.28, 0, 1.911, 165, 0, 0, 0, 38.797, 1, 0.003, 0.004, 116.6, 28.23, 100, 0, 0, 141, 20, 20, 2, 0.636, 0, 83.093, 0, 0, 89.992, 28.086, 0, 0, 0, 0, 
0.6, 23.61, , , 63.204, , -0.119, , 29.645, 29.645, 1.902, -1.251, -1.251, -1.251, 69.17, 51.214, 36.075, 36.565, 7.377, 14.926, 0, 0, -0.049, -0.051, -0.049, -0.051, 1, 27.482, 27.482, 0.025, 0.273, -0.097, -0.1, -0.097, -0.1, 4.593, 7.377, 14.926, , , 1, 0.631, 0, 0, 14.3, 1.902, 165, 0, 0, 0, 38.996, 3.491, 3.6, 116.6, 28.377, 100, 0, 0, 20, 20, 2, 0.64, 83.502, 0, 0, 90.506, 27.958, 0, 0, 0, 0, 0, 14, 0, 14.3, 0, 1.902, 165, 0, 0, 0, 38.996, 1, 0.003, 0.004, 116.6, 28.377, 100, 0, 0, 141, 20, 20, 2, 0.64, 0, 83.502, 0, 0, 90.506, 27.958, 0, 0, 0, 0, 
0.65, 23.61, , , 63.203, , 2.009, , 31.675, 31.675, 1.901, 49.223, 49.223, 49.223, 68.933, 51.092, 35.967, 36.673, 7.377, 14.714, 0, 0, 3.606, 3.714, 3.606, 3.714, 1, 27.549, 27.549, 0.025, 0.273, 10.032, 10.333, 10.032, 10.333, 4.606, 7.377, 14.714, , , 1, 0.681, 0, 0, 14.3, 1.901, 165, 0, 0, 0, 38.803, 3.529, 3.612, 116.6, 28.234, 100, 0, 0, 20, 20, 2, 0.64, 83.599, 0, 0, 90.797, 27.838, 0, 0, 0, 0, 0, 14, 0, 14.3, 0, 1.901, 165, 0, 0, 0, 38.803, 1, 0.003, 0.004, 116.6, 28.234, 100, 0, 0, 141, 20, 20, 2, 0.64, 0, 83.599, 0, 0, 90.797, 27.838, 0, 0, 0, 0, 
0.7, 23.61, , , 63.201, , 4.546, , 33.697, 33.697, 1.9, 109.426, 109.426, 109.426, 68.514, 62.222, 35.859, 36.781, 7.377, 14.515, 0, 0, 8.099, 8.342, 8.099, 8.342, 1, 27.698, 27.698, 0.025, 0.272, 22.515, 23.192, 22.515, 23.192, 4.618, 7.377, 14.515, , , 1, 0.731, 0, 0, 14.3, 1.9, 165, 0, 0, 0, 38.61, 3.568, 3.623, 116.6, 28.09, 100, 0, 0, 20, 20, 2, 0.64, 83.696, 0, 0, 91.087, 27.718, 0, 0, 0, 0, 0, 14, 0, 14.3, 0, 1.9, 165, 0, 0, 0, 38.61, 1, 0.003, 0.004, 116.6, 28.09, 100, 0, 0, 141, 20, 20, 2, 0.64, 0, 83.696, 0, 0, 91.087, 27.718, 0, 0, 0, 0, 
0.75, 23.61, , , 63.2, , 7.494, , 35.71, 35.71, 1.9, 179.359, 179.359, 179.359, 67.844, 72.279, 35.751, 36.889, 7.377, 14.339, 0, 0, 13.429, 13.834, 13.429, 13.834, 1, 27.956, 27.956, 0.025, 0.272, 37.353, 38.477, 37.353, 38.477, 4.631, 7.377, 14.339, , , 1, 0.781, 0, 0, 14.3, 1.9, 165, 0, 0, 0, 38.417, 3.607, 3.635, 116.6, 27.947, 100, 0, 0, 20, 20, 2, 0.64, 83.793, 0, 0, 91.378, 27.599, 0, 0, 0, 0, 0, 14, 0, 14.3, 0, 1.9, 165, 0, 0, 0, 38.417, 1, 0.004, 0.004, 116.6, 27.947, 100, 0, 0, 141, 20, 20, 2, 0.64, 0, 83.793, 0, 0, 91.378, 27.599, 0, 0, 0, 0, 
0.8, 23.61, , , 63.199, , 10.383, , 37.72, 37.72, 1.899, 247.904, 247.904, 247.904, 66.691, 75.459, 35.643, 36.997, 7.377, 14.136, 0, 0, 18.706, 19.27, 18.706, 19.27, 1, 28.426, 28.426, 0.025, 0.272, 52.037, 53.603, 52.037, 53.603, 4.64, 7.377, 14.136, , , 1, 0.831, 0, 0, 14.3, 1.899, 165, 0, 0, 0, 38.224, 3.645, 3.647, 116.6, 27.803, 100, 0, 0, 20, 20, 2, 0.64, 83.89, 0, 0, 91.669, 27.479, 0, 0, 0, 0, 0, 14, 0, 14.3, 0, 1.899, 165, 0, 0, 0, 38.224, 1, 0.004, 0.004, 116.6, 27.803, 100, 0, 0, 141, 20, 20, 2, 0.64, 0, 83.89, 0, 0, 91.669, 27.479, 0, 0, 0, 0, 
0.85, 23.61, , , 63.198, , 13.005, , 39.715, 39.715, 1.898, 310.128, 310.128, 310.128, 65.532, 75.414, 35.557, 36.802, 7.377, 13.883, 0, 0, 23.738, 24.454, 23.738, 24.454, 1, 28.902, 28.902, 0.025, 0.272, 66.023, 68.009, 66.023, 68.009, 4.645, 7.377, 13.883, , , 1, 0.881, 0, 0, 14.3, 1.898, 165, 0, 0, 0, 38.031, 3.684, 3.658, 116.6, 27.66, 100, 0, 0, 20, 20, 2, 0.64, 83.986, 0, 0, 91.959, 27.359, 0, 0, 0, 0, 0, 14, 0, 14.3, 0, 1.898, 165, 0, 0, 0, 38.031, 1, 0.004, 0.004, 116.6, 27.66, 100, 0, 0, 141, 20, 20, 2, 0.64, 0, 83.986, 0, 0, 91.959, 27.359, 0, 0, 0, 0, 
0.9, 23.61, , , 63.197, , 15.628, , 41.71, 41.71, 1.894, 372.353, 372.353, 372.353, 64.111, 75.369, 35.485, 36.406, 7.377, 13.585, 0, 0, 28.77, 29.638, 28.77, 29.638, 1, 29.65, 29.65, 0.025, 0.272, 80.008, 82.415, 80.008, 82.415, 4.65, 7.377, 13.585, , , 1, 0.932, 0.976, 0, 13.993, 1.894, 165, 0, 0, 0, 42.685, 6.97, 6.471, 116.6, 40.17, 100, 0, 0, 20.669, 21.004, 12.409, 1.154, 85.28, 0, 0, 91.659, 27.757, 0, 0, 0.976, 0, 0, 14, 0, 13.993, 0, 1.894, 165, 0, 0, 0, 42.685, 1, 0.007, 0.007, 116.6, 40.17, 100, 0, 0, 141, 20.669, 21.004, 12.409, 1.154, 0, 85.28, 0, 0, 91.659, 27.757, 0, 0, 0, 0, 
0.95, 23.61, , , 63.196, , 14.875, , 43.797, 43.797, 1.89, 354.498, 354.498, 354.498, 62.689, 75.323, 35.413, 36.01, 7.377, 13.199, 0, 0, 27.727, 28.565, 27.727, 28.565, 1, 30.399, 30.399, 0.025, 0.272, 76.944, 79.26, 76.944, 79.26, 4.656, 7.377, 13.199, , , 1, 0.982, 2.111, 0, 13.636, 1.89, 165, 0, 0, 0, 48.263, 10.874, 9.818, 116.6, 54.739, 100, 0, 0, 21.466, 22.199, 24.512, 1.765, 86.768, 0, 0, 91.262, 28.253, 0, 0, 2.111, 0, 0, 14, 0, 13.636, 0, 1.89, 165, 0, 0, 0, 48.263, 1, 0.011, 0.01, 116.6, 54.739, 100, 0, 0, 141, 21.466, 22.199, 24.512, 1.765, 0, 86.768, 0, 0, 91.262, 28.253, 0, 0, 0, 0, 
1, 23.61, , , 63.195, , 13.661, , 45.901, 45.901, 1.886, 325.723, 325.723, 325.723, 61.892, 75.278, 35.341, 35.614, 7.377, 12.801, 0, 0, 25.856, 26.638, 25.856, 26.638, 1, 31.064, 31.064, 0.025, 0.272, 71.556, 73.71, 71.556, 73.71, 4.653, 7.377, 12.801, , , 1, 1.032, 3.246, 0, 13.279, 1.886, 165, 0, 0, 0, 53.841, 14.778, 13.164, 116.6, 69.309, 100, 0, 0, 22.263, 23.394, 36.615, 2.377, 88.256, 0, 0, 90.865, 28.749, 0, 0, 3.246, 0, 0, 14, 0, 13.279, 0, 1.886, 165, 0, 0, 0, 53.841, 1, 0.015, 0.013, 116.6, 69.309, 100, 0, 0, 141, 22.263, 23.394, 36.615, 2.377, 0, 88.256, 0, 0, 90.865, 28.749, 0, 0, 0, 0, 
1.05, 23.61, , , 63.193, , 10.644, , 48.092, 48.092, 1.882, 254.152, 254.152, 254.152, 61.313, 75.233, 35.269, 35.218, 7.377, 12.378, 0, 0, 20.347, 20.964, 20.347, 20.964, 1, 31.7, 31.7, 0.025, 0.273, 56.519, 58.221, 56.519, 58.221, 4.644, 7.377, 12.378, , , 1, 1.082, 4.381, 0, 12.921, 1.882, 165, 0, 0, 0, 59.418, 18.683, 16.511, 116.6, 83.878, 100, 0, 0, 23.06, 24.59, 48.718, 2.988, 89.744, 0, 0, 90.468, 29.245, 0, 0, 4.381, 0, 0, 14, 0, 12.921, 0, 1.882, 165, 0, 0, 0, 59.418, 1, 0.019, 0.016, 116.6, 83.878, 100, 0, 0, 141, 23.06, 24.59, 48.718, 2.988, 0, 89.744, 0, 0, 90.468, 29.245, 0, 0, 0, 0, 
1.1, 23.61, , , 63.192, , 6.698, , 50.337, 50.337, 1.878, 160.533, 160.533, 160.533, 61.529, 75.187, 35.262, 35.211, 7.377, 12.007, 0, 0, 12.964, 13.358, 12.964, 13.358, 1, 32.113, 32.113, 0.025, 0.273, 36.513, 37.612, 36.513, 37.612, 4.636, 7.377, 12.007, , , 1, 1.132, 5.516, 0, 12.564, 1.878, 165, 0, 0, 0, 64.996, 22.587, 19.858, 116.6, 98.447, 100, 0, 0, 23.857, 25.785, 60.821, 3.6, 91.232, 0, 0, 90.071, 29.741, 0, 0, 5.516, 0, 0, 14, 0, 12.564, 0, 1.878, 165, 0, 0, 0, 64.996, 1, 0.022, 0.019, 116.6, 98.447, 100, 0, 0, 141, 23.857, 25.785, 60.821, 3.6, 0, 91.232, 0, 0, 90.071, 29.741, 0, 0, 0, 0, 
1.15, 23.61, , , 63.191, , 3.28, , 52.656, 52.656, 1.925, 79.454, 79.454, 79.454, 62.321, 75.142, 35.298, 35.463, 7.377, 11.758, 0, 0, 6.452, 6.649, 6.452, 6.649, 1, 32.366, 32.366, 0.025, 0.273, 18.708, 19.272, 18.708, 19.272, 4.627, 7.377, 11.758, , , 1, 1.182, 4.782, 0.438, 12.779, 1.925, 165, 0, 0, 0, 64.612, 19.772, 17.383, 116.6, 94.717, 100, 0, 0, 24.531, 26.572, 58.408, 3.35, 91.664, 0, 0, 90.205, 30.286, 0, 0, 4.782, 0, 0, 14, 0.438, 12.779, 0, 1.925, 165, 0, 0, 0, 64.612, 1, 0.019, 0.017, 116.6, 94.717, 100, 0, 0, 141, 24.531, 26.572, 58.408, 3.35, 0, 91.664, 0, 0, 90.205, 30.286, 0, 0, 0, 0, 
1.2, 23.61, , , 63.19, , 0.245, , 55.039, 55.039, 1.983, 7.456, 7.456, 7.456, 63.397, 75.097, 35.334, 35.715, 7.377, 11.592, 0, 0, 0.57, 0.589, 0.57, 0.589, 1, 32.447, 32.447, 0.025, 0.274, 2.498, 2.573, 2.498, 2.573, 4.617, 7.377, 11.592, , , 1, 1.231, 3.638, 0.972, 13.119, 1.983, 165, 0, 0, 0, 62.918, 15.481, 13.631, 116.6, 86.969, 100, 0, 0, 25.178, 27.269, 52.808, 2.911, 91.864, 0, 0, 90.455, 30.842, 0, 0, 3.638, 0, 0, 14, 0.972, 13.119, 0, 1.983, 165, 0, 0, 0, 62.918, 1, 0.015, 0.013, 116.6, 86.969, 100, 0, 0, 141, 25.178, 27.269, 52.808, 2.911, 0, 91.864, 0, 0, 90.455, 30.842, 0, 0, 0, 0, 
1.25, 23.61, 100.58, 62.47, 63.189, , -1.923, 0.971, 57.436, 57.436, 2.041, -43.974, -43.974, -43.974, 64.696, 75.051, 35.37, 35.967, 7.377, 11.642, 0, 0, -3.671, -3.781, -3.671, -3.781, 1, 32.394, 32.394, 0.025, 0.274, -8.809, -9.076, -8.809, -9.076, 4.608, 7.377, 11.642, , , 1, 1.281, 2.494, 1.506, 13.459, 2.041, 165, 0, 0, 0, 61.225, 11.19, 9.879, 116.6, 79.221, 100, 0, 0, 25.826, 27.966, 47.208, 2.471, 92.064, 0, 0, 90.705, 31.397, 0, 0, 2.494, 0, 0, 14, 1.506, 13.459, 0, 2.041, 165, 0, 0, 0, 61.225, 1, 0.011, 0.01, 116.6, 79.221, 100, 0, 0, 141, 25.826, 27.966, 47.208, 2.471, 0, 92.064, 0, 0, 90.705, 31.397, 0, 0, 0, 0, 
1.3, 23.61, 100.58, 62.47, 63.188, , -3.463, 0.971, 59.843, 59.843, 2.099, -80.51, -80.51, -80.51, 65.977, 75.006, 35.406, 36.219, 7.377, 11.738, 0, 0, -6.724, -6.927, -6.724, -6.927, 1, 32.248, 32.248, 0.025, 0.274, -16.567, -17.069, -16.567, -17.069, 4.598, 7.377, 11.738, , , 1, 1.331, 1.35, 2.04, 13.799, 2.099, 165, 0, 0, 0, 59.532, 6.899, 6.127, 116.6, 71.473, 100, 0, 0, 26.473, 28.663, 41.608, 2.032, 92.264, 0, 0, 90.955, 31.953, 0, 0, 1.35, 0, 0, 14, 2.04, 13.799, 0, 2.099, 165, 0, 0, 0, 59.532, 1, 0.007, 0.006, 116.6, 71.473, 100, 0, 0, 141, 26.473, 28.663, 41.608, 2.032, 0, 92.264, 0, 0, 90.955, 31.953, 0, 0, 0, 0, 
1.35, 23.61, 100.58, 62.47, 63.187, , -3.705, 0.971, 62.219, 62.219, 2.158, -86.265, -86.265, -86.265, 67.245, 74.961, 35.377, 36.298, 7.377, 11.961, 0, 0, -7.175, -7.392, -7.175, -7.392, 1, 32.045, 32.045, 0.025, 0.274, -17.62, -18.154, -17.62, -18.154, 4.588, 7.377, 11.961, , , 1, 1.381, 0.206, 2.574, 14.139, 2.158, 165, 0, 0, 0, 57.839, 2.608, 2.375, 116.6, 63.725, 100, 0, 0, 27.121, 29.361, 36.008, 1.593, 92.464, 0, 0, 91.205, 32.509, 0, 0, 0.206, 0, 0, 14, 2.574, 14.139, 0, 2.158, 165, 0, 0, 0, 57.839, 1, 0.002, 0.002, 116.6, 63.725, 100, 0, 0, 141, 27.121, 29.361, 36.008, 1.593, 0, 92.464, 0, 0, 91.205, 32.509, 0, 0, 0, 0, 
1.4, 23.61, 100.58, 62.47, 63.186, , -3.218, 0.971, 64.578, 64.578, 2.175, -74.704, -74.704, -74.704, 68.096, 74.915, 35.305, 36.262, 7.377, 12.201, 0, 0, -6.161, -6.348, -6.161, -6.348, 1, 31.875, 31.875, 0.025, 0.274, -14.901, -15.352, -14.901, -15.352, 4.579, 7.377, 12.201, , , 1, 1.431, 0, 2.258, 14.149, 2.175, 165, 0, 0, 0, 56.25, 1.858, 1.713, 116.6, 55.837, 100, 0, 0, 26.458, 28.583, 29.021, 1.346, 90.279, 0, 0, 90.097, 32.568, 0, 0, 0, 0, 0, 14, 2.258, 14.149, 0, 2.175, 165, 0, 0, 0, 56.25, 1, 0.002, 0.002, 116.6, 55.837, 100, 0, 0, 141, 26.458, 28.583, 29.021, 1.346, 0, 90.279, 0, 0, 90.097, 32.568, 0, 0, 0, 0, 
1.45, 23.61, 100.58, 62.47, 63.184, , -3.321, 0.971, 66.937, 66.937, 2.184, -77.165, -77.165, -77.165, 68.731, 74.87, 35.233, 36.226, 7.377, 12.502, 0, 0, -6.322, -6.514, -6.322, -6.514, 1, 31.722, 31.722, 0.025, 0.274, -15.191, -15.651, -15.191, -15.651, 4.583, 7.377, 12.502, , , 1, 1.481, 0, 1.756, 14.086, 2.184, 165, 0, 0, 0, 54.688, 1.994, 1.822, 116.6, 47.918, 100, 0, 0, 25.469, 27.438, 21.729, 1.147, 87.571, 0, 0, 88.691, 32.504, 0, 0, 0, 0, 0, 14, 1.756, 14.086, 0, 2.184, 165, 0, 0, 0, 54.688, 1, 0.002, 0.002, 116.6, 47.918, 100, 0, 0, 141, 25.469, 27.438, 21.729, 1.147, 0, 87.571, 0, 0, 88.691, 32.504, 0, 0, 0, 0, 
1.5, 23.61, 100.58, 62.47, 63.183, , -3.729, 0.971, 69.295, 69.295, 2.193, -86.85, -86.85, -86.85, 69.193, 74.825, 35.161, 36.19, 7.377, 12.809, 0, 0, -7.087, -7.302, -7.087, -7.302, 1, 31.541, 31.541, 0.025, 0.273, -17.031, -17.546, -17.031, -17.546, 4.587, 7.377, 12.809, , , 1, 1.531, 0, 1.254, 14.024, 2.193, 165, 0, 0, 0, 53.125, 2.129, 1.931, 116.6, 39.999, 100, 0, 0, 24.479, 26.292, 14.438, 0.948, 84.862, 0, 0, 87.284, 32.439, 0, 0, 0, 0, 0, 14, 1.254, 14.024, 0, 2.193, 165, 0, 0, 0, 53.125, 1, 0.002, 0.002, 116.6, 39.999, 100, 0, 0, 141, 24.479, 26.292, 14.438, 0.948, 0, 84.862, 0, 0, 87.284, 32.439, 0, 0, 0, 0, 
1.55, 23.61, 100.58, 62.47, 63.182, , -3.542, 0.971, 71.622, 71.622, 2.201, -82.415, -82.415, -82.415, 69.566, 74.78, 35.089, 36.154, 7.377, 13.142, 0, 0, -6.702, -6.907, -6.702, -6.907, 1, 31.346, 31.346, 0.025, 0.273, -16.116, -16.603, -16.116, -16.603, 4.591, 7.377, 13.142, , , 1, 1.581, 0, 0.752, 13.961, 2.201, 165, 0, 0, 0, 51.562, 2.265, 2.041, 116.6, 32.08, 100, 0, 0, 23.49, 25.146, 7.146, 0.749, 82.154, 0, 0, 85.878, 32.375, 0, 0, 0, 0, 0, 14, 0.752, 13.961, 0, 2.201, 165, 0, 0, 0, 51.562, 1, 0.002, 0.002, 116.6, 32.08, 100, 0, 0, 141, 23.49, 25.146, 7.146, 0.749, 0, 82.154, 0, 0, 85.878, 32.375, 0, 0, 0, 0, 
1.6, 23.61, 100.58, 62.47, 63.181, , -3.049, 0.971, 73.934, 73.934, 2.21, -70.705, -70.705, -70.705, 69.645, 74.734, 34.822, 36.097, 7.377, 13.502, 0, 0, -5.725, -5.902, -5.725, -5.902, 1, 31.183, 31.183, 0.025, 0.272, -13.781, -14.198, -13.781, -14.198, 4.596, 7.377, 13.502, , , 1, 1.631, 0, 0.259, 13.899, 2.21, 165, 0, 0, 0, 50, 2.4, 2.15, 116.6, 24.303, 100, 0, 0, 22.5, 24, 0, 0.55, 79.5, 0, 0, 84.5, 32.31, 0, 0, 0, 0, 0, 14, 0.259, 13.899, 0, 2.21, 165, 0, 0, 0, 50, 1, 0.002, 0.002, 116.593, 24.303, 100, 0, 0, 141, 22.5, 24, 0, 0.55, 0, 79.5, 0, 0, 84.5, 32.31, 0, 0, 0, 0, 
1.65, 23.61, 100.58, 62.47, 63.18, , -0.481, 0.971, 76.231, 76.231, 2.193, -9.785, -9.785, -9.785, 69.573, 74.689, 34.426, 36.025, 7.378, 13.982, 0, 0, -0.725, -0.75, -0.725, -0.75, 1, 31.036, 31.036, 0.025, 0.272, -1.505, -1.552, -1.505, -1.552, 4.597, 7.378, 13.982, , , 1, 1.681, 0, 0.218, 13.86, 2.193, 165, 0, 0, 0, 47.276, 2.381, 2.183, 116.25, 23.444, 100, 0, 0, 22.403, 23.611, 0, 0.55, 79.5, 0, 0, 84.5, 32.069, 0, 0, 0, 0, 0, 14, 0.218, 13.86, 0, 2.193, 165, 0, 0, 0, 47.276, 1, 0.002, 0.002, 116.244, 23.444, 100, 0, 0, 141, 22.403, 23.611, 0, 0.55, 0, 79.5, 0, 0, 84.5, 32.069, 0, 0, 0, 0, 
1.7, 23.609, 100.58, 62.47, 63.18, , 3.156, 0.971, 78.52, 78.52, 2.177, 76.484, 76.484, 76.484, 69.027, 74.644, 34.03, 35.953, 7.378, 14.495, 0, 0, 6.349, 6.537, 6.349, 6.537, 1, 31.126, 31.126, 0.025, 0.271, 15.892, 16.37, 15.892, 16.37, 4.598, 7.378, 14.495, , , 1, 1.731, 0, 0.178, 13.822, 2.177, 165, 0, 0, 0, 44.553, 2.361, 2.216, 115.9, 22.586, 100, 0, 0, 22.305, 23.222, 0, 0.55, 79.5, 0, 0, 84.5, 31.828, 0, 0, 0, 0, 0, 14, 0.178, 13.822, 0, 2.177, 165, 0, 0, 0, 44.553, 1, 0.002, 0.002, 115.895, 22.586, 100, 0, 0, 141, 22.305, 23.222, 0, 0.55, 0, 79.5, 0, 0, 84.5, 31.828, 0, 0, 0, 0, 
1.75, 23.608, 100.58, 62.47, 63.18, , 6.686, 0.971, 80.795, 80.795, 2.16, 160.243, 160.243, 160.243, 68.215, 74.598, 33.634, 35.881, 7.379, 15.186, 0, 0, 13.4, 13.802, 13.4, 13.802, 1, 31.348, 31.348, 0.025, 0.271, 33.28, 34.282, 33.28, 34.282, 4.599, 7.379, 15.186, , , 1, 1.782, 0, 0.137, 13.783, 2.16, 165, 0, 0, 0, 41.829, 2.342, 2.249, 115.549, 21.727, 100, 0, 0, 22.208, 22.833, 0, 0.55, 79.5, 0, 0, 84.5, 31.586, 0, 0, 0, 0, 0, 14, 0.137, 13.783, 0, 2.16, 165, 0, 0, 0, 41.829, 1, 0.002, 0.002, 115.547, 21.727, 100, 0, 0, 141, 22.208, 22.833, 0, 0.55, 0, 79.5, 0, 0, 84.5, 31.586, 0, 0, 0, 0, 
1.8, 23.608, 100.58, 62.47, 63.18, , 10.151, 0.971, 83.062, 83.062, 2.144, 242.463, 242.463, 242.463, 67.115, 74.553, 33.238, 35.809, 7.379, 15.831, 0, 0, 20.437, 21.053, 20.437, 21.053, 1, 31.766, 31.766, 0.025, 0.27, 50.662, 52.188, 50.662, 52.188, 4.6, 7.379, 15.831, , , 1, 1.832, 0, 0.096, 13.744, 2.144, 165, 0, 0, 0, 39.105, 2.322, 2.282, 115.199, 20.869, 100, 0, 0, 22.111, 22.444, 0, 0.55, 79.5, 0, 0, 84.5, 31.345, 0, 0, 0, 0, 0, 14, 0.096, 13.744, 0, 2.144, 165, 0, 0, 0, 39.105, 1, 0.002, 0.002, 115.198, 20.869, 100, 0, 0, 141, 22.111, 22.444, 0, 0.55, 0, 79.5, 0, 0, 84.5, 31.345, 0, 0, 0, 0, 
1.85, 23.607, 100.58, 62.47, 63.18, , 13.304, 0.971, 85.329, 85.329, 2.127, 317.258, 317.258, 317.258, 65.823, 74.508, 33.378, 35.929, 7.38, 16.201, 0, 0, 27.018, 27.833, 27.018, 27.833, 1, 32.316, 32.316, 0.025, 0.27, 66.963, 68.981, 66.963, 68.981, 4.603, 7.38, 16.201, , , 1, 1.881, 0, 0.056, 13.705, 2.127, 165, 0, 0, 0, 36.381, 2.303, 2.315, 114.849, 20.01, 100, 0, 0, 22.014, 22.054, 0, 0.55, 79.5, 0, 0, 84.5, 31.104, 0, 0, 0, 0, 0, 14, 0.056, 13.705, 0, 2.127, 165, 0, 0, 0, 36.381, 1, 0.002, 0.002, 114.849, 20.01, 100, 0, 0, 141, 22.014, 22.054, 0, 0.55, 0, 79.5, 0, 0, 84.5, 31.104, 0, 0, 0, 0, 
1.9, 23.606, 100.58, 62.47, 63.18, , 16.21, 0.971, 87.596, 87.596, 2.123, 386.219, 386.219, 386.219, 64.448, 74.462, 33.874, 36.177, 7.38, 16.502, 0, 0, 33.24, 34.243, 33.24, 34.243, 1, 33.019, 33.019, 0.025, 0.27, 82.414, 84.899, 82.414, 84.899, 4.606, 7.38, 16.502, , , 1, 1.932, 0.455, 0.042, 13.502, 2.123, 165, 0, 0, 0, 40.962, 5.135, 4.986, 114.8, 33.316, 100, 0, 0.331, 22.827, 22.413, 16.538, 1.192, 81.567, 0, 0, 85.823, 31.48, 0, 0, 0.455, 0, 0, 14, 0.042, 13.502, 0, 2.123, 165, 0, 0, 0, 40.962, 1, 0.005, 0.005, 114.8, 33.316, 100, 0, 0.331, 141, 22.827, 22.413, 16.538, 1.192, 0, 81.567, 0, 0, 85.823, 31.48, 0, 0, 0, 0, 
1.95, 23.605, 100.58, 62.47, 63.18, , 17.525, 0.971, 89.92, 89.92, 2.121, 417.425, 417.425, 417.425, 62.994, 74.417, 34.37, 36.425, 7.38, 16.301, 0, 0, 36.54, 37.643, 36.54, 37.643, 1, 33.862, 33.862, 0.025, 0.27, 90.27, 92.993, 90.27, 92.993, 4.609, 7.38, 16.301, , , 1, 1.982, 0.984, 0.032, 13.271, 2.121, 165, 0, 0, 0, 46.731, 8.431, 8.086, 114.8, 48.927, 100, 0, 0.715, 23.788, 22.894, 35.769, 1.938, 83.971, 0, 0, 87.362, 31.957, 0, 0, 0.984, 0, 0, 14, 0.032, 13.271, 0, 2.121, 165, 0, 0, 0, 46.731, 1, 0.008, 0.008, 114.8, 48.927, 100, 0, 0.715, 141, 23.788, 22.894, 35.769, 1.938, 0, 83.971, 0, 0, 87.362, 31.957, 0, 0, 0, 0, 
2, 23.605, 100.58, 62.47, 63.18, , 17.371, 0.971, 92.303, 92.303, 2.119, 413.78, 413.78, 413.78, 61.874, 74.372, 34.866, 36.673, 7.379, 16.023, 0, 0, 37.142, 38.264, 37.142, 38.264, 1, 34.698, 34.698, 0.025, 0.27, 91.115, 93.864, 91.115, 93.864, 4.612, 7.379, 16.023, , , 1, 2.032, 1.513, 0.023, 13.04, 2.119, 165, 0, 0, 0, 52.5, 11.727, 11.186, 114.8, 64.539, 100, 0, 1.1, 24.75, 23.375, 55, 2.684, 86.375, 0, 0, 88.9, 32.434, 0, 0, 1.513, 0, 0, 14, 0.023, 13.04, 0, 2.119, 165, 0, 0, 0, 52.5, 1, 0.011, 0.011, 114.8, 64.539, 100, 0, 1.1, 141, 24.75, 23.375, 55, 2.684, 0, 86.375, 0, 0, 88.9, 32.434, 0, 0, 0, 0, 
2.05, 23.604, 100.58, 62.47, 63.18, , 17.215, 0.971, 94.755, 94.755, 2.117, 410.108, 410.108, 410.108, 61.062, 74.326, 35.362, 36.921, 7.379, 15.057, 0, 0, 37.702, 38.84, 37.702, 38.84, 1, 35.528, 35.528, 0.025, 0.271, 91.448, 94.207, 91.448, 94.207, 4.616, 7.379, 15.057, , , 1, 2.082, 2.041, 0.013, 12.809, 2.117, 165, 0, 0, 0, 58.269, 15.023, 14.286, 114.8, 80.151, 100, 0, 1.485, 25.712, 23.856, 74.231, 3.43, 88.779, 0, 0, 90.438, 32.911, 0, 0, 2.041, 0, 0, 14, 0.013, 12.809, 0, 2.117, 165, 0, 0, 0, 58.269, 1, 0.015, 0.014, 114.8, 80.151, 100, 0, 1.485, 141, 25.712, 23.856, 74.231, 3.43, 0, 88.779, 0, 0, 90.438, 32.911, 0, 0, 0, 0, 
2.1, 23.603, 100.58, 62.47, 63.18, , 17.059, 0.971, 97.266, 97.266, 2.115, 406.415, 406.415, 406.415, 60.618, 74.281, 35.562, 36.945, 7.378, 14.105, 0, 0, 38.229, 39.381, 38.229, 39.381, 1, 36.349, 36.349, 0.025, 0.271, 91.378, 94.135, 91.378, 94.135, 4.621, 7.378, 14.105, , , 1, 2.131, 2.57, 0.003, 12.578, 2.115, 165, 0, 0, 0, 64.038, 18.319, 17.386, 114.8, 95.762, 100, 0, 1.869, 26.673, 24.337, 93.462, 4.176, 91.183, 0, 0, 91.977, 33.388, 0, 0, 2.57, 0, 0, 14, 0.003, 12.578, 0, 2.115, 165, 0, 0, 0, 64.038, 1, 0.018, 0.017, 114.8, 95.762, 100, 0, 1.869, 141, 26.673, 24.337, 93.462, 4.176, 0, 91.183, 0, 0, 91.977, 33.388, 0, 0, 0, 0, 
2.15, 23.602, 100.58, 62.47, 63.18, , 16.992, 0.971, 99.854, 99.854, 2.169, 404.831, 404.831, 404.831, 60.4, 74.236, 35.489, 36.762, 7.378, 13.308, 0, 0, 38.927, 40.1, 38.927, 40.1, 1, 37.164, 37.164, 0.025, 0.272, 91.193, 93.944, 91.193, 93.944, 4.625, 7.378, 13.308, , , 1, 2.182, 2.403, 0, 12.5, 2.169, 165, 0, 0, 0, 66, 19.135, 18.313, 114.8, 101.117, 100, 0, 2, 27, 24.627, 100, 4.43, 91.873, 0, 0, 92.532, 34.497, 0, 0, 2.403, 0, 0, 14, 0, 12.5, 0, 2.169, 165, 0, 0, 0, 66, 1, 0.019, 0.018, 114.8, 101.117, 100, 0, 2, 141, 27, 24.627, 100, 4.43, 0, 91.873, 0, 0, 92.532, 34.497, 0, 0, 0, 0, 
2.2, 23.601, 100.58, 62.47, 63.18, , 16.963, 0.971, 102.478, 102.478, 2.253, 404.151, 404.151, 404.151, 60.439, 74.19, 35.416, 36.579, 7.377, 12.534, 0, 0, 39.698, 40.896, 39.698, 40.896, 1, 37.981, 37.981, 0.025, 0.272, 90.959, 93.703, 90.959, 93.703, 4.63, 7.377, 12.534, , , 1, 2.232, 1.878, 0, 12.5, 2.253, 165, 0, 0, 0, 66, 18.672, 18.121, 114.8, 101.188, 100, 0, 2, 27, 24.819, 100, 4.43, 91.681, 0, 0, 92.58, 35.933, 0, 0, 1.878, 0, 0, 14, 0, 12.5, 0, 2.253, 165, 0, 0, 0, 66, 1, 0.018, 0.018, 114.8, 101.188, 100, 0, 2, 141, 27, 24.819, 100, 4.43, 0, 91.681, 0, 0, 92.58, 35.933, 0, 0, 0, 0, 
2.25, 23.601, 100.58, 62.47, 63.18, , 16.88, 0.971, 106.449, 106.449, 2.337, 402.2, 402.2, 402.2, 60.557, 74.145, 35.342, 36.396, 7.377, 12.12, 0, 0, 40.745, 41.973, 40.745, 41.973, 1, 38.822, 38.822, 0.025, 0.272, 90.132, 92.851, 90.132, 92.851, 4.636, 7.377, 12.12, , , 1, 2.281, 1.353, 0, 12.5, 2.337, 165, 0, 0, 0, 66, 18.21, 17.928, 114.8, 101.259, 100, 0, 2, 27, 25.012, 100, 4.43, 91.488, 0, 0, 92.628, 37.369, 0, 0, 1.353, 0, 0, 14, 0, 12.5, 0, 2.337, 165, 0, 0, 0, 66, 1, 0.018, 0.018, 114.8, 101.259, 100, 0, 2, 141, 27, 25.012, 100, 4.43, 0, 91.488, 0, 0, 92.628, 37.369, 0, 0, 0, 0, 
2.3, 23.6, 100.58, 62.47, 63.18, , 16.827, 0.971, 110.316, 110.316, 2.421, 400.976, 400.976, 400.976, 60.887, 74.1, 35.269, 36.213, 7.377, 11.724, 0, 0, 41.806, 43.066, 41.806, 43.066, 1, 40.018, 40.018, 0.025, 0.273, 89.456, 92.153, 89.456, 92.153, 4.645, 7.377, 11.724, , , 1, 2.332, 0.828, 0, 12.5, 2.421, 165, 0, 0, 0, 66, 17.747, 17.736, 114.8, 101.33, 100, 0, 2, 27, 25.204, 100, 4.43, 91.296, 0, 0, 92.676, 38.804, 0, 0, 0.828, 0, 0, 14, 0, 12.5, 0, 2.421, 165, 0, 0, 0, 66, 1, 0.018, 0.018, 114.8, 101.33, 100, 0, 2, 141, 27, 25.204, 100, 4.43, 0, 91.296, 0, 0, 92.676, 38.804, 0, 0, 0, 0, 
2.35, 23.599, 100.58, 62.47, 63.18, , 16.9, 0.971, 113.163, 113.163, 2.504, 402.722, 402.722, 402.722, 61.188, 74.055, 35.24, 36.14, 7.377, 11.755, 0, 0, 42.833, 44.125, 42.833, 44.125, 1, 41.066, 41.066, 0.025, 0.273, 89.494, 92.191, 89.494, 92.191, 4.653, 7.377, 11.755, , , 1, 2.382, 0.303, 0, 12.5, 2.504, 165, 0, 0, 0, 66, 17.285, 17.544, 114.8, 101.402, 100, 0, 2, 27, 25.396, 100, 4.43, 91.104, 0, 0, 92.724, 40.24, 0, 0, 0.303, 0, 0, 14, 0, 12.5, 0, 2.504, 165, 0, 0, 0, 66, 1, 0.017, 0.018, 114.8, 101.402, 100, 0, 2, 141, 27, 25.396, 100, 4.43, 0, 91.104, 0, 0, 92.724, 40.24, 0, 0, 0, 0, 
2.4, 23.598, 100.58, 62.47, 63.18, , 17.003, 0.971, 116.05, 116.05, 2.564, 405.165, 405.165, 405.165, 61.438, 74.009, 35.24, 36.14, 7.377, 11.787, 0, 0, 43.943, 45.269, 43.943, 45.269, 1, 41.87, 41.87, 0.025, 0.273, 89.674, 92.376, 89.674, 92.376, 4.662, 7.377, 11.787, , , 1, 2.431, 0.018, 0, 12.5, 2.564, 165, 0, 0, 0, 66, 17.075, 17.496, 114.8, 101.475, 100, 0, 2, 27, 25.548, 100, 4.43, 91.096, 0, 0, 92.918, 41.253, 0, 0, 0.018, 0, 0, 14, 0, 12.5, 0, 2.564, 165, 0, 0, 0, 66, 1, 0.017, 0.018, 114.8, 101.475, 100, 0, 2, 141, 27, 25.548, 100, 4.43, 0, 91.096, 0, 0, 92.918, 41.253, 0, 0, 0, 0, 
2.45, 23.598, 100.58, 62.47, 63.18, , 17.126, 0.971, 118.969, 118.969, 2.597, 408.114, 408.114, 408.114, 61.672, 73.964, 35.24, 36.14, 7.378, 11.815, 0, 0, 45.112, 46.473, 45.112, 46.473, 1, 42.686, 42.686, 0.025, 0.274, 89.957, 92.667, 89.957, 92.667, 4.669, 7.378, 11.815, , , 1, 2.481, 0.014, 0, 12.5, 2.597, 165, 0, 0, 0, 66, 17.161, 17.616, 114.8, 101.553, 100, 0, 2, 27, 25.652, 100, 4.43, 91.304, 0, 0, 93.282, 41.771, 0, 0, 0.014, 0, 0, 14, 0, 12.5, 0, 2.597, 165, 0, 0, 0, 66, 1, 0.017, 0.018, 114.8, 101.553, 100, 0, 2, 141, 27, 25.652, 100, 4.43, 0, 91.304, 0, 0, 93.282, 41.771, 0, 0, 0, 0, 
2.5, 23.597, 100.58, 62.47, 63.18, , 17.21, 0.971, 122.035, 122.035, 2.629, 410.123, 410.123, 410.123, 61.89, 73.919, 35.24, 36.14, 7.378, 11.842, 0, 0, 46.212, 47.606, 46.212, 47.606, 1, 43.507, 43.507, 0.025, 0.273, 90.101, 92.816, 90.101, 92.816, 4.668, 7.378, 11.842, , , 1, 2.531, 0.01, 0, 12.5, 2.629, 165, 0, 0, 0, 66, 17.248, 17.737, 114.8, 101.63, 100, 0, 2, 27, 25.756, 100, 4.43, 91.512, 0, 0, 93.647, 42.289, 0, 0, 0.01, 0, 0, 14, 0, 12.5, 0, 2.629, 165, 0, 0, 0, 66, 1, 0.017, 0.018, 114.8, 101.63, 100, 0, 2, 141, 27, 25.756, 100, 4.43, 0, 91.512, 0, 0, 93.647, 42.289, 0, 0, 0, 0, 
2.55, 23.596, 100.58, 62.47, 63.18, , 17.322, 0.971, 125.126, 125.126, 2.662, 412.787, 412.787, 412.787, 62.064, 73.873, 35.24, 36.14, 7.379, 11.814, 0, 0, 47.397, 48.827, 47.397, 48.827, 1, 44.329, 44.329, 0.025, 0.272, 90.426, 93.151, 90.426, 93.151, 4.667, 7.379, 11.814, , , 1, 2.581, 0.006, 0, 12.5, 2.662, 165, 0, 0, 0, 66, 17.334, 17.858, 114.8, 101.707, 100, 0, 2, 27, 25.86, 100, 4.43, 91.721, 0, 0, 94.011, 42.806, 0, 0, 0.006, 0, 0, 14, 0, 12.5, 0, 2.662, 165, 0, 0, 0, 66, 1, 0.017, 0.018, 114.8, 101.707, 100, 0, 2, 141, 27, 25.86, 100, 4.43, 0, 91.721, 0, 0, 94.011, 42.806, 0, 0, 0, 0, 
2.6, 23.595, 100.579, 62.47, 63.18, , 17.47, 0.971, 128.239, 128.239, 2.694, 416.309, 416.309, 416.309, 62.202, 73.828, 35.24, 35.924, 7.379, 11.785, 0, 0, 48.69, 50.16, 48.69, 50.16, 1, 45.167, 45.167, 0.025, 0.271, 90.984, 93.728, 90.984, 93.728, 4.666, 7.379, 11.785, , , 1, 2.631, 0.001, 0, 12.5, 2.694, 165, 0, 0, 0, 66, 17.421, 17.979, 114.8, 101.784, 100, 0, 2, 27, 25.965, 100, 4.43, 91.929, 0, 0, 94.376, 43.324, 0, 0, 0.001, 0, 0, 14, 0, 12.5, 0, 2.694, 165, 0, 0, 0, 66, 1, 0.017, 0.018, 114.8, 101.784, 100, 0, 2, 141, 27, 25.965, 100, 4.43, 0, 91.929, 0, 0, 94.376, 43.324, 0, 0, 0, 0, 
2.65, 23.595, 100.579, 62.47, 63.18, , 17.634, 0.971, 131.433, 131.433, 2.763, 420.22, 420.22, 420.22, 62.314, 73.783, 35.24, 35.564, 7.38, 11.749, 0, 0, 50.076, 51.588, 50.076, 51.588, 1, 46.011, 46.011, 0.025, 0.271, 91.693, 94.458, 91.693, 94.458, 4.665, 7.38, 11.749, , , 1, 2.681, 0, 0, 12.5, 2.763, 165, 0, 0, 0, 66, 17.556, 18.145, 114.562, 101.908, 100, 0, 1.868, 27.164, 26.197, 100, 4.43, 92.561, 0, 0, 95.193, 44.275, 0, 0, 0, 0, 0, 14, 0, 12.5, 0, 2.763, 165, 0, 0, 0, 66, 1, 0.017, 0.018, 114.562, 101.908, 100, 0, 1.868, 141, 27.164, 26.197, 100, 4.43, 0, 92.561, 0, 0, 95.193, 44.275, 0, 0, 0, 0, 
2.7, 23.594, 100.579, 62.47, 63.18, , 17.813, 0.971, 134.697, 134.697, 2.852, 424.489, 424.489, 424.489, 62.399, 73.737, 35.24, 35.204, 7.38, 11.714, 0, 0, 51.525, 53.08, 51.525, 53.08, 1, 46.856, 46.856, 0.025, 0.27, 92.494, 95.282, 92.494, 95.282, 4.66, 7.38, 11.714, , , 1, 2.732, 0, 0, 12.5, 2.852, 165, 0, 0, 0, 66, 17.716, 18.334, 114.202, 102.056, 100, 0, 1.668, 27.413, 26.496, 100, 4.43, 93.411, 0, 0, 96.243, 45.449, 0, 0, 0, 0, 0, 14, 0, 12.5, 0, 2.852, 165, 0, 0, 0, 66, 1, 0.017, 0.018, 114.202, 102.056, 100, 0, 1.668, 141, 27.413, 26.496, 100, 4.43, 0, 93.411, 0, 0, 96.243, 45.449, 0, 0, 0, 0, 
2.75, 23.593, 100.578, 62.47, 63.18, , 18.014, 0.971, 138.037, 138.037, 2.94, 429.256, 429.256, 429.256, 62.478, 73.692, 35.24, 34.844, 7.38, 11.688, 0, 0, 53.056, 54.655, 53.056, 54.655, 1, 47.722, 47.722, 0.025, 0.269, 93.412, 96.227, 93.412, 96.227, 4.655, 7.38, 11.688, , , 1, 2.782, 0, 0, 12.5, 2.94, 165, 0, 0, 0, 66, 17.877, 18.523, 113.842, 102.204, 100, 0, 1.468, 27.662, 26.795, 100, 4.43, 94.261, 0, 0, 97.293, 46.624, 0, 0, 0, 0, 0, 14, 0, 12.5, 0, 2.94, 165, 0, 0, 0, 66, 1, 0.018, 0.019, 113.842, 102.204, 100, 0, 1.468, 141, 27.662, 26.795, 100, 4.43, 0, 94.261, 0, 0, 97.293, 46.624, 0, 0, 0, 0, 
2.8, 23.592, 100.578, 62.47, 63.18, , 18.293, 0.971, 141.421, 141.421, 3.029, 435.898, 435.898, 435.898, 62.551, 73.647, 35.24, 34.484, 7.38, 11.663, 0, 0, 54.881, 56.536, 54.881, 56.536, 1, 48.598, 48.598, 0.025, 0.269, 94.748, 97.602, 94.748, 97.602, 4.65, 7.38, 11.663, , , 1, 2.831, 0, 0, 12.5, 3.029, 165, 0, 0, 0, 66, 18.037, 18.713, 113.482, 102.352, 100, 0, 1.268, 27.911, 27.094, 100, 4.43, 95.111, 0, 0, 98.343, 47.798, 0, 0, 0, 0, 0, 14, 0, 12.5, 0, 3.029, 165, 0, 0, 0, 66, 1, 0.018, 0.019, 113.482, 102.352, 100, 0, 1.268, 141, 27.911, 27.094, 100, 4.43, 0, 95.111, 0, 0, 98.343, 47.798, 0, 0, 0, 0, 
2.85, 23.592, 100.578, 62.47, 63.18, , 18.539, 0.971, 144.912, 144.912, 3.117, 441.759, 441.759, 441.759, 62.617, 73.601, 35.25, 34.432, 7.38, 11.665, 0, 0, 56.635, 58.341, 56.635, 58.341, 1, 49.481, 49.481, 0.025, 0.268, 95.922, 98.81, 95.922, 98.81, 4.644, 7.38, 11.665, , , 1, 2.881, 0, 0, 12.5, 3.117, 165, 0, 0, 0, 66, 18.197, 18.902, 113.122, 102.5, 100, 0, 1.068, 28.16, 27.392, 100, 4.43, 95.961, 0, 0, 99.393, 48.972, 0, 0, 0, 0, 0, 14, 0, 12.5, 0, 3.117, 165, 0, 0, 0, 66, 1, 0.018, 0.019, 113.122, 102.5, 100, 0, 1.068, 141, 28.16, 27.392, 100, 4.43, 0, 95.961, 0, 0, 99.393, 48.972, 0, 0, 0, 0, 
2.9, 23.591, 100.577, 62.47, 63.18, , 18.765, 0.971, 148.45, 148.45, 3.168, 447.133, 447.133, 447.133, 62.678, 73.556, 35.267, 34.586, 7.38, 11.669, 0, 0, 58.358, 60.115, 58.358, 60.115, 1, 50.383, 50.383, 0.025, 0.268, 96.995, 99.915, 96.995, 99.915, 4.657, 7.38, 11.669, , , 1, 2.932, 0, 0, 12.5, 3.168, 165, 0, 0, 0, 66, 18.29, 19.001, 113, 102.55, 100, 0, 1, 28.283, 27.5, 100, 4.43, 96.491, 0, 0, 99.991, 49.686, 0, 0, 0, 0, 0, 14, 0, 12.5, 0, 3.168, 165, 0, 0, 0, 66, 1, 0.019, 0.019, 113, 102.55, 100, 0, 1, 141, 28.283, 27.5, 100, 4.43, 0, 96.491, 0, 0, 99.991, 49.686, 0, 0, 0, 0, 
2.95, 23.59, 100.577, 62.47, 63.18, , 18.975, 0.971, 151.998, 151.998, 3.199, 452.15, 452.15, 452.15, 62.729, 73.511, 35.284, 34.74, 7.38, 11.7, 0, 0, 60.07, 61.879, 60.07, 61.879, 1, 51.299, 51.299, 0.025, 0.269, 97.998, 100.95, 97.998, 100.95, 4.678, 7.38, 11.7, , , 1, 2.982, 0, 0, 12.5, 3.199, 165, 0, 0, 0, 66, 18.346, 19.049, 113, 102.55, 100, 0, 1, 28.336, 27.5, 100, 4.43, 96.855, 0, 0, 100.355, 50.141, 0, 0, 0, 0, 0, 14, 0, 12.5, 0, 3.199, 165, 0, 0, 0, 66, 1, 0.019, 0.019, 113, 102.55, 100, 0, 1, 141, 28.336, 27.5, 100, 4.43, 0, 96.855, 0, 0, 100.355, 50.141, 0, 0, 0, 0, 
3, 23.59, 100.576, 62.47, 63.18, , 19.158, 0.971, 155.704, 155.704, 3.23, 456.496, 456.496, 456.496, 62.773, 73.465, 35.302, 34.894, 7.38, 11.734, 0, 0, 61.722, 63.582, 61.722, 63.582, 1, 52.422, 52.422, 0.025, 0.27, 98.879, 101.858, 98.879, 101.858, 4.699, 7.38, 11.734, , , 1, 3.031, 0, 0, 12.5, 3.23, 165, 0, 0, 0, 66, 18.401, 19.097, 113, 102.55, 100, 0, 1, 28.388, 27.5, 100, 4.43, 97.22, 0, 0, 100.72, 50.596, 0, 0, 0, 0, 0, 14, 0, 12.5, 0, 3.23, 165, 0, 0, 0, 66, 1, 0.019, 0.019, 113, 102.55, 100, 0, 1, 141, 28.388, 27.5, 100, 4.43, 0, 97.22, 0, 0, 100.72, 50.596, 0, 0, 0, 0, 
3.05, 23.59, 100.576, 62.47, 63.18, , 19.274, 0.971, 160.892, 160.892, 3.261, 459.278, 459.278, 459.278, 62.81, 73.42, 35.319, 35.048, 7.38, 11.778, 0, 0, 63.634, 65.551, 63.634, 65.551, 1, 53.719, 53.719, 0.025, 0.271, 99.423, 102.419, 99.423, 102.419, 4.72, 7.38, 11.778, , , 1, 3.081, 0, 0, 12.5, 3.261, 165, 0, 0, 0, 66, 18.457, 19.145, 113, 102.55, 100, 0, 1, 28.44, 27.5, 100, 4.43, 97.584, 0, 0, 101.084, 51.051, 0, 0, 0, 0, 0, 14, 0, 12.5, 0, 3.261, 165, 0, 0, 0, 66, 1, 0.019, 0.019, 113, 102.55, 100, 0, 1, 141, 28.44, 27.5, 100, 4.43, 0, 97.584, 0, 0, 101.084, 51.051, 0, 0, 0, 0, 
3.1, 23.59, 100.576, 62.47, 63.18, , 19.154, 0.971, 165.551, 165.551, 3.292, 456.461, 456.461, 456.461, 62.831, 73.375, 35.349, 35.182, 7.379, 11.824, 0, 0, 64.532, 66.475, 64.532, 66.475, 1, 54.637, 54.637, 0.025, 0.271, 98.765, 101.741, 98.765, 101.741, 4.769, 7.379, 11.824, , , 1, 3.131, 0, 0, 12.5, 3.292, 165, 0, 0, 0, 66, 18.512, 19.193, 113, 102.55, 100, 0, 1, 28.493, 27.5, 100, 4.43, 97.949, 0, 0, 101.449, 51.506, 0, 0, 0, 0, 0, 14, 0, 12.5, 0, 3.292, 165, 0, 0, 0, 66, 1, 0.019, 0.019, 113, 102.55, 100, 0, 1, 141, 28.493, 27.5, 100, 4.43, 0, 97.949, 0, 0, 101.449, 51.506, 0, 0, 0, 0, 
3.15, 23.59, 100.575, 62.47, 63.18, , 18.479, 0.971, 169.443, 169.443, 3.349, 440.475, 440.475, 440.475, 62.87, 73.33, 35.406, 35.277, 7.379, 11.868, 0, 0, 63.199, 65.103, 63.199, 65.103, 1, 55.551, 55.551, 0.025, 0.272, 95.252, 98.122, 95.252, 98.122, 4.831, 7.379, 11.868, , , 1, 3.181, 0, 0.003, 12.5, 3.349, 165, 0, 0, 0, 66, 18.685, 19.332, 112.702, 102.489, 100, 0, 0.917, 28.665, 27.665, 100, 4.43, 98.744, 0, 0, 102.079, 52.392, 0, 0, 0, 0, 0, 14, 0.003, 12.5, 0, 3.349, 165, 0, 0, 0, 66, 1, 0.019, 0.019, 112.702, 102.489, 100, 0, 0.917, 141, 28.665, 27.665, 100, 4.43, 0, 98.744, 0, 0, 102.079, 52.392, 0, 0, 0, 0, 
3.2, 23.59, 100.575, 62.47, 63.18, , 16.76, 0.971, 173.353, 173.353, 3.411, 399.696, 399.696, 399.696, 62.97, 66.711, 35.463, 35.372, 7.379, 11.911, 0, 0, 58.068, 59.817, 58.068, 59.817, 1, 56.405, 56.405, 0.025, 0.272, 86.365, 88.967, 86.365, 88.967, 4.893, 7.379, 11.911, , , 1, 3.231, 0, 0.007, 12.5, 3.411, 165, 0, 0, 0, 66, 18.878, 19.486, 112.356, 102.418, 100, 0, 0.821, 28.858, 27.858, 100, 4.43, 99.61, 0, 0, 102.752, 53.348, 0, 0, 0, 0, 0, 14, 0.007, 12.5, 0, 3.411, 165, 0, 0, 0, 66, 1, 0.019, 0.019, 112.356, 102.418, 100, 0, 0.821, 141, 28.858, 27.858, 100, 4.43, 0, 99.61, 0, 0, 102.752, 53.348, 0, 0, 0, 0, 
3.25, 23.59, 100.575, 62.47, 63.18, , 13.454, 0.971, 177.38, 177.38, 3.473, 321.286, 321.286, 321.286, 63.206, 59.362, 35.52, 35.467, 7.38, 11.936, 0, 0, 47.082, 48.498, 47.082, 48.498, 1, 57.136, 57.136, 0.025, 0.273, 69.397, 71.488, 69.397, 71.488, 4.956, 7.38, 11.936, , , 1, 3.281, 0, 0.011, 12.5, 3.473, 165, 0, 0, 0, 66, 19.07, 19.64, 112.01, 102.346, 100, 0, 0.725, 29.05, 28.05, 100, 4.43, 100.475, 0, 0, 103.425, 54.304, 0, 0, 0, 0, 0, 14, 0.011, 12.5, 0, 3.473, 165, 0, 0, 0, 66, 1, 0.02, 0.02, 112.01, 102.346, 100, 0, 0.725, 141, 29.05, 28.05, 100, 4.43, 0, 100.475, 0, 0, 103.425, 54.304, 0, 0, 0, 0, 
3.3, 23.59, 100.574, 62.47, 63.18, , 8.246, 0.971, 181.474, 181.474, 3.534, 197.749, 197.749, 197.749, 63.667, 52.013, 35.577, 35.562, 7.381, 11.958, 0, 0, 29.091, 29.967, 29.091, 29.967, 1, 57.674, 57.674, 0.025, 0.273, 43.055, 44.353, 43.055, 44.353, 5.018, 7.381, 11.958, , , 1, 3.331, 0, 0.015, 12.5, 3.534, 165, 0, 0, 0, 66, 19.262, 19.794, 111.664, 102.275, 100, 0, 0.629, 29.242, 28.242, 100, 4.43, 101.34, 0, 0, 104.098, 55.259, 0, 0, 0, 0, 0, 14, 0.015, 12.5, 0, 3.534, 165, 0, 0, 0, 66, 1, 0.02, 0.02, 111.664, 102.275, 100, 0, 0.629, 141, 29.242, 28.242, 100, 4.43, 0, 101.34, 0, 0, 104.098, 55.259, 0, 0, 0, 0, 
3.35, 23.59, 100.574, 62.47, 63.18, , 3.082, 0.971, 185.633, 185.633, 3.596, 75.25, 75.25, 75.25, 64.42, 57.366, 35.557, 35.471, 7.382, 11.978, 0, 0, 11.106, 11.441, 11.106, 11.441, 1, 57.963, 57.963, 0.025, 0.273, 17.115, 17.632, 17.115, 17.632, 5.079, 7.382, 11.978, , , 1, 3.381, 0, 0.019, 12.5, 3.596, 165, 0, 0, 0, 66, 19.455, 19.948, 111.318, 102.204, 100, 0, 0.533, 29.435, 28.435, 100, 4.43, 102.206, 0, 0, 104.771, 56.215, 0, 0, 0, 0, 0, 14, 0.019, 12.5, 0, 3.596, 165, 0, 0, 0, 66, 1, 0.02, 0.02, 111.318, 102.204, 100, 0, 0.533, 141, 29.435, 28.435, 100, 4.43, 0, 102.206, 0, 0, 104.771, 56.215, 0, 0, 0, 0, 
3.4, 23.59, 100.573, 62.47, 63.18, , -1.35, 0.971, 189.857, 189.857, 3.653, -29.909, -29.909, -29.909, 65.421, 64.815, 35.485, 35.256, 7.384, 11.997, 0, 0, -4.46, -4.594, -4.46, -4.594, 1, 58.008, 58.008, 0.025, 0.273, -5.13, -5.285, -5.13, -5.285, 5.141, 7.384, 11.997, , , 1, 3.431, 0, 0.046, 12.5, 3.653, 165, 0, 0, 0, 64.604, 17.289, 17.763, 110.857, 94.757, 100, 0, 0.437, 30.039, 29.135, 89.465, 3.993, 103.325, 0, 0, 106.015, 56.659, 0, 0, 0, 0, 0, 13.994, 0.046, 12.5, 0, 3.653, 165, 0, 0, 0, 64.604, 1, 0.018, 0.018, 110.857, 94.757, 100, 0, 0.437, 141, 30.039, 29.135, 89.465, 3.993, 0, 103.325, 0, 0, 106.015, 56.659, 0, 0, 0, 0, 
3.45, 23.59, 100.573, 62.47, 63.18, , -4.786, 0.971, 194.102, 194.102, 3.709, -111.435, -111.435, -111.435, 66.496, 65.794, 35.414, 35.041, 7.384, 12.05, 0, 0, -16.613, -17.112, -16.613, -17.112, 1, 57.845, 57.845, 0.025, 0.273, -22.265, -22.937, -22.265, -22.937, 5.203, 7.384, 12.05, , , 1, 3.482, 0, 0.085, 12.5, 3.709, 165, 0, 0, 0, 62.488, 13.91, 14.374, 110.338, 83.51, 100, 0, 0.34, 30.857, 30.096, 73.504, 3.332, 104.575, 0, 0, 107.554, 56.838, 0, 0, 0, 0, 0, 13.984, 0.085, 12.5, 0, 3.709, 165, 0, 0, 0, 62.488, 1, 0.014, 0.014, 110.338, 83.51, 100, 0, 0.34, 141, 30.857, 30.096, 73.504, 3.332, 0, 104.575, 0, 0, 107.554, 56.838, 0, 0, 0, 0, 
3.5, 23.59, 100.573, 62.47, 63.18, , -6.819, 0.971, 198.388, 198.388, 3.764, -159.661, -159.661, -159.661, 67.476, 66.774, 35.342, 34.825, 7.384, 12.112, 0, 0, -23.783, -24.496, -23.783, -24.496, 1, 57.53, 57.53, 0.025, 0.273, -32.177, -33.148, -32.177, -33.148, 5.244, 7.384, 12.112, , , 1, 3.532, 0, 0.125, 12.5, 3.764, 165, 0, 0, 0, 60.373, 10.53, 10.984, 109.819, 72.263, 100, 0, 0.244, 31.674, 31.058, 57.542, 2.67, 105.825, 0, 0, 109.092, 57.018, 0, 0, 0, 0, 0, 13.974, 0.125, 12.5, 0, 3.764, 165, 0, 0, 0, 60.373, 1, 0.011, 0.011, 109.819, 72.263, 100, 0, 0.244, 141, 31.674, 31.058, 57.542, 2.67, 0, 105.825, 0, 0, 109.092, 57.018, 0, 0, 0, 0, 
3.55, 23.59, 100.572, 62.47, 63.18, , -7.139, 0.971, 202.677, 202.677, 3.819, -167.255, -167.255, -167.255, 68.262, 67.754, 35.27, 34.61, 7.383, 12.472, 0, 0, -24.803, -25.546, -24.803, -25.546, 1, 57.155, 57.155, 0.025, 0.272, -33.474, -34.483, -33.474, -34.483, 5.262, 7.383, 12.472, , , 1, 3.581, 0, 0.164, 12.5, 3.819, 165, 0, 0, 0, 58.258, 7.15, 7.595, 109.3, 61.016, 100, 0, 0.148, 32.491, 32.019, 41.581, 2.009, 107.075, 0, 0, 110.631, 57.198, 0, 0, 0, 0, 0, 13.965, 0.164, 12.5, 0, 3.819, 165, 0, 0, 0, 58.258, 1, 0.007, 0.007, 109.3, 61.016, 100, 0, 0.148, 141, 32.491, 32.019, 41.581, 2.009, 0, 107.075, 0, 0, 110.631, 57.198, 0, 0, 0, 0, 
3.6, 23.59, 100.572, 62.47, 63.18, , -6.446, 0.971, 206.897, 206.897, 3.875, -150.826, -150.826, -150.826, 68.769, 68.733, 35.282, 34.646, 7.381, 12.927, 0, 0, -22.205, -22.87, -22.205, -22.87, 1, 56.812, 56.812, 0.024, 0.271, -29.868, -30.77, -29.868, -30.77, 5.28, 7.381, 12.927, , , 1, 3.631, 0, 0.204, 12.5, 3.875, 165, 0, 0, 0, 56.142, 3.77, 4.205, 108.78, 49.768, 100, 0, 0.052, 33.309, 32.981, 25.619, 1.347, 108.325, 0, 0, 112.169, 57.378, 0, 0, 0, 0, 0, 13.955, 0.204, 12.5, 0, 3.875, 165, 0, 0, 0, 56.142, 1, 0.004, 0.004, 108.78, 49.768, 100, 0, 0.052, 141, 33.309, 32.981, 25.619, 1.347, 0, 108.325, 0, 0, 112.169, 57.378, 0, 0, 0, 0, 
3.65, 23.59, 100.571, 62.47, 63.18, , -5.945, 0.971, 211.084, 211.084, 3.895, -138.964, -138.964, -138.964, 68.98, 69.713, 35.354, 34.863, 7.38, 13.792, 0, 0, -20.323, -20.933, -20.323, -20.933, 1, 56.5, 56.5, 0.024, 0.271, -27.376, -28.202, -27.376, -28.202, 5.298, 7.38, 13.792, , , 1, 3.682, 0, 0.21, 12.5, 3.895, 165, 0, 0, 0, 53.706, 1.892, 2.267, 108.414, 41.043, 100, 0, 0, 33.63, 33.404, 15.371, 0.948, 107.73, 0, 0, 111.85, 57.356, 0, 0, 0, 0, 0, 13.955, 0.21, 12.5, 0, 3.895, 165, 0, 0, 0, 53.706, 1, 0.002, 0.002, 108.414, 41.043, 100, 0, 0, 141, 33.63, 33.404, 15.371, 0.948, 0, 107.73, 0, 0, 111.85, 57.356, 0, 0, 0, 0, 
3.7, 23.59, 100.571, 62.47, 63.18, , -5.862, 0.971, 215.312, 215.312, 3.874, -136.988, -136.988, -136.988, 69.031, 70.692, 35.427, 35.08, 7.378, 14.801, 0, 0, -19.938, -20.537, -19.938, -20.537, 1, 56.199, 56.199, 0.024, 0.27, -26.976, -27.789, -26.976, -27.789, 5.312, 7.378, 14.801, , , 1, 3.732, 0, 0.176, 12.5, 3.874, 165, 0, 0, 0, 50.894, 1.778, 2.031, 108.226, 35.277, 100, 0, 0, 33.37, 33.196, 11.829, 0.856, 104.97, 0, 0, 109.35, 57.096, 0, 0, 0, 0, 0, 13.965, 0.176, 12.5, 0, 3.874, 165, 0, 0, 0, 50.894, 1, 0.002, 0.002, 108.226, 35.277, 100, 0, 0, 141, 33.37, 33.196, 11.829, 0.856, 0, 104.97, 0, 0, 109.35, 57.096, 0, 0, 0, 0, 
3.75, 23.59, 100.571, 62.47, 63.18, , -5.6, 0.971, 219.408, 219.408, 3.852, -130.788, -130.788, -130.788, 69.011, 71.672, 35.499, 35.296, 7.378, 16.147, 0, 0, -18.954, -19.524, -18.954, -19.524, 1, 55.912, 55.912, 0.024, 0.27, -25.756, -26.533, -25.756, -26.533, 5.323, 7.378, 16.147, , , 1, 3.781, 0, 0.143, 12.5, 3.852, 165, 0, 0, 0, 48.081, 1.663, 1.796, 108.039, 29.512, 100, 0, 0, 33.109, 32.988, 8.288, 0.764, 102.209, 0, 0, 106.85, 56.837, 0, 0, 0, 0, 0, 13.976, 0.143, 12.5, 0, 3.852, 165, 0, 0, 0, 48.081, 1, 0.002, 0.001, 108.039, 29.512, 100, 0, 0, 141, 33.109, 32.988, 8.288, 0.764, 0, 102.209, 0, 0, 106.85, 56.837, 0, 0, 0, 0, 
3.8, 23.59, 100.57, 62.47, 63.18, , -5.457, 0.971, 223.577, 223.577, 3.831, -127.384, -127.384, -127.384, 68.946, 72.652, 35.571, 35.513, 7.377, 17.623, 0, 0, -18.362, -18.916, -18.362, -18.916, 1, 55.634, 55.634, 0.024, 0.269, -25.111, -25.869, -25.111, -25.869, 5.333, 7.377, 17.623, , , 1, 3.832, 0, 0.11, 12.5, 3.831, 165, 0, 0, 0, 45.269, 1.549, 1.56, 107.851, 23.746, 100, 0, 0, 32.849, 32.779, 4.746, 0.673, 99.449, 0, 0, 104.35, 56.578, 0, 0, 0, 0, 0, 13.986, 0.11, 12.5, 0, 3.831, 165, 0, 0, 0, 45.269, 1, 0.002, 0.001, 107.851, 23.746, 100, 0, 0, 141, 32.849, 32.779, 4.746, 0.673, 0, 99.449, 0, 0, 104.35, 56.578, 0, 0, 0, 0, 
3.85, 23.59, 100.57, 62.47, 63.18, , -5.442, 0.971, 227.684, 227.684, 3.81, -127.043, -127.043, -127.043, 68.843, 73.631, 35.6, 35.341, 7.377, 18.95, 0, 0, -18.206, -18.757, -18.206, -18.757, 1, 55.357, 55.357, 0.024, 0.269, -25.088, -25.846, -25.088, -25.846, 5.343, 7.377, 18.95, , , 1, 3.881, 0, 0.076, 12.5, 3.81, 165, 0, 0, 0, 42.456, 1.434, 1.325, 107.664, 17.98, 100, 0, 0, 32.589, 32.571, 1.204, 0.581, 96.689, 0, 0, 101.85, 56.318, 0, 0, 0, 0, 0, 13.996, 0.076, 12.5, 0, 3.81, 165, 0, 0, 0, 42.456, 1, 0.002, 0.001, 107.664, 17.98, 100, 0, 0, 141, 32.589, 32.571, 1.204, 0.581, 0, 96.689, 0, 0, 101.85, 56.318, 0, 0, 0, 0, 
3.9, 23.59, 100.57, 62.47, 63.18, , -5.474, 0.971, 231.78, 231.78, 3.788, -127.807, -127.807, -127.807, 68.721, 74.611, 35.6, 34.909, 7.377, 20.213, 0, 0, -18.211, -18.761, -18.211, -18.761, 1, 55.082, 55.082, 0.024, 0.268, -25.292, -26.055, -25.292, -26.055, 5.362, 7.377, 20.213, , , 1, 3.931, 0, 0.063, 12.5, 3.788, 165, 0, 0, 0, 40.711, 1.195, 1.066, 107.6, 15.807, 100, 0, 0, 31.854, 31.854, 0, 0.55, 95.607, 0, 0, 101, 56.097, 0, 0, 0, 0, 0, 14, 0.063, 12.5, 0, 3.788, 165, 0, 0, 0, 40.711, 1, 0.001, 0.001, 107.6, 15.807, 100, 0, 0, 141, 31.854, 31.854, 0, 0.55, 0, 95.607, 0, 0, 101, 56.097, 0, 0, 0, 0, 
3.95, 23.59, 100.571, 62.47, 63.18, , -5.559, 0.971, 235.836, 235.836, 3.765, -129.824, -129.824, -129.824, 68.6, 75.591, 35.6, 34.477, 7.377, 21.092, 0, 0, -18.399, -18.955, -18.399, -18.955, 1, 54.806, 54.806, 0.024, 0.269, -25.737, -26.513, -25.737, -26.513, 5.401, 7.377, 21.092, , , 1, 3.982, 0, 0.06, 12.5, 3.765, 165, 0, 0, 0, 39.515, 0.892, 0.796, 107.6, 15.485, 100, 0, 0, 30.876, 30.876, 0, 0.55, 95.389, 0, 0, 101, 55.894, 0, 0, 0, 0, 0, 14, 0.06, 12.5, 0, 3.765, 165, 0, 0, 0, 39.515, 1, 0.001, 0.001, 107.6, 15.485, 100, 0, 0, 141, 30.876, 30.876, 0, 0.55, 0, 95.389, 0, 0, 101, 55.894, 0, 0, 0, 0, 
4, 23.59, 100.571, 62.47, 63.18, , -5.766, 0.971, 239.892, 239.892, 3.742, -134.755, -134.755, -134.755, 68.507, 76.57, 35.6, 34.045, 7.377, 21.791, 0, 0, -19.002, -19.576, -19.002, -19.576, 1, 54.518, 54.518, 0.024, 0.269, -26.747, -27.553, -26.747, -27.553, 5.439, 7.377, 21.791, , , 1, 4.031, 0, 0.056, 12.5, 3.742, 165, 0, 0, 0, 38.32, 0.588, 0.525, 107.6, 15.163, 100, 0, 0, 29.898, 29.898, 0, 0.55, 95.172, 0, 0, 101, 55.692, 0, 0, 0, 0, 0, 14, 0.056, 12.5, 0, 3.742, 165, 0, 0, 0, 38.32, 1, 0.001, 0, 107.6, 15.163, 100, 0, 0, 141, 29.898, 29.898, 0, 0.55, 0, 95.172, 0, 0, 101, 55.692, 0, 0, 0, 0, 
4.05, 23.59, 100.572, 62.47, 63.18, , -6.041, 0.971, 243.968, 243.968, 3.719, -141.272, -141.272, -141.272, 68.451, 77.55, 35.6, 33.613, 7.377, 22.146, 0, 0, -19.824, -20.422, -19.824, -20.422, 1, 54.217, 54.217, 0.024, 0.269, -28.06, -28.905, -28.06, -28.905, 5.477, 7.377, 22.146, , , 1, 4.082, 0, 0.053, 12.5, 3.719, 165, 0, 0, 0, 37.124, 0.285, 0.254, 107.6, 14.841, 100, 0, 0, 28.92, 28.92, 0, 0.55, 94.954, 0, 0, 101, 55.49, 0, 0, 0, 0, 0, 14, 0.053, 12.5, 0, 3.719, 165, 0, 0, 0, 37.124, 1, 0, 0, 107.6, 14.841, 100, 0, 0, 141, 28.92, 28.92, 0, 0.55, 0, 94.954, 0, 0, 101, 55.49, 0, 0, 0, 0, 
4.1, 23.59, 100.572, 62.47, 63.18, , -6.137, 0.971, 247.986, 247.986, 3.696, -143.573, -143.573, -143.573, 68.434, 78.53, 35.557, 33.698, 7.377, 22.325, 0, 0, -20.038, -20.641, -20.038, -20.641, 1, 53.91, 53.91, 0.025, 0.269, -28.525, -29.384, -28.525, -29.384, 5.51, 7.377, 22.325, , , 1, 4.132, 0, 0.049, 12.5, 3.696, 165, 0, 0, 0, 36, 0, 0, 107.6, 14.523, 100, 0, 0, 27.85, 27.85, 0, 0.55, 94.735, 0, 0, 100.996, 55.277, 0, 0, 0, 0, 0, 14, 0.049, 12.5, 0, 3.696, 165, 0, 0, 0, 36, 1, 0, 0, 107.6, 14.523, 100, 0, 0, 141, 27.85, 27.85, 0, 0.55, 0, 94.735, 0, 0, 100.996, 55.277, 0, 0, 0, 0, 
4.15, 23.59, 100.572, 62.47, 63.18, , -6.062, 0.971, 251.943, 251.943, 3.675, -141.797, -141.797, -141.797, 68.442, 79.509, 35.485, 34.128, 7.377, 22.39, 0, 0, -19.676, -20.268, -19.676, -20.268, 1, 53.601, 53.601, 0.025, 0.27, -28.169, -29.016, -28.169, -29.016, 5.53, 7.377, 22.39, , , 1, 4.181, 0, 0.037, 12.5, 3.675, 165, 0, 0, 0, 36, 0, 0, 107.6, 14.247, 100, 0, 0, 25.35, 25.35, 0, 0.55, 94.485, 0, 0, 100.934, 54.889, 0, 0, 0, 0, 0, 14, 0.037, 12.5, 0, 3.675, 165, 0, 0, 0, 36, 1, 0, 0, 107.6, 14.247, 100, 0, 0, 141, 25.35, 25.35, 0, 0.55, 0, 94.485, 0, 0, 100.934, 54.889, 0, 0, 0, 0, 
4.2, 23.59, 100.573, 62.47, 63.18, , -6.01, 0.971, 255.901, 255.901, 3.655, -140.551, -140.551, -140.551, 68.455, 80.489, 35.414, 34.559, 7.377, 22.39, 0, 0, -19.391, -19.975, -19.391, -19.975, 1, 53.348, 53.348, 0.025, 0.27, -27.912, -28.752, -27.912, -28.752, 5.549, 7.377, 22.39, , , 1, 4.232, 0, 0.024, 12.5, 3.655, 165, 0, 0, 0, 36, 0, 0, 107.6, 13.971, 100, 0, 0, 22.85, 22.85, 0, 0.55, 94.235, 0, 0, 100.871, 54.502, 0, 0, 0, 0, 0, 14, 0.024, 12.5, 0, 3.655, 165, 0, 0, 0, 36, 1, 0, 0, 107.6, 13.971, 100, 0, 0, 141, 22.85, 22.85, 0, 0.55, 0, 94.235, 0, 0, 100.871, 54.502, 0, 0, 0, 0, 
4.25, 23.59, 100.573, 62.47, 63.18, , -6.012, 0.971, 258.355, 258.355, 3.634, -140.606, -140.606, -140.606, 68.466, 81.469, 35.342, 34.989, 7.377, 22.39, 0, 0, -19.331, -19.912, -19.331, -19.912, 1, 53.171, 53.171, 0.025, 0.271, -27.918, -28.758, -27.918, -28.758, 5.569, 7.377, 22.39, , , 1, 4.281, 0, 0.012, 12.5, 3.634, 165, 0, 0, 0, 36, 0, 0, 107.6, 13.695, 100, 0, 0, 20.35, 20.35, 0, 0.55, 93.985, 0, 0, 100.809, 54.114, 0, 0, 0, 0, 0, 14, 0.012, 12.5, 0, 3.634, 165, 0, 0, 0, 36, 1, 0, 0, 107.6, 13.695, 100, 0, 0, 141, 20.35, 20.35, 0, 0.55, 0, 93.985, 0, 0, 100.809, 54.114, 0, 0, 0, 0, 
4.3, 23.59, 100.573, 62.47, 63.18, , -6.014, 0.971, 261.443, 261.443, 3.613, -140.669, -140.669, -140.669, 68.512, 82.448, 35.27, 35.419, 7.377, 22.39, 0, 0, -19.254, -19.833, -19.254, -19.833, 1, 52.869, 52.869, 0.025, 0.271, -27.918, -28.756, -27.918, -28.756, 5.588, 7.377, 22.39, , , 1, 4.331, 0, 0, 12.5, 3.613, 165, 0, 0, 0, 36, 0, 0, 107.6, 13.435, 100, 0, 0, 17.922, 17.922, 0, 0.55, 93.734, 0, 0, 100.743, 53.73, 0, 0, 0, 0, 0, 14, 0, 12.5, 0, 3.613, 165, 0, 0, 0, 36, 1, 0, 0, 107.6, 13.435, 100, 0, 0, 141, 17.922, 17.922, 0, 0.55, 0, 93.734, 0, 0, 100.743, 53.73, 0, 0, 0, 0, 
4.35, 23.59, 100.574, 62.47, 63.18, , -5.99, 0.971, 265.334, 265.334, 3.595, -140.102, -140.102, -140.102, 68.572, 83.428, 35.24, 35.726, 7.377, 22.39, 0, 0, -19.067, -19.642, -19.067, -19.642, 1, 52.566, 52.566, 0.025, 0.271, -27.784, -28.618, -27.784, -28.618, 5.591, 7.377, 22.39, , , 1, 4.382, 0, 0, 12.5, 3.595, 165, 0, 0, 0, 36, 0, 0, 107.6, 13.435, 100, 0, 0, 16.617, 16.617, 0, 0.55, 93.462, 0, 0, 100.635, 53.392, 0, 0, 0, 0, 0, 14, 0, 12.5, 0, 3.595, 165, 0, 0, 0, 36, 1, 0, 0, 107.6, 13.435, 100, 0, 0, 141, 16.617, 16.617, 0, 0.55, 0, 93.462, 0, 0, 100.635, 53.392, 0, 0, 0, 0, 
4.4, 23.59, 100.574, 62.47, 63.18, , -5.947, 0.971, 269.226, 269.226, 3.576, -139.087, -139.087, -139.087, 68.618, 84.408, 35.24, 35.943, 7.377, 22.39, 0, 0, -18.819, -19.388, -18.819, -19.388, 1, 52.264, 52.264, 0.025, 0.271, -27.563, -28.39, -27.563, -28.39, 5.594, 7.377, 22.39, , , 1, 4.432, 0, 0, 12.5, 3.576, 165, 0, 0, 0, 36, 0, 0, 107.6, 13.435, 100, 0, 0, 15.313, 15.313, 0, 0.55, 93.19, 0, 0, 100.526, 53.054, 0, 0, 0, 0, 0, 14, 0, 12.5, 0, 3.576, 165, 0, 0, 0, 36, 1, 0, 0, 107.6, 13.435, 100, 0, 0, 141, 15.313, 15.313, 0, 0.55, 0, 93.19, 0, 0, 100.526, 53.054, 0, 0, 0, 0, 
4.45, 23.59, 100.575, 62.47, 63.18, , -5.927, 0.971, 273.117, 273.117, 3.558, -138.614, -138.614, -138.614, 68.649, 85.387, 35.24, 36.16, 7.377, 22.39, 0, 0, -18.648, -19.211, -18.648, -19.211, 1, 51.965, 51.965, 0.025, 0.272, -27.455, -28.28, -27.455, -28.28, 5.597, 7.377, 22.39, , , 1, 4.481, 0, 0, 12.5, 3.558, 165, 0, 0, 0, 36, 0, 0, 107.6, 13.435, 100, 0, 0, 14.009, 14.009, 0, 0.55, 92.918, 0, 0, 100.417, 52.716, 0, 0, 0, 0, 0, 14, 0, 12.5, 0, 3.558, 165, 0, 0, 0, 36, 1, 0, 0, 107.6, 13.435, 100, 0, 0, 141, 14.009, 14.009, 0, 0.55, 0, 92.918, 0, 0, 100.417, 52.716, 0, 0, 0, 0, 
4.5, 23.59, 100.575, 62.47, 63.18, , -5.907, 0.971, 276.946, 276.946, 3.539, -138.155, -138.155, -138.155, 68.666, 86.367, 35.24, 36.376, 7.377, 22.39, 0, 0, -18.48, -19.037, -18.48, -19.037, 1, 51.667, 51.667, 0.025, 0.272, -27.358, -28.179, -27.358, -28.179, 5.6, 7.377, 22.39, , , 1, 4.532, 0, 0, 12.5, 3.539, 165, 0, 0, 0, 36, 0, 0, 107.6, 13.435, 100, 0, 0, 12.704, 12.704, 0, 0.55, 92.647, 0, 0, 100.309, 52.378, 0, 0, 0, 0, 0, 14, 0, 12.5, 0, 3.539, 165, 0, 0, 0, 36, 1, 0, 0, 107.6, 13.435, 100, 0, 0, 141, 12.704, 12.704, 0, 0.55, 0, 92.647, 0, 0, 100.309, 52.378, 0, 0, 0, 0, 
4.55, 23.59, 100.575, 62.47, 63.18, , -5.887, 0.971, 280.774, 280.774, 3.52, -137.686, -137.686, -137.686, 68.669, 87.347, 35.24, 36.593, 7.377, 22.39, 0, 0, -18.313, -18.863, -18.313, -18.863, 1, 51.368, 51.368, 0.025, 0.272, -27.265, -28.083, -27.265, -28.083, 5.611, 7.377, 22.39, , , 1, 4.582, 0, 0, 12.505, 3.52, 165, 0, 0, 0, 36, 0, 0, 107.6, 13.435, 100, 0, 0, 12, 12, 0, 0.55, 92.395, 0, 0, 100.145, 52.065, 0, 0, 0, 0, 0, 14.005, 0, 12.505, 0, 3.52, 165, 0, 0, 0, 36, 1, 0, 0, 107.6, 13.435, 100, 0, 0, 141, 12, 12, 0, 0.55, 0, 92.395, 0, 0, 100.145, 52.065, 0, 0, 0, 0, 
4.6, 23.59, 100.576, 62.47, 63.18, , -5.863, 0.971, 284.569, 284.569, 3.5, -137.128, -137.128, -137.128, 68.663, 88.326, 35.218, 36.745, 7.377, 22.39, 0, 0, -18.133, -18.678, -18.133, -18.678, 1, 51.067, 51.067, 0.025, 0.271, -27.155, -27.971, -27.155, -27.971, 5.622, 7.377, 22.39, , , 1, 4.631, 0, 0, 12.517, 3.5, 165, 0, 0, 0, 36, 0, 0, 107.6, 13.435, 100, 0, 0, 12, 12, 0, 0.55, 92.168, 0, 0, 99.918, 51.782, 0, 0, 0, 0, 0, 14.017, 0, 12.517, 0, 3.5, 165, 0, 0, 0, 36, 1, 0, 0, 107.6, 13.435, 100, 0, 0, 141, 12, 12, 0, 0.55, 0, 92.168, 0, 0, 99.918, 51.782, 0, 0, 0, 0, 
4.65, 23.59, 100.576, 62.47, 63.18, , -5.836, 0.971, 288.335, 288.335, 3.48, -136.484, -136.484, -136.484, 68.659, 89.306, 35.182, 36.853, 7.377, 22.39, 0, 0, -17.943, -18.481, -17.943, -18.481, 1, 50.772, 50.772, 0.025, 0.271, -27.029, -27.843, -27.029, -27.843, 5.634, 7.377, 22.39, , , 1, 4.682, 0, 0, 12.528, 3.48, 165, 0, 0, 0, 36, 0, 0, 107.6, 13.435, 100, 0, 0, 12, 12, 0, 0.55, 91.941, 0, 0, 99.691, 51.499, 0, 0, 0, 0, 0, 14.028, 0, 12.528, 0, 3.48, 165, 0, 0, 0, 36, 1, 0, 0, 107.6, 13.435, 100, 0, 0, 141, 12, 12, 0, 0.55, 0, 91.941, 0, 0, 99.691, 51.499, 0, 0, 0, 0, 
4.7, 23.59, 100.577, 62.47, 63.18, , -5.808, 0.971, 292.097, 292.097, 3.46, -135.84, -135.84, -135.84, 68.656, 90.286, 35.146, 36.961, 7.377, 22.39, 0, 0, -17.752, -18.287, -17.752, -18.287, 1, 50.479, 50.479, 0.025, 0.271, -26.904, -27.714, -26.904, -27.714, 5.645, 7.377, 22.39, , , 1, 4.731, 0, 0, 12.539, 3.46, 165, 0, 0, 0, 36, 0, 0, 107.6, 13.435, 100, 0, 0, 12, 12, 0, 0.55, 91.714, 0, 0, 99.464, 51.216, 0, 0, 0, 0, 0, 14.039, 0, 12.539, 0, 3.46, 165, 0, 0, 0, 36, 1, 0, 0, 107.6, 13.435, 100, 0, 0, 141, 12, 12, 0, 0.55, 0, 91.714, 0, 0, 99.464, 51.216, 0, 0, 0, 0, 
4.75, 23.59, 100.577, 62.47, 63.18, , -5.787, 0.971, 295.804, 295.804, 3.44, -135.342, -135.342, -135.342, 68.658, 91.265, 35.11, 37.069, 7.377, 22.39, 0, 0, -17.584, -18.115, -17.584, -18.115, 1, 50.187, 50.187, 0.025, 0.271, -26.803, -27.613, -26.803, -27.613, 5.651, 7.377, 22.39, , , 1, 4.781, 0, 0, 12.551, 3.44, 165, 0, 0, 0, 36, 0, 0, 107.6, 13.438, 100, 0, 0, 12, 12, 0, 0.55, 91.486, 0, 0, 99.23, 50.933, 0, 0, 0, 0, 0, 14.05, 0, 12.551, 0, 3.44, 165, 0, 0, 0, 36, 1, 0, 0, 107.6, 13.438, 100, 0, 0, 141, 12, 12, 0, 0.55, 0, 91.486, 0, 0, 99.23, 50.933, 0, 0, 0, 0, 
4.8, 23.59, 100.577, 62.47, 63.18, , -5.762, 0.971, 299.51, 299.51, 3.42, -134.741, -134.741, -134.741, 68.664, 92.245, 35.074, 37.177, 7.377, 22.39, 0, 0, -17.402, -17.929, -17.402, -17.929, 1, 49.896, 49.896, 0.025, 0.271, -26.681, -27.486, -26.681, -27.486, 5.652, 7.377, 22.39, , , 1, 4.832, 0, 0, 12.574, 3.42, 165, 0, 0, 0, 36, 0, 0, 107.6, 13.48, 100, 0, 0, 12, 12, 0, 0.55, 91.259, 0, 0, 98.889, 50.651, 0, 0, 0, 0, 0, 14.05, 0, 12.574, 0, 3.42, 165, 0, 0, 0, 36, 1, 0, 0, 107.6, 13.48, 100, 0, 0, 141, 12, 12, 0, 0.55, 0, 91.259, 0, 0, 98.889, 50.651, 0, 0, 0, 0, 
4.85, 23.59, 100.578, 62.47, 63.18, , -5.732, 0.971, 303.185, 303.185, 3.401, -134.053, -134.053, -134.053, 68.674, 93.225, 35.06, 36.961, 7.377, 22.39, 0, 0, -17.212, -17.734, -17.212, -17.734, 1, 49.604, 49.604, 0.025, 0.271, -26.541, -27.341, -26.541, -27.341, 5.654, 7.377, 22.39, , , 1, 4.881, 0, 0, 12.597, 3.401, 165, 0, 0, 0, 36, 0, 0, 107.6, 13.522, 100, 0, 0, 12, 12, 0, 0.55, 91.032, 0, 0, 98.548, 50.369, 0, 0, 0, 0, 0, 14.05, 0, 12.597, 0, 3.401, 165, 0, 0, 0, 36, 1, 0, 0, 107.6, 13.522, 100, 0, 0, 141, 12, 12, 0, 0.55, 0, 91.032, 0, 0, 98.548, 50.369, 0, 0, 0, 0, 
4.9, 23.59, 100.578, 62.47, 63.18, , -5.704, 0.971, 306.834, 306.834, 3.381, -133.393, -133.393, -133.393, 68.686, 94.204, 35.06, 36.529, 7.378, 22.39, 0, 0, -17.027, -17.543, -17.027, -17.543, 1, 49.315, 49.315, 0.025, 0.272, -26.406, -27.201, -26.406, -27.201, 5.655, 7.378, 22.39, , , 1, 4.931, 0, 0, 12.62, 3.381, 165, 0, 0, 0, 36, 0, 0, 107.6, 13.564, 100, 0, 0, 12, 12, 0, 0.55, 90.805, 0, 0, 98.207, 50.088, 0, 0, 0, 0, 0, 14.05, 0, 12.62, 0, 3.381, 165, 0, 0, 0, 36, 1, 0, 0, 107.6, 13.564, 100, 0, 0, 141, 12, 12, 0, 0.55, 0, 90.805, 0, 0, 98.207, 50.088, 0, 0, 0, 0, 
4.95, 23.59, 100.578, 62.47, 63.18, , -5.686, 0.971, 310.482, 310.482, 3.362, -132.961, -132.961, -132.961, 68.7, 95.184, 35.06, 36.097, 7.378, 22.39, 0, 0, -16.873, -17.383, -16.873, -17.383, 1, 49.026, 49.026, 0.025, 0.272, -26.314, -27.107, -26.314, -27.107, 5.651, 7.378, 22.39, , , 1, 4.981, 0, 0, 12.642, 3.362, 165, 0, 0, 0, 36, 0, 0, 107.6, 13.606, 100, 0, 0, 12, 12, 0, 0.55, 90.577, 0, 0, 97.866, 49.806, 0, 0, 0, 0, 0, 14.05, 0, 12.642, 0, 3.362, 165, 0, 0, 0, 36, 1, 0, 0, 107.6, 13.606, 100, 0, 0, 141, 12, 12, 0, 0.55, 0, 90.577, 0, 0, 97.866, 49.806, 0, 0, 0, 0, 
5, 23.59, 100.579, 62.47, 63.18, , -5.661, 0.971, 314.13, 314.13, 3.349, -132.369, -132.369, -132.369, 68.718, 96.163, 35.06, 35.665, 7.379, 22.39, 0, 0, -16.7, -17.204, -16.7, -17.204, 1, 48.738, 48.738, 0.025, 0.273, -26.192, -26.979, -26.192, -26.979, 5.64, 7.379, 22.39, , , 1, 5.031, 0, 0, 12.657, 3.349, 165, 0, 0, 0, 36, 0, 0, 107.6, 13.673, 100, 0, 0, 12, 12, 0, 0.55, 90.428, 0, 0, 97.642, 49.621, 0, 0, 0, 0, 0, 14.043, 0, 12.657, 0, 3.349, 165, 0, 0, 0, 36, 1, 0, 0, 107.6, 13.673, 100, 0, 0, 141, 12, 12, 0, 0.55, 0, 90.428, 0, 0, 97.642, 49.621, 0, 0, 0, 0, 
5.05, 23.59, 100.579, 62.47, 63.18, , -5.632, 0.971, 317.739, 317.739, 3.339, -131.701, -131.701, -131.701, 68.744, 97.143, 35.06, 35.233, 7.379, 22.39, 0, 0, -16.518, -17.017, -16.518, -17.017, 1, 48.454, 48.454, 0.025, 0.274, -26.049, -26.832, -26.049, -26.832, 5.628, 7.379, 22.39, , , 1, 5.081, 0, 0, 12.668, 3.339, 165, 0, 0, 0, 36, 0, 0, 107.6, 13.754, 100, 0, 0, 12, 12, 0, 0.55, 90.32, 0, 0, 97.479, 49.486, 0, 0, 0, 0, 0, 14.032, 0, 12.668, 0, 3.339, 165, 0, 0, 0, 36, 1, 0, 0, 107.6, 13.754, 100, 0, 0, 141, 12, 12, 0, 0.55, 0, 90.32, 0, 0, 97.479, 49.486, 0, 0, 0, 0, 
5.1, 23.59, 100.58, 62.47, 63.18, , -5.61, 0.971, 321.31, 321.31, 3.33, -131.183, -131.183, -131.183, 68.784, 98.123, 34.996, 35.317, 7.38, 22.39, 0, 0, -16.357, -16.851, -16.357, -16.851, 1, 48.169, 48.169, 0.025, 0.274, -25.93, -26.713, -25.93, -26.713, 5.617, 7.38, 22.39, , , 1, 5.131, 0, 0, 12.679, 3.33, 165, 0, 0, 0, 36, 0, 0, 107.6, 13.834, 100, 0, 0, 12, 12, 0, 0.55, 90.211, 0, 0, 97.316, 49.351, 0, 0, 0, 0, 0, 14.021, 0, 12.679, 0, 3.33, 165, 0, 0, 0, 36, 1, 0, 0, 107.6, 13.834, 100, 0, 0, 141, 12, 12, 0, 0.55, 0, 90.211, 0, 0, 97.316, 49.351, 0, 0, 0, 0, 
5.15, 23.59, 100.58, 62.47, 63.18, , -5.598, 0.971, 324.847, 324.847, 3.321, -130.899, -130.899, -130.899, 68.836, 99.102, 34.889, 35.746, 7.38, 22.39, 0, 0, -16.228, -16.717, -16.228, -16.717, 1, 47.886, 47.886, 0.025, 0.275, -25.855, -26.637, -25.855, -26.637, 5.601, 7.38, 22.39, , , 1, 5.182, 0, 0, 12.69, 3.321, 165, 0, 0, 0, 36, 0, 0, 107.6, 13.914, 100, 0, 0, 12, 12, 0, 0.55, 90.102, 0, 0, 97.153, 49.217, 0, 0, 0, 0, 0, 14.01, 0, 12.69, 0, 3.321, 165, 0, 0, 0, 36, 1, 0, 0, 107.6, 13.914, 100, 0, 0, 141, 12, 12, 0, 0.55, 0, 90.102, 0, 0, 97.153, 49.217, 0, 0, 0, 0, 
5.2, 23.59, , , 63.18, , -5.568, , 328.386, 328.386, 3.311, -130.196, -130.196, -130.196, 68.896, 96.079, 34.781, 36.174, 7.38, 22.39, 0, 0, -16.046, -16.53, -16.046, -16.53, 1, 47.604, 47.604, 0.025, 0.276, -25.694, -26.47, -25.694, -26.47, 5.57, 7.38, 22.39, , , 1, 5.231, 0, 0, 12.701, 3.311, 165, 0, 0, 0, 36, 0, 0, 107.6, 13.994, 100, 0, 0, 12, 12, 0, 0.55, 89.989, 0, 0, 96.978, 49.076, 0, 0, 0, 0, 0, 14, 0, 12.701, 0, 3.311, 165, 0, 0, 0, 36, 1, 0, 0, 107.6, 13.994, 100, 0, 0, 141, 12, 12, 0, 0.55, 0, 89.989, 0, 0, 96.978, 49.076, 0, 0, 0, 0, 
5.25, 23.59, , , 63.18, , -5.545, , 331.924, 331.924, 3.295, -129.66, -129.66, -129.66, 68.963, 92.51, 34.674, 36.603, 7.38, 22.39, 0, 0, -15.884, -16.364, -15.884, -16.364, 1, 47.322, 47.322, 0.025, 0.276, -25.563, -26.335, -25.563, -26.335, 5.538, 7.38, 22.39, , , 1, 5.282, 0, 0, 12.72, 3.295, 165, 0, 0, 0, 36, 0, 0, 107.6, 14.063, 100, 0, 0, 12, 12, 0, 0.55, 89.804, 0, 0, 96.607, 48.847, 0, 0, 0, 0, 0, 14, 0, 12.72, 0, 3.295, 165, 0, 0, 0, 36, 1, 0, 0, 107.6, 14.063, 100, 0, 0, 141, 12, 12, 0, 0.55, 0, 89.804, 0, 0, 96.607, 48.847, 0, 0, 0, 0, 
5.3, 23.59, , , 63.18, , -5.522, , 335.439, 335.439, 3.28, -129.118, -129.118, -129.118, 69.021, 88.942, 34.567, 37.031, 7.38, 22.39, 0, 0, -15.724, -16.199, -15.724, -16.199, 1, 47.042, 47.042, 0.025, 0.277, -25.434, -26.202, -25.434, -26.202, 5.507, 7.38, 22.39, , , 1, 5.331, 0, 0, 12.738, 3.28, 165, 0, 0, 0, 36, 0, 0, 107.6, 14.131, 100, 0, 0, 12, 12, 0, 0.55, 89.619, 0, 0, 96.237, 48.617, 0, 0, 0, 0, 0, 14, 0, 12.738, 0, 3.28, 165, 0, 0, 0, 36, 1, 0, 0, 107.6, 14.131, 100, 0, 0, 141, 12, 12, 0, 0.55, 0, 89.619, 0, 0, 96.237, 48.617, 0, 0, 0, 0, 
5.35, 23.59, , , 63.18, , -5.495, , 338.919, 338.919, 3.264, -128.491, -128.491, -128.491, 69.059, 85.373, 34.723, 37.037, 7.38, 22.39, 0, 0, -15.555, -16.024, -15.555, -16.024, 1, 46.762, 46.762, 0.025, 0.277, -25.295, -26.057, -25.295, -26.057, 5.476, 7.38, 22.39, , , 1, 5.382, 0, 0, 12.757, 3.264, 165, 0, 0, 0, 36, 0, 0, 107.6, 14.2, 100, 0, 0, 12, 12, 0, 0.55, 89.433, 0, 0, 95.867, 48.387, 0, 0, 0, 0, 0, 14, 0, 12.757, 0, 3.264, 165, 0, 0, 0, 36, 1, 0, 0, 107.6, 14.2, 100, 0, 0, 141, 12, 12, 0, 0.55, 0, 89.433, 0, 0, 95.867, 48.387, 0, 0, 0, 0, 
5.4, 23.59, , , 63.18, , -5.465, , 342.353, 342.353, 3.248, -127.778, -127.778, -127.778, 69.08, 81.804, 35.086, 36.71, 7.38, 22.39, 0, 0, -15.376, -15.84, -15.376, -15.84, 1, 46.485, 46.485, 0.025, 0.276, -25.148, -25.905, -25.148, -25.905, 5.447, 7.38, 22.39, , , 1, 5.431, 0, 0, 12.775, 3.248, 165, 0, 0, 0, 36, 0, 0, 107.6, 14.268, 100, 0, 0, 12, 12, 0, 0.55, 89.248, 0, 0, 95.496, 48.158, 0, 0, 0, 0, 0, 14, 0, 12.775, 0, 3.248, 165, 0, 0, 0, 36, 1, 0, 0, 107.6, 14.268, 100, 0, 0, 141, 12, 12, 0, 0.55, 0, 89.248, 0, 0, 95.496, 48.158, 0, 0, 0, 0, 
5.45, 23.59, , , 63.18, , -5.449, , 345.787, 345.787, 3.232, -127.402, -127.402, -127.402, 69.084, 78.235, 35.449, 36.384, 7.38, 22.39, 0, 0, -15.24, -15.7, -15.24, -15.7, 1, 46.211, 46.211, 0.025, 0.276, -25.073, -25.828, -25.073, -25.828, 5.417, 7.38, 22.39, , , 1, 5.482, 0, 0, 12.794, 3.232, 165, 0, 0, 0, 36, 0, 0, 107.6, 14.337, 100, 0, 0, 12, 12, 0, 0.55, 89.063, 0, 0, 95.126, 47.928, 0, 0, 0, 0, 0, 14, 0, 12.794, 0, 3.232, 165, 0, 0, 0, 36, 1, 0, 0, 107.6, 14.337, 100, 0, 0, 141, 12, 12, 0, 0.55, 0, 89.063, 0, 0, 95.126, 47.928, 0, 0, 0, 0, 
5.5, 23.59, , , 63.18, , -5.429, , 349.202, 349.202, 3.214, -126.939, -126.939, -126.939, 69.069, 74.666, 35.812, 36.057, 7.379, 22.39, 0, 0, -15.095, -15.55, -15.095, -15.55, 1, 45.933, 45.933, 0.025, 0.275, -24.985, -25.739, -24.985, -25.739, 5.387, 7.379, 22.39, , , 1, 5.532, 0, 0, 12.813, 3.214, 165, 0, 0, 0, 36, 0, 0, 107.6, 14.458, 100, 0, 0, 12, 12, 0, 0.55, 88.802, 0, 0, 94.736, 47.603, 0, 0, 0, 0, 0, 14.013, 0, 12.813, 0, 3.214, 165, 0, 0, 0, 36, 1, 0, 0, 107.6, 14.507, 100, 0, 0, 141, 12, 12, 0, 0.55, 0, 88.802, 0, 0, 94.736, 47.603, 0, 0, 0, 0, 
5.55, 23.59, , , 63.18, , -5.396, , 352.586, 352.586, 3.194, -126.14, -126.14, -126.14, 69.052, 71.097, 36.175, 35.731, 7.379, 22.39, 0, 0, -14.91, -15.36, -14.91, -15.36, 1, 45.66, 45.66, 0.025, 0.274, -24.835, -25.585, -24.835, -25.585, 5.366, 7.379, 22.39, , , 1, 5.581, 0, 0, 12.833, 3.194, 165, 0, 0, 0, 36, 0, 0, 107.6, 14.606, 100, 0, 0, 12, 12, 0, 0.55, 88.502, 0, 0, 94.336, 47.229, 0, 0, 0, 0, 0, 14.033, 0, 12.833, 0, 3.194, 165, 0, 0, 0, 36, 1, 0, 0, 107.6, 14.729, 100, 0, 0, 141, 12, 12, 0, 0.55, 0, 88.502, 0, 0, 94.336, 47.229, 0, 0, 0, 0, 
5.6, , , , , , -5.376, , 355.97, 355.97, 3.174, -125.669, -125.669, -125.669, 69.036, 67.528, 36.212, 35.557, 7.378, 22.39, 0, 0, -14.765, -15.211, -14.765, -15.211, 1, 45.389, 45.389, 0.025, 0.274, -24.748, -25.496, -24.748, -25.496, 5.366, 7.378, 22.39, , , 1, 5.632, 0, 0, 12.853, 3.174, 165, 0, 0, 0, 36, 0, 0, 107.6, 14.754, 100, 0, 0, 12, 12, 0, 0.55, 88.202, 0, 0, 93.936, 46.855, 0, 0, 0, 0, 0, 14.053, 0, 12.853, 0, 3.174, 165, 0, 0, 0, 36, 1, 0, 0, 107.6, 14.951, 100, 0, 0, 141, 12, 12, 0, 0.55, 0, 88.202, 0, 0, 93.936, 46.855, 0, 0, 0, 0, 
5.65, , , , , , -5.359, , 359.354, 359.354, 3.155, -125.292, -125.292, -125.292, 69.024, 63.959, 36.032, 35.485, 7.378, 22.39, 0, 0, -14.632, -15.075, -14.632, -15.075, 1, 45.119, 45.119, 0.024, 0.273, -24.678, -25.425, -24.678, -25.425, 5.367, 7.378, 22.39, , , 1, 5.681, 0, 0, 12.873, 3.155, 165, 0, 0, 0, 36, 0, 0, 107.6, 14.902, 100, 0, 0, 12, 12, 0, 0.55, 87.902, 0, 0, 93.536, 46.481, 0, 0, 0, 0, 0, 14.073, 0, 12.873, 0, 3.155, 165, 0, 0, 0, 36, 1, 0, 0, 107.6, 15.173, 100, 0, 0, 141, 12, 12, 0, 0.55, 0, 87.902, 0, 0, 93.536, 46.481, 0, 0, 0, 0, 
5.7, , , , , , -5.343, , 362.715, 362.715, 3.135, -124.899, -124.899, -124.899, 69.018, 60.39, 35.852, 35.413, 7.377, 22.39, 0, 0, -14.499, -14.938, -14.499, -14.938, 1, 44.848, 44.848, 0.024, 0.273, -24.613, -25.357, -24.613, -25.357, 5.367, 7.377, 22.39, , , 1, 5.732, 0, 0, 12.893, 3.135, 165, 0, 0, 0, 36, 0, 0, 107.6, 15.05, 100, 0, 0, 12, 12, 0, 0.55, 87.602, 0, 0, 93.136, 46.107, 0, 0, 0, 0, 0, 14.093, 0, 12.893, 0, 3.135, 165, 0, 0, 0, 36, 1, 0, 0, 107.6, 15.395, 100, 0, 0, 141, 12, 12, 0, 0.55, 0, 87.602, 0, 0, 93.136, 46.107, 0, 0, 0, 0, 
5.75, , , , , , -5.315, , 366.004, 366.004, 3.116, -124.245, -124.245, -124.245, 69.014, 56.821, 35.672, 35.341, 7.377, 22.39, 0, 0, -14.335, -14.77, -14.335, -14.77, 1, 44.576, 44.576, 0.024, 0.272, -24.523, -25.263, -24.523, -25.263, 5.368, 7.377, 22.39, , , 1, 5.781, 0, 0, 12.914, 3.116, 165, 0, 0, 0, 36, 0, 0, 107.846, 15.201, 100, 0, 0, 12, 12, 0, 0.55, 87.363, 0, 0, 92.795, 45.81, 0, 0, 0, 0, 0, 14.1, 0, 12.914, 0, 3.116, 165, 0, 0, 0, 36, 1, 0, 0, 107.846, 15.521, 100, 0, 0, 141, 12, 12, 0, 0.55, 0, 87.363, 0, 0, 92.795, 45.81, 0, 0, 0, 0, 
5.8, , , , , , -5.301, , 369.293, 369.293, 3.097, -123.92, -123.92, -123.92, 69.013, 53.252, 35.492, 35.269, 7.378, 22.39, 0, 0, -14.211, -14.643, -14.211, -14.643, 1, 44.306, 44.306, 0.024, 0.273, -24.5, -25.24, -24.5, -25.24, 5.382, 7.378, 22.39, , , 1, 5.831, 0, 0, 12.934, 3.097, 165, 0, 0, 0, 36, 0, 0, 108.22, 15.355, 100, 0, 0, 12, 12, 0, 0.55, 87.156, 0, 0, 92.483, 45.553, 0, 0, 0, 0, 0, 14.1, 0, 12.934, 0, 3.097, 165, 0, 0, 0, 36, 1, 0, 0, 108.22, 15.598, 100, 0, 0, 141, 12, 12, 0, 0.55, 0, 87.156, 0, 0, 92.483, 45.553, 0, 0, 0, 0, 
5.85, , , , , , -5.293, , 372.581, 372.581, 3.079, -123.73, -123.73, -123.73, 69.011, 49.683, 35.377, 35.175, 7.378, 22.39, 0, 0, -14.121, -14.55, -14.121, -14.55, 1, 44.04, 44.04, 0.024, 0.273, -24.505, -25.245, -24.505, -25.245, 5.396, 7.378, 22.39, , , 1, 5.881, 0, 0, 12.955, 3.079, 165, 0, 0, 0, 36, 0, 0, 108.593, 15.508, 100, 0, 0, 12, 12, 0, 0.55, 86.948, 0, 0, 92.172, 45.296, 0, 0, 0, 0, 0, 14.1, 0, 12.955, 0, 3.079, 165, 0, 0, 0, 36, 1, 0, 0, 108.593, 15.675, 100, 0, 0, 141, 12, 12, 0, 0.55, 0, 86.948, 0, 0, 92.172, 45.296, 0, 0, 0, 0, 
5.9, , , , , , -5.289, , 375.87, 375.87, 3.06, -123.635, -123.635, -123.635, 69.01, 46.114, 35.305, 35.067, 7.379, 22.39, 0, 0, -14.068, -14.494, -14.068, -14.494, 1, 43.863, 43.863, 0.024, 0.273, -24.53, -25.27, -24.53, -25.27, 5.411, 7.379, 22.39, , , 1, 5.931, 0, 0, 12.976, 3.06, 165, 0, 0, 0, 36, 0, 0, 108.967, 15.662, 100, 0, 0, 12, 12, 0, 0.55, 86.741, 0, 0, 91.861, 45.038, 0, 0, 0, 0, 0, 14.1, 0, 12.976, 0, 3.06, 165, 0, 0, 0, 36, 1, 0, 0, 108.967, 15.752, 100, 0, 0, 141, 12, 12, 0, 0.55, 0, 86.741, 0, 0, 91.861, 45.038, 0, 0, 0, 0, 
5.95, , , , , , -5.276, , 377.503, 377.503, 3.042, -123.342, -123.342, -123.342, , 42.546, 35.233, 34.959, 7.379, 22.39, 0, 0, -13.992, -14.417, -13.992, -14.417, 1, 43.729, 43.729, 0.024, 0.274, , , , , 5.425, 7.379, 22.39, , , 1, 5.96, 0, 0, 12.997, 3.042, 165, 0, 0, 0, 36, 0, 0, 109.34, 15.815, 100, 0, 0, 12, 12, 0, 0.55, 86.533, 0, 0, 91.55, 44.781, 0, 0, 0, 0, 0, 14.1, 0, 12.997, 0, 3.042, 165, 0, 0, 0, 36, 1, 0, 0, 109.34, 15.829, 100, 0, 0, 141, 12, 12, 0, 0.55, 0, 86.533, 0, 0, 91.55, 44.781, 0, 0, 0, 0, 
6, , , , , , -5.268, , 379.114, 379.114, , -123.153, -123.153, -123.153, , , 35.161, 34.851, 7.38, 22.39, 0, 0, -13.928, -14.351, -13.928, -14.351, 1, 43.596, 43.596, , , , , , , , 7.38, 22.39, , , 1, 5.985, , , , , , , , , , , , , , , , , , , , , , , , , , , , , , , , , , , , , , , , , , , , , , , , , , , , , , , , , , , , , , , , 
6.05, , , , , , , , 380.732, 380.732, , , , , , , 35.089, 34.743, 7.38, 22.39, 0, 0, , , , , 1, 43.466, 43.466, , , , , , , , 7.38, 22.39, , , 1, 6.01, , , , , , , , , , , , , , , , , , , , , , , , , , , , , , , , , , , , , , , , , , , , , , , , , , , , , , , , , , , , , , , , 
6.1, , , , , , , , 382.31, 382.31, , , , , , , , , 7.38, 22.39, 0, 0, , , , , 1, , , , , , , , , , 7.38, 22.39, , , , 6.035, , , , , , , , , , , , , , , , , , , , , , , , , , , , , , , , , , , , , , , , , , , , , , , , , , , , , , , , , , , , , , , , 
