Time, (DWRT ATMO) Humidity, (DWRT ATMO) Pressure, (DWRT ATMO) Temperature 1, (DWRT ATMO) Temperature 2, (DWRT CPU) ????????????????????????????????????????????????????????????????, (DWRT CPU) Acceleration, (DWRT CPU) Correction Factor, (DWRT CPU) Distance, (DWRT CPU) Distance 1, (DWRT CPU) Engine RPM, (DWRT CPU) Force, (DWRT CPU) Force 1, (DWRT CPU) Force Drum 1, (DWRT CPU) Gear Ratio, (DWRT CPU) Inductive 1 Signal Strength, (DWRT CPU) Internal Temp 1, (DWRT CPU) Internal Temp 2, (DWRT CPU) LC1 Volts Petrol AFR, (DWRT CPU) LC2 Volts Petrol AFR2, (DWRT CPU) Link 0 Status, (DWRT CPU) Link 1 Status, (DWRT CPU) Power, (DWRT CPU) Power (uncorrected), (DWRT CPU) Power Drum 1, (DWRT CPU) Power Drum 1 (uncorrected), (DWRT CPU) Sampling, (DWRT CPU) Speed, (DWRT CPU) Speed 1, (DWRT CPU) TCP RX kB/s, (DWRT CPU) TCP TX kB/s, (DWRT CPU) Torque, (DWRT CPU) Torque (uncorrected), (DWRT CPU) Torque Drum 1, (DWRT CPU) Torque Drum 1 (uncorrected), (DWRT CPU) UDP RX kB/s, (DWRT CPU) User Analog 1, (DWRT CPU) User Analog 2, (DWRT CPU) User Analog 3, (DWRT CPU) User Analog 4, (Gen) Sampling, (Gen) Sampling Duration, (Harley - ECU Type 14 SW Level 141) Accel Enrichment, (Harley - ECU Type 14 SW Level 141) Decel Enleanment, (Harley - ECU Type 14 SW Level 141) Desired Air/Fuel, (Harley - ECU Type 14 SW Level 141) Engine Speed, (Harley - ECU Type 14 SW Level 141) Engine Temperature, (Harley - ECU Type 14 SW Level 141) Front Adaptive Fuel Factor, (Harley - ECU Type 14 SW Level 141) Front Closed Loop Integrator, (Harley - ECU Type 14 SW Level 141) Front Spark Knock Retard, (Harley - ECU Type 14 SW Level 141) Idle Air Control Motor Position, (Harley - ECU Type 14 SW Level 141) Injector Time Front, (Harley - ECU Type 14 SW Level 141) Injector Time Rear, (Harley - ECU Type 14 SW Level 141) Intake Air Temperature, (Harley - ECU Type 14 SW Level 141) Manifold Absolute Pressure, (Harley - ECU Type 14 SW Level 141) Rear Adaptive Fuel Factor, (Harley - ECU Type 14 SW Level 141) Rear Closed Loop Integrator, (Harley - ECU Type 14 SW Level 141) Rear Spark Knock Retard, (Harley - ECU Type 14 SW Level 141) Spark Advance Front, (Harley - ECU Type 14 SW Level 141) Spark Advance Rear, (Harley - ECU Type 14 SW Level 141) Throttle Position, (Harley - ECU Type 14 SW Level 141) Throttle Position Sensor Voltage, (Harley - ECU Type 14 SW Level 141) VE Front, (Harley - ECU Type 14 SW Level 141) VE New Front, (Harley - ECU Type 14 SW Level 141) VE New Rear, (Harley - ECU Type 14 SW Level 141) VE Rear, (Harley - ECU Type 14 SW Level 141) Vehicle Speed, (Harley - ECU Type 14 SW Level 141) WBO2 AFR Front, (Harley - ECU Type 14 SW Level 141) WBO2 AFR Rear, (PV) Accel Enrichment, (PV) AT Lambda 1, (PV) AT Lambda 2, (PV) Battery Voltage, (PV) Decel Enleanment, (PV) Desired Air/Fuel, (PV) Desired Lambda, (PV) Engine Speed, (PV) Engine Temperature, (PV) Front Adaptive Fuel Factor, (PV) Front Closed Loop Integrator, (PV) Front Spark Knock Retard, (PV) Idle Air Control Motor Position, (PV) Idle Set Speed, (PV) Injector Time Front, (PV) Injector Time Rear, (PV) Intake Air Temperature, (PV) Manifold Absolute Pressure, (PV) Rear Adaptive Fuel Factor, (PV) Rear Closed Loop Integrator, (PV) Rear Spark Knock Retard, (PV) Software Level, (PV) Spark Advance Front, (PV) Spark Advance Rear, (PV) Throttle Position, (PV) Throttle Position Sensor, (PV) Twistgrip Position, (PV) VE Front, (PV) VE New Front, (PV) VE New Rear, (PV) VE Rear, (PV) Vehicle Speed, (PV) Warm-up Fuel AFR (Lambda), (PV) Warm-up Fuel AFR (Ratio), (PV) WBO2 AFR Front, (PV) WBO2 AFR Rear, 
0, , , , , , , , , , , , , , , , , , , , , , , , , , , , , , , , , , , , , , , , 1, 0, , , , , , , , , , , , , , , , , , , , , , , , , , , , , , , , , , , , , , , , , , , , , , , , , , , , , , , , , , , , , , , , 
0.05, , , , , , 0.22, , , , , 7.05, 7.05, 7.05, , , , , , , , , , , , , , , , , , , , , , , , , , , 1, 0.05, , , , , , , , , , , , , , , , , , , , , , , , , , , , , , , , , , , , , , , , , , , , , , , , , , , , , , , , , , , , , , , , 
0.1, , , , , , 0.25, , , , , 7.756, 7.756, 7.756, , , , , , , 0, 0, , , , , 1, 43.915, 43.915, , , , , , , , , , , , 1, 0.075, , , , , , , , , , , , , , , , , , , , , , , , , , , , , , , , , , , , , , , , , , , , , , , , , , , , , , , , , , , , , , , , 
0.15, , , , , , 4.357, , 7.103, 7.103, 2.319, 105.203, 105.203, 105.203, 52.736, , , , 7.377, 12.805, 0, 0, 12.149, 12.501, 12.149, 12.501, 1, 44.02, 44.02, , , 28.966, 29.803, 28.966, 29.803, , 7.377, 12.805, , , 1, 0.149, 0.753, 0, 14.143, 2.319, 201, 0, 0, 0, 47.392, 5.068, 4.575, 116.6, 29.33, 100, 0, 0, 27.592, 26.52, 4.08, 0.711, 89.646, 0, 0, 96.308, 44.378, 0, 0, 0.753, 0, 0, 14.1, 0, 14.143, 0, 2.319, 201, 0, 0, 0, 47.484, 1, 0.005, 0.004, 116.6, 29.33, 100, 0, 0, 141, 27.592, 26.52, 4.08, 0.711, 0, 89.646, 0, 0, 96.308, 44.378, 0, 0, 0, 0, 
0.2, , , , , , 8.087, , 12.795, 12.795, 2.312, 193.713, 193.713, 193.713, 52.223, , , , 7.377, 12.821, 0, 0, 22.626, 23.279, 22.626, 23.279, 1, 44.481, 44.481, 0.025, 0.135, 51.519, 53.008, 51.519, 53.008, 4.759, 7.377, 12.821, , , 1, 0.2, 2.147, 0, 14.223, 2.312, 201, 0, 0, 0, 51.992, 8.276, 6.893, 116.6, 34.496, 100, 0, 0, 29.692, 27.52, 6.08, 0.809, 94.546, 0, 0, 101.508, 44.874, 0, 0, 2.147, 0, 0, 14.1, 0, 14.223, 0, 2.312, 201, 0, 0, 0, 52.084, 1, 0.008, 0.007, 116.6, 34.496, 100, 0, 0, 141, 29.692, 27.52, 6.08, 0.809, 0, 94.546, 0, 0, 101.508, 44.874, 0, 0, 0, 0, 
0.25, , , , , , 11.248, , 19.076, 19.076, 2.305, 268.719, 268.719, 268.719, 51.422, , 35.42, 35.241, 7.377, 12.777, 0, 0, 31.751, 32.667, 31.751, 32.667, 1, 45.224, 45.224, 0.025, 0.135, 72.058, 74.14, 72.058, 74.14, 4.783, 7.377, 12.777, , , 1, 0.349, 3.541, 0, 14.303, 2.305, 201, 0, 0, 0, 56.592, 11.484, 9.211, 116.6, 39.662, 100, 0, 0, 31.792, 28.52, 8.08, 0.907, 99.446, 0, 0, 106.708, 45.37, 0, 0, 3.541, 0, 0, 14.1, 0, 14.303, 0, 2.305, 201, 0, 0, 0, 56.684, 1, 0.011, 0.009, 116.6, 39.662, 100, 0, 0, 141, 31.792, 28.52, 8.08, 0.907, 0, 99.446, 0, 0, 106.708, 45.37, 0, 0, 0, 0, 
0.3, , , , , , 12.37, , 24.009, 24.009, 2.298, 295.335, 295.335, 295.335, 50.738, , 35.42, 35.493, 7.377, 12.519, 0, 0, 35.301, 36.319, 35.301, 36.319, 1, 45.967, 45.967, 0.025, 0.136, 79.559, 81.858, 79.559, 81.858, 4.807, 7.377, 12.519, , , 1, 0.401, 4.935, 0, 14.383, 2.298, 201, 0, 0, 0, 61.192, 14.692, 11.529, 116.6, 44.828, 100, 0, 0, 33.892, 29.52, 10.08, 1.005, 104.346, 0, 0, 111.908, 45.866, 0, 0, 4.935, 0, 0, 14.1, 0, 14.383, 0, 2.298, 201, 0, 0, 0, 61.284, 1, 0.014, 0.011, 116.6, 44.828, 100, 0, 0, 141, 33.892, 29.52, 10.08, 1.005, 0, 104.346, 0, 0, 111.908, 45.866, 0, 0, 0, 0, 
0.35, , , , , , 13.057, , 27.856, 27.856, 2.29, 311.646, 311.646, 311.646, 50.388, , 35.42, 35.745, 7.377, 12.262, 0, 0, 37.696, 38.783, 37.696, 38.783, 1, 46.585, 46.585, 0.025, 0.136, 84.209, 86.643, 84.209, 86.643, 4.831, 7.377, 12.262, , , 1, 0.45, 6.329, 0, 14.463, 2.29, 201, 0, 0, 0, 65.792, 17.9, 13.847, 116.6, 49.994, 100, 0, 0, 35.992, 30.52, 12.08, 1.103, 109.246, 0, 0, 117.108, 46.362, 0, 0, 6.329, 0, 0, 14.1, 0, 14.463, 0, 2.29, 201, 0, 0, 0, 65.884, 1, 0.017, 0.014, 116.6, 49.994, 100, 0, 0, 141, 35.992, 30.52, 12.08, 1.103, 0, 109.246, 0, 0, 117.108, 46.362, 0, 0, 0, 0, 
0.4, , , , , , 13.447, , 31.168, 31.168, 2.315, 320.924, 320.924, 320.924, 50.318, , 35.42, 35.997, 7.378, 12.005, 0, 0, 39.306, 40.441, 39.306, 40.441, 1, 47.241, 47.241, 0.025, 0.136, 86.862, 89.373, 86.862, 89.373, 4.852, 7.378, 12.005, , , 1, 0.5, 6.363, 0, 14.284, 2.315, 201, 0, 0, 0, 68.312, 19.297, 15.254, 116.6, 57.531, 100, 0, 0, 35.96, 30.61, 20.236, 1.417, 109.097, 0, 0, 116.422, 47.085, 0, 0, 6.363, 0, 0, 14.089, 0, 14.284, 0, 2.315, 201, 0, 0, 0, 68.323, 1, 0.019, 0.015, 116.6, 57.531, 100, 0, 0, 141, 35.96, 30.61, 20.236, 1.417, 0, 109.097, 0, 0, 116.422, 47.085, 0, 0, 0, 0, 
0.45, , , , , , 13.631, , 34.552, 34.552, 2.368, 325.293, 325.293, 325.293, 50.308, , 35.42, 36.249, 7.378, 11.758, 0, 0, 40.375, 41.541, 40.375, 41.541, 1, 47.898, 47.898, 0.025, 0.136, 88.014, 90.557, 88.014, 90.557, 4.841, 7.378, 11.758, , , 1, 0.55, 5.239, 0, 13.884, 2.368, 201, 0, 0, 0, 68.912, 19.022, 15.819, 116.6, 67.088, 100, 0, 0, 33.96, 29.86, 33.636, 1.931, 104.647, 0, 0, 110.722, 48.018, 0, 0, 5.239, 0, 0, 14.069, 0, 13.884, 0, 2.368, 201, 0, 0, 0, 68.92, 1, 0.019, 0.016, 116.6, 67.088, 100, 0, 0, 141, 33.96, 29.86, 33.636, 1.931, 0, 104.647, 0, 0, 110.722, 48.018, 0, 0, 0, 0, 
0.5, , , , , , 13.55, , 37.978, 37.978, 2.42, 323.391, 323.391, 323.391, 50.337, , 35.446, 36.087, 7.379, 11.559, 0, 0, 40.692, 41.868, 40.692, 41.868, 1, 48.556, 48.556, 0.025, 0.136, 87.437, 89.962, 87.437, 89.962, 4.83, 7.379, 11.559, , , 1, 0.601, 4.115, 0, 13.484, 2.42, 201, 0, 0, 0, 69.512, 18.747, 16.384, 116.6, 76.645, 100, 0, 0, 31.96, 29.11, 47.036, 2.445, 100.197, 0, 0, 105.022, 48.951, 0, 0, 4.115, 0, 0, 14.049, 0, 13.484, 0, 2.42, 201, 0, 0, 0, 69.518, 1, 0.018, 0.016, 116.6, 76.645, 100, 0, 0, 141, 31.96, 29.11, 47.036, 2.445, 0, 100.197, 0, 0, 105.022, 48.951, 0, 0, 0, 0, 
0.55, , , , , , 13.449, , 41.464, 41.464, 2.472, 320.998, 320.998, 320.998, 50.391, , 35.482, 35.763, 7.379, 11.389, 0, 0, 40.942, 42.127, 40.942, 42.127, 1, 49.212, 49.212, 0.025, 0.135, 86.698, 89.202, 86.698, 89.202, 4.819, 7.379, 11.389, , , 1, 0.651, 2.991, 0, 13.084, 2.472, 201, 0, 0, 0, 70.112, 18.472, 16.949, 116.6, 86.202, 100, 0, 0, 29.96, 28.36, 60.436, 2.959, 95.747, 0, 0, 99.322, 49.884, 0, 0, 2.991, 0, 0, 14.029, 0, 13.084, 0, 2.472, 201, 0, 0, 0, 70.116, 1, 0.018, 0.017, 116.6, 86.202, 100, 0, 0, 141, 29.96, 28.36, 60.436, 2.959, 0, 95.747, 0, 0, 99.322, 49.884, 0, 0, 0, 0, 
0.6, , , , , , 13.393, , 45.012, 45.012, 2.525, 319.675, 319.675, 319.675, 50.468, , 35.518, 35.439, 7.38, 11.349, 0, 0, 41.318, 42.514, 41.318, 42.514, 1, 49.872, 49.872, 0.025, 0.135, 86.219, 88.71, 86.219, 88.71, 4.808, 7.38, 11.349, , , 1, 0.7, 1.867, 0, 12.684, 2.525, 201, 0, 0, 0, 70.712, 18.197, 17.514, 116.6, 95.759, 100, 0, 0, 27.96, 27.61, 73.836, 3.473, 91.297, 0, 0, 93.622, 50.817, 0, 0, 1.867, 0, 0, 14.009, 0, 12.684, 0, 2.525, 201, 0, 0, 0, 70.713, 1, 0.018, 0.017, 116.6, 95.759, 100, 0, 0, 141, 27.96, 27.61, 73.836, 3.473, 0, 91.297, 0, 0, 93.622, 50.817, 0, 0, 0, 0, 
0.65, , , , , , 13.448, , 48.604, 48.604, 2.569, 320.994, 320.994, 320.994, 50.552, 89.196, 35.554, 35.115, 7.38, 11.324, 0, 0, 42.03, 43.245, 42.03, 43.245, 1, 50.527, 50.527, 0.025, 0.135, 86.423, 88.92, 86.423, 88.92, 4.777, 7.38, 11.324, , , 1, 0.75, 1.205, 0, 12.5, 2.569, 201, 0, 0, 0, 71, 17.927, 17.746, 116.6, 100.198, 100, 0, 0, 27, 27.307, 82.348, 3.799, 89.514, 0, 0, 91.352, 51.618, 0, 0, 1.205, 0, 0, 14, 0, 12.5, 0, 2.569, 201, 0, 0, 0, 71, 1, 0.018, 0.018, 116.6, 100.198, 100, 0, 0, 141, 27, 27.307, 82.348, 3.799, 0, 89.514, 0, 0, 91.352, 51.618, 0, 0, 0, 0, 
0.7, , , , , , 13.379, , 52.246, 52.246, 2.606, 319.365, 319.365, 319.365, 50.632, 84.452, 35.59, 34.791, 7.38, 11.371, 0, 0, 42.359, 43.583, 42.359, 43.583, 1, 51.177, 51.177, 0.025, 0.135, 85.851, 88.333, 85.851, 88.333, 4.744, 7.38, 11.371, , , 1, 0.801, 0.937, 0, 12.5, 2.606, 201, 0, 0, 0, 71, 17.662, 17.671, 116.6, 100.279, 100, 0, 0, 27, 27.416, 86.696, 3.952, 90.003, 0, 0, 92.004, 52.295, 0, 0, 0.937, 0, 0, 14, 0, 12.5, 0, 2.606, 201, 0, 0, 0, 71, 1, 0.018, 0.018, 116.6, 100.279, 100, 0, 0, 141, 27, 27.416, 86.696, 3.952, 0, 90.003, 0, 0, 92.004, 52.295, 0, 0, 0, 0, 
0.75, , , , , , 13.369, , 55.929, 55.929, 2.642, 319.161, 319.161, 319.161, 50.695, 79.708, 35.526, 34.837, 7.379, 11.419, 0, 0, 42.877, 44.115, 42.877, 44.115, 1, 51.822, 51.822, 0.025, 0.135, 85.697, 88.175, 85.697, 88.175, 4.71, 7.379, 11.419, , , 1, 0.851, 0.668, 0, 12.5, 2.642, 201, 0, 0, 0, 71, 17.396, 17.595, 116.6, 100.359, 100, 0, 0, 27, 27.525, 91.043, 4.105, 90.492, 0, 0, 92.657, 52.973, 0, 0, 0.668, 0, 0, 14, 0, 12.5, 0, 2.642, 201, 0, 0, 0, 71, 1, 0.017, 0.018, 116.6, 100.359, 100, 0, 0, 141, 27, 27.525, 91.043, 4.105, 0, 90.492, 0, 0, 92.657, 52.973, 0, 0, 0, 0, 
0.8, , 100.52, 63.05, , , 13.4, 0.972, 60.296, 60.296, 2.679, 319.9, 319.9, 319.9, 50.721, 74.963, 35.422, 35.026, 7.379, 11.478, 0, 0, 43.608, 44.866, 43.608, 44.866, 1, 52.789, 52.789, 0.025, 0.134, 85.841, 88.324, 85.841, 88.324, 4.677, 7.379, 11.478, , , 1, 0.9, 0.4, 0, 12.5, 2.679, 201, 0, 0, 0, 71, 17.131, 17.52, 116.6, 100.44, 100, 0, 0, 27, 27.634, 95.391, 4.258, 90.982, 0, 0, 93.309, 53.651, 0, 0, 0.4, 0, 0, 14, 0, 12.5, 0, 2.679, 201, 0, 0, 0, 71, 1, 0.017, 0.018, 116.6, 100.44, 100, 0, 0, 141, 27, 27.634, 95.391, 4.258, 0, 90.982, 0, 0, 93.309, 53.651, 0, 0, 0, 0, 
0.85, , 100.52, 63.05, , , 13.409, 0.972, 65.763, 65.763, 2.716, 320.13, 320.13, 320.13, 50.728, 70.219, 35.319, 35.216, 7.378, 11.533, 0, 0, 44.418, 45.7, 44.418, 45.7, 1, 53.536, 53.536, 0.024, 0.134, 85.897, 88.379, 85.897, 88.379, 4.683, 7.378, 11.533, , , 1, 0.951, 0.131, 0, 12.5, 2.716, 201, 0, 0, 0, 71, 16.866, 17.445, 116.6, 100.52, 100, 0, 0, 27, 27.743, 99.739, 4.411, 91.471, 0, 0, 93.961, 54.329, 0, 0, 0.131, 0, 0, 14, 0, 12.5, 0, 2.716, 201, 0, 0, 0, 71, 1, 0.017, 0.018, 116.6, 100.52, 100, 0, 0, 141, 27, 27.743, 99.739, 4.411, 0, 91.471, 0, 0, 93.961, 54.329, 0, 0, 0, 0, 
0.9, , 100.52, 63.05, , , 13.427, 0.972, 69.591, 69.591, 2.733, 320.567, 320.567, 320.567, 50.726, 65.474, 35.215, 35.406, 7.378, 11.547, 0, 0, 45.022, 46.323, 45.022, 46.323, 1, 54.187, 54.187, 0.024, 0.135, 86.028, 88.512, 86.028, 88.512, 4.713, 7.378, 11.547, , , 1, 1.001, 0.094, 0, 12.5, 2.733, 201, 0, 0, 0, 71, 16.877, 17.471, 116.6, 100.561, 100, 0, 0, 27, 27.799, 100, 4.418, 91.696, 0, 0, 94.294, 54.674, 0, 0, 0.094, 0, 0, 14, 0, 12.5, 0, 2.733, 201, 0, 0, 0, 71, 1, 0.017, 0.018, 116.6, 100.561, 100, 0, 0, 141, 27, 27.799, 100, 4.418, 0, 91.696, 0, 0, 94.294, 54.674, 0, 0, 0, 0, 
0.95, , 100.52, 63.05, , , 13.463, 0.972, 73.475, 73.475, 2.75, 321.441, 321.441, 321.441, 50.723, 60.73, 35.112, 35.595, 7.377, 11.559, 0, 0, 45.685, 47.007, 45.685, 47.007, 1, 54.834, 54.834, 0.024, 0.135, 86.265, 88.755, 86.265, 88.755, 4.744, 7.377, 11.559, , , 1, 1.051, 0.073, 0, 12.5, 2.75, 201, 0, 0, 0, 71, 16.907, 17.505, 116.6, 100.6, 100, 0, 0, 27, 27.851, 100, 4.416, 91.904, 0, 0, 94.606, 54.996, 0, 0, 0.073, 0, 0, 14, 0, 12.5, 0, 2.75, 201, 0, 0, 0, 71, 1, 0.017, 0.018, 116.6, 100.6, 100, 0, 0, 141, 27, 27.851, 100, 4.416, 0, 91.904, 0, 0, 94.606, 54.996, 0, 0, 0, 0, 
1, , 100.52, 63.05, , , 13.5, 0.972, 77.411, 77.411, 2.766, 322.347, 322.347, 322.347, 50.729, 55.985, 35.004, 35.643, 7.377, 11.55, 0, 0, 46.363, 47.705, 46.363, 47.705, 1, 55.487, 55.487, 0.024, 0.135, 86.499, 88.996, 86.499, 88.996, 4.774, 7.377, 11.55, , , 1, 1.101, 0.051, 0, 12.5, 2.766, 201, 0, 0, 0, 71, 16.936, 17.538, 116.6, 100.638, 100, 0, 0, 27, 27.903, 100, 4.414, 92.112, 0, 0, 94.919, 55.319, 0, 0, 0.051, 0, 0, 14, 0, 12.5, 0, 2.766, 201, 0, 0, 0, 71, 1, 0.017, 0.018, 116.6, 100.638, 100, 0, 0, 141, 27, 27.903, 100, 4.414, 0, 92.112, 0, 0, 94.919, 55.319, 0, 0, 0, 0, 
1.05, , 100.52, 63.05, , , 13.548, 0.972, 81.403, 81.403, 2.783, 323.496, 323.496, 323.496, 50.741, 51.241, 34.891, 35.549, 7.377, 11.54, 0, 0, 47.082, 48.444, 47.082, 48.444, 1, 56.153, 56.153, 0.024, 0.135, 86.784, 89.29, 86.784, 89.29, 4.805, 7.377, 11.54, , , 1, 1.151, 0.029, 0, 12.5, 2.783, 201, 0, 0, 0, 71, 16.965, 17.571, 116.6, 100.677, 100, 0, 0, 27, 27.955, 100, 4.412, 92.321, 0, 0, 95.231, 55.642, 0, 0, 0.029, 0, 0, 14, 0, 12.5, 0, 2.783, 201, 0, 0, 0, 71, 1, 0.017, 0.018, 116.6, 100.677, 100, 0, 0, 141, 27, 27.955, 100, 4.412, 0, 92.321, 0, 0, 95.231, 55.642, 0, 0, 0, 0, 
1.1, , 100.52, 63.05, , , 13.609, 0.972, 85.428, 85.428, 2.805, 324.955, 324.955, 324.955, 50.763, 46.496, 34.779, 35.456, 7.377, 11.519, 0, 0, 47.848, 49.233, 47.848, 49.233, 1, 56.812, 56.812, 0.024, 0.135, 87.137, 89.654, 87.137, 89.654, 4.837, 7.377, 11.519, , , 1, 1.2, 0.01, 0, 12.5, 2.805, 201, 0, 0, 0, 71, 17.003, 17.617, 116.525, 100.736, 100, 0, 0, 27.035, 28.028, 100, 4.41, 92.577, 0, 0, 95.598, 56.067, 0, 0, 0.01, 0, 0, 14, 0, 12.5, 0, 2.805, 201, 0, 0, 0, 71, 1, 0.017, 0.018, 116.524, 100.736, 100, 0, 0, 141, 27.035, 28.028, 100, 4.41, 0, 92.577, 0, 0, 95.598, 56.067, 0, 0, 0, 0, 
1.15, , 100.52, 63.05, , , 13.668, 0.972, 89.467, 89.467, 2.859, 326.364, 326.364, 326.364, 50.796, 41.752, 34.666, 35.362, 7.377, 11.497, 0, 0, 48.617, 50.024, 48.617, 50.024, 1, 57.477, 57.477, 0.024, 0.135, 87.457, 89.984, 87.457, 89.984, 4.87, 7.377, 11.497, , , 1, 1.251, 0.008, 0, 12.5, 2.859, 201, 0, 0, 0, 71, 17.098, 17.735, 115.987, 100.919, 100, 0, 0, 27.284, 28.227, 100, 4.412, 93.127, 0, 0, 96.298, 57.12, 0, 0, 0.008, 0, 0, 14, 0, 12.5, 0, 2.859, 201, 0, 0, 0, 71, 1, 0.017, 0.018, 115.984, 100.919, 100, 0, 0, 141, 27.284, 28.227, 100, 4.412, 0, 93.127, 0, 0, 96.298, 57.12, 0, 0, 0, 0, 
1.2, , 100.52, 63.05, , , 13.697, 0.972, 93.57, 93.57, 2.914, 327.069, 327.069, 327.069, 50.839, 48.679, 34.554, 35.268, 7.377, 11.473, 0, 0, 49.291, 50.718, 49.291, 50.718, 1, 58.139, 58.139, 0.025, 0.136, 87.572, 90.102, 87.572, 90.102, 4.902, 7.377, 11.473, , , 1, 1.301, 0.006, 0, 12.5, 2.914, 201, 0, 0, 0, 71, 17.192, 17.854, 115.449, 101.102, 100, 0, 0, 27.533, 28.426, 100, 4.414, 93.677, 0, 0, 96.998, 58.173, 0, 0, 0.006, 0, 0, 14, 0, 12.5, 0, 2.914, 201, 0, 0, 0, 71, 1, 0.017, 0.018, 115.444, 101.102, 100, 0, 0, 141, 27.533, 28.426, 100, 4.414, 0, 93.677, 0, 0, 96.998, 58.173, 0, 0, 0, 0, 
1.25, 22.73, 100.52, 63.05, 63.66, , 13.746, 0.972, 97.815, 97.815, 2.969, 328.259, 328.259, 328.259, 50.891, 56.692, 34.9, 35.265, 7.377, 11.45, 0, 0, 50.037, 51.486, 50.037, 51.486, 1, 58.807, 58.807, 0.025, 0.136, 87.8, 90.338, 87.8, 90.338, 4.932, 7.377, 11.45, , , 1, 1.35, 0.004, 0, 12.5, 2.969, 201, 0, 0, 0, 71, 17.287, 17.972, 114.911, 101.285, 100, 0, 0, 27.782, 28.625, 100, 4.416, 94.227, 0, 0, 97.698, 59.226, 0, 0, 0.004, 0, 0, 14, 0, 12.5, 0, 2.969, 201, 0, 0, 0, 71, 1, 0.017, 0.018, 114.904, 101.285, 100, 0, 0, 141, 27.782, 28.625, 100, 4.416, 0, 94.227, 0, 0, 97.698, 59.226, 0, 0, 0, 0, 
1.3, 22.73, 100.52, 63.05, 63.66, , 13.804, 0.972, 101.99, 101.99, 3.023, 329.648, 329.648, 329.648, 50.951, 56.96, 35.442, 35.301, 7.377, 11.435, 0, 0, 50.831, 52.303, 50.831, 52.303, 1, 59.481, 59.481, 0.025, 0.136, 88.065, 90.612, 88.065, 90.612, 4.95, 7.377, 11.435, , , 1, 1.4, 0.002, 0, 12.5, 3.023, 201, 0, 0, 0, 71, 17.382, 18.091, 114.373, 101.468, 100, 0, 0, 28.031, 28.825, 100, 4.418, 94.777, 0, 0, 98.398, 60.279, 0, 0, 0.002, 0, 0, 14, 0, 12.5, 0, 3.023, 201, 0, 0, 0, 71, 1, 0.017, 0.018, 114.364, 101.468, 100, 0, 0, 141, 28.031, 28.825, 100, 4.418, 0, 94.777, 0, 0, 98.398, 60.279, 0, 0, 0, 0, 
1.35, 22.73, 100.52, 63.05, 63.66, , 13.883, 0.972, 106.286, 106.286, 3.076, 331.526, 331.526, 331.526, 51.02, 57.229, 35.984, 35.338, 7.377, 11.42, 0, 0, 51.697, 53.195, 51.697, 53.195, 1, 60.155, 60.155, 0.025, 0.136, 88.449, 91.006, 88.449, 91.006, 4.967, 7.377, 11.42, , , 1, 1.451, 0, 0, 12.5, 3.076, 201, 0, 0, 0, 71, 17.476, 18.205, 113.876, 101.636, 100, 0, 0, 28.257, 29, 100, 4.42, 95.318, 0, 0, 99.061, 61.294, 0, 0, 0, 0, 0, 14, 0, 12.5, 0, 3.076, 201, 0, 0, 0, 71, 1, 0.018, 0.018, 113.873, 101.636, 100, 0, 0, 141, 28.257, 29, 100, 4.42, 0, 95.318, 0, 0, 99.061, 61.294, 0, 0, 0, 0, 
1.4, 22.73, 100.52, 63.05, 63.66, , 13.955, 0.972, 110.611, 110.611, 3.116, 333.266, 333.266, 333.266, 51.101, 57.497, 36.526, 35.374, 7.377, 11.408, 0, 0, 52.558, 54.08, 52.558, 54.08, 1, 60.837, 60.837, 0.025, 0.136, 88.773, 91.34, 88.773, 91.34, 4.985, 7.377, 11.408, , , 1, 1.501, 0, 0, 12.5, 3.116, 201, 0, 0, 0, 71, 17.565, 18.284, 113.68, 101.717, 100, 0, 0, 28.311, 29, 100, 4.422, 95.808, 0, 0, 99.496, 62.038, 0, 0, 0, 0, 0, 14, 0, 12.5, 0, 3.116, 201, 0, 0, 0, 71, 1, 0.018, 0.018, 113.677, 101.717, 100, 0, 0, 141, 28.311, 29, 100, 4.422, 0, 95.808, 0, 0, 99.496, 62.038, 0, 0, 0, 0, 
1.45, 22.73, 100.52, 63.05, 63.66, , 14.043, 0.972, 114.989, 114.989, 3.155, 335.359, 335.359, 335.359, 51.186, 57.765, 37.068, 35.41, 7.377, 11.396, 0, 0, 53.483, 55.031, 53.483, 55.031, 1, 61.524, 61.524, 0.025, 0.136, 89.183, 91.763, 89.183, 91.763, 5.002, 7.377, 11.396, , , 1, 1.551, 0, 0, 12.5, 3.155, 201, 0, 0, 0, 71, 17.654, 18.363, 113.483, 101.797, 100, 0, 0, 28.365, 29, 100, 4.425, 96.297, 0, 0, 99.93, 62.781, 0, 0, 0, 0, 0, 14, 0, 12.5, 0, 3.155, 201, 0, 0, 0, 71, 1, 0.018, 0.018, 113.481, 101.797, 100, 0, 0, 141, 28.366, 29, 100, 4.425, 0, 96.297, 0, 0, 99.93, 62.781, 0, 0, 0, 0, 
1.5, 22.73, 100.52, 63.05, 63.66, , 14.187, 0.972, 119.394, 119.394, 3.195, 338.793, 338.793, 338.793, 51.273, 58.034, 37.22, 35.524, 7.377, 11.391, 0, 0, 54.641, 56.221, 54.641, 56.221, 1, 62.21, 62.21, 0.025, 0.136, 89.945, 92.547, 89.945, 92.547, 5.024, 7.377, 11.391, , , 1, 1.601, 0, 0, 12.5, 3.195, 201, 0, 0, 0, 71, 17.743, 18.443, 113.287, 101.878, 100, 0, 0, 28.42, 29, 100, 4.427, 96.786, 0, 0, 100.365, 63.525, 0, 0, 0, 0, 0, 14, 0, 12.5, 0, 3.195, 201, 0, 0, 0, 71, 1, 0.018, 0.018, 113.286, 101.878, 100, 0, 0, 141, 28.42, 29, 100, 4.427, 0, 96.786, 0, 0, 100.365, 63.525, 0, 0, 0, 0, 
1.55, 22.73, 100.52, 63.05, 63.66, , 14.319, 0.972, 123.893, 123.893, 3.235, 341.948, 341.948, 341.948, 51.359, 58.302, 37.22, 35.668, 7.377, 11.387, 0, 0, 55.769, 57.381, 55.769, 57.381, 1, 62.908, 62.908, 0.025, 0.136, 90.629, 93.25, 90.629, 93.25, 5.047, 7.377, 11.387, , , 1, 1.651, 0, 0, 12.5, 3.235, 201, 0, 0, 0, 71, 17.832, 18.522, 113.09, 101.958, 100, 0, 0, 28.474, 29, 100, 4.429, 97.275, 0, 0, 100.8, 64.268, 0, 0, 0, 0, 0, 14, 0, 12.5, 0, 3.235, 201, 0, 0, 0, 71, 1, 0.018, 0.018, 113.09, 101.958, 100, 0, 0, 141, 28.475, 29, 100, 4.429, 0, 97.275, 0, 0, 100.8, 64.268, 0, 0, 0, 0, 
1.6, 22.73, 100.52, 63.05, 63.66, , 14.428, 0.972, 128.426, 128.426, 3.265, 344.546, 344.546, 344.546, 51.436, 58.57, 37.22, 35.812, 7.377, 11.386, 0, 0, 56.814, 58.456, 56.814, 58.456, 1, 63.604, 63.604, 0.025, 0.135, 91.185, 93.823, 91.185, 93.823, 5.07, 7.377, 11.386, , , 1, 1.701, 0, 0, 12.5, 3.265, 201, 0, 0, 0, 71, 17.908, 18.587, 113, 102.019, 100, 0, 0, 28.5, 29, 100, 4.43, 97.629, 0, 0, 101.129, 64.857, 0, 0, 0, 0, 0, 14, 0, 12.5, 0, 3.265, 201, 0, 0, 0, 71, 1, 0.018, 0.019, 113, 102.019, 100, 0, 0, 141, 28.5, 29, 100, 4.43, 0, 97.629, 0, 0, 101.129, 64.857, 0, 0, 0, 0, 
1.65, 22.73, 100.52, 63.05, 63.66, , 14.557, 0.972, 133.003, 133.003, 3.286, 347.622, 347.622, 347.622, 51.483, 58.839, 37.22, 35.956, 7.377, 11.385, 0, 0, 57.959, 59.634, 57.959, 59.634, 1, 64.312, 64.312, 0.025, 0.135, 91.916, 94.575, 91.916, 94.575, 5.093, 7.377, 11.385, , , 1, 1.751, 0, 0, 12.5, 3.286, 201, 0, 0, 0, 71, 17.971, 18.64, 113, 102.063, 100, 0, 0, 28.5, 29, 100, 4.43, 97.867, 0, 0, 101.367, 65.303, 0, 0, 0, 0, 0, 14, 0, 12.5, 0, 3.286, 201, 0, 0, 0, 71, 1, 0.018, 0.019, 113, 102.063, 100, 0, 0, 141, 28.5, 29, 100, 4.43, 0, 97.867, 0, 0, 101.367, 65.303, 0, 0, 0, 0, 
1.7, 22.73, 100.52, 63.05, 63.66, , 14.684, 0.972, 137.672, 137.672, 3.307, 350.658, 350.658, 350.658, 51.496, 59.107, 37.22, 36.1, 7.377, 11.401, 0, 0, 59.116, 60.825, 59.116, 60.825, 1, 65.034, 65.034, 0.025, 0.135, 92.697, 95.376, 92.697, 95.376, 5.116, 7.377, 11.401, , , 1, 1.801, 0, 0, 12.5, 3.307, 201, 0, 0, 0, 71, 18.035, 18.693, 113, 102.107, 100, 0, 0, 28.5, 29, 100, 4.43, 98.105, 0, 0, 101.605, 65.749, 0, 0, 0, 0, 0, 14, 0, 12.5, 0, 3.307, 201, 0, 0, 0, 71, 1, 0.018, 0.019, 113, 102.107, 100, 0, 0, 141, 28.5, 29, 100, 4.43, 0, 98.105, 0, 0, 101.605, 65.749, 0, 0, 0, 0, 
1.75, 22.73, 100.52, 63.05, 63.66, , 14.815, 0.972, 143.463, 143.463, 3.329, 353.78, 353.78, 353.78, 51.476, 59.376, 36.831, 36.296, 7.377, 11.418, 0, 0, 60.46, 62.208, 60.46, 62.208, 1, 65.752, 65.752, 0.025, 0.135, 93.592, 96.297, 93.592, 96.297, 5.14, 7.377, 11.418, , , 1, 1.851, 0, 0, 12.5, 3.329, 201, 0, 0, 0, 71, 18.098, 18.745, 113, 102.151, 100, 0, 0, 28.5, 29, 100, 4.43, 98.343, 0, 0, 101.843, 66.196, 0, 0, 0, 0, 0, 14, 0, 12.5, 0, 3.329, 201, 0, 0, 0, 71, 1, 0.018, 0.019, 113, 102.151, 100, 0, 0, 141, 28.5, 29, 100, 4.43, 0, 98.343, 0, 0, 101.843, 66.196, 0, 0, 0, 0, 
1.8, 22.73, 100.52, 63.05, 63.66, , 14.953, 0.972, 149.393, 149.393, 3.354, 357.085, 357.085, 357.085, 51.387, 59.644, 36.291, 36.512, 7.377, 11.442, 0, 0, 61.87, 63.658, 61.87, 63.658, 1, 66.838, 66.838, 0.025, 0.135, 94.596, 97.33, 94.596, 97.33, 5.163, 7.377, 11.442, , , 1, 1.901, 0, 0, 12.5, 3.354, 201, 0, 0, 0, 71, 18.164, 18.794, 113, 102.18, 100, 0, 0, 28.534, 29, 100, 4.43, 98.635, 0, 0, 102.135, 66.7, 0, 0, 0, 0, 0, 14, 0, 12.5, 0, 3.354, 201, 0, 0, 0, 71, 1, 0.018, 0.019, 113, 102.18, 100, 0, 0, 141, 28.534, 29, 100, 4.43, 0, 98.635, 0, 0, 102.135, 66.7, 0, 0, 0, 0, 
1.85, 22.73, 100.52, 63.05, 63.66, , 15.076, 0.972, 154.208, 154.208, 3.388, 360.021, 360.021, 360.021, 51.322, 59.912, 35.751, 36.728, 7.377, 11.467, 0, 0, 63.06, 64.884, 63.06, 64.884, 1, 67.565, 67.565, 0.025, 0.135, 95.494, 98.253, 95.494, 98.253, 5.187, 7.377, 11.467, , , 1, 1.951, 0, 0, 12.5, 3.388, 201, 0, 0, 0, 71, 18.236, 18.833, 113, 102.18, 100, 0, 0, 28.633, 29, 100, 4.43, 99.034, 0, 0, 102.534, 67.317, 0, 0, 0, 0, 0, 14, 0, 12.5, 0, 3.388, 201, 0, 0, 0, 71, 1, 0.018, 0.019, 113, 102.18, 100, 0, 0, 141, 28.633, 29, 100, 4.43, 0, 99.034, 0, 0, 102.534, 67.317, 0, 0, 0, 0, 
1.9, 22.73, 100.52, 63.05, 63.66, , 15.154, 0.972, 159.072, 159.072, 3.421, 361.876, 361.876, 361.876, 51.262, 60.181, 35.211, 36.944, 7.378, 11.505, 0, 0, 64.074, 65.927, 64.074, 65.927, 1, 68.304, 68.304, 0.025, 0.135, 96.098, 98.874, 96.098, 98.874, 5.214, 7.378, 11.505, , , 1, 2.001, 0, 0, 12.5, 3.421, 201, 0, 0, 0, 71, 18.308, 18.873, 113, 102.18, 100, 0, 0, 28.733, 29, 100, 4.43, 99.432, 0, 0, 102.932, 67.935, 0, 0, 0, 0, 0, 14, 0, 12.5, 0, 3.421, 201, 0, 0, 0, 71, 1, 0.018, 0.019, 113, 102.18, 100, 0, 0, 141, 28.733, 29, 100, 4.43, 0, 99.432, 0, 0, 102.932, 67.935, 0, 0, 0, 0, 
1.95, 22.73, 100.52, 63.05, 63.66, , 15.252, 0.972, 163.936, 163.936, 3.454, 364.231, 364.231, 364.231, 51.21, 60.449, 34.671, 37.16, 7.378, 11.545, 0, 0, 65.183, 67.067, 65.183, 67.067, 1, 69.04, 69.04, 0.025, 0.135, 96.821, 99.617, 96.821, 99.617, 5.242, 7.378, 11.545, , , 1, 2.051, 0, 0, 12.5, 3.454, 201, 0, 0, 0, 71, 18.38, 18.913, 113, 102.18, 100, 0, 0, 28.833, 29, 100, 4.43, 99.831, 0, 0, 103.331, 68.553, 0, 0, 0, 0, 0, 14, 0, 12.5, 0, 3.454, 201, 0, 0, 0, 71, 1, 0.018, 0.019, 113, 102.18, 100, 0, 0, 141, 28.833, 29, 100, 4.43, 0, 99.831, 0, 0, 103.331, 68.553, 0, 0, 0, 0, 
2, 22.73, 100.52, 63.05, 63.66, , 15.316, 0.972, 168.865, 168.865, 3.487, 365.773, 365.773, 365.773, 51.164, 60.718, 34.546, 36.961, 7.379, 11.58, 0, 0, 66.159, 68.071, 66.159, 68.071, 1, 69.787, 69.787, 0.025, 0.135, 97.316, 100.126, 97.316, 100.126, 5.27, 7.379, 11.58, , , 1, 2.101, 0, 0, 12.5, 3.487, 201, 0, 0, 0, 71, 18.451, 18.953, 113, 102.18, 100, 0, 0, 28.932, 29, 100, 4.43, 100.229, 0, 0, 103.729, 69.17, 0, 0, 0, 0, 0, 14, 0, 12.5, 0, 3.487, 201, 0, 0, 0, 71, 1, 0.018, 0.019, 113, 102.18, 100, 0, 0, 141, 28.932, 29, 100, 4.43, 0, 100.229, 0, 0, 103.729, 69.17, 0, 0, 0, 0, 
2.05, 22.73, 100.52, 63.05, 63.66, , 15.401, 0.972, 173.907, 173.907, 3.528, 367.793, 367.793, 367.793, 51.128, 60.986, 34.582, 36.601, 7.379, 11.616, 0, 0, 67.242, 69.186, 67.242, 69.186, 1, 70.533, 70.533, 0.025, 0.135, 97.927, 100.755, 97.927, 100.755, 5.298, 7.379, 11.616, , , 1, 2.151, 0, 0, 12.5, 3.528, 201.059, 0, 0, 0, 71, 18.551, 19.014, 112.84, 102.147, 100, 0, 0, 29.089, 29.044, 100, 4.429, 100.811, 0, 0, 104.193, 69.958, 0, 0, 0, 0, 0, 14, 0, 12.5, 0, 3.528, 201.059, 0, 0, 0, 71, 1, 0.018, 0.019, 112.84, 102.147, 100, 0, 0, 141, 29.089, 29.044, 100, 4.429, 0, 100.811, 0, 0, 104.193, 69.958, 0, 0, 0, 0, 
2.1, 22.73, 100.52, 63.05, 63.66, , 15.445, 0.972, 178.983, 178.983, 3.586, 368.86, 368.86, 368.86, 51.105, 61.254, 34.618, 36.241, 7.38, 11.653, 0, 0, 68.153, 70.124, 68.153, 70.124, 1, 71.287, 71.287, 0.025, 0.135, 98.252, 101.09, 98.252, 101.09, 5.33, 7.38, 11.653, , , 1, 2.201, 0, 0, 12.5, 3.586, 201.244, 0, 0, 0, 71, 18.71, 19.122, 112.34, 102.044, 100, 0, 0, 29.367, 29.183, 100, 4.425, 101.783, 0, 0, 104.794, 71.109, 0, 0, 0, 0, 0, 14, 0, 12.5, 0, 3.586, 201.244, 0, 0, 0, 71, 1, 0.018, 0.019, 112.34, 102.044, 100, 0, 0, 141, 29.367, 29.183, 100, 4.425, 0, 101.783, 0, 0, 104.794, 71.109, 0, 0, 0, 0, 
2.15, 22.73, 100.52, 63.05, 63.66, , 15.471, 0.972, 184.059, 184.059, 3.644, 369.503, 369.503, 369.503, 51.109, 61.523, 34.654, 35.881, 7.382, 11.69, 0, 0, 68.999, 70.994, 68.999, 70.994, 1, 72.04, 72.04, 0.025, 0.135, 98.418, 101.26, 98.418, 101.26, 5.364, 7.382, 11.69, , , 1, 2.251, 0, 0, 12.5, 3.644, 201.43, 0, 0, 0, 71, 18.869, 19.229, 111.84, 101.942, 100, 0, 0, 29.644, 29.322, 100, 4.421, 102.756, 0, 0, 105.396, 72.26, 0, 0, 0, 0, 0, 14, 0, 12.5, 0, 3.644, 201.43, 0, 0, 0, 71, 1, 0.019, 0.019, 111.84, 101.942, 100, 0, 0, 141, 29.644, 29.322, 100, 4.421, 0, 102.756, 0, 0, 105.396, 72.26, 0, 0, 0, 0, 
2.2, 22.73, 100.521, 63.05, 63.66, , 15.525, 0.972, 189.241, 189.241, 3.701, 370.812, 370.812, 370.812, 51.139, 61.791, 34.69, 35.521, 7.382, 11.72, 0, 0, 69.967, 71.989, 69.967, 71.989, 1, 72.798, 72.798, 0.025, 0.135, 98.71, 101.559, 98.71, 101.559, 5.398, 7.382, 11.72, , , 1, 2.301, 0, 0, 12.5, 3.701, 201.615, 0, 0, 0, 71, 19.029, 19.337, 111.34, 101.839, 100, 0, 0, 29.922, 29.461, 100, 4.418, 103.728, 0, 0, 105.998, 73.411, 0, 0, 0, 0, 0, 14, 0, 12.5, 0, 3.701, 201.615, 0, 0, 0, 71, 1, 0.019, 0.019, 111.34, 101.839, 100, 0, 0, 141, 29.922, 29.461, 100, 4.418, 0, 103.728, 0, 0, 105.998, 73.411, 0, 0, 0, 0, 
2.25, 22.73, 100.521, 63.05, 63.66, , 15.505, 0.972, 194.548, 194.548, 3.759, 370.354, 370.354, 370.354, 51.196, 62.06, 34.83, 35.446, 7.382, 11.748, 0, 0, 70.603, 72.644, 70.603, 72.644, 1, 73.559, 73.559, 0.025, 0.135, 98.476, 101.321, 98.476, 101.321, 5.432, 7.382, 11.748, , , 1, 2.351, 0, 0, 12.5, 3.759, 201.8, 0, 0, 0, 71, 19.188, 19.444, 110.84, 101.736, 100, 0, 0, 30.2, 29.6, 100, 4.414, 104.7, 0, 0, 106.6, 74.562, 0, 0, 0, 0, 0, 14, 0, 12.5, 0, 3.759, 201.8, 0, 0, 0, 71, 1, 0.019, 0.019, 110.84, 101.736, 100, 0, 0, 141, 30.2, 29.6, 100, 4.414, 0, 104.7, 0, 0, 106.6, 74.562, 0, 0, 0, 0, 
2.3, 22.73, 100.521, 63.05, 63.66, , 15.537, 0.972, 199.854, 199.854, 3.816, 371.135, 371.135, 371.135, 51.28, 62.328, 35.01, 35.482, 7.383, 11.777, 0, 0, 71.484, 73.55, 71.484, 73.55, 1, 74.32, 74.32, 0.025, 0.135, 98.522, 101.367, 98.522, 101.367, 5.468, 7.383, 11.777, , , 1, 2.401, 0, 0, 12.5, 3.816, 201.985, 0, 0, 0, 71, 19.347, 19.551, 110.34, 101.633, 100, 0, 0, 30.478, 29.739, 100, 4.41, 105.672, 0, 0, 107.202, 75.713, 0, 0, 0, 0, 0, 14, 0, 12.5, 0, 3.816, 201.985, 0, 0, 0, 71, 1, 0.019, 0.019, 110.34, 101.633, 100, 0, 0, 141, 30.478, 29.739, 100, 4.41, 0, 105.672, 0, 0, 107.202, 75.713, 0, 0, 0, 0, 
2.35, 22.73, 100.522, 63.05, 63.66, , 15.545, 0.972, 205.161, 205.161, 3.843, 371.334, 371.334, 371.334, 51.374, 62.596, 35.19, 35.518, 7.384, 11.805, 0, 0, 72.259, 74.345, 72.259, 74.345, 1, 75.073, 75.073, 0.025, 0.135, 98.397, 101.239, 98.397, 101.239, 5.507, 7.384, 11.805, , , 1, 2.451, 0, 0, 12.5, 3.843, 202.201, 0, 0, 0, 71, 19.416, 19.598, 110.119, 101.588, 100, 0, 0, 30.6, 29.8, 100, 4.41, 106.102, 0, 0, 107.501, 76.18, 0, 0, 0, 0, 0, 14, 0, 12.5, 0, 3.843, 202.201, 0, 0, 0, 71, 1, 0.02, 0.02, 110.119, 101.588, 100, 0, 0, 141, 30.6, 29.8, 100, 4.41, 0, 106.102, 0, 0, 107.501, 76.18, 0, 0, 0, 0, 
2.4, 22.73, 100.522, 63.05, 63.66, , 15.59, 0.972, 210.53, 210.53, 3.868, 372.433, 372.433, 372.433, 51.444, 62.865, 35.37, 35.554, 7.383, 11.827, 0, 0, 73.213, 75.326, 73.213, 75.326, 1, 75.837, 75.837, 0.025, 0.135, 98.556, 101.401, 98.556, 101.401, 5.545, 7.383, 11.827, , , 1, 2.501, 0, 0, 12.5, 3.868, 202.419, 0, 0, 0, 71, 19.477, 19.64, 109.923, 101.547, 100, 0, 0, 30.71, 29.855, 100, 4.41, 106.484, 0, 0, 107.774, 76.587, 0, 0, 0, 0, 0, 14, 0, 12.5, 0, 3.868, 202.419, 0, 0, 0, 71, 1, 0.02, 0.02, 109.923, 101.547, 100, 0, 0, 141, 30.71, 29.855, 100, 4.41, 0, 106.484, 0, 0, 107.774, 76.587, 0, 0, 0, 0, 
2.45, 22.73, 100.523, 63.05, 63.66, , 15.601, 0.972, 216.043, 216.043, 3.892, 372.71, 372.71, 372.71, 51.483, 63.133, 35.55, 35.59, 7.382, 11.848, 0, 0, 74.001, 76.137, 74.001, 76.137, 1, 76.599, 76.599, 0.025, 0.135, 98.55, 101.396, 98.55, 101.396, 5.583, 7.382, 11.848, , , 1, 2.551, 0, 0, 12.5, 3.892, 202.638, 0, 0, 0, 71, 19.539, 19.681, 109.726, 101.507, 100, 0, 0, 30.819, 29.909, 100, 4.41, 106.866, 0, 0, 108.047, 76.994, 0, 0, 0, 0, 0, 14, 0, 12.5, 0, 3.892, 202.638, 0, 0, 0, 71, 1, 0.02, 0.02, 109.726, 101.507, 100, 0, 0, 141, 30.819, 29.909, 100, 4.41, 0, 106.866, 0, 0, 108.047, 76.994, 0, 0, 0, 0, 
2.5, 22.73, 100.523, 63.05, 63.66, , 15.674, 0.972, 221.603, 221.603, 3.916, 374.459, 374.459, 374.459, 51.494, 63.401, 35.6, 35.6, 7.382, 11.866, 0, 0, 75.093, 77.262, 75.093, 77.262, 1, 77.368, 77.368, 0.025, 0.135, 98.988, 101.847, 98.988, 101.847, 5.619, 7.382, 11.866, , , 1, 2.601, 0, 0, 12.5, 3.916, 202.856, 0, 0, 0, 71, 19.6, 19.723, 109.53, 101.467, 100, 0, 0, 30.928, 29.964, 100, 4.41, 107.248, 0, 0, 108.32, 77.401, 0, 0, 0, 0, 0, 14, 0, 12.5, 0, 3.916, 202.856, 0, 0, 0, 71, 1, 0.02, 0.02, 109.53, 101.467, 100, 0, 0, 141, 30.928, 29.964, 100, 4.41, 0, 107.248, 0, 0, 108.32, 77.401, 0, 0, 0, 0, 
2.55, 22.73, 100.523, 63.05, 63.661, , 15.679, 0.972, 227.163, 227.163, 3.945, 374.611, 374.611, 374.611, 51.477, 63.67, 35.6, 35.6, 7.382, 11.884, 0, 0, 75.864, 78.055, 75.864, 78.055, 1, 78.133, 78.133, 0.025, 0.135, 99.061, 101.922, 99.061, 101.922, 5.639, 7.382, 11.884, , , 1, 2.651, 0, 0, 12.5, 3.945, 202.865, 0, 0, 0, 71, 19.666, 19.78, 109.279, 101.415, 100, 0, 0, 31, 30, 100, 4.411, 107.669, 0, 0, 108.669, 77.962, 0, 0, 0, 0, 0, 14, 0, 12.5, 0, 3.945, 202.865, 0, 0, 0, 71, 1, 0.02, 0.02, 109.279, 101.415, 100, 0, 0, 141, 31, 30, 100, 4.411, 0, 107.669, 0, 0, 108.669, 77.962, 0, 0, 0, 0, 
2.6, 22.73, 100.524, 63.05, 63.662, , 15.693, 0.972, 233.558, 233.558, 3.983, 374.973, 374.973, 374.973, 51.448, 63.938, 35.6, 35.6, 7.381, 11.897, 0, 0, 76.78, 78.998, 76.78, 78.998, 1, 78.904, 78.904, 0.025, 0.135, 99.215, 102.08, 99.215, 102.08, 5.659, 7.381, 11.897, , , 1, 2.701, 0, 0, 12.5, 3.983, 202.468, 0, 0, 0, 71, 19.741, 19.869, 108.921, 101.342, 100, 0, 0, 31, 30, 100, 4.415, 108.165, 0, 0, 109.165, 78.822, 0, 0, 0, 0, 0, 14, 0, 12.5, 0, 3.983, 202.468, 0, 0, 0, 71, 1, 0.02, 0.02, 108.921, 101.342, 100, 0, 0, 141, 31, 30, 100, 4.415, 0, 108.165, 0, 0, 109.165, 78.822, 0, 0, 0, 0, 
2.65, 22.73, 100.524, 63.05, 63.664, , 15.655, 0.972, 240.791, 240.791, 4.02, 374.089, 374.089, 374.089, 51.431, 64.207, 35.6, 35.6, 7.379, 11.909, 0, 0, 77.54, 79.78, 77.54, 79.78, 1, 79.981, 79.981, 0.025, 0.134, 99.013, 101.874, 99.013, 101.874, 5.68, 7.379, 11.909, , , 1, 2.751, 0, 0, 12.5, 4.02, 202.071, 0, 0, 0, 71, 19.816, 19.958, 108.564, 101.268, 100, 0, 0, 31, 30, 100, 4.419, 108.661, 0, 0, 109.661, 79.682, 0, 0, 0, 0, 0, 14, 0, 12.5, 0, 4.02, 202.071, 0, 0, 0, 71, 1, 0.02, 0.02, 108.564, 101.268, 100, 0, 0, 141, 31, 30, 100, 4.419, 0, 108.661, 0, 0, 109.661, 79.682, 0, 0, 0, 0, 
2.7, 22.73, 100.525, 63.05, 63.665, , 15.645, 0.972, 246.577, 246.577, 4.058, 373.869, 373.869, 373.869, 51.429, 64.475, 35.6, 35.6, 7.379, 11.917, 0, 0, 78.235, 80.496, 78.235, 80.496, 1, 80.742, 80.742, 0.025, 0.134, 98.959, 101.82, 98.959, 101.82, 5.7, 7.379, 11.917, , , 1, 2.8, 0, 0, 12.5, 4.058, 201.675, 0, 0, 0, 71, 19.891, 20.047, 108.207, 101.195, 100, 0, 0, 31, 30, 100, 4.423, 109.157, 0, 0, 110.157, 80.541, 0, 0, 0, 0, 0, 14, 0, 12.5, 0, 4.058, 201.675, 0, 0, 0, 71, 1, 0.02, 0.02, 108.207, 101.195, 100, 0, 0, 141, 31, 30, 100, 4.423, 0, 109.157, 0, 0, 110.157, 80.541, 0, 0, 0, 0, 
2.75, 22.73, 100.525, 63.05, 63.667, , 15.616, 0.972, 252.414, 252.414, 4.096, 373.208, 373.208, 373.208, 51.438, 64.743, 35.548, 35.574, 7.378, 11.924, 0, 0, 78.846, 81.123, 78.846, 81.123, 1, 81.511, 81.511, 0.025, 0.134, 98.769, 101.625, 98.769, 101.625, 5.739, 7.378, 11.924, , , 1, 2.85, 0, 0, 12.5, 4.096, 201.278, 0, 0, 0, 71, 19.966, 20.136, 107.85, 101.121, 100, 0, 0, 31, 30, 100, 4.427, 109.653, 0, 0, 110.653, 81.401, 0, 0, 0, 0, 0, 14, 0, 12.5, 0, 4.096, 201.278, 0, 0, 0, 71, 1, 0.02, 0.02, 107.85, 101.121, 100, 0, 0, 141, 31, 30, 100, 4.427, 0, 109.653, 0, 0, 110.653, 81.401, 0, 0, 0, 0, 
2.8, 22.73, 100.525, 63.05, 63.668, , 15.563, 0.972, 258.252, 258.252, 4.135, 371.974, 371.974, 371.974, 51.457, 65.012, 35.476, 35.538, 7.378, 11.927, 0, 0, 79.313, 81.605, 79.313, 81.605, 1, 82.269, 82.269, 0.025, 0.134, 98.406, 101.25, 98.406, 101.25, 5.779, 7.378, 11.927, , , 1, 2.901, 0, 0, 12.5, 4.135, 201.12, 0, 0, 0, 71, 20.028, 20.208, 107.6, 101.026, 100, 0, 0, 31.028, 30.028, 100, 4.43, 110.15, 0, 0, 111.15, 82.229, 0, 0, 0, 0, 0, 14, 0, 12.5, 0, 4.135, 201.12, 0, 0, 0, 71, 1, 0.02, 0.02, 107.6, 101.026, 100, 0, 0, 141, 31.028, 30.028, 100, 4.43, 0, 110.15, 0, 0, 111.15, 82.229, 0, 0, 0, 0, 
2.85, 22.73, 100.526, 63.05, 63.67, , 15.535, 0.972, 264.155, 264.155, 4.177, 371.321, 371.321, 371.321, 51.482, 65.28, 35.404, 35.502, 7.377, 11.927, 0, 0, 79.903, 82.212, 79.903, 82.212, 1, 83.036, 83.036, 0.024, 0.134, 98.184, 101.021, 98.184, 101.021, 5.819, 7.377, 11.927, , , 1, 2.951, 0, 0, 12.5, 4.177, 201.52, 0, 0, 0, 71, 20.058, 20.238, 107.6, 100.88, 100, 0, 0, 31.128, 30.128, 100, 4.43, 110.65, 0, 0, 111.65, 82.975, 0, 0, 0, 0, 0, 14, 0, 12.5, 0, 4.177, 201.52, 0, 0, 0, 71, 1, 0.02, 0.02, 107.6, 100.88, 100, 0, 0, 141, 31.128, 30.128, 100, 4.43, 0, 110.65, 0, 0, 111.65, 82.975, 0, 0, 0, 0, 
2.9, 22.73, 100.526, 63.05, 63.671, , 15.484, 0.972, 270.142, 270.142, 4.219, 370.136, 370.136, 370.136, 51.507, 65.549, 35.332, 35.466, 7.377, 11.921, 0, 0, 80.375, 82.698, 80.375, 82.698, 1, 83.795, 83.795, 0.024, 0.134, 97.819, 100.645, 97.819, 100.645, 5.859, 7.377, 11.921, , , 1, 3.001, 0, 0, 12.5, 4.219, 201.92, 0, 0, 0, 71, 20.088, 20.268, 107.6, 100.734, 100, 0, 0, 31.228, 30.228, 100, 4.43, 111.15, 0, 0, 112.15, 83.721, 0, 0, 0, 0, 0, 14, 0, 12.5, 0, 4.219, 201.92, 0, 0, 0, 71, 1, 0.02, 0.02, 107.6, 100.734, 100, 0, 0, 141, 31.228, 30.228, 100, 4.43, 0, 111.15, 0, 0, 112.15, 83.721, 0, 0, 0, 0, 
2.95, 22.73, 100.526, 63.05, 63.673, , 15.453, 0.972, 276.144, 276.144, 4.261, 369.43, 369.43, 369.43, 51.534, 65.817, 35.26, 35.43, 7.378, 11.912, 0, 0, 80.942, 83.281, 80.942, 83.281, 1, 84.545, 84.545, 0.024, 0.134, 97.581, 100.399, 97.581, 100.399, 5.881, 7.378, 11.912, , , 1, 3.051, 0, 0, 12.5, 4.261, 202.32, 0, 0, 0, 71, 20.118, 20.298, 107.6, 100.588, 100, 0, 0, 31.328, 30.328, 100, 4.43, 111.65, 0, 0, 112.65, 84.467, 0, 0, 0, 0, 0, 14, 0, 12.5, 0, 4.261, 202.32, 0, 0, 0, 71, 1, 0.02, 0.02, 107.6, 100.588, 100, 0, 0, 141, 31.328, 30.328, 100, 4.43, 0, 111.65, 0, 0, 112.65, 84.467, 0, 0, 0, 0, 
3, 22.73, 100.527, 63.05, 63.674, , 15.392, 0.972, 282.289, 282.289, 4.303, 368.014, 368.014, 368.014, 51.562, 66.085, 35.292, 35.446, 7.378, 11.895, 0, 0, 81.357, 83.708, 81.357, 83.708, 1, 85.301, 85.301, 0.025, 0.134, 97.153, 99.959, 97.153, 99.959, 5.896, 7.378, 11.895, , , 1, 3.101, 0, 0, 12.5, 4.303, 202.72, 0, 0, 0, 71, 20.148, 20.328, 107.6, 100.442, 100, 0, 0, 31.428, 30.428, 100, 4.43, 112.15, 0, 0, 113.15, 85.213, 0, 0, 0, 0, 0, 14, 0, 12.5, 0, 4.303, 202.72, 0, 0, 0, 71, 1, 0.02, 0.02, 107.6, 100.442, 100, 0, 0, 141, 31.428, 30.428, 100, 4.43, 0, 112.15, 0, 0, 113.15, 85.213, 0, 0, 0, 0, 
3.05, 22.73, 100.527, 63.05, 63.676, , 15.374, 0.972, 288.434, 288.434, 4.346, 367.597, 367.597, 367.597, 51.591, 66.354, 35.363, 35.482, 7.379, 11.876, 0, 0, 81.983, 84.352, 81.983, 84.352, 1, 86.052, 86.052, 0.025, 0.135, 96.987, 99.789, 96.987, 99.789, 5.911, 7.379, 11.876, , , 1, 3.151, 0, 0, 12.5, 4.346, 203, 0, 0, 0, 71, 20.19, 20.37, 107.499, 100.318, 100, 0, 0, 31.528, 30.556, 100, 4.429, 112.62, 0, 0, 113.62, 85.994, 0, 0, 0, 0, 0, 14, 0, 12.5, 0, 4.346, 203, 0, 0, 0, 71, 1, 0.02, 0.02, 107.499, 100.318, 100, 0, 0, 141, 31.528, 30.556, 100, 4.429, 0, 112.62, 0, 0, 113.62, 85.994, 0, 0, 0, 0, 
3.1, 22.73, 100.528, 63.05, 63.677, , 15.321, 0.972, 294.589, 294.589, 4.388, 366.367, 366.367, 366.367, 51.62, 66.622, 35.435, 35.518, 7.379, 11.848, 0, 0, 82.431, 84.812, 82.431, 84.812, 1, 86.806, 86.806, 0.025, 0.135, 96.609, 99.4, 96.609, 99.4, 5.927, 7.379, 11.848, , , 1, 3.201, 0, 0, 12.5, 4.388, 203, 0, 0, 0, 71, 20.26, 20.44, 107.137, 100.243, 100, 0, 0, 31.629, 30.756, 100, 4.425, 113.02, 0, 0, 114.02, 86.864, 0, 0, 0, 0, 0, 14, 0, 12.5, 0, 4.388, 203, 0, 0, 0, 71, 1, 0.02, 0.02, 107.137, 100.243, 100, 0, 0, 141, 31.629, 30.757, 100, 4.425, 0, 113.02, 0, 0, 114.02, 86.864, 0, 0, 0, 0, 
3.15, 22.73, 100.528, 63.05, 63.679, , 15.307, 0.972, 300.899, 300.899, 4.43, 366.063, 366.063, 366.063, 51.647, 66.891, 35.507, 35.553, 7.38, 11.816, 0, 0, 83.066, 85.466, 83.066, 85.466, 1, 87.564, 87.564, 0.025, 0.135, 96.481, 99.268, 96.481, 99.268, 5.942, 7.38, 11.816, , , 1, 3.251, 0, 0, 12.5, 4.43, 203, 0, 0, 0, 71, 20.33, 20.51, 106.776, 100.168, 100, 0, 0, 31.729, 30.956, 100, 4.421, 113.42, 0, 0, 114.42, 87.734, 0, 0, 0, 0, 0, 14, 0, 12.5, 0, 4.43, 203, 0, 0, 0, 71, 1, 0.02, 0.02, 106.776, 100.168, 100, 0, 0, 141, 31.729, 30.958, 100, 4.421, 0, 113.42, 0, 0, 114.42, 87.734, 0, 0, 0, 0, 
3.2, 22.73, 100.528, 63.05, 63.681, , 15.282, 0.972, 307.21, 307.21, 4.472, 365.507, 365.507, 365.507, 51.672, 67.159, 35.578, 35.589, 7.38, 11.782, 0, 0, 83.649, 86.066, 83.649, 86.066, 1, 88.314, 88.314, 0.025, 0.135, 96.29, 99.072, 96.29, 99.072, 5.958, 7.38, 11.782, , , 1, 3.301, 0, 0, 12.5, 4.472, 203, 0, 0, 0, 71, 20.4, 20.58, 106.414, 100.094, 100, 0, 0, 31.829, 31.156, 100, 4.417, 113.82, 0, 0, 114.82, 88.604, 0, 0, 0, 0, 0, 14, 0, 12.5, 0, 4.472, 203, 0, 0, 0, 71, 1, 0.021, 0.021, 106.414, 100.094, 100, 0, 0, 141, 31.829, 31.159, 100, 4.417, 0, 113.82, 0, 0, 114.82, 88.604, 0, 0, 0, 0, 
3.25, 22.73, 100.529, 63.05, 63.682, , 15.239, 0.972, 313.647, 313.647, 4.514, 364.495, 364.495, 364.495, 51.693, 67.427, 35.473, 35.524, 7.379, 11.749, 0, 0, 84.123, 86.554, 84.123, 86.554, 1, 89.055, 89.055, 0.025, 0.136, 95.984, 98.757, 95.984, 98.757, 5.974, 7.379, 11.749, , , 1, 3.35, 0, 0, 12.5, 4.514, 203, 0, 0, 0, 71, 20.47, 20.65, 106.053, 100.019, 100, 0, 0, 31.93, 31.356, 100, 4.413, 114.22, 0, 0, 115.22, 89.474, 0, 0, 0, 0, 0, 14, 0, 12.5, 0, 4.514, 203, 0, 0, 0, 71, 1, 0.021, 0.021, 106.053, 100.019, 100, 0, 0, 141, 31.93, 31.359, 100, 4.413, 0, 114.22, 0, 0, 115.22, 89.474, 0, 0, 0, 0, 
3.3, 22.73, 100.529, 63.05, 63.684, , 15.181, 0.972, 320.025, 320.025, 4.556, 363.139, 363.139, 363.139, 51.712, 67.696, 35.293, 35.416, 7.379, 11.72, 0, 0, 84.51, 86.951, 84.51, 86.951, 1, 89.803, 89.803, 0.025, 0.136, 95.592, 98.353, 95.592, 98.353, 5.99, 7.379, 11.72, , , 1, 3.4, 0, 0, 12.5, 4.556, 203, 0, 0, 0, 71, 20.517, 20.697, 105.691, 99.92, 100, 0, 0, 32, 31.5, 100, 4.411, 114.53, 0, 0, 115.53, 90.311, 0, 0, 0, 0, 0, 14, 0, 12.5, 0, 4.556, 203, 0, 0, 0, 71, 1, 0.021, 0.021, 105.691, 99.907, 100, 0, 0, 141, 32, 31.5, 100, 4.411, 0, 114.53, 0, 0, 115.53, 90.311, 0, 0, 0, 0, 
3.35, 22.73, 100.529, 63.05, 63.685, , 15.131, 0.972, 326.511, 326.511, 4.597, 361.978, 361.978, 361.978, 51.734, 67.964, 35.112, 35.307, 7.378, 11.696, 0, 0, 84.937, 87.39, 84.937, 87.39, 1, 90.547, 90.547, 0.025, 0.136, 95.249, 98, 95.249, 98, 6.019, 7.378, 11.696, , , 1, 3.451, 0, 0, 12.5, 4.597, 203, 0, 0, 0, 71, 20.504, 20.684, 105.328, 99.772, 100, 0, 0, 32, 31.5, 100, 4.415, 114.631, 0, 0, 115.631, 91.066, 0, 0, 0, 0, 0, 14, 0, 12.5, 0, 4.597, 203, 0, 0, 0, 71, 1, 0.021, 0.021, 105.328, 99.722, 100, 0, 0, 141, 32, 31.5, 100, 4.415, 0, 114.631, 0, 0, 115.631, 91.066, 0, 0, 0, 0, 
3.4, 22.73, 100.53, 63.05, 63.687, , 15.089, 0.972, 333.038, 333.038, 4.638, 361.018, 361.018, 361.018, 51.758, 68.232, 34.931, 35.199, 7.378, 11.677, 0, 0, 85.418, 87.885, 85.418, 87.885, 1, 91.294, 91.294, 0.025, 0.136, 94.949, 97.692, 94.949, 97.692, 6.082, 7.378, 11.677, , , 1, 3.501, 0, 0, 12.5, 4.638, 203, 0, 0, 0, 71, 20.492, 20.672, 104.965, 99.624, 100, 0, 0, 32, 31.5, 100, 4.419, 114.732, 0, 0, 115.732, 91.822, 0, 0, 0, 0, 0, 14, 0, 12.5, 0, 4.638, 203, 0, 0, 0, 71, 1, 0.021, 0.021, 104.965, 99.537, 100, 0, 0, 141, 32, 31.5, 100, 4.419, 0, 114.732, 0, 0, 115.732, 91.822, 0, 0, 0, 0, 
3.45, 22.73, 100.53, 63.05, 63.688, , 15.015, 0.972, 339.71, 339.71, 4.679, 359.276, 359.276, 359.276, 51.793, 68.501, 34.751, 35.09, 7.377, 11.664, 0, 0, 85.693, 88.168, 85.693, 88.168, 1, 92.084, 92.084, 0.025, 0.136, 94.432, 97.162, 94.432, 97.162, 6.146, 7.377, 11.664, , , 1, 3.551, 0, 0, 12.5, 4.679, 203, 0, 0, 0, 71, 20.48, 20.66, 104.602, 99.476, 100, 0, 0, 32, 31.5, 100, 4.423, 114.833, 0, 0, 115.833, 92.577, 0, 0, 0, 0, 0, 14, 0, 12.5, 0, 4.679, 203, 0, 0, 0, 71, 1, 0.02, 0.021, 104.602, 99.352, 100, 0, 0, 141, 32, 31.5, 100, 4.423, 0, 114.833, 0, 0, 115.833, 92.577, 0, 0, 0, 0, 
3.5, 22.73, 100.529, 63.05, 63.69, , 14.965, 0.972, 348.717, 348.717, 4.72, 358.126, 358.126, 358.126, 51.842, 68.769, 34.7, 35.527, 7.377, 11.658, 0, 0, 86.339, 88.834, 86.339, 88.834, 1, 93.019, 93.019, 0.025, 0.136, 94.037, 96.756, 94.037, 96.756, 6.209, 7.377, 11.658, , , 1, 3.601, 0, 0, 12.5, 4.72, 203, 0, 0, 0, 71, 20.468, 20.648, 104.24, 99.328, 100, 0, 0, 32, 31.5, 100, 4.427, 114.933, 0, 0, 115.933, 93.332, 0, 0, 0, 0, 0, 14, 0, 12.5, 0, 4.72, 203, 0, 0, 0, 71, 1, 0.02, 0.021, 104.24, 99.167, 100, 0, 0, 141, 32, 31.5, 100, 4.427, 0, 114.933, 0, 0, 115.933, 93.332, 0, 0, 0, 0, 
3.55, 22.73, 100.529, 63.05, 63.691, , 14.916, 0.972, 355.388, 355.388, 4.768, 356.98, 356.98, 356.98, 51.884, 69.038, 34.7, 36.175, 7.377, 11.656, 0, 0, 86.738, 89.244, 86.738, 89.244, 1, 93.75, 93.75, 0.025, 0.135, 93.659, 96.368, 93.659, 96.368, 6.273, 7.377, 11.656, , , 1, 3.651, 0, 0, 12.5, 4.768, 203, 0, 0, 0, 71, 20.45, 20.627, 103.937, 99.178, 100, 0, 0, 32.018, 31.518, 100, 4.429, 115.053, 0, 0, 116.018, 94.202, 0, 0, 0, 0, 0, 13.993, 0, 12.5, 0, 4.768, 203, 0, 0, 0, 71, 1, 0.02, 0.021, 103.937, 99.006, 100, 0, 0, 141, 32.018, 31.518, 100, 4.429, 0, 115.053, 0, 0, 116.018, 94.202, 0, 0, 0, 0, 
3.6, 22.73, 100.529, 63.05, 63.693, , 14.864, 0.972, 362.193, 362.193, 4.829, 355.77, 355.77, 355.77, 51.931, 69.306, 34.7, 36.823, 7.377, 11.655, 0, 0, 87.118, 89.636, 87.118, 89.636, 1, 94.49, 94.49, 0.025, 0.135, 93.256, 95.954, 93.256, 95.954, 6.341, 7.377, 11.655, , , 1, 3.701, 0, 0, 12.5, 4.829, 203, 0, 0, 0, 71, 20.422, 20.587, 103.75, 99.024, 100, 0, 0, 32.07, 31.57, 100, 4.424, 115.209, 0, 0, 116.07, 95.298, 0, 0, 0, 0, 0, 13.972, 0, 12.5, 0, 4.829, 203, 0, 0, 0, 71, 1, 0.02, 0.021, 103.75, 98.89, 100, 0, 0, 141, 32.07, 31.57, 100, 4.424, 0, 115.209, 0, 0, 116.07, 95.298, 0, 0, 0, 0, 
3.65, 22.73, 100.528, 63.05, 63.694, , 14.801, 0.972, 368.931, 368.931, 4.89, 354.302, 354.302, 354.302, 51.981, 67.963, 34.7, 37.471, 7.378, 11.653, 0, 0, 87.42, 89.945, 87.42, 89.945, 1, 95.209, 95.209, 0.025, 0.135, 92.78, 95.464, 92.78, 95.464, 6.409, 7.378, 11.653, , , 1, 3.751, 0, 0, 12.5, 4.89, 203, 0, 0, 0, 71, 20.394, 20.548, 103.563, 98.871, 100, 0, 0, 32.121, 31.621, 100, 4.42, 115.364, 0, 0, 116.121, 96.393, 0, 0, 0, 0, 0, 13.951, 0, 12.5, 0, 4.89, 203, 0, 0, 0, 71, 1, 0.02, 0.021, 103.563, 98.774, 100, 0, 0, 141, 32.121, 31.621, 100, 4.42, 0, 115.364, 0, 0, 116.121, 96.393, 0, 0, 0, 0, 
3.7, 22.73, 100.528, 63.05, 63.696, , 14.732, 0.972, 375.798, 375.798, 4.951, 352.696, 352.696, 352.696, 52.034, 61.516, 34.7, 38.119, 7.378, 11.652, 0, 0, 87.683, 90.215, 87.683, 90.215, 1, 95.939, 95.939, 0.025, 0.134, 92.266, 94.934, 92.266, 94.934, 6.477, 7.378, 11.652, , , 1, 3.8, 0, 0, 12.5, 4.951, 203, 0, 0, 0, 71, 20.366, 20.508, 103.376, 98.717, 100, 0, 0, 32.173, 31.673, 100, 4.416, 115.52, 0, 0, 116.173, 97.489, 0, 0, 0, 0, 0, 13.931, 0, 12.5, 0, 4.951, 203, 0, 0, 0, 71, 1, 0.02, 0.02, 103.376, 98.659, 100, 0, 0, 141, 32.173, 31.673, 100, 4.416, 0, 115.52, 0, 0, 116.173, 97.489, 0, 0, 0, 0, 
3.75, 22.73, 100.527, 63.05, 63.697, , 14.674, 0.972, 382.803, 382.803, 5.013, 351.347, 351.347, 351.347, 52.089, 55.069, 34.674, 37.73, 7.379, 11.652, 0, 0, 88.013, 90.554, 88.013, 90.554, 1, 96.663, 96.663, 0.025, 0.134, 91.815, 94.469, 91.815, 94.469, 6.546, 7.379, 11.652, , , 1, 3.851, 0, 0, 12.5, 5.013, 203, 0, 0, 0, 71, 20.338, 20.469, 103.19, 98.564, 100, 0, 0, 32.225, 31.725, 100, 4.412, 115.675, 0, 0, 116.225, 98.584, 0, 0, 0, 0, 0, 13.91, 0, 12.5, 0, 5.013, 203, 0, 0, 0, 71, 1, 0.02, 0.02, 103.19, 98.543, 100, 0, 0, 141, 32.225, 31.725, 100, 4.412, 0, 115.675, 0, 0, 116.225, 98.584, 0, 0, 0, 0, 
3.8, 22.73, 100.527, 63.05, 63.699, , 14.593, 0.972, 389.804, 389.804, 5.064, 349.445, 349.445, 349.445, 52.133, 59.316, 34.638, 36.938, 7.379, 11.647, 0, 0, 88.189, 90.735, 88.189, 90.735, 1, 97.377, 97.377, 0.025, 0.134, 91.235, 93.873, 91.235, 93.873, 6.618, 7.379, 11.647, , , 1, 3.901, 0, 0, 12.5, 5.064, 203, 0, 0, 0, 71, 20.301, 20.421, 102.982, 98.393, 100, 0, 0, 32.348, 31.75, 100, 4.41, 115.815, 0, 0, 116.283, 99.516, 0, 0, 0, 0, 0, 13.9, 0, 12.5, 0, 5.064, 203, 0, 0, 0, 71, 1, 0.02, 0.02, 102.982, 98.39, 100, 0, 0, 141, 32.348, 31.75, 100, 4.41, 0, 115.815, 0, 0, 116.283, 99.516, 0, 0, 0, 0, 
3.85, 22.73, 100.527, 63.05, 63.7, , 14.514, 0.972, 396.813, 396.813, 5.106, 347.597, 347.597, 347.597, 52.167, 68.35, 34.602, 36.146, 7.38, 11.636, 0, 0, 88.371, 90.922, 88.371, 90.922, 1, 98.097, 98.097, 0.025, 0.134, 90.697, 93.319, 90.697, 93.319, 6.69, 7.38, 11.636, , , 1, 3.951, 0, 0, 12.5, 5.106, 203, 0, 0, 0, 71, 20.256, 20.364, 102.756, 98.207, 100, 0, 0, 32.536, 31.75, 100, 4.41, 115.941, 0, 0, 116.345, 100.296, 0, 0, 0, 0, 0, 13.9, 0, 12.5, 0, 5.106, 203, 0, 0, 0, 71, 1, 0.02, 0.02, 102.756, 98.205, 100, 0, 0, 141, 32.536, 31.75, 100, 4.41, 0, 115.941, 0, 0, 116.345, 100.296, 0, 0, 0, 0, 
3.9, 22.73, 100.526, 63.05, 63.7, , 14.415, 0.972, 403.955, 403.955, 5.148, 345.277, 345.277, 345.277, 52.187, 69.184, 34.566, 35.354, 7.38, 11.622, 0, 0, 88.416, 90.969, 88.416, 90.969, 1, 98.807, 98.807, 0.025, 0.134, 90.056, 92.66, 90.056, 92.66, 6.763, 7.38, 11.622, , , 1, 4.001, 0, 0, 12.5, 5.148, 203, 0, 0, 0, 71, 20.211, 20.308, 102.53, 98.021, 100, 0, 0, 32.725, 31.75, 100, 4.41, 116.067, 0, 0, 116.408, 101.076, 0, 0, 0, 0, 0, 13.9, 0, 12.5, 0, 5.148, 203, 0, 0, 0, 71, 1, 0.02, 0.02, 102.53, 98.02, 100, 0, 0, 141, 32.725, 31.75, 100, 4.41, 0, 116.067, 0, 0, 116.408, 101.076, 0, 0, 0, 0, 
3.95, 22.73, 100.526, 63.05, 63.7, , 14.361, 0.972, 411.031, 411.031, 5.191, 344.024, 344.024, 344.024, 52.196, 70.017, 34.53, 34.562, 7.38, 11.606, 0, 0, 88.723, 91.285, 88.723, 91.285, 1, 99.523, 99.523, 0.025, 0.134, 89.719, 92.312, 89.719, 92.312, 6.835, 7.38, 11.606, , , 1, 4.051, 0, 0, 12.5, 5.191, 203, 0, 0, 0, 71, 20.166, 20.251, 102.304, 97.836, 100, 0, 0, 32.913, 31.75, 100, 4.41, 116.192, 0, 0, 116.471, 101.856, 0, 0, 0, 0, 0, 13.9, 0, 12.5, 0, 5.191, 203, 0, 0, 0, 71, 1, 0.02, 0.02, 102.304, 97.835, 100, 0, 0, 141, 32.913, 31.75, 100, 4.41, 0, 116.192, 0, 0, 116.471, 101.856, 0, 0, 0, 0, 
4, 22.73, 100.526, 63.05, 63.7, , 14.284, 0.972, 418.257, 418.257, 5.23, 342.207, 342.207, 342.207, 52.189, 70.851, 34.52, 34.365, 7.38, 11.586, 0, 0, 88.881, 91.449, 88.881, 91.449, 1, 100.223, 100.223, 0.025, 0.134, 89.258, 91.838, 89.258, 91.838, 6.868, 7.38, 11.586, , , 1, 4.101, 0, 0, 12.5, 5.23, 203, 0, 0, 0, 71, 20.122, 20.202, 102.09, 97.682, 100, 0, 0, 33.092, 31.781, 100, 4.41, 116.311, 0, 0, 116.531, 102.595, 0, 0, 0, 0, 0, 13.9, 0, 12.5, 0, 5.23, 203, 0, 0, 0, 71, 1, 0.02, 0.02, 102.09, 97.682, 100, 0, 0, 141, 33.092, 31.781, 100, 4.41, 0, 116.311, 0, 0, 116.531, 102.595, 0, 0, 0, 0, 
4.05, 22.73, 100.525, 63.05, 63.7, , 14.183, 0.972, 425.554, 425.554, 5.267, 339.846, 339.846, 339.846, 52.175, 71.685, 34.52, 34.4, 7.381, 11.56, 0, 0, 88.888, 91.456, 88.888, 91.456, 1, 100.927, 100.927, 0.025, 0.134, 88.665, 91.228, 88.665, 91.228, 6.889, 7.381, 11.56, , , 1, 4.151, 0, 0, 12.5, 5.267, 203, 0, 0, 0, 71, 20.081, 20.159, 101.886, 97.557, 100, 0, 0, 33.261, 31.837, 100, 4.41, 116.424, 0, 0, 116.587, 103.299, 0, 0, 0, 0, 0, 13.9, 0, 12.5, 0, 5.267, 203, 0, 0, 0, 71, 1, 0.02, 0.02, 101.886, 97.557, 100, 0, 0, 141, 33.261, 31.837, 100, 4.41, 0, 116.424, 0, 0, 116.587, 103.299, 0, 0, 0, 0, 
4.1, 22.73, 100.525, 63.05, 63.7, , 14.116, 0.972, 432.85, 432.85, 5.304, 338.278, 338.278, 338.278, 52.161, 72.518, 34.52, 34.435, 7.382, 11.537, 0, 0, 89.092, 91.665, 89.092, 91.665, 1, 101.622, 101.622, 0.025, 0.134, 88.279, 90.831, 88.279, 90.831, 6.91, 7.382, 11.537, , , 1, 4.2, 0, 0, 12.5, 5.304, 203, 0, 0, 0, 71, 20.039, 20.116, 101.683, 97.431, 100, 0, 0, 33.431, 31.894, 100, 4.41, 116.537, 0, 0, 116.644, 104.002, 0, 0, 0, 0, 0, 13.9, 0, 12.5, 0, 5.304, 203, 0, 0, 0, 71, 1, 0.02, 0.02, 101.683, 97.431, 100, 0, 0, 141, 33.431, 31.894, 100, 4.41, 0, 116.537, 0, 0, 116.644, 104.002, 0, 0, 0, 0, 
4.15, 22.73, 100.524, 63.05, 63.7, , 14.056, 0.972, 440.147, 440.147, 5.341, 336.879, 336.879, 336.879, 52.146, 73.352, 34.52, 34.469, 7.383, 11.518, 0, 0, 89.322, 91.902, 89.322, 91.902, 1, 102.309, 102.309, 0.025, 0.135, 87.938, 90.479, 87.938, 90.479, 6.932, 7.383, 11.518, , , 1, 4.251, 0, 0, 12.5, 5.341, 203, 0, 0, 0, 71, 19.997, 20.073, 101.479, 97.305, 100, 0, 0, 33.601, 31.95, 100, 4.41, 116.65, 0, 0, 116.7, 104.706, 0, 0, 0, 0, 0, 13.9, 0, 12.5, 0, 5.341, 203, 0, 0, 0, 71, 1, 0.02, 0.02, 101.479, 97.305, 100, 0, 0, 141, 33.601, 31.95, 100, 4.41, 0, 116.65, 0, 0, 116.7, 104.706, 0, 0, 0, 0, 
4.2, 22.73, 100.524, 63.05, 63.7, , 13.943, 0.972, 447.591, 447.591, 5.377, 334.224, 334.224, 334.224, 52.13, 74.185, 34.52, 34.504, 7.384, 11.5, 0, 0, 89.221, 91.799, 89.221, 91.799, 1, 103, 103, 0.025, 0.135, 87.269, 89.792, 87.269, 89.792, 6.943, 7.384, 11.5, , , 1, 4.301, 0, 0, 12.5, 5.377, 203, 0, 0, 0, 71, 19.944, 20.02, 101.255, 97.172, 100, 0, 0, 33.763, 32.006, 100, 4.41, 116.681, 0, 0, 116.681, 105.403, 0, 0, 0, 0, 0, 13.9, 0, 12.5, 0, 5.377, 203, 0, 0, 0, 71, 1, 0.02, 0.02, 101.255, 97.172, 100, 0, 0, 141, 33.763, 32.006, 100, 4.41, 0, 116.681, 0, 0, 116.681, 105.403, 0, 0, 0, 0, 
4.25, 22.73, 100.524, 63.05, 63.7, , 13.848, 0.972, 455.024, 455.024, 5.413, 331.991, 331.991, 331.991, 52.12, 75.019, 34.621, 34.601, 7.384, 11.485, 0, 0, 89.212, 91.79, 89.212, 91.79, 1, 103.691, 103.691, 0.025, 0.135, 86.706, 89.213, 86.706, 89.213, 6.947, 7.384, 11.485, , , 1, 4.35, 0, 0, 12.5, 5.413, 203, 0, 0, 0, 71, 19.812, 19.896, 100.878, 96.979, 100, 0, 0, 33.867, 32.059, 100, 4.41, 116.106, 0, 0, 116.106, 106.053, 0, 0, 0, 0, 0, 13.9, 0, 12.5, 0, 5.413, 203, 0, 0, 0, 71, 1, 0.02, 0.02, 100.878, 96.979, 100, 0, 0, 141, 33.867, 32.059, 100, 4.41, 0, 116.106, 0, 0, 116.106, 106.053, 0, 0, 0, 0, 
4.3, 22.73, 100.523, 63.05, 63.7, , 13.805, 0.972, 462.557, 462.557, 5.448, 330.99, 330.99, 330.99, 52.116, 75.853, 34.808, 34.75, 7.384, 11.475, 0, 0, 89.528, 92.115, 89.528, 92.115, 1, 104.373, 104.373, 0.025, 0.135, 86.449, 88.949, 86.449, 88.949, 6.951, 7.384, 11.475, , , 1, 4.4, 0, 0, 12.5, 5.448, 203, 0, 0, 0, 71, 19.681, 19.771, 100.502, 96.787, 100, 0, 0, 33.972, 32.111, 100, 4.41, 115.53, 0, 0, 115.53, 106.702, 0, 0, 0, 0, 0, 13.9, 0, 12.5, 0, 5.448, 203, 0, 0, 0, 71, 1, 0.02, 0.02, 100.502, 96.787, 100, 0, 0, 141, 33.972, 32.111, 100, 4.41, 0, 115.53, 0, 0, 115.53, 106.702, 0, 0, 0, 0, 
4.35, 22.73, 100.523, 63.05, 63.7, , 13.699, 0.972, 470.089, 470.089, 5.484, 328.506, 328.506, 328.506, 52.121, 76.686, 34.994, 34.899, 7.382, 11.474, 0, 0, 89.429, 92.015, 89.429, 92.015, 1, 105.048, 105.048, 0.025, 0.136, 85.796, 88.275, 85.796, 88.275, 6.955, 7.382, 11.474, , , 1, 4.451, 0, 0, 12.5, 5.484, 203, 0, 0, 0, 71, 19.549, 19.647, 100.125, 96.594, 100, 0, 0, 34.076, 32.163, 100, 4.41, 114.955, 0, 0, 114.955, 107.352, 0, 0, 0, 0, 0, 13.9, 0, 12.5, 0, 5.484, 203, 0, 0, 0, 71, 1, 0.02, 0.02, 100.125, 96.594, 100, 0, 0, 141, 34.076, 32.163, 100, 4.41, 0, 114.955, 0, 0, 114.955, 107.352, 0, 0, 0, 0, 
4.4, 22.73, 100.523, 63.05, 63.7, , 13.627, 0.972, 477.742, 477.742, 5.52, 326.819, 326.819, 326.819, 52.135, 77.52, 35.181, 35.049, 7.381, 11.478, 0, 0, 89.545, 92.133, 89.545, 92.133, 1, 105.779, 105.779, 0.025, 0.136, 85.335, 87.802, 85.335, 87.802, 6.991, 7.381, 11.478, , , 1, 4.501, 0, 0, 12.5, 5.52, 203, 0, 0, 0, 71, 19.417, 19.522, 99.749, 96.402, 100, 0, 0, 34.181, 32.215, 100, 4.41, 114.38, 0, 0, 114.38, 108.001, 0, 0, 0, 0, 0, 13.9, 0, 12.5, 0, 5.52, 203, 0, 0, 0, 71, 1, 0.02, 0.02, 99.749, 96.402, 100, 0, 0, 141, 34.181, 32.215, 100, 4.41, 0, 114.38, 0, 0, 114.38, 108.001, 0, 0, 0, 0, 
4.45, 22.73, 100.522, 63.05, 63.7, , 13.565, 0.972, 487.704, 487.704, 5.556, 325.4, 325.4, 325.4, 52.158, 78.353, 35.368, 35.198, 7.379, 11.491, 0, 0, 89.889, 92.486, 89.889, 92.486, 1, 106.588, 106.588, 0.025, 0.136, 84.924, 87.379, 84.924, 87.379, 7.051, 7.379, 11.491, , , 1, 4.55, 0, 0, 12.5, 5.556, 203, 0, 0, 0, 71, 19.231, 19.341, 99.433, 96.207, 100, 0, 0, 34.287, 32.287, 100, 4.41, 113.52, 0, 0, 113.538, 108.682, 0, 0, 0, 0, 0, 13.9, 0, 12.5, 0, 5.556, 203, 0, 0, 0, 71, 1, 0.019, 0.019, 99.433, 96.207, 100, 0, 0, 141, 34.287, 32.287, 100, 4.41, 0, 113.52, 0, 0, 113.538, 108.682, 0, 0, 0, 0, 
4.5, 22.73, 100.522, 63.05, 63.7, , 13.536, 0.972, 495.487, 495.487, 5.592, 324.718, 324.718, 324.718, 52.177, 79.187, 35.368, 35.266, 7.378, 11.512, 0, 0, 90.267, 92.875, 90.267, 92.875, 1, 107.261, 107.261, 0.025, 0.136, 84.715, 87.164, 84.715, 87.164, 7.111, 7.378, 11.512, , , 1, 4.6, 0, 0, 12.5, 5.592, 203, 0, 0, 0, 71, 18.941, 19.051, 99.238, 96.007, 100, 0, 0, 34.396, 32.396, 100, 4.41, 112.107, 0, 0, 112.179, 109.425, 0, 0, 0, 0, 0, 13.9, 0, 12.5, 0, 5.592, 203, 0, 0, 0, 71, 1, 0.019, 0.019, 99.238, 96.007, 100, 0, 0, 141, 34.396, 32.396, 100, 4.41, 0, 112.107, 0, 0, 112.179, 109.425, 0, 0, 0, 0, 
4.55, 22.73, 100.521, 63.05, 63.7, , 13.457, 0.972, 503.271, 503.271, 5.629, 322.871, 322.871, 322.871, 52.194, 80.021, 35.296, 35.302, 7.377, 11.549, 0, 0, 90.313, 92.922, 90.313, 92.922, 1, 107.928, 107.928, 0.025, 0.136, 84.206, 86.64, 84.206, 86.64, 7.171, 7.377, 11.549, , , 1, 4.651, 0, 0, 12.5, 5.629, 203, 0, 0, 0, 71, 18.651, 18.761, 99.042, 95.807, 100, 0, 0, 34.504, 32.504, 100, 4.41, 110.693, 0, 0, 110.821, 110.167, 0, 0, 0, 0, 0, 13.9, 0, 12.5, 0, 5.629, 203, 0, 0, 0, 71, 1, 0.019, 0.019, 99.042, 95.807, 100, 0, 0, 141, 34.504, 32.504, 100, 4.41, 0, 110.693, 0, 0, 110.821, 110.167, 0, 0, 0, 0, 
4.6, 22.73, 100.521, 63.05, 63.7, , 13.432, 0.972, 511.054, 511.054, 5.666, 322.311, 322.311, 322.311, 52.208, 80.854, 35.224, 35.338, 7.377, 11.594, 0, 0, 90.702, 93.323, 90.702, 93.323, 1, 108.588, 108.588, 0.025, 0.135, 84.036, 86.466, 84.036, 86.466, 7.232, 7.377, 11.594, , , 1, 4.701, 0, 0, 12.5, 5.666, 203, 0, 0, 0, 71, 18.361, 18.471, 98.847, 95.607, 100, 0, 0, 34.613, 32.613, 100, 4.41, 109.28, 0, 0, 109.462, 110.91, 0, 0, 0, 0, 0, 13.9, 0, 12.5, 0, 5.666, 203, 0, 0, 0, 71, 1, 0.018, 0.018, 98.847, 95.607, 100, 0, 0, 141, 34.613, 32.613, 100, 4.41, 0, 109.28, 0, 0, 109.462, 110.91, 0, 0, 0, 0, 
4.65, 22.73, 100.521, 63.05, 63.7, , 13.38, 0.972, 518.853, 518.853, 5.703, 321.11, 321.11, 321.11, 52.22, 81.688, 35.152, 35.374, 7.377, 11.657, 0, 0, 90.909, 93.535, 90.909, 93.535, 1, 109.25, 109.25, 0.025, 0.135, 83.705, 86.125, 83.705, 86.125, 7.297, 7.377, 11.657, , , 1, 4.75, 0, 0, 12.5, 5.703, 203, 0, 0, 0, 71, 18.07, 18.18, 98.651, 95.407, 100, 0, 0, 34.722, 32.722, 100, 4.41, 107.867, 0, 0, 108.103, 111.652, 0, 0, 0, 0, 0, 13.9, 0, 12.5, 0, 5.703, 203, 0, 0, 0, 71, 1, 0.018, 0.018, 98.651, 95.407, 100, 0, 0, 141, 34.722, 32.722, 100, 4.41, 0, 107.867, 0, 0, 108.103, 111.652, 0, 0, 0, 0, 
4.7, 22.73, 100.52, 63.05, 63.7, , 13.333, 0.972, 526.776, 526.776, 5.726, 320.019, 320.019, 320.019, 52.224, 82.522, 35.08, 35.41, 7.377, 11.73, 0, 0, 91.147, 93.78, 91.147, 93.78, 1, 109.905, 109.905, 0.025, 0.135, 83.415, 85.827, 83.415, 85.827, 7.362, 7.377, 11.73, , , 1, 4.801, 0, 0, 12.5, 5.726, 203, 0, 0, 0, 71, 17.882, 17.998, 98.6, 95.325, 100, 0, 0, 34.79, 32.79, 100, 4.41, 106.937, 0, 0, 107.227, 112.145, 0, 0, 0, 0, 0, 13.9, 0, 12.5, 0, 5.726, 203, 0, 0, 0, 71, 1, 0.018, 0.018, 98.6, 95.325, 100, 0, 0, 141, 34.79, 32.79, 100, 4.41, 0, 106.937, 0, 0, 107.227, 112.145, 0, 0, 0, 0, 
4.75, 22.73, 100.52, 63.05, 63.7, , 13.261, 0.972, 534.795, 534.795, 5.744, 318.324, 318.324, 318.324, 52.219, 83.355, 35.216, 35.679, 7.377, 11.833, 0, 0, 91.207, 93.843, 91.207, 93.843, 1, 110.554, 110.554, 0.025, 0.135, 82.981, 85.381, 82.981, 85.381, 7.428, 7.377, 11.833, , , 1, 4.851, 0, 0, 12.5, 5.744, 203, 0, 0, 0, 71, 17.728, 17.853, 98.6, 95.285, 100, 0, 0, 34.845, 32.845, 100, 4.41, 106.176, 0, 0, 106.521, 112.55, 0, 0, 0, 0, 0, 13.9, 0, 12.5, 0, 5.744, 203, 0, 0, 0, 71, 1, 0.018, 0.018, 98.6, 95.285, 100, 0, 0, 141, 34.845, 32.845, 100, 4.41, 0, 106.176, 0, 0, 106.521, 112.55, 0, 0, 0, 0, 
4.8, 22.73, 100.521, 63.05, 63.7, , 13.193, 0.972, 542.847, 542.847, 5.762, 316.749, 316.749, 316.749, 52.204, 84.189, 35.432, 36.039, 7.377, 11.942, 0, 0, 91.294, 93.933, 91.294, 93.933, 1, 111.208, 111.208, 0.025, 0.135, 82.593, 84.981, 82.593, 84.981, 7.485, 7.377, 11.942, , , 1, 4.9, 0, 0, 12.5, 5.762, 203, 0, 0, 0, 71, 17.575, 17.709, 98.6, 95.245, 100, 0, 0, 34.899, 32.899, 100, 4.41, 105.415, 0, 0, 105.814, 112.956, 0, 0, 0, 0, 0, 13.9, 0, 12.5, 0, 5.762, 203, 0, 0, 0, 71, 1, 0.017, 0.017, 98.6, 95.245, 100, 0, 0, 141, 34.899, 32.899, 100, 4.41, 0, 105.415, 0, 0, 105.814, 112.956, 0, 0, 0, 0, 
4.85, 22.73, 100.521, 63.05, 63.7, , 13.134, 0.972, 550.899, 550.899, 5.78, 315.358, 315.358, 315.358, 52.182, 85.022, 35.648, 36.399, 7.377, 12.072, 0, 0, 91.423, 94.065, 91.423, 94.065, 1, 111.856, 111.856, 0.024, 0.135, 82.265, 84.643, 82.265, 84.643, 7.515, 7.377, 12.072, , , 1, 4.95, 0, 0, 12.5, 5.78, 203, 0, 0, 0, 71, 17.422, 17.564, 98.6, 95.205, 100, 0, 0, 34.953, 32.953, 100, 4.41, 104.654, 0, 0, 105.108, 113.361, 0, 0, 0, 0, 0, 13.9, 0, 12.5, 0, 5.78, 203, 0, 0, 0, 71, 1, 0.017, 0.017, 98.6, 95.205, 100, 0, 0, 141, 34.953, 32.953, 100, 4.41, 0, 104.654, 0, 0, 105.108, 113.361, 0, 0, 0, 0, 
4.9, 22.73, 100.521, 63.05, 63.7, , 13.047, 0.972, 558.951, 558.951, 5.802, 313.326, 313.326, 313.326, 52.151, 85.856, 35.864, 36.759, 7.377, 12.206, 0, 0, 91.354, 93.995, 91.354, 93.995, 1, 112.51, 112.51, 0.024, 0.135, 81.782, 84.146, 81.782, 84.146, 7.546, 7.377, 12.206, , , 1, 5, 0, 0, 12.5, 5.802, 203, 0, 0, 0, 71, 17.041, 17.398, 98.576, 95.115, 100, 0, 0, 35.034, 33.034, 100, 4.41, 103.758, 0, 0, 104.258, 113.827, 0, 0, 0, 0, 0, 13.9, 0, 12.5, 0, 5.802, 203, 0, 0, 0, 71, 1, 0.017, 0.017, 98.576, 95.115, 100, 0, 0, 141, 35.034, 33.034, 100, 4.41, 0, 103.758, 0, 0, 104.258, 113.827, 0, 0, 0, 0, 
4.95, 22.73, 100.522, 63.05, 63.7, , 12.975, 0.972, 567.164, 567.164, 5.849, 311.632, 311.632, 311.632, 52.121, 86.69, 36.08, 37.119, 7.378, 12.356, 0, 0, 91.383, 94.024, 91.383, 94.024, 1, 113.144, 113.144, 0.024, 0.135, 81.386, 83.738, 81.386, 83.738, 7.577, 7.378, 12.356, , , 1, 5.051, 0, 0, 12.5, 5.849, 203, 0, 0, 0, 71, 15.263, 17.098, 98.403, 94.725, 100, 0, 0, 35.274, 33.274, 100, 4.412, 102.027, 0, 0, 102.527, 114.664, 0, 0, 0, 0, 0, 13.9, 0, 12.5, 0, 5.849, 203, 0, 0, 0, 71, 1, 0.015, 0.017, 98.403, 94.725, 100, 0, 0, 141, 35.274, 33.274, 100, 4.412, 0, 102.027, 0, 0, 102.527, 114.664, 0, 0, 0, 0, 
5, 22.73, 100.522, 63.05, 63.7, , 12.875, 0.972, 575.377, 575.377, 5.897, 309.285, 309.285, 309.285, 52.107, 87.523, 36.036, 37.013, 7.378, 12.502, 0, 0, 91.206, 93.841, 91.206, 93.841, 1, 113.79, 113.79, 0.024, 0.135, 80.798, 83.133, 80.798, 83.133, 7.607, 7.378, 12.502, , , 1, 5.101, 0, 0, 12.5, 5.897, 203, 0, 0, 0, 71, 13.485, 16.798, 98.23, 94.335, 100, 0, 0, 35.514, 33.514, 100, 4.414, 100.296, 0, 0, 100.796, 115.5, 0, 0, 0, 0, 0, 13.9, 0, 12.5, 0, 5.897, 203, 0, 0, 0, 71, 1, 0.013, 0.016, 98.23, 94.335, 100, 0, 0, 141, 35.514, 33.514, 100, 4.414, 0, 100.296, 0, 0, 100.796, 115.5, 0, 0, 0, 0, 
5.05, 22.73, 100.522, 63.05, 63.7, , 12.807, 0.972, 583.584, 583.584, 5.944, 307.711, 307.711, 307.711, 52.108, 88.357, 35.892, 36.725, 7.38, 12.635, 0, 0, 91.247, 93.882, 91.247, 93.882, 1, 114.419, 114.419, 0.024, 0.135, 80.387, 82.71, 80.387, 82.71, 7.627, 7.38, 12.635, , , 1, 5.15, 0, 0, 12.5, 5.944, 203, 0, 0, 0, 71, 11.707, 16.498, 98.057, 93.944, 100, 0, 0, 35.755, 33.755, 100, 4.416, 98.565, 0, 0, 99.065, 116.337, 0, 0, 0, 0, 0, 13.9, 0, 12.5, 0, 5.944, 203, 0, 0, 0, 71, 1, 0.012, 0.016, 98.057, 93.944, 100, 0, 0, 141, 35.755, 33.755, 100, 4.416, 0, 98.565, 0, 0, 99.065, 116.337, 0, 0, 0, 0, 
5.1, 22.73, 100.523, 63.05, 63.7, , 12.623, 0.972, 591.923, 591.923, 5.992, 303.364, 303.364, 303.364, 52.123, 89.19, 35.748, 36.437, 7.381, 12.767, 0, 0, 90.445, 93.058, 90.445, 93.058, 1, 115.051, 115.051, 0.024, 0.135, 79.228, 81.517, 79.228, 81.517, 7.648, 7.381, 12.767, , , 1, 5.201, 0, 0, 12.5, 5.992, 203, 0, 0, 0, 71, 9.93, 16.198, 97.883, 93.554, 100, 0, 0, 35.995, 33.995, 100, 4.418, 96.835, 0, 0, 97.335, 117.173, 0, 0, 0, 0, 0, 13.9, 0, 12.5, 0, 5.992, 203, 0, 0, 0, 71, 1, 0.01, 0.016, 97.883, 93.554, 100, 0, 0, 141, 35.995, 33.995, 100, 4.418, 0, 96.835, 0, 0, 97.335, 117.173, 0, 0, 0, 0, 
5.15, 22.73, 100.523, 63.05, 63.7, , 11.299, 0.972, 600.263, 600.263, 6.04, 271.986, 271.986, 271.986, 52.166, 90.024, 35.604, 36.149, 7.383, 12.896, 0, 0, 81.42, 83.773, 81.42, 83.773, 1, 115.651, 115.651, 0.025, 0.135, 70.996, 73.048, 70.996, 73.048, 7.668, 7.383, 12.896, , , 1, 5.251, 0, 0, 12.5, 6.04, 203, 0, 0, 0, 71, 8.152, 15.898, 97.71, 93.163, 100, 0, 0, 36.236, 34.236, 100, 4.42, 95.104, 0, 0, 95.604, 118.01, 0, 0, 0, 0, 0, 13.9, 0, 12.5, 0, 6.04, 203, 0, 0, 0, 71, 1, 0.008, 0.016, 97.71, 93.163, 100, 0, 0, 141, 36.236, 34.236, 100, 4.42, 0, 95.104, 0, 0, 95.604, 118.01, 0, 0, 0, 0, 
5.2, 22.73, 100.524, 63.05, 63.7, , 9.336, 0.972, 608.657, 608.657, 6.062, 225.426, 225.426, 225.426, 52.242, 90.858, 35.46, 35.861, 7.384, 13.057, 0, 0, 67.714, 69.671, 67.714, 69.671, 1, 116.157, 116.157, 0.025, 0.136, 58.797, 60.498, 58.797, 60.498, 7.689, 7.384, 13.057, , , 1, 5.301, 0, 0, 12.5, 6.062, 203, 0, 0, 0, 71, 6.47, 15.806, 97.524, 92.851, 100, 0, 0, 36.299, 34.299, 100, 4.42, 94.364, 0, 0, 94.961, 118.303, 0, 0, 0, 0, 0, 13.9, 0, 12.5, 0, 6.062, 203, 0, 0, 0, 71, 1, 0.006, 0.016, 97.524, 92.851, 100, 0, 0, 141, 36.299, 34.299, 100, 4.42, 0, 94.364, 0, 0, 94.961, 118.303, 0, 0, 0, 0, 
5.25, 22.73, 100.524, 63.05, 63.7, , 7.485, 0.972, 617.108, 617.108, 6.084, 181.544, 181.544, 181.544, 52.303, 91.691, 35.368, 35.754, 7.384, 13.406, 0, 0, 54.722, 56.303, 54.722, 56.303, 1, 116.577, 116.577, 0.025, 0.136, 47.306, 48.675, 47.306, 48.675, 7.701, 7.384, 13.406, , , 1, 5.351, 0, 0, 12.5, 6.084, 203, 0, 0, 0, 71, 4.793, 15.726, 97.336, 92.544, 100, 0, 0, 36.351, 34.351, 100, 4.42, 93.686, 0, 0, 94.389, 118.561, 0, 0, 0, 0, 0, 13.9, 0, 12.5, 0, 6.084, 203, 0, 0, 0, 71, 1, 0.005, 0.016, 97.336, 92.544, 100, 0, 0, 141, 36.351, 34.351, 100, 4.42, 0, 93.686, 0, 0, 94.389, 118.561, 0, 0, 0, 0, 
5.3, 22.73, 100.524, 63.05, 63.7, , 5.598, 0.972, 625.607, 625.607, 6.105, 136.774, 136.774, 136.774, 52.349, 92.525, 35.296, 35.718, 7.384, 13.812, 0, 0, 41.37, 42.565, 41.37, 42.565, 1, 116.901, 116.901, 0.025, 0.136, 35.601, 36.631, 35.601, 36.631, 7.711, 7.384, 13.812, , , 1, 5.401, 0, 0, 12.5, 6.105, 203, 0, 0, 0, 71, 3.117, 15.647, 97.149, 92.237, 100, 0, 0, 36.403, 34.403, 100, 4.42, 93.009, 0, 0, 93.816, 118.82, 0, 0, 0, 0, 0, 13.9, 0, 12.5, 0, 6.105, 203, 0, 0, 0, 71, 1, 0.003, 0.016, 97.149, 92.237, 100, 0, 0, 141, 36.403, 34.403, 100, 4.42, 0, 93.009, 0, 0, 93.816, 118.82, 0, 0, 0, 0, 
5.35, 22.73, 100.525, 63.05, 63.7, , 3.899, 0.972, 634.119, 634.119, 6.126, 96.48, 96.48, 96.48, 52.377, 93.358, 35.224, 35.682, 7.382, 14.63, 0, 0, 29.277, 30.123, 29.277, 30.123, 1, 117.138, 117.138, 0.025, 0.136, 25.081, 25.807, 25.081, 25.807, 7.721, 7.382, 14.63, , , 1, 5.451, 0, 0, 12.5, 6.126, 203, 0, 0, 0, 71, 1.441, 15.568, 96.961, 91.929, 100, 0, 0, 36.455, 34.455, 100, 4.42, 92.332, 0, 0, 93.243, 119.078, 0, 0, 0, 0, 0, 13.9, 0, 12.5, 0, 6.126, 203, 0, 0, 0, 71, 1, 0.001, 0.016, 96.961, 91.929, 100, 0, 0, 141, 36.455, 34.455, 100, 4.42, 0, 92.332, 0, 0, 93.243, 119.078, 0, 0, 0, 0, 
5.4, 22.73, 100.525, 63.05, 63.7, , 3.379, 0.972, 642.73, 642.73, 6.144, 84.164, 84.164, 84.164, 52.374, 94.192, 35.152, 35.646, 7.381, 15.499, 0, 0, 25.592, 26.331, 25.592, 26.331, 1, 117.311, 117.311, 0.025, 0.136, 21.875, 22.508, 21.875, 22.508, 7.73, 7.381, 15.499, , , 1, 5.501, 0, 0, 12.5, 6.144, 203, 0, 0, 0, 71, 0, 15.501, 96.8, 91.637, 100, 0, 0, 36.5, 34.5, 100, 4.42, 91.742, 0, 0, 92.742, 119.3, 0, 0, 0, 0, 0, 13.9, 0, 12.5, 0, 6.144, 203, 0, 0, 0, 71, 1, 0, 0.016, 96.8, 91.637, 100, 0, 0, 141, 36.5, 34.5, 100, 4.42, 0, 91.742, 0, 0, 92.742, 119.3, 0, 0, 0, 0, 
5.45, 22.73, 100.525, 63.05, 63.7, , 3.254, 0.972, 651.205, 651.205, 6.146, 81.189, 81.189, 81.189, 52.329, 95.026, 35.08, 35.61, 7.379, 16.745, 0, 0, 24.716, 25.429, 24.716, 25.429, 1, 117.481, 117.481, 0.025, 0.136, 21.116, 21.725, 21.116, 21.725, 7.736, 7.379, 16.745, , , 1, 5.551, 0, 0, 12.5, 6.146, 203, 0, 0, 0, 71, 0, 15.51, 96.8, 91.436, 100, 0, 0, 36.5, 34.5, 100, 4.422, 91.688, 0, 0, 92.688, 119.3, 0, 0, 0, 0, 0, 13.9, 0, 12.5, 0, 6.146, 203, 0, 0, 0, 71, 1, 0, 0.016, 96.8, 91.436, 100, 0, 0, 141, 36.5, 34.5, 100, 4.422, 0, 91.688, 0, 0, 92.688, 119.3, 0, 0, 0, 0, 
5.5, 22.73, 100.526, 63.05, 63.7, , 2.618, 0.972, 659.853, 659.853, 6.149, 66.113, 66.113, 66.113, 52.283, 95.859, 35.216, 35.911, 7.378, 17.973, 0, 0, 20.144, 20.724, 20.144, 20.724, 1, 117.628, 117.628, 0.025, 0.136, 17.203, 17.699, 17.203, 17.699, 7.739, 7.378, 17.973, , , 1, 5.601, 0, 0, 12.5, 6.149, 203, 0, 0, 0, 71, 0, 15.519, 96.8, 91.235, 100, 0, 0, 36.5, 34.5, 100, 4.425, 91.634, 0, 0, 92.634, 119.3, 0, 0, 0, 0, 0, 13.9, 0, 12.5, 0, 6.149, 203, 0, 0, 0, 71, 1, 0, 0.016, 96.8, 91.235, 100, 0, 0, 141, 36.5, 34.5, 100, 4.425, 0, 91.634, 0, 0, 92.634, 119.3, 0, 0, 0, 0, 
5.55, 22.73, 100.526, 63.05, 63.7, , 1.428, 0.972, 668.502, 668.502, 6.151, 37.89, 37.89, 37.89, 52.244, 96.693, 35.432, 36.343, 7.378, 19.041, 0, 0, 11.549, 11.882, 11.549, 11.882, 1, 117.734, 117.734, 0.025, 0.136, 9.859, 10.143, 9.859, 10.143, 7.742, 7.378, 19.041, , , 1, 5.651, 0, 0, 12.5, 6.151, 203, 0, 0, 0, 71, 0, 15.527, 96.8, 91.034, 100, 0, 0, 36.5, 34.5, 100, 4.427, 91.579, 0, 0, 92.579, 119.3, 0, 0, 0, 0, 0, 13.9, 0, 12.5, 0, 6.151, 203, 0, 0, 0, 71, 1, 0, 0.016, 96.8, 91.034, 100, 0, 0, 141, 36.5, 34.5, 100, 4.427, 0, 91.579, 0, 0, 92.579, 119.3, 0, 0, 0, 0, 
5.6, 22.73, 100.527, 63.05, 63.7, , -0.92, 0.972, 677.15, 677.15, 6.153, -17.817, -17.817, -17.817, 52.235, 97.526, 35.648, 36.775, 7.377, 20.063, 0, 0, -5.421, -5.578, -5.421, -5.578, 1, 117.748, 117.748, 0.025, 0.135, -4.639, -4.773, -4.639, -4.773, 7.745, 7.377, 20.063, , , 1, 5.701, 0, 0, 12.5, 6.153, 203, 0, 0, 0, 71, 0, 15.536, 96.8, 90.832, 100, 0, 0, 36.5, 34.5, 100, 4.429, 91.525, 0, 0, 92.525, 119.3, 0, 0, 0, 0, 0, 13.9, 0, 12.5, 0, 6.153, 203, 0, 0, 0, 71, 1, 0, 0.016, 96.8, 90.832, 100, 0, 0, 141, 36.5, 34.5, 100, 4.429, 0, 91.525, 0, 0, 92.525, 119.3, 0, 0, 0, 0, 
5.65, 22.73, 100.527, 63.05, 63.7, , -2.974, 0.972, 685.625, 685.625, 6.153, -66.546, -66.546, -66.546, 52.265, 96.767, 35.864, 37.207, 7.377, 20.55, 0, 0, -20.244, -20.827, -20.244, -20.827, 1, 117.648, 117.648, 0.025, 0.135, -17.3, -17.8, -17.3, -17.8, 7.752, 7.377, 20.55, , , 1, 5.751, 0, 0.004, 12.5, 6.153, 203, 0, 0, 0, 70.46, 0.24, 14.104, 96.606, 84.524, 100, 0, 0, 36.338, 34.554, 90.82, 4.042, 92.256, 0, 0, 93.418, 119.032, 0, 0, 0, 0, 0, 13.911, 0.004, 12.5, 0, 6.153, 203, 0, 0, 0, 70.46, 1, 0, 0.014, 96.606, 84.524, 100, 0, 0, 141, 36.338, 34.554, 90.82, 4.042, 0, 92.256, 0, 0, 93.418, 119.032, 0, 0, 0, 0, 
5.7, 22.73, 100.527, 63.05, 63.7, , -4.577, 0.972, 694.274, 694.274, 6.151, -104.597, -104.597, -104.597, 52.315, 90.963, 36.08, 37.639, 7.377, 21.018, 0, 0, -31.798, -32.715, -31.798, -32.715, 1, 117.456, 117.456, 0.025, 0.135, -27.187, -27.971, -27.187, -27.971, 7.767, 7.377, 21.018, , , 1, 5.801, 0, 0.012, 12.5, 6.151, 203, 0, 0, 0, 69.46, 0.684, 11.444, 96.246, 73.012, 100, 0, 0, 36.038, 34.654, 73.82, 3.324, 93.656, 0, 0, 95.118, 118.536, 0, 0, 0, 0, 0, 13.931, 0.012, 12.5, 0, 6.151, 203, 0, 0, 0, 69.46, 1, 0.001, 0.012, 96.246, 73.012, 100, 0, 0, 141, 36.038, 34.654, 73.82, 3.324, 0, 93.656, 0, 0, 95.118, 118.536, 0, 0, 0, 0, 
5.75, 22.73, 100.528, 63.05, 63.7, , -5.697, 0.972, 702.922, 702.922, 6.149, -131.167, -131.167, -131.167, 52.362, 85.16, 35.933, 37.449, 7.377, 21.026, 0, 0, -39.832, -40.98, -39.832, -40.98, 1, 117.195, 117.195, 0.025, 0.135, -34.088, -35.073, -34.088, -35.073, 7.781, 7.377, 21.026, , , 1, 5.851, 0, 0.02, 12.5, 6.149, 203, 0, 0, 0, 68.46, 1.128, 8.784, 95.886, 61.5, 100, 0, 0, 35.738, 34.754, 56.82, 2.606, 95.056, 0, 0, 96.818, 118.04, 0, 0, 0, 0, 0, 13.951, 0.02, 12.5, 0, 6.149, 203, 0, 0, 0, 68.46, 1, 0.001, 0.009, 95.886, 61.5, 100, 0, 0, 141, 35.738, 34.754, 56.82, 2.606, 0, 95.056, 0, 0, 96.818, 118.04, 0, 0, 0, 0, 
5.8, 22.73, 100.528, 63.05, 63.7, , -6.156, 0.972, 711.571, 711.571, 6.148, -142.073, -142.073, -142.073, 52.396, 79.356, 35.645, 37.017, 7.377, 21.036, 0, 0, -43.067, -44.309, -43.067, -44.309, 1, 116.89, 116.89, 0.025, 0.134, -36.913, -37.979, -36.913, -37.979, 7.796, 7.377, 21.036, , , 1, 5.901, 0, 0.028, 12.5, 6.148, 203, 0, 0, 0, 67.46, 1.572, 6.124, 95.526, 49.988, 100, 0, 0, 35.438, 34.854, 39.82, 1.888, 96.456, 0, 0, 98.518, 117.544, 0, 0, 0, 0, 0, 13.971, 0.028, 12.5, 0, 6.148, 203, 0, 0, 0, 67.46, 1, 0.001, 0.006, 95.526, 49.988, 100, 0, 0, 141, 35.438, 34.854, 39.82, 1.888, 0, 96.456, 0, 0, 98.518, 117.544, 0, 0, 0, 0, 
5.85, 22.73, 100.529, 63.05, 63.7, , -5.692, 0.972, 720.218, 720.218, 6.146, -131.08, -131.08, -131.08, 52.396, 73.552, 35.357, 36.585, 7.378, 21.104, 0, 0, -39.619, -40.763, -39.619, -40.763, 1, 116.595, 116.595, 0.025, 0.134, -34.052, -35.036, -34.052, -35.036, 7.81, 7.378, 21.104, , , 1, 5.951, 0, 0.036, 12.5, 6.146, 203, 0, 0, 0, 66.46, 2.016, 3.464, 95.166, 38.476, 100, 0, 0, 35.138, 34.954, 22.82, 1.17, 97.856, 0, 0, 100.218, 117.048, 0, 0, 0, 0, 0, 13.991, 0.036, 12.5, 0, 6.146, 203, 0, 0, 0, 66.46, 1, 0.002, 0.003, 95.166, 38.476, 100, 0, 0, 141, 35.138, 34.954, 22.82, 1.17, 0, 97.856, 0, 0, 100.218, 117.048, 0, 0, 0, 0, 
5.9, 22.73, 100.529, 63.05, 63.7, , -5.469, 0.972, 728.854, 728.854, 6.131, -125.804, -125.804, -125.804, 52.357, 67.749, 35.069, 36.153, 7.378, 21.172, 0, 0, -37.923, -39.017, -37.923, -39.017, 1, 116.315, 116.315, 0.025, 0.134, -32.708, -33.653, -32.708, -33.653, 7.822, 7.378, 21.172, , , 1, 6.001, 0, 0.036, 12.5, 6.131, 203, 0, 0, 0, 63.923, 2.108, 2.126, 95, 31.053, 100, 0, 0, 34.481, 34.481, 13.442, 0.81, 98.656, 0, 0, 101.208, 116.659, 0, 0, 0, 0, 0, 14, 0.036, 12.5, 0, 6.131, 203, 0, 0, 0, 63.923, 1, 0.002, 0.002, 95, 31.053, 100, 0, 0, 141, 34.481, 34.481, 13.442, 0.81, 0, 98.656, 0, 0, 101.208, 116.659, 0, 0, 0, 0, 
5.95, 22.73, 100.529, 63.05, 63.7, , -5.43, 0.972, 737.341, 737.341, 6.105, -124.878, -124.878, -124.878, 52.313, 61.945, 34.781, 35.721, 7.379, 21.417, 0, 0, -37.557, -38.64, -37.557, -38.64, 1, 116.039, 116.039, 0.025, 0.134, -32.495, -33.434, -32.495, -33.434, 7.835, 7.379, 21.417, , , 1, 6.05, 0, 0.028, 12.5, 6.105, 203, 0, 0, 0, 60.077, 1.9, 1.914, 95, 27.115, 100, 0, 0, 33.519, 33.519, 10.558, 0.754, 98.944, 0, 0, 101.592, 116.359, 0, 0, 0, 0, 0, 14, 0.028, 12.5, 0, 6.105, 203, 0, 0, 0, 60.077, 1, 0.002, 0.002, 95, 27.115, 100, 0, 0, 141, 33.519, 33.519, 10.558, 0.754, 0, 98.944, 0, 0, 101.592, 116.359, 0, 0, 0, 0, 
6, 22.73, 100.53, 63.05, 63.7, , -5.356, 0.972, 745.866, 745.866, 6.079, -123.143, -123.143, -123.143, 52.281, 56.141, 34.674, 35.574, 7.379, 21.663, 0, 0, -36.953, -38.018, -36.953, -38.018, 1, 115.767, 115.767, 0.025, 0.134, -32.062, -32.989, -32.062, -32.989, 7.848, 7.379, 21.663, , , 1, 6.101, 0, 0.02, 12.5, 6.079, 203, 0, 0, 0, 56.231, 1.692, 1.703, 95, 23.176, 100, 0, 0, 32.558, 32.558, 7.673, 0.698, 99.233, 0, 0, 101.977, 116.06, 0, 0, 0, 0, 0, 14, 0.02, 12.5, 0, 6.079, 203, 0, 0, 0, 56.231, 1, 0.002, 0.002, 95, 23.176, 100, 0, 0, 141, 32.558, 32.558, 7.673, 0.698, 0, 99.233, 0, 0, 101.977, 116.06, 0, 0, 0, 0, 
6.05, 22.73, , , 63.7, , -5.327, , 754.372, 754.372, 6.053, -122.454, -122.454, -122.454, 52.262, 50.338, 34.638, 35.538, 7.381, 21.803, 0, 0, -36.662, -37.719, -36.662, -37.719, 1, 115.5, 115.5, 0.025, 0.134, -31.895, -32.817, -31.895, -32.817, 7.866, 7.381, 21.803, , , 1, 6.151, 0, 0.013, 12.5, 6.053, 203, 0, 0, 0, 52.385, 1.485, 1.491, 95, 19.238, 100, 0, 0, 31.596, 31.596, 4.788, 0.643, 99.521, 0, 0, 102.362, 115.761, 0, 0, 0, 0, 0, 14, 0.013, 12.5, 0, 6.053, 203, 0, 0, 0, 52.385, 1, 0.001, 0.001, 95, 19.238, 100, 0, 0, 141, 31.596, 31.596, 4.788, 0.643, 0, 99.521, 0, 0, 102.362, 115.761, 0, 0, 0, 0, 
6.1, 22.73, , , 63.7, , -5.307, , 762.878, 762.878, 6.027, -121.994, -121.994, -121.994, 52.254, 44.534, 34.602, 35.502, 7.382, 21.941, 0, 0, -36.438, -37.487, -36.438, -37.487, 1, 115.233, 115.233, 0.025, 0.134, -31.78, -32.698, -31.78, -32.698, 7.897, 7.382, 21.941, , , 1, 6.2, 0, 0.005, 12.5, 6.027, 203, 0, 0, 0, 48.538, 1.277, 1.28, 95, 15.299, 100, 0, 0, 30.635, 30.635, 1.904, 0.587, 99.81, 0, 0, 102.746, 115.462, 0, 0, 0, 0, 0, 14, 0.005, 12.5, 0, 6.027, 203, 0, 0, 0, 48.538, 1, 0.001, 0.001, 95, 15.299, 100, 0, 0, 141, 30.635, 30.635, 1.904, 0.587, 0, 99.81, 0, 0, 102.746, 115.462, 0, 0, 0, 0, 
6.15, 22.73, , , 63.7, , -5.317, , 771.384, 771.384, 6.008, -122.253, -122.253, -122.253, 52.259, 38.73, 34.566, 35.466, 7.383, 21.784, 0, 0, -36.426, -37.475, -36.426, -37.475, 1, 114.966, 114.966, 0.025, 0.134, -31.844, -32.763, -31.844, -32.763, 7.927, 7.383, 21.784, , , 1, 6.251, 0, 0, 12.5, 6.008, 203, 0, 0, 0, 45.646, 1.059, 1.059, 95, 12.635, 100, 0, 0, 29.646, 29.646, 0, 0.55, 100.035, 0, 0, 103.035, 115.199, 0, 0, 0, 0, 0, 14, 0, 12.5, 0, 6.008, 203, 0, 0, 0, 45.646, 1, 0.001, 0.001, 95, 12.635, 100, 0, 0, 141, 29.646, 29.646, 0, 0.55, 0, 100.035, 0, 0, 103.035, 115.199, 0, 0, 0, 0, 
6.2, 22.73, , , 63.7, , -5.386, , 779.89, 779.89, 6.002, -123.887, -123.887, -123.887, 52.267, 32.927, 34.53, 35.43, 7.384, 21.614, 0, 0, -36.822, -37.884, -36.822, -37.884, 1, 114.699, 114.699, 0.025, 0.134, -32.263, -33.196, -32.263, -33.196, 7.957, 7.384, 21.614, , , 1, 6.301, 0, 0, 12.5, 6.002, 203, 0, 0, 0, 44.604, 0.822, 0.822, 95, 12.443, 100, 0, 0, 28.604, 28.604, 0, 0.55, 100.14, 0, 0, 103.14, 115.004, 0, 0, 0, 0, 0, 14, 0, 12.5, 0, 6.002, 203, 0, 0, 0, 44.604, 1, 0.001, 0.001, 95, 12.443, 100, 0, 0, 141, 28.604, 28.604, 0, 0.55, 0, 100.14, 0, 0, 103.14, 115.004, 0, 0, 0, 0, 
6.25, 22.73, , , 63.7, , -5.505, , 788.229, 788.229, 5.995, -126.734, -126.734, -126.734, 52.272, 27.123, 34.597, 35.42, 7.385, 21.2, 0, 0, -37.582, -38.667, -37.582, -38.667, 1, 114.426, 114.426, 0.025, 0.135, -33.003, -33.956, -33.003, -33.956, 7.99, 7.385, 21.2, , , 1, 6.351, 0, 0, 12.5, 5.995, 203, 0, 0, 0, 43.562, 0.584, 0.584, 95, 12.252, 100, 0, 0, 27.562, 27.562, 0, 0.55, 100.244, 0, 0, 103.244, 114.809, 0, 0, 0, 0, 0, 14, 0, 12.5, 0, 5.995, 203, 0, 0, 0, 43.562, 1, 0.001, 0.001, 95, 12.252, 100, 0, 0, 141, 27.562, 27.562, 0, 0.55, 0, 100.244, 0, 0, 103.244, 114.809, 0, 0, 0, 0, 
6.3, 22.73, , , 63.7, , -5.565, , 796.736, 796.736, 5.989, -128.167, -128.167, -128.167, 52.272, 21.319, 34.705, 35.42, 7.386, 20.766, 0, 0, -37.915, -39.01, -37.915, -39.01, 1, 114.144, 114.144, 0.025, 0.135, -33.375, -34.341, -33.375, -34.341, 8.089, 7.386, 20.766, , , 1, 6.401, 0, 0, 12.5, 5.989, 203, 0, 0, 0, 42.521, 0.347, 0.347, 95, 12.06, 100, 0, 0, 26.521, 26.521, 0, 0.55, 100.348, 0, 0, 103.348, 114.614, 0, 0, 0, 0, 0, 14, 0, 12.5, 0, 5.989, 203, 0, 0, 0, 42.521, 1, 0, 0, 95, 12.06, 100, 0, 0, 141, 26.521, 26.521, 0, 0.55, 0, 100.348, 0, 0, 103.348, 114.614, 0, 0, 0, 0, 
6.35, 22.73, , , 63.7, , -5.593, , 805.075, 805.075, 5.983, -128.846, -128.846, -128.846, 52.268, 15.515, 34.813, 35.42, 7.385, 20.455, 0, 0, -38.024, -39.123, -38.024, -39.123, 1, 113.866, 113.866, 0.025, 0.135, -33.555, -34.527, -33.555, -34.527, 8.188, 7.385, 20.455, , , 1, 6.451, 0, 0, 12.5, 5.983, 203, 0, 0, 0, 41.479, 0.109, 0.109, 95, 11.868, 100, 0, 0, 25.479, 25.479, 0, 0.55, 100.452, 0, 0, 103.452, 114.42, 0, 0, 0, 0, 0, 14, 0, 12.5, 0, 5.983, 203, 0, 0, 0, 41.479, 1, 0, 0, 95, 11.868, 100, 0, 0, 141, 25.479, 25.479, 0, 0.55, 0, 100.452, 0, 0, 103.452, 114.42, 0, 0, 0, 0, 
6.4, 22.73, , , 63.7, , -5.582, , 813.415, 813.415, 5.968, -128.577, -128.577, -128.577, 52.259, 9.712, 34.92, 35.42, 7.384, 20.154, 0, 0, -37.851, -38.947, -37.851, -38.947, 1, 113.585, 113.585, 0.025, 0.135, -33.491, -34.462, -33.491, -34.462, 8.287, 7.384, 20.154, , , 1, 6.501, 0, 0, 12.5, 5.968, 203, 0, 0, 0, 41, 0, 0, 95.27, 11.835, 100, 0, 0, 24.35, 24.35, 0, 0.55, 100.5, 0, 0, 103.5, 114.144, 0, 0, 0, 0, 0, 14.01, 0, 12.5, 0, 5.968, 203, 0, 0, 0, 41, 1, 0, 0, 95.27, 11.835, 100, 0, 0, 141, 24.35, 24.35, 0, 0.55, 0, 100.5, 0, 0, 103.5, 114.144, 0, 0, 0, 0, 
6.45, 22.73, , , 63.7, , -5.561, , 821.921, 821.921, 5.945, -128.108, -128.108, -128.108, 52.246, 10.814, 35.028, 35.42, 7.383, 20.137, 0, 0, -37.62, -38.709, -37.62, -38.709, 1, 113.303, 113.303, 0.025, 0.136, -33.377, -34.345, -33.377, -34.345, 8.386, 7.383, 20.137, , , 1, 6.551, 0, 0, 12.5, 5.945, 203, 0, 0, 0, 41, 0, 0, 95.77, 11.937, 100, 0, 0, 23.146, 23.146, 0, 0.55, 100.5, 0, 0, 103.5, 113.8, 0, 0, 0, 0, 0, 14.029, 0, 12.5, 0, 5.945, 203, 0, 0, 0, 41, 1, 0, 0, 95.77, 11.937, 100, 0, 0, 141, 23.146, 23.146, 0, 0.55, 0, 100.5, 0, 0, 103.5, 113.8, 0, 0, 0, 0, 
6.5, , , , , , -5.561, , 830.134, 830.134, 5.922, -128.107, -128.107, -128.107, 52.232, 15.831, 35.111, 35.698, 7.381, 20.152, 0, 0, -37.527, -38.613, -37.527, -38.613, 1, 113.022, 113.022, 0.025, 0.136, -33.384, -34.352, -33.384, -34.352, 8.47, 7.381, 20.152, , , 1, 6.601, 0, 0, 12.5, 5.922, 203, 0, 0, 0, 41, 0, 0, 96.27, 12.039, 100, 0, 0, 21.943, 21.943, 0, 0.55, 100.5, 0, 0, 103.5, 113.455, 0, 0, 0, 0, 0, 14.047, 0, 12.5, 0, 5.922, 203, 0, 0, 0, 41, 1, 0, 0, 96.27, 12.039, 100, 0, 0, 141, 21.943, 21.943, 0, 0.55, 0, 100.5, 0, 0, 103.5, 113.455, 0, 0, 0, 0, 
6.55, , , , , , -5.563, , 838.433, 838.433, 5.899, -128.177, -128.177, -128.177, 52.22, 19.298, 35.183, 36.096, 7.38, 20.461, 0, 0, -37.455, -38.539, -37.455, -38.539, 1, 112.746, 112.746, 0.024, 0.135, -33.412, -34.38, -33.412, -34.38, 8.55, 7.38, 20.461, , , 1, 6.651, 0, 0, 12.5, 5.899, 203, 0, 0, 0, 41, 0, 0, 96.77, 12.141, 100, 0, 0, 20.739, 20.739, 0, 0.55, 100.5, 0, 0, 103.5, 113.111, 0, 0, 0, 0, 0, 14.066, 0, 12.5, 0, 5.899, 203, 0, 0, 0, 41, 1, 0, 0, 96.77, 12.141, 100, 0, 0, 141, 20.739, 20.739, 0, 0.55, 0, 100.5, 0, 0, 103.5, 113.111, 0, 0, 0, 0, 
6.6, , , , , , -5.553, , 846.772, 846.772, 5.876, -127.951, -127.951, -127.951, 52.206, 30.068, 35.255, 36.493, 7.378, 20.81, 0, 0, -37.296, -38.376, -37.296, -38.376, 1, 112.466, 112.466, 0.024, 0.135, -33.363, -34.328, -33.363, -34.328, 8.629, 7.378, 20.81, , , 1, 6.7, 0, 0, 12.5, 5.876, 203, 0, 0, 0, 41, 0, 0, 97.27, 12.242, 100, 0, 0, 19.535, 19.535, 0, 0.55, 100.5, 0, 0, 103.5, 112.766, 0, 0, 0, 0, 0, 14.084, 0, 12.5, 0, 5.876, 203, 0, 0, 0, 41, 1, 0, 0, 97.27, 12.242, 100, 0, 0, 141, 19.535, 19.535, 0, 0.55, 0, 100.5, 0, 0, 103.5, 112.766, 0, 0, 0, 0, 
6.65, , , , , , -5.554, , 855.111, 855.111, 5.855, -127.981, -127.981, -127.981, 52.193, 37.104, 35.327, 36.891, 7.378, 21.212, 0, 0, -37.212, -38.288, -37.212, -38.288, 1, 112.185, 112.185, 0.024, 0.135, -33.386, -34.35, -33.386, -34.35, 8.709, 7.378, 21.212, , , 1, 6.751, 0, 0, 12.5, 5.855, 203, 0, 0, 0, 41, 0, 0, 97.727, 12.335, 100, 0, 0, 18.303, 18.303, 0, 0.55, 100.5, 0, 0, 103.5, 112.451, 0, 0, 0, 0, 0, 14.1, 0, 12.5, 0, 5.855, 203, 0, 0, 0, 41, 1, 0, 0, 97.727, 12.335, 100, 0, 0, 141, 18.303, 18.303, 0, 0.55, 0, 100.5, 0, 0, 103.5, 112.451, 0, 0, 0, 0, 
6.7, , , , , , -5.542, , 863.306, 863.306, 5.847, -127.703, -127.703, -127.703, 52.186, 45.399, 35.4, 37.289, 7.377, 21.622, 0, 0, -37.04, -38.11, -37.04, -38.11, 1, 111.909, 111.909, 0.024, 0.135, -33.359, -34.322, -33.359, -34.322, 8.752, 7.377, 21.622, , , 1, 6.799, 0, 0, 12.5, 5.847, 203, 0, 0, 0, 41, 0, 0, 97.922, 12.374, 100, 0, 0, 16.896, 16.896, 0, 0.55, 100.5, 0, 0, 103.5, 112.317, 0, 0, 0, 0, 0, 14.1, 0, 12.5, 0, 5.847, 203, 0, 0, 0, 41, 1, 0, 0, 97.922, 12.374, 100, 0, 0, 141, 16.896, 16.896, 0, 0.55, 0, 100.5, 0, 0, 103.5, 112.317, 0, 0, 0, 0, 
6.75, , , , , , -5.536, , 870.121, 870.121, 5.839, -127.573, -127.573, -127.573, 52.179, 54.405, 35.316, 37.244, 7.377, 21.871, 0, 0, -36.952, -38.02, -36.952, -38.02, 1, 111.718, 111.718, 0.024, 0.135, -33.329, -34.29, -33.329, -34.29, 8.758, 7.377, 21.871, , , 1, 6.824, 0, 0, 12.5, 5.839, 203, 0, 0, 0, 41, 0, 0, 98.117, 12.413, 100, 0, 0, 15.489, 15.489, 0, 0.55, 100.5, 0, 0, 103.5, 112.183, 0, 0, 0, 0, 0, 14.1, 0, 12.5, 0, 5.839, 203, 0, 0, 0, 41, 1, 0, 0, 98.117, 12.413, 100, 0, 0, 141, 15.489, 15.489, 0, 0.55, 0, 100.5, 0, 0, 103.5, 112.183, 0, 0, 0, 0, 
6.8, , , , , , -5.534, , 874.207, 874.207, 5.831, -127.51, -127.51, -127.51, 52.171, 59.309, 35.172, 37.028, 7.377, 22.084, 0, 0, -36.889, -37.955, -36.889, -37.955, 1, 111.58, 111.58, 0.024, 0.135, -33.328, -34.288, -33.328, -34.288, 8.764, 7.377, 22.084, , , 1, 6.849, 0, 0, 12.5, 5.831, 203, 0, 0, 0, 41, 0, 0, 98.312, 12.452, 100, 0, 0, 14.082, 14.082, 0, 0.55, 100.5, 0, 0, 103.5, 112.049, 0, 0, 0, 0, 0, 14.1, 0, 12.5, 0, 5.831, 203, 0, 0, 0, 41, 1, 0, 0, 98.312, 12.452, 100, 0, 0, 141, 14.082, 14.082, 0, 0.55, 0, 100.5, 0, 0, 103.5, 112.049, 0, 0, 0, 0, 
6.85, , , , , , -5.534, , 878.294, 878.294, 5.823, -127.518, -127.518, -127.518, 52.162, , 35.028, 36.812, 7.377, 22.231, 0, 0, -36.846, -37.91, -36.846, -37.91, 1, 111.441, 111.441, 0.024, 0.135, -33.39, -34.35, -33.39, -34.35, 8.77, 7.377, 22.231, , , 1, 6.874, 0, 0, 12.5, 5.823, 203, 0, 0, 0, 41, 0, 0, 98.506, 12.491, 100, 0, 0, 12.675, 12.675, 0, 0.55, 100.5, 0, 0, 103.5, 111.914, 0, 0, 0, 0, 0, 14.1, 0, 12.5, 0, 5.823, 203, 0, 0, 0, 41, 1, 0, 0, 98.506, 12.491, 100, 0, 0, 141, 12.675, 12.675, 0, 0.55, 0, 100.5, 0, 0, 103.5, 111.914, 0, 0, 0, 0, 
6.9, , , , , , -5.519, , 882.389, 882.389, , -127.167, -127.167, -127.167, , , 34.884, 36.596, 7.377, 22.361, 0, 0, -36.7, -37.761, -36.7, -37.761, 1, 111.303, 111.303, , , , , , , , 7.377, 22.361, , , , , , , , , , , , , , , , , , , , , , , , , , , , , , , , , , , , , , , , , , , , , , , , , , , , , , , , , , , , , , , , , , , , 
6.95, , , , , , , , 886.467, 886.467, , , , , , , 34.74, 36.38, , , , , , , , , , , , , , , , , , , , , , , , , , , , , , , , , , , , , , , , , , , , , , , , , , , , , , , , , , , , , , , , , , , , , , , , , , , , , , , , , , , , , , , , 
