Time, (DWRT ATMO) Humidity, (DWRT ATMO) Pressure, (DWRT ATMO) Temperature 1, (DWRT ATMO) Temperature 2, (DWRT CPU) ????????????????????????????????????????????????????????????????, (DWRT CPU) Acceleration, (DWRT CPU) Correction Factor, (DWRT CPU) Distance, (DWRT CPU) Distance 1, (DWRT CPU) Engine RPM, (DWRT CPU) Force, (DWRT CPU) Force 1, (DWRT CPU) Force Drum 1, (DWRT CPU) Gear Ratio, (DWRT CPU) Inductive 1 Signal Strength, (DWRT CPU) Internal Temp 1, (DWRT CPU) Internal Temp 2, (DWRT CPU) LC1 Volts Petrol AFR, (DWRT CPU) LC2 Volts Petrol AFR2, (DWRT CPU) Link 0 Status, (DWRT CPU) Link 1 Status, (DWRT CPU) Power, (DWRT CPU) Power (uncorrected), (DWRT CPU) Power Drum 1, (DWRT CPU) Power Drum 1 (uncorrected), (DWRT CPU) Sampling, (DWRT CPU) Speed, (DWRT CPU) Speed 1, (DWRT CPU) TCP RX kB/s, (DWRT CPU) TCP TX kB/s, (DWRT CPU) Torque, (DWRT CPU) Torque (uncorrected), (DWRT CPU) Torque Drum 1, (DWRT CPU) Torque Drum 1 (uncorrected), (DWRT CPU) UDP RX kB/s, (DWRT CPU) User Analog 1, (DWRT CPU) User Analog 2, (DWRT CPU) User Analog 3, (DWRT CPU) User Analog 4, (Gen) Sampling, (Gen) Sampling Duration, (Harley - ECU Type 14 SW Level 141) Accel Enrichment, (Harley - ECU Type 14 SW Level 141) Decel Enleanment, (Harley - ECU Type 14 SW Level 141) Desired Air/Fuel, (Harley - ECU Type 14 SW Level 141) Engine Speed, (Harley - ECU Type 14 SW Level 141) Engine Temperature, (Harley - ECU Type 14 SW Level 141) Front Adaptive Fuel Factor, (Harley - ECU Type 14 SW Level 141) Front Closed Loop Integrator, (Harley - ECU Type 14 SW Level 141) Front Spark Knock Retard, (Harley - ECU Type 14 SW Level 141) Idle Air Control Motor Position, (Harley - ECU Type 14 SW Level 141) Injector Time Front, (Harley - ECU Type 14 SW Level 141) Injector Time Rear, (Harley - ECU Type 14 SW Level 141) Intake Air Temperature, (Harley - ECU Type 14 SW Level 141) Manifold Absolute Pressure, (Harley - ECU Type 14 SW Level 141) Rear Adaptive Fuel Factor, (Harley - ECU Type 14 SW Level 141) Rear Closed Loop Integrator, (Harley - ECU Type 14 SW Level 141) Rear Spark Knock Retard, (Harley - ECU Type 14 SW Level 141) Spark Advance Front, (Harley - ECU Type 14 SW Level 141) Spark Advance Rear, (Harley - ECU Type 14 SW Level 141) Throttle Position, (Harley - ECU Type 14 SW Level 141) Throttle Position Sensor Voltage, (Harley - ECU Type 14 SW Level 141) VE Front, (Harley - ECU Type 14 SW Level 141) VE New Front, (Harley - ECU Type 14 SW Level 141) VE New Rear, (Harley - ECU Type 14 SW Level 141) VE Rear, (Harley - ECU Type 14 SW Level 141) Vehicle Speed, (Harley - ECU Type 14 SW Level 141) WBO2 AFR Front, (Harley - ECU Type 14 SW Level 141) WBO2 AFR Rear, (PV) Accel Enrichment, (PV) AT Lambda 1, (PV) AT Lambda 2, (PV) Battery Voltage, (PV) Decel Enleanment, (PV) Desired Air/Fuel, (PV) Desired Lambda, (PV) Engine Speed, (PV) Engine Temperature, (PV) Front Adaptive Fuel Factor, (PV) Front Closed Loop Integrator, (PV) Front Spark Knock Retard, (PV) Idle Air Control Motor Position, (PV) Idle Set Speed, (PV) Injector Time Front, (PV) Injector Time Rear, (PV) Intake Air Temperature, (PV) Manifold Absolute Pressure, (PV) Rear Adaptive Fuel Factor, (PV) Rear Closed Loop Integrator, (PV) Rear Spark Knock Retard, (PV) Software Level, (PV) Spark Advance Front, (PV) Spark Advance Rear, (PV) Throttle Position, (PV) Throttle Position Sensor, (PV) Twistgrip Position, (PV) VE Front, (PV) VE New Front, (PV) VE New Rear, (PV) VE Rear, (PV) Vehicle Speed, (PV) Warm-up Fuel AFR (Lambda), (PV) Warm-up Fuel AFR (Ratio), (PV) WBO2 AFR Front, (PV) WBO2 AFR Rear, 
0, , , , , , , , , , , , , , , , , , , , , , , , , , , , , , , , , , , , , , , , 1, 0, , , , , , , , , , , , , , , , , , , , , , , , , , , , , , , , , , , , , , , , , , , , , , , , , , , , , , , , , , , , , , , , 
0.05, , , , , , 0.617, , , , , 16.545, 16.545, 16.545, , , , , , , , , , , , , , , , 0.025, 0.13, , , , , 4.933, , , , , 1, 0.025, , , , , , , , , , , , , , , , , , , , , , , , , , , , , , , , , , , , , , , , , , , , , , , , , , , , , , , , , , , , , , , , 
0.1, , , , , , 0.652, , 3.289, 3.289, , 17.366, 17.366, 17.366, , , , , 7.377, 12.235, , , 2.16, 2.226, 2.16, 2.226, , 47.982, 47.982, 0.025, 0.13, 4.004, 4.12, 4.004, 4.12, 4.869, 7.377, 12.235, , , 1, 0.099, , , , , , , , , , , , , , , , , , , , , , , , , , , , , , , , , , , , , , , , , , , , , , , , , , , , , , , , , , , , , , , , 
0.15, , , , , , 0.754, , 8.597, 8.597, 2.517, 19.786, 19.786, 19.786, , , , , 7.377, 12.232, 0, 0, 2.463, 2.537, 2.463, 2.537, 1, 48.056, 48.056, 0.025, 0.13, 5.079, 5.23, 5.079, 5.23, 4.805, 7.377, 12.232, , , 1, 0.15, 0.092, 0, 14.404, 2.517, 176, 0, 0, 0, 48.194, 4.286, 4.243, 111.2, 29.136, 100, 0, 0, 30.136, 30.097, 5.039, 0.763, 95.364, 0, 0, 104.806, 48.494, 0, 0, 0.092, 0, 0, 14.1, 0, 14.404, 0, 2.517, 176, 0, 0, 0, 48.194, 1, 0.004, 0.004, 111.2, 29.136, 100, 0, 0, 141, 30.136, 30.097, 5.039, 0.763, 0, 95.364, 0, 0, 104.806, 48.494, 0, 0, 0, 0, 
0.2, 21.72, , , 63.77, , 2.607, , 15.334, 15.334, 2.516, 63.756, 63.756, 63.756, 52.364, , , , 7.377, 12.224, 0, 0, 8.007, 8.239, 8.007, 8.239, 1, 48.19, 48.19, 0.025, 0.13, 16.681, 17.168, 16.681, 17.168, 4.741, 7.377, 12.224, , , 1, 0.2, 0.6, 0, 14.425, 2.516, 176, 0, 0, 0, 49.272, 5.096, 4.816, 111.2, 29.215, 100, 0, 0, 30.89, 30.636, 5.254, 0.78, 94.61, 0, 0, 103.728, 48.628, 0, 0, 0.6, 0, 0, 14.1, 0, 14.425, 0, 2.516, 176, 0, 0, 0, 49.272, 1, 0.005, 0.005, 111.2, 29.215, 100, 0, 0, 141, 30.89, 30.636, 5.254, 0.78, 0, 94.61, 0, 0, 103.728, 48.628, 0, 0, 0, 0, 
0.25, 21.72, , , 63.77, , 4.36, , 21.44, 21.44, 2.516, 105.364, 105.364, 105.364, 52.22, , , , 7.377, 12.214, 0, 0, 13.288, 13.672, 13.288, 13.672, 1, 48.449, 48.449, 0.025, 0.13, 27.623, 28.427, 27.623, 28.427, 4.723, 7.377, 12.214, , , 1, 0.347, 1.109, 0, 14.447, 2.516, 176, 0, 0, 0, 50.349, 5.907, 5.39, 111.2, 29.295, 100, 0, 0, 31.644, 31.175, 5.47, 0.798, 93.856, 0, 0, 102.651, 48.761, 0, 0, 1.109, 0, 0, 14.1, 0, 14.447, 0, 2.516, 176, 0, 0, 0, 50.349, 1, 0.006, 0.005, 111.2, 29.295, 100, 0, 0, 141, 31.644, 31.175, 5.47, 0.798, 0, 93.856, 0, 0, 102.651, 48.761, 0, 0, 0, 0, 
0.3, 21.72, , , 63.77, , 5.747, , 26.393, 26.393, 2.516, 138.261, 138.261, 138.261, 52.024, , 35.421, 35.243, 7.377, 12.193, 0, 0, 17.518, 18.027, 17.518, 18.027, 1, 48.718, 48.718, 0.025, 0.129, 36.312, 37.367, 36.312, 37.367, 4.712, 7.377, 12.193, , , 1, 0.401, 1.617, 0, 14.469, 2.516, 176, 0, 0, 0, 51.427, 6.717, 5.963, 111.2, 29.374, 100, 0, 0, 32.399, 31.713, 5.685, 0.815, 93.101, 0, 0, 101.573, 48.895, 0, 0, 1.617, 0, 0, 14.1, 0, 14.469, 0, 2.516, 176, 0, 0, 0, 51.427, 1, 0.007, 0.006, 111.2, 29.374, 100, 0, 0, 141, 32.399, 31.713, 5.685, 0.815, 0, 93.101, 0, 0, 101.573, 48.895, 0, 0, 0, 0, 
0.35, 21.72, , , 63.77, , 7.085, , 29.931, 29.931, 2.515, 170.003, 170.003, 170.003, 51.819, , 35.457, 35.314, 7.377, 12.165, 0, 0, 21.669, 22.3, 21.669, 22.3, 1, 49.034, 49.034, 0.025, 0.129, 44.75, 46.05, 44.75, 46.05, 4.701, 7.377, 12.165, , , 1, 0.451, 2.126, 0, 14.49, 2.515, 176, 0, 0, 0, 52.504, 7.527, 6.536, 111.2, 29.453, 100, 0, 0, 33.153, 32.252, 5.901, 0.832, 92.347, 0, 0, 100.496, 49.029, 0, 0, 2.126, 0, 0, 14.1, 0, 14.49, 0, 2.515, 176, 0, 0, 0, 52.504, 1, 0.008, 0.007, 111.2, 29.453, 100, 0, 0, 141, 33.153, 32.252, 5.901, 0.832, 0, 92.347, 0, 0, 100.496, 49.029, 0, 0, 0, 0, 
0.4, 21.72, , , 63.77, , 8.408, , 33.469, 33.469, 2.523, 201.402, 201.402, 201.402, 51.625, , 35.492, 35.385, 7.377, 12.151, 0, 0, 25.872, 26.625, 25.872, 26.625, 1, 49.407, 49.407, 0.025, 0.129, 53.173, 54.718, 53.173, 54.718, 4.689, 7.377, 12.151, , , 1, 0.5, 2.38, 0, 14.5, 2.523, 176, 0, 0, 0, 55.025, 8.55, 7.384, 111.2, 32.603, 100, 0, 0, 33.95, 33.062, 7.575, 0.909, 93.856, 0, 0, 101.519, 49.299, 0, 0, 2.38, 0, 0, 14.089, 0, 14.5, 0, 2.523, 176, 0, 0, 0, 55.025, 1, 0.009, 0.008, 111.2, 32.603, 100, 0, 0, 141, 33.95, 33.062, 7.575, 0.909, 0, 93.856, 0, 0, 101.519, 49.299, 0, 0, 0, 0, 
0.45, 21.72, , , 63.77, , 9.564, , 37.037, 37.037, 2.537, 228.848, 228.848, 228.848, 51.479, , 35.528, 35.455, 7.377, 12.146, 0, 0, 29.649, 30.512, 29.649, 30.512, 1, 49.85, 49.85, 0.025, 0.129, 60.586, 62.346, 60.586, 62.346, 4.709, 7.377, 12.146, , , 1, 0.551, 2.418, 0, 14.5, 2.537, 176, 0, 0, 0, 58.775, 9.754, 8.465, 111.2, 38.367, 100, 0, 0, 34.783, 34.104, 10.492, 1.036, 97.294, 0, 0, 104.331, 49.687, 0, 0, 2.418, 0, 0, 14.068, 0, 14.5, 0, 2.537, 176, 0, 0, 0, 58.775, 1, 0.01, 0.009, 111.2, 38.367, 100, 0, 0, 141, 34.783, 34.104, 10.492, 1.036, 0, 97.294, 0, 0, 104.331, 49.687, 0, 0, 0, 0, 
0.5, 21.72, , , 63.77, , 10.56, , 40.644, 40.644, 2.551, 252.491, 252.491, 252.491, 51.328, 91.345, 35.563, 35.526, 7.377, 12.16, 0, 0, 33.018, 33.978, 33.018, 33.978, 1, 50.349, 50.349, 0.025, 0.129, 67.023, 68.97, 67.023, 68.97, 4.733, 7.377, 12.16, , , 1, 0.601, 2.455, 0, 14.5, 2.551, 176, 0, 0, 0, 62.525, 10.959, 9.546, 111.2, 44.132, 100, 0, 0, 35.617, 35.146, 13.408, 1.163, 100.731, 0, 0, 107.144, 50.074, 0, 0, 2.455, 0, 0, 14.047, 0, 14.5, 0, 2.551, 176, 0, 0, 0, 62.525, 1, 0.011, 0.01, 111.2, 44.132, 100, 0, 0, 141, 35.617, 35.146, 13.408, 1.163, 0, 100.731, 0, 0, 107.144, 50.074, 0, 0, 0, 0, 
0.55, 21.72, , , 63.77, , 11.451, , 44.292, 44.292, 2.565, 273.627, 273.627, 273.627, 51.177, 81.824, 35.599, 35.597, 7.377, 12.187, 0, 0, 36.142, 37.193, 36.142, 37.193, 1, 50.886, 50.886, 0.025, 0.128, 72.826, 74.943, 72.826, 74.943, 4.758, 7.377, 12.187, , , 1, 0.651, 2.493, 0, 14.5, 2.565, 176, 0, 0, 0, 66.275, 12.163, 10.628, 111.2, 49.897, 100, 0, 0, 36.45, 36.188, 16.325, 1.29, 104.169, 0, 0, 109.956, 50.462, 0, 0, 2.493, 0, 0, 14.026, 0, 14.5, 0, 2.565, 176, 0, 0, 0, 66.275, 1, 0.012, 0.011, 111.2, 49.897, 100, 0, 0, 141, 36.45, 36.188, 16.325, 1.29, 0, 104.169, 0, 0, 109.956, 50.462, 0, 0, 0, 0, 
0.6, 21.72, , , 63.77, , 12.14, , 47.997, 47.997, 2.579, 289.983, 289.983, 289.983, 51.034, 72.303, 35.706, 35.424, 7.377, 12.231, 0, 0, 38.729, 39.853, 38.729, 39.853, 1, 51.46, 51.46, 0.025, 0.128, 77.38, 79.628, 77.38, 79.628, 4.782, 7.377, 12.231, , , 1, 0.701, 2.53, 0, 14.5, 2.579, 176, 0, 0, 0, 70.025, 13.367, 11.709, 111.2, 55.661, 100, 0, 0, 37.283, 37.229, 19.242, 1.417, 107.606, 0, 0, 112.769, 50.849, 0, 0, 2.53, 0, 0, 14.005, 0, 14.5, 0, 2.579, 176, 0, 0, 0, 70.025, 1, 0.014, 0.012, 111.2, 55.661, 100, 0, 0, 141, 37.283, 37.229, 19.242, 1.417, 0, 107.606, 0, 0, 112.769, 50.849, 0, 0, 0, 0, 
0.65, 21.72, , , 63.77, , 12.661, , 51.704, 51.704, 2.602, 302.372, 302.372, 302.372, 50.907, 62.781, 35.816, 35.24, 7.377, 12.288, 0, 0, 40.843, 42.029, 40.843, 42.029, 1, 52.091, 52.091, 0.025, 0.128, 80.869, 83.218, 80.869, 83.218, 4.819, 7.377, 12.288, , , 1, 0.751, 2.348, 0, 14.213, 2.602, 176, 0, 0, 0, 71, 14.181, 12.866, 111.2, 61.57, 100, 0, 0, 36.209, 36.138, 22.879, 1.559, 105.919, 0, 0, 110.703, 51.396, 0, 0, 2.348, 0, 0, 14, 0, 14.213, 0, 2.602, 176, 0, 0, 0, 71, 1, 0.014, 0.013, 111.2, 61.57, 100, 0, 0, 141, 36.209, 36.138, 22.879, 1.559, 0, 105.919, 0, 0, 110.703, 51.396, 0, 0, 0, 0, 
0.7, 21.72, , , 63.77, , 13.082, , 56.304, 56.304, 2.628, 312.363, 312.363, 312.363, 50.777, 53.26, 35.926, 35.056, 7.377, 12.33, 0, 0, 42.808, 44.051, 42.808, 44.051, 1, 53.044, 53.044, 0.025, 0.129, 83.709, 86.141, 83.709, 86.141, 4.86, 7.377, 12.33, , , 1, 0.8, 2.088, 0, 13.826, 2.628, 176, 0, 0, 0, 71, 14.857, 14.05, 111.2, 67.529, 100, 0, 0, 34.465, 34.297, 26.77, 1.706, 102.43, 0, 0, 106.924, 51.999, 0, 0, 2.088, 0, 0, 14, 0, 13.826, 0, 2.628, 176, 0, 0, 0, 71, 1, 0.015, 0.014, 111.2, 67.529, 100, 0, 0, 141, 34.465, 34.297, 26.77, 1.706, 0, 102.43, 0, 0, 106.924, 51.999, 0, 0, 0, 0, 
0.75, 21.72, , , 63.77, , 13.41, , 61.552, 61.552, 2.654, 320.176, 320.176, 320.176, 50.713, 45.357, 36.036, 34.873, 7.377, 12.36, 0, 0, 44.607, 45.902, 44.607, 45.902, 1, 53.743, 53.743, 0.025, 0.129, 85.937, 88.434, 85.937, 88.434, 4.901, 7.377, 12.36, , , 1, 0.851, 1.828, 0, 13.438, 2.654, 176, 0, 0, 0, 71, 15.533, 15.234, 111.2, 73.488, 100, 0, 0, 32.721, 32.455, 30.661, 1.854, 98.942, 0, 0, 103.145, 52.601, 0, 0, 1.828, 0, 0, 14, 0, 13.438, 0, 2.654, 176, 0, 0, 0, 71, 1, 0.016, 0.015, 111.2, 73.488, 100, 0, 0, 141, 32.721, 32.455, 30.661, 1.854, 0, 98.942, 0, 0, 103.145, 52.601, 0, 0, 0, 0, 
0.8, 21.72, , , 63.77, , 13.57, , 65.38, 65.38, 2.681, 323.964, 323.964, 323.964, 50.684, 59.513, 36.118, 34.724, 7.377, 12.357, 0, 0, 45.691, 47.015, 45.691, 47.015, 1, 54.395, 54.395, 0.025, 0.129, 87.009, 89.537, 87.009, 89.537, 4.942, 7.377, 12.357, , , 1, 0.901, 1.569, 0, 13.05, 2.681, 176, 0, 0, 0, 71, 16.21, 16.419, 111.2, 79.447, 100, 0, 0, 30.977, 30.614, 34.553, 2.001, 95.453, 0, 0, 99.366, 53.204, 0, 0, 1.569, 0, 0, 14, 0, 13.05, 0, 2.681, 176, 0, 0, 0, 71, 1, 0.016, 0.016, 111.2, 79.447, 100, 0, 0, 141, 30.977, 30.614, 34.553, 2.001, 0, 95.453, 0, 0, 99.366, 53.204, 0, 0, 0, 0, 
0.85, 21.72, , , 63.77, , 13.683, , 69.272, 69.272, 2.707, 326.681, 326.681, 326.681, 50.681, 60.529, 35.758, 35.12, 7.377, 12.325, 0, 0, 46.626, 47.979, 46.626, 47.979, 1, 55.054, 55.054, 0.025, 0.129, 87.735, 90.285, 87.735, 90.285, 4.966, 7.377, 12.325, , , 1, 0.95, 1.309, 0, 12.663, 2.707, 176, 0, 0, 0, 71, 16.886, 17.603, 111.2, 85.406, 100, 0, 0, 29.233, 28.773, 38.444, 2.148, 91.965, 0, 0, 95.587, 53.807, 0, 0, 1.309, 0, 0, 14, 0, 12.663, 0, 2.707, 176, 0, 0, 0, 71, 1, 0.017, 0.018, 111.2, 85.406, 100, 0, 0, 141, 29.233, 28.773, 38.444, 2.148, 0, 91.965, 0, 0, 95.587, 53.807, 0, 0, 0, 0, 
0.9, 21.72, , , 63.77, , 13.794, , 73.216, 73.216, 2.739, 329.326, 329.326, 329.326, 50.702, 61.545, 35.398, 35.516, 7.377, 12.275, 0, 0, 47.574, 48.954, 47.574, 48.954, 1, 55.725, 55.725, 0.025, 0.129, 88.397, 90.966, 88.397, 90.966, 4.972, 7.377, 12.275, , , 1, 1.001, 1.072, 0, 12.5, 2.739, 176, 0, 0, 0, 71, 17.074, 17.978, 111.2, 89.294, 100, 0, 0, 28.38, 28.06, 42.469, 2.299, 90.2, 0, 0, 93.521, 54.507, 0, 0, 1.072, 0, 0, 14, 0, 12.5, 0, 2.739, 176, 0, 0, 0, 71, 1, 0.017, 0.018, 111.2, 89.3, 100, 0, 0, 141, 28.38, 28.06, 42.469, 2.299, 0, 90.2, 0, 0, 93.521, 54.507, 0, 0, 0, 0, 
0.95, 21.72, , , 63.77, , 13.871, , 77.216, 77.216, 2.777, 331.158, 331.158, 331.158, 50.739, 62.562, 35.038, 35.912, 7.377, 12.21, 0, 0, 48.413, 49.818, 48.413, 49.818, 1, 56.393, 56.393, 0.025, 0.13, 88.833, 91.416, 88.833, 91.416, 4.978, 7.377, 12.21, , , 1, 1.051, 0.851, 0, 12.5, 2.777, 176, 0, 0, 0, 71, 16.909, 17.767, 111.2, 91.8, 100, 0, 0, 28.174, 28.163, 46.584, 2.452, 89.684, 0, 0, 92.694, 55.278, 0, 0, 0.851, 0, 0, 14, 0, 12.5, 0, 2.777, 176, 0, 0, 0, 71, 1, 0.017, 0.018, 111.2, 91.816, 100, 0, 0, 141, 28.174, 28.163, 46.584, 2.452, 0, 89.684, 0, 0, 92.694, 55.278, 0, 0, 0, 0, 
1, 21.72, , , 63.77, , 13.927, , 81.274, 81.274, 2.814, 332.504, 332.504, 332.504, 50.764, 63.578, 34.678, 36.308, 7.377, 12.15, 0, 0, 49.186, 50.615, 49.186, 50.615, 1, 57.078, 57.078, 0.025, 0.13, 89.148, 91.739, 89.148, 91.739, 4.984, 7.377, 12.15, , , 1, 1.1, 0.63, 0, 12.5, 2.814, 176, 0, 0, 0, 71, 16.744, 17.556, 111.2, 94.306, 100, 0, 0, 27.967, 28.267, 50.7, 2.604, 89.167, 0, 0, 91.868, 56.048, 0, 0, 0.63, 0, 0, 14, 0, 12.5, 0, 2.814, 176, 0, 0, 0, 71, 1, 0.016, 0.017, 111.2, 94.333, 100, 0, 0, 141, 27.967, 28.267, 50.7, 2.604, 0, 89.167, 0, 0, 91.868, 56.048, 0, 0, 0, 0, 
1.05, 21.72, , , 63.77, , 13.972, , 85.37, 85.37, 2.852, 333.578, 333.578, 333.578, 50.783, 64.594, 34.342, 36.689, 7.377, 12.095, 0, 0, 49.928, 51.379, 49.928, 51.379, 1, 57.757, 57.757, 0.025, 0.13, 89.4, 91.998, 89.4, 91.998, 4.996, 7.377, 12.095, , , 1, 1.15, 0.409, 0, 12.5, 2.852, 176, 0, 0, 0, 71, 16.578, 17.346, 111.2, 96.812, 100, 0, 0, 27.76, 28.37, 54.815, 2.757, 88.651, 0, 0, 91.041, 56.819, 0, 0, 0.409, 0, 0, 14, 0, 12.5, 0, 2.852, 176, 0, 0, 0, 71, 1, 0.016, 0.017, 111.2, 96.85, 100, 0, 0, 141, 27.76, 28.37, 54.815, 2.757, 0, 88.651, 0, 0, 91.041, 56.819, 0, 0, 0, 0, 
1.1, 21.72, 100.52, 63.05, 63.77, , 14.002, 0.972, 89.494, 89.494, 2.889, 334.307, 334.307, 334.307, 50.799, 65.61, 34.378, 36.833, 7.377, 12.053, 0, 0, 50.632, 52.104, 50.632, 52.104, 1, 58.438, 58.438, 0.025, 0.13, 89.568, 92.172, 89.568, 92.172, 5.021, 7.377, 12.053, , , 1, 1.201, 0.187, 0, 12.5, 2.889, 176, 0, 0, 0, 71, 16.413, 17.135, 111.2, 99.318, 100, 0, 0, 27.554, 28.473, 58.93, 2.91, 88.134, 0, 0, 90.215, 57.59, 0, 0, 0.187, 0, 0, 14, 0, 12.5, 0, 2.889, 176, 0, 0, 0, 71, 1, 0.016, 0.017, 111.2, 99.366, 100, 0, 0, 141, 27.554, 28.473, 58.93, 2.91, 0, 88.134, 0, 0, 90.215, 57.59, 0, 0, 0, 0, 
1.15, 21.72, 100.52, 63.05, 63.77, , 14.054, 0.972, 93.739, 93.739, 2.926, 335.562, 335.562, 335.562, 50.806, 66.626, 34.414, 36.977, 7.377, 12.026, 0, 0, 51.411, 52.905, 51.411, 52.905, 1, 59.117, 59.117, 0.025, 0.13, 89.889, 92.501, 89.889, 92.501, 5.046, 7.377, 12.026, , , 1, 1.251, 0.205, 0, 12.5, 2.926, 176, 0, 0, 0, 71, 16.625, 17.292, 110.934, 100.242, 100, 0, 0, 27.574, 28.574, 62.96, 3.054, 88.666, 0, 0, 90.74, 58.342, 0, 0, 0.205, 0, 0, 14, 0, 12.5, 0, 2.926, 176, 0, 0, 0, 71, 1, 0.016, 0.017, 110.934, 100.249, 100, 0, 0, 141, 27.574, 28.574, 62.96, 3.054, 0, 88.666, 0, 0, 90.74, 58.342, 0, 0, 0, 0, 
1.2, 21.72, 100.52, 63.05, 63.77, , 14.071, 0.972, 97.984, 97.984, 2.962, 335.993, 335.993, 335.993, 50.806, 67.642, 34.45, 37.121, 7.377, 11.994, 0, 0, 52.079, 53.59, 52.079, 53.59, 1, 59.803, 59.803, 0.025, 0.13, 90.004, 92.62, 90.004, 92.62, 5.071, 7.377, 11.994, , , 1, 1.3, 0.307, 0, 12.5, 2.962, 176, 0, 0, 0, 71, 16.969, 17.578, 110.574, 100.61, 100, 0, 0, 27.674, 28.674, 66.96, 3.194, 89.566, 0, 0, 91.74, 59.088, 0, 0, 0.307, 0, 0, 14, 0, 12.5, 0, 2.962, 176, 0, 0, 0, 71, 1, 0.017, 0.018, 110.574, 100.615, 100, 0, 0, 141, 27.674, 28.674, 66.96, 3.194, 0, 89.566, 0, 0, 91.74, 59.088, 0, 0, 0, 0, 
1.25, 21.72, 100.52, 63.05, 63.77, , 14.114, 0.972, 102.229, 102.229, 2.998, 337.029, 337.029, 337.029, 50.802, 68.658, 34.486, 37.265, 7.377, 11.954, 0, 0, 52.84, 54.372, 52.84, 54.372, 1, 60.495, 60.495, 0.025, 0.13, 90.289, 92.912, 90.289, 92.912, 5.096, 7.377, 11.954, , , 1, 1.351, 0.409, 0, 12.5, 2.998, 176, 0, 0, 0, 71, 17.313, 17.864, 110.214, 100.978, 100, 0, 0, 27.774, 28.774, 70.96, 3.334, 90.466, 0, 0, 92.74, 59.834, 0, 0, 0.409, 0, 0, 14, 0, 12.5, 0, 2.998, 176, 0, 0, 0, 71, 1, 0.017, 0.018, 110.214, 100.982, 100, 0, 0, 141, 27.774, 28.774, 70.96, 3.334, 0, 90.466, 0, 0, 92.74, 59.834, 0, 0, 0, 0, 
1.3, 21.72, 100.52, 63.05, 63.77, , 14.21, 0.972, 106.616, 106.616, 3.034, 339.322, 339.322, 339.322, 50.792, 69.674, 34.531, 37.383, 7.377, 11.901, 0, 0, 53.809, 55.37, 53.809, 55.37, 1, 61.183, 61.183, 0.025, 0.13, 90.923, 93.565, 90.923, 93.565, 5.122, 7.377, 11.901, , , 1, 1.401, 0.511, 0, 12.5, 3.034, 176, 0, 0, 0, 71, 17.657, 18.15, 109.854, 101.346, 100, 0, 0, 27.874, 28.874, 74.96, 3.474, 91.366, 0, 0, 93.74, 60.58, 0, 0, 0.511, 0, 0, 14, 0, 12.5, 0, 3.034, 176, 0, 0, 0, 71, 1, 0.017, 0.018, 109.854, 101.348, 100, 0, 0, 141, 27.874, 28.874, 74.96, 3.474, 0, 91.366, 0, 0, 93.74, 60.58, 0, 0, 0, 0, 
1.35, 21.72, 100.52, 63.05, 63.77, , 14.311, 0.972, 111.022, 111.022, 3.07, 341.728, 341.728, 341.728, 50.772, 70.69, 34.72, 37.092, 7.377, 11.829, 0, 0, 54.81, 56.399, 54.81, 56.399, 1, 61.874, 61.874, 0.025, 0.13, 91.604, 94.266, 91.604, 94.266, 5.148, 7.377, 11.829, , , 1, 1.451, 0.613, 0, 12.5, 3.07, 176, 0, 0, 0, 71, 18.001, 18.436, 109.494, 101.714, 100, 0, 0, 27.974, 28.974, 78.96, 3.614, 92.266, 0, 0, 94.74, 61.326, 0, 0, 0.613, 0, 0, 14, 0, 12.5, 0, 3.07, 176, 0, 0, 0, 71, 1, 0.018, 0.019, 109.494, 101.715, 100, 0, 0, 141, 27.974, 28.974, 78.96, 3.614, 0, 92.266, 0, 0, 94.74, 61.326, 0, 0, 0, 0, 
1.4, 21.72, 100.52, 63.05, 63.77, , 14.435, 0.972, 115.492, 115.492, 3.105, 344.679, 344.679, 344.679, 50.746, 71.707, 34.908, 36.801, 7.377, 11.749, 0, 0, 55.914, 57.536, 55.914, 57.536, 1, 62.582, 62.582, 0.025, 0.13, 92.448, 95.134, 92.448, 95.134, 5.173, 7.377, 11.749, , , 1, 1.501, 0.555, 0, 12.5, 3.105, 176, 0, 0, 0, 71, 18.134, 18.598, 109.4, 101.915, 100, 0, 0, 28.071, 29, 82.846, 3.755, 93.212, 0, 0, 95.854, 62.049, 0, 0, 0.555, 0, 0, 14, 0, 12.5, 0, 3.105, 176, 0, 0, 0, 71, 1, 0.018, 0.019, 109.4, 101.915, 100, 0, 0, 141, 28.071, 29, 82.846, 3.755, 0, 93.212, 0, 0, 95.854, 62.049, 0, 0, 0, 0, 
1.45, 21.72, 100.52, 63.05, 63.77, , 14.589, 0.972, 119.982, 119.982, 3.139, 348.365, 348.365, 348.365, 50.727, 72.723, 35.096, 36.51, 7.378, 11.657, 0, 0, 57.153, 58.812, 57.153, 58.812, 1, 63.289, 63.289, 0.025, 0.13, 93.471, 96.187, 93.471, 96.187, 5.199, 7.378, 11.657, , , 1, 1.551, 0.439, 0, 12.5, 3.139, 176, 0, 0, 0, 71, 18.194, 18.717, 109.4, 102.058, 100, 0, 0, 28.167, 29, 86.692, 3.898, 94.173, 0, 0, 97.008, 62.765, 0, 0, 0.439, 0, 0, 14, 0, 12.5, 0, 3.139, 176, 0, 0, 0, 71, 1, 0.018, 0.019, 109.4, 102.058, 100, 0, 0, 141, 28.167, 29, 86.692, 3.898, 0, 94.173, 0, 0, 97.008, 62.765, 0, 0, 0, 0, 
1.5, 21.72, 100.52, 63.05, 63.77, , 14.756, 0.972, 124.532, 124.532, 3.174, 352.323, 352.323, 352.323, 50.724, 73.739, 35.284, 36.219, 7.378, 11.572, 0, 0, 58.45, 60.149, 58.45, 60.149, 1, 63.999, 63.999, 0.025, 0.13, 94.537, 97.284, 94.537, 97.284, 5.216, 7.378, 11.572, , , 1, 1.601, 0.324, 0, 12.5, 3.174, 176, 0, 0, 0, 71, 18.253, 18.837, 109.4, 102.2, 100, 0, 0, 28.263, 29, 90.538, 4.04, 95.135, 0, 0, 98.162, 63.48, 0, 0, 0.324, 0, 0, 14, 0, 12.5, 0, 3.174, 176, 0, 0, 0, 71, 1, 0.018, 0.019, 109.4, 102.2, 100, 0, 0, 141, 28.263, 29, 90.538, 4.04, 0, 95.135, 0, 0, 98.162, 63.48, 0, 0, 0, 0, 
1.55, 21.72, 100.52, 63.05, 63.77, , 14.912, 0.972, 129.172, 129.172, 3.208, 356.055, 356.055, 356.055, 50.739, 74.755, 35.472, 35.928, 7.379, 11.499, 0, 0, 59.743, 61.479, 59.743, 61.479, 1, 64.733, 64.733, 0.025, 0.13, 95.509, 98.286, 95.509, 98.286, 5.234, 7.379, 11.499, , , 1, 1.651, 0.208, 0, 12.5, 3.208, 176, 0, 0, 0, 71, 18.313, 18.956, 109.4, 102.342, 100, 0, 0, 28.36, 29, 94.385, 4.182, 96.096, 0, 0, 99.315, 64.196, 0, 0, 0.208, 0, 0, 14, 0, 12.5, 0, 3.208, 176, 0, 0, 0, 71, 1, 0.018, 0.019, 109.4, 102.342, 100, 0, 0, 141, 28.36, 29, 94.385, 4.182, 0, 96.096, 0, 0, 99.315, 64.196, 0, 0, 0, 0, 
1.6, 21.72, 100.52, 63.05, 63.77, , 15.025, 0.972, 133.842, 133.842, 3.243, 358.757, 358.757, 358.757, 50.776, 75.771, 35.465, 35.825, 7.379, 11.441, 0, 0, 60.876, 62.643, 60.876, 62.643, 1, 65.525, 65.525, 0.025, 0.13, 96.171, 98.966, 96.171, 98.966, 5.252, 7.379, 11.441, , , 1, 1.701, 0.093, 0, 12.5, 3.243, 176, 0, 0, 0, 71, 18.373, 19.075, 109.4, 102.485, 100, 0, 0, 28.456, 29, 98.231, 4.325, 97.058, 0, 0, 100.469, 64.911, 0, 0, 0.093, 0, 0, 14, 0, 12.5, 0, 3.243, 176, 0, 0, 0, 71, 1, 0.018, 0.019, 109.4, 102.485, 100, 0, 0, 141, 28.456, 29, 98.231, 4.325, 0, 97.058, 0, 0, 100.469, 64.911, 0, 0, 0, 0, 
1.65, 21.72, 100.52, 63.05, 63.77, , 15.175, 0.972, 140.053, 140.053, 3.282, 362.328, 362.328, 362.328, 50.85, 76.787, 35.408, 35.768, 7.38, 11.414, 0, 0, 62.392, 64.204, 62.392, 64.204, 1, 66.562, 66.562, 0.025, 0.13, 96.997, 99.814, 96.997, 99.814, 5.27, 7.38, 11.414, , , 1, 1.752, 0.036, 0, 12.5, 3.282, 176, 0, 0, 0, 71, 18.445, 19.168, 109.206, 102.51, 100, 0, 0, 28.554, 29, 100, 4.392, 97.77, 0, 0, 101.27, 65.71, 0, 0, 0.036, 0, 0, 14, 0, 12.5, 0, 3.282, 176, 0, 0, 0, 71, 1, 0.018, 0.019, 109.206, 102.51, 100, 0, 0, 141, 28.554, 29, 100, 4.392, 0, 97.77, 0, 0, 101.27, 65.71, 0, 0, 0, 0, 
1.7, 21.72, 100.52, 63.05, 63.77, , 15.28, 0.972, 145.646, 145.646, 3.325, 364.837, 364.837, 364.837, 50.904, 77.803, 35.351, 35.711, 7.38, 11.401, 0, 0, 63.643, 65.491, 63.643, 65.491, 1, 67.303, 67.303, 0.025, 0.129, 97.547, 100.38, 97.547, 100.38, 5.295, 7.38, 11.401, , , 1, 1.801, 0.028, 0, 12.5, 3.325, 176, 0, 0, 0, 71, 18.529, 19.238, 108.846, 102.436, 100, 0, 0, 28.654, 29, 100, 4.396, 98.27, 0, 0, 101.77, 66.58, 0, 0, 0.028, 0, 0, 14, 0, 12.5, 0, 3.325, 176, 0, 0, 0, 71, 1, 0.018, 0.019, 108.846, 102.436, 100, 0, 0, 141, 28.654, 29, 100, 4.396, 0, 98.27, 0, 0, 101.77, 66.58, 0, 0, 0, 0, 
1.75, 21.72, 100.52, 63.05, 63.77, , 15.388, 0.972, 150.441, 150.441, 3.367, 367.432, 367.432, 367.432, 50.952, 78.819, 35.294, 35.654, 7.379, 11.422, 0, 0, 64.801, 66.682, 64.801, 66.682, 1, 68.047, 68.047, 0.025, 0.129, 98.147, 100.998, 98.147, 100.998, 5.32, 7.379, 11.422, , , 1, 1.851, 0.02, 0, 12.5, 3.367, 176, 0, 0, 0, 71, 18.613, 19.308, 108.486, 102.362, 100, 0, 0, 28.754, 29, 100, 4.4, 98.77, 0, 0, 102.27, 67.45, 0, 0, 0.02, 0, 0, 14, 0, 12.5, 0, 3.367, 176, 0, 0, 0, 71, 1, 0.019, 0.019, 108.486, 102.362, 100, 0, 0, 141, 28.754, 29, 100, 4.4, 0, 98.77, 0, 0, 102.27, 67.45, 0, 0, 0, 0, 
1.8, 21.72, 100.52, 63.05, 63.77, , 15.45, 0.972, 155.352, 155.352, 3.41, 368.932, 368.932, 368.932, 50.996, 79.835, 35.24, 35.606, 7.379, 11.451, 0, 0, 65.785, 67.697, 65.785, 67.697, 1, 68.807, 68.807, 0.025, 0.129, 98.465, 101.324, 98.465, 101.324, 5.345, 7.379, 11.451, , , 1, 1.901, 0.012, 0, 12.5, 3.41, 176, 0, 0, 0, 71, 18.697, 19.378, 108.126, 102.288, 100, 0, 0, 28.854, 29, 100, 4.404, 99.27, 0, 0, 102.77, 68.32, 0, 0, 0.012, 0, 0, 14, 0, 12.5, 0, 3.41, 176, 0, 0, 0, 71, 1, 0.019, 0.019, 108.126, 102.288, 100, 0, 0, 141, 28.854, 29, 100, 4.404, 0, 99.27, 0, 0, 102.77, 68.32, 0, 0, 0, 0, 
1.85, 21.72, 100.52, 63.05, 63.77, , 15.545, 0.972, 160.239, 160.239, 3.452, 371.198, 371.198, 371.198, 51.035, 80.852, 35.24, 35.75, 7.378, 11.499, 0, 0, 66.915, 68.861, 66.915, 68.861, 1, 69.554, 69.554, 0.025, 0.129, 98.994, 101.869, 98.994, 101.869, 5.37, 7.378, 11.499, , , 1, 1.951, 0.004, 0, 12.5, 3.452, 176, 0, 0, 0, 71, 18.781, 19.448, 107.766, 102.214, 100, 0, 0, 28.954, 29, 100, 4.408, 99.77, 0, 0, 103.27, 69.19, 0, 0, 0.004, 0, 0, 14, 0, 12.5, 0, 3.452, 176, 0, 0, 0, 71, 1, 0.019, 0.019, 107.766, 102.214, 100, 0, 0, 141, 28.954, 29, 100, 4.408, 0, 99.77, 0, 0, 103.27, 69.19, 0, 0, 0, 0, 
1.9, 21.72, 100.52, 63.05, 63.77, , 15.581, 0.972, 165.277, 165.277, 3.495, 372.064, 372.064, 372.064, 51.068, 81.868, 35.24, 35.895, 7.378, 11.548, 0, 0, 67.796, 69.767, 67.796, 69.767, 1, 70.314, 70.314, 0.025, 0.129, 99.161, 102.04, 99.161, 102.04, 5.396, 7.378, 11.548, , , 1, 2.001, 0, 0, 12.5, 3.495, 176, 0, 0, 0, 71, 18.877, 19.497, 107.6, 102.18, 100, 0, 0, 29.109, 29.054, 100, 4.41, 100.381, 0, 0, 103.772, 69.996, 0, 0, 0, 0, 0, 14, 0, 12.5, 0, 3.495, 176, 0, 0, 0, 71, 1, 0.019, 0.019, 107.6, 102.18, 100, 0, 0, 141, 29.109, 29.054, 100, 4.41, 0, 100.381, 0, 0, 103.772, 69.996, 0, 0, 0, 0, 
1.95, 21.72, 100.52, 63.05, 63.77, , 15.631, 0.972, 170.353, 170.353, 3.537, 373.26, 373.26, 373.26, 51.099, 82.884, 35.24, 36.04, 7.377, 11.603, 0, 0, 68.751, 70.748, 68.751, 70.748, 1, 71.078, 71.078, 0.025, 0.129, 99.419, 102.306, 99.419, 102.306, 5.423, 7.377, 11.603, , , 1, 2.051, 0, 0, 12.5, 3.537, 176, 0, 0, 0, 71, 18.981, 19.53, 107.6, 102.18, 100, 0, 0, 29.31, 29.155, 100, 4.41, 101.087, 0, 0, 104.276, 70.748, 0, 0, 0, 0, 0, 14, 0, 12.5, 0, 3.537, 176, 0, 0, 0, 71, 1, 0.019, 0.019, 107.6, 102.18, 100, 0, 0, 141, 29.31, 29.155, 100, 4.41, 0, 101.087, 0, 0, 104.276, 70.748, 0, 0, 0, 0, 
2, 21.72, 100.52, 63.05, 63.77, , 15.705, 0.972, 175.436, 175.436, 3.579, 375.048, 375.048, 375.048, 51.127, 83.9, 35.24, 36.184, 7.377, 11.654, 0, 0, 69.819, 71.849, 69.819, 71.849, 1, 71.837, 71.837, 0.025, 0.129, 99.842, 102.74, 99.842, 102.74, 5.449, 7.377, 11.654, , , 1, 2.101, 0, 0, 12.5, 3.579, 176, 0, 0, 0, 71, 19.086, 19.562, 107.6, 102.18, 100, 0, 0, 29.512, 29.256, 100, 4.41, 101.792, 0, 0, 104.78, 71.5, 0, 0, 0, 0, 0, 14, 0, 12.5, 0, 3.579, 176, 0, 0, 0, 71, 1, 0.019, 0.02, 107.6, 102.18, 100, 0, 0, 141, 29.512, 29.256, 100, 4.41, 0, 101.792, 0, 0, 104.78, 71.5, 0, 0, 0, 0, 
2.05, 21.72, 100.52, 63.05, 63.77, , 15.731, 0.972, 180.625, 180.625, 3.621, 375.691, 375.691, 375.691, 51.153, 84.916, 35.244, 36.311, 7.377, 11.697, 0, 0, 70.691, 72.746, 70.691, 72.746, 1, 72.601, 72.601, 0.025, 0.129, 99.964, 102.867, 99.964, 102.867, 5.476, 7.377, 11.697, , , 1, 2.15, 0, 0, 12.5, 3.621, 176, 0, 0, 0, 71, 19.191, 19.594, 107.6, 102.18, 100, 0, 0, 29.714, 29.357, 100, 4.41, 102.498, 0, 0, 105.284, 72.252, 0, 0, 0, 0, 0, 14, 0, 12.5, 0, 3.621, 176, 0, 0, 0, 71, 1, 0.019, 0.02, 107.6, 102.18, 100, 0, 0, 141, 29.714, 29.357, 100, 4.41, 0, 102.498, 0, 0, 105.284, 72.252, 0, 0, 0, 0, 
2.1, 21.72, 100.52, 63.05, 63.77, , 15.771, 0.972, 185.814, 185.814, 3.663, 376.662, 376.662, 376.662, 51.175, 85.932, 35.316, 36.167, 7.377, 11.737, 0, 0, 71.624, 73.705, 71.624, 73.705, 1, 73.378, 73.378, 0.025, 0.129, 100.179, 103.088, 100.179, 103.088, 5.499, 7.377, 11.737, , , 1, 2.2, 0, 0, 12.5, 3.663, 176, 0, 0, 0, 71, 19.296, 19.626, 107.6, 102.18, 100, 0, 0, 29.915, 29.458, 100, 4.41, 103.204, 0, 0, 105.788, 73.004, 0, 0, 0, 0, 0, 14, 0, 12.5, 0, 3.663, 176, 0, 0, 0, 71, 1, 0.019, 0.02, 107.6, 102.18, 100, 0, 0, 141, 29.915, 29.458, 100, 4.41, 0, 103.204, 0, 0, 105.788, 73.004, 0, 0, 0, 0, 
2.15, 21.72, 100.52, 63.05, 63.77, , 15.787, 0.972, 191.045, 191.045, 3.718, 377.055, 377.055, 377.055, 51.195, 86.948, 35.388, 36.023, 7.377, 11.774, 0, 0, 72.454, 74.558, 72.454, 74.558, 1, 74.139, 74.139, 0.025, 0.129, 100.242, 103.152, 100.242, 103.152, 5.52, 7.377, 11.774, , , 1, 2.25, 0, 0, 12.5, 3.718, 176, 0, 0, 0, 71, 19.429, 19.719, 107.289, 102.092, 100, 0, 0, 30.086, 29.558, 100, 4.411, 104.018, 0, 0, 106.374, 73.964, 0, 0, 0, 0, 0, 14, 0, 12.5, 0, 3.718, 176, 0, 0, 0, 71, 1, 0.019, 0.02, 107.289, 102.092, 100, 0, 0, 141, 30.086, 29.558, 100, 4.411, 0, 104.018, 0, 0, 106.374, 73.964, 0, 0, 0, 0, 
2.2, 21.72, 100.52, 63.05, 63.77, , 15.806, 0.972, 196.411, 196.411, 3.782, 377.539, 377.539, 377.539, 51.22, 87.964, 35.46, 35.879, 7.377, 11.807, 0, 0, 73.294, 75.422, 73.294, 75.422, 1, 74.922, 74.922, 0.025, 0.129, 100.319, 103.231, 100.319, 103.231, 5.541, 7.377, 11.807, , , 1, 2.301, 0, 0, 12.5, 3.782, 176, 0, 0, 0, 71, 19.581, 19.856, 106.754, 101.946, 100, 0, 0, 30.235, 29.657, 100, 4.413, 104.911, 0, 0, 107.019, 75.074, 0, 0, 0, 0, 0, 14, 0, 12.5, 0, 3.782, 176, 0, 0, 0, 71, 1, 0.019, 0.02, 106.754, 101.945, 100, 0, 0, 141, 30.235, 29.657, 100, 4.413, 0, 104.911, 0, 0, 107.019, 75.074, 0, 0, 0, 0, 
2.25, 21.72, 100.52, 63.05, 63.77, , 15.798, 0.972, 201.841, 201.841, 3.845, 377.354, 377.354, 377.354, 51.258, 88.98, 35.532, 35.735, 7.377, 11.832, 0, 0, 74.011, 76.161, 74.011, 76.161, 1, 75.686, 75.686, 0.025, 0.129, 100.199, 103.108, 100.199, 103.108, 5.562, 7.377, 11.832, , , 1, 2.351, 0, 0, 12.5, 3.845, 176, 0, 0, 0, 71, 19.734, 19.993, 106.218, 101.8, 100, 0, 0, 30.384, 29.756, 100, 4.415, 105.804, 0, 0, 107.664, 76.184, 0, 0, 0, 0, 0, 14, 0, 12.5, 0, 3.845, 176, 0, 0, 0, 71, 1, 0.02, 0.02, 106.218, 101.798, 100, 0, 0, 141, 30.384, 29.756, 100, 4.415, 0, 105.804, 0, 0, 107.664, 76.184, 0, 0, 0, 0, 
2.3, 21.72, 100.52, 63.05, 63.77, , 15.807, 0.972, 207.271, 207.271, 3.909, 377.6, 377.6, 377.6, 51.303, 89.997, 35.598, 35.606, 7.377, 11.857, 0, 0, 74.816, 76.991, 74.816, 76.991, 1, 76.461, 76.461, 0.025, 0.13, 100.177, 103.085, 100.177, 103.085, 5.586, 7.377, 11.857, , , 1, 2.401, 0, 0, 12.5, 3.909, 176, 0, 0, 0, 71, 19.887, 20.13, 105.682, 101.654, 100, 0, 0, 30.533, 29.855, 100, 4.417, 106.696, 0, 0, 108.309, 77.294, 0, 0, 0, 0, 0, 14, 0, 12.5, 0, 3.909, 176, 0, 0, 0, 71, 1, 0.02, 0.02, 105.682, 101.651, 100, 0, 0, 141, 30.533, 29.855, 100, 4.417, 0, 106.696, 0, 0, 108.309, 77.294, 0, 0, 0, 0, 
2.35, 21.72, 100.52, 63.05, 63.77, , 15.794, 0.972, 212.818, 212.818, 3.972, 377.321, 377.321, 377.321, 51.357, 91.013, 35.562, 35.714, 7.378, 11.884, 0, 0, 75.524, 77.72, 75.524, 77.72, 1, 77.241, 77.241, 0.025, 0.13, 99.997, 102.899, 99.997, 102.899, 5.612, 7.378, 11.884, , , 1, 2.451, 0, 0, 12.5, 3.972, 176, 0, 0, 0, 71, 20.04, 20.267, 105.146, 101.507, 100, 0, 0, 30.682, 29.954, 100, 4.419, 107.589, 0, 0, 108.953, 78.404, 0, 0, 0, 0, 0, 14, 0, 12.5, 0, 3.972, 176, 0, 0, 0, 71, 1, 0.02, 0.02, 105.146, 101.505, 100, 0, 0, 141, 30.682, 29.954, 100, 4.419, 0, 107.589, 0, 0, 108.953, 78.404, 0, 0, 0, 0, 
2.4, 21.72, 100.52, 63.052, 63.77, , 15.836, 0.972, 218.377, 218.377, 4.014, 378.327, 378.327, 378.327, 51.42, 92.029, 35.526, 35.822, 7.378, 11.908, 0, 0, 76.484, 78.707, 76.484, 78.707, 1, 78.014, 78.014, 0.025, 0.13, 100.142, 103.05, 100.142, 103.05, 5.639, 7.378, 11.908, , , 1, 2.501, 0, 0, 12.5, 4.014, 176, 0, 0, 0, 71, 20.141, 20.365, 104.798, 101.398, 100, 0, 0, 30.778, 30, 100, 4.421, 108.169, 0, 0, 109.391, 79.126, 0, 0, 0, 0, 0, 14, 0, 12.5, 0, 4.014, 176, 0, 0, 0, 71, 1, 0.02, 0.021, 104.798, 101.397, 100, 0, 0, 141, 30.778, 30, 100, 4.421, 0, 108.169, 0, 0, 109.391, 79.126, 0, 0, 0, 0, 
2.45, 21.72, 100.521, 63.056, 63.77, , 15.825, 0.972, 223.988, 223.988, 4.037, 378.094, 378.094, 378.094, 51.473, 93.045, 35.49, 35.93, 7.379, 11.923, 0, 0, 77.19, 79.434, 77.19, 79.434, 1, 78.779, 78.779, 0.025, 0.13, 99.98, 102.884, 99.98, 102.884, 5.665, 7.379, 11.923, , , 1, 2.55, 0, 0, 12.5, 4.037, 176, 0, 0, 0, 71, 20.197, 20.43, 104.61, 101.32, 100, 0, 0, 30.831, 30, 100, 4.423, 108.483, 0, 0, 109.653, 79.516, 0, 0, 0, 0, 0, 14, 0, 12.5, 0, 4.037, 176, 0, 0, 0, 71, 1, 0.02, 0.021, 104.61, 101.319, 100, 0, 0, 141, 30.831, 30, 100, 4.423, 0, 108.483, 0, 0, 109.653, 79.516, 0, 0, 0, 0, 
2.5, 21.72, 100.521, 63.06, 63.77, , 15.836, 0.972, 231.278, 231.278, 4.06, 378.37, 378.37, 378.37, 51.5, 91.359, 35.454, 36.038, 7.379, 11.938, 0, 0, 78.219, 80.492, 78.219, 80.492, 1, 79.873, 79.873, 0.025, 0.13, 100, 102.903, 100, 102.903, 5.693, 7.379, 11.938, , , 1, 2.6, 0, 0, 12.5, 4.06, 176, 0, 0, 0, 71, 20.253, 20.495, 104.422, 101.243, 100, 0, 0, 30.883, 30, 100, 4.425, 108.797, 0, 0, 109.914, 79.906, 0, 0, 0, 0, 0, 14, 0, 12.5, 0, 4.06, 176, 0, 0, 0, 71, 1, 0.02, 0.021, 104.422, 101.242, 100, 0, 0, 141, 30.883, 30, 100, 4.425, 0, 108.797, 0, 0, 109.914, 79.906, 0, 0, 0, 0, 
2.55, 21.72, 100.521, 63.064, 63.77, , 15.844, 0.972, 237.714, 237.714, 4.083, 378.595, 378.595, 378.595, 51.506, 88.402, 35.433, 36.131, 7.38, 11.948, 0, 0, 79.122, 81.421, 79.122, 81.421, 1, 80.652, 80.652, 0.025, 0.131, 100.047, 102.951, 100.047, 102.951, 5.723, 7.38, 11.948, , , 1, 2.651, 0, 0, 12.5, 4.083, 176, 0, 0, 0, 71, 20.31, 20.56, 104.233, 101.165, 100, 0, 0, 30.935, 30, 100, 4.427, 109.111, 0, 0, 110.176, 80.296, 0, 0, 0, 0, 0, 14, 0, 12.5, 0, 4.083, 176, 0, 0, 0, 71, 1, 0.02, 0.021, 104.233, 101.164, 100, 0, 0, 141, 30.935, 30, 100, 4.427, 0, 109.111, 0, 0, 110.176, 80.296, 0, 0, 0, 0, 
2.6, 21.72, 100.522, 63.069, 63.77, , 15.816, 0.972, 243.54, 243.54, 4.106, 377.958, 377.958, 377.958, 51.495, 85.445, 35.648, 35.988, 7.38, 11.956, 0, 0, 79.744, 82.061, 79.744, 82.061, 1, 81.422, 81.422, 0.025, 0.131, 99.899, 102.799, 99.899, 102.799, 5.754, 7.38, 11.956, , , 1, 2.701, 0, 0, 12.5, 4.106, 176, 0, 0, 0, 71, 20.366, 20.624, 104.045, 101.087, 100, 0, 0, 30.987, 30, 100, 4.429, 109.425, 0, 0, 110.437, 80.686, 0, 0, 0, 0, 0, 14, 0, 12.5, 0, 4.106, 176, 0, 0, 0, 71, 1, 0.02, 0.021, 104.045, 101.087, 100, 0, 0, 141, 30.987, 30, 100, 4.429, 0, 109.425, 0, 0, 110.437, 80.686, 0, 0, 0, 0, 
2.65, 21.72, 100.522, 63.073, 63.77, , 15.773, 0.972, 249.426, 249.426, 4.141, 376.95, 376.95, 376.95, 51.473, 82.488, 35.863, 35.845, 7.38, 11.95, 0, 0, 80.288, 82.622, 80.288, 82.622, 1, 82.192, 82.192, 0.025, 0.132, 99.673, 102.566, 99.673, 102.566, 5.784, 7.38, 11.95, , , 1, 2.751, 0, 0, 12.5, 4.141, 176, 0, 0, 0, 71, 20.44, 20.7, 104, 101.014, 100, 0, 0, 31.075, 30.075, 100, 4.43, 109.952, 0, 0, 110.952, 81.436, 0, 0, 0, 0, 0, 14, 0, 12.5, 0, 4.141, 176, 0, 0, 0, 71, 1, 0.02, 0.021, 104, 101.014, 100, 0, 0, 141, 31.075, 30.075, 100, 4.43, 0, 109.952, 0, 0, 110.952, 81.436, 0, 0, 0, 0, 
2.7, 21.72, 100.522, 63.077, 63.77, , 15.725, 0.972, 255.332, 255.332, 4.179, 375.839, 375.839, 375.839, 51.461, 79.531, 36.078, 35.701, 7.379, 11.944, 0, 0, 80.795, 83.144, 80.795, 83.144, 1, 82.969, 82.969, 0.025, 0.132, 99.404, 102.291, 99.404, 102.291, 5.812, 7.379, 11.944, , , 1, 2.801, 0, 0, 12.5, 4.179, 176, 0, 0, 0, 71, 20.52, 20.78, 104, 100.943, 100, 0, 0, 31.175, 30.175, 100, 4.43, 110.548, 0, 0, 111.548, 82.299, 0, 0, 0, 0, 0, 14, 0, 12.5, 0, 4.179, 176, 0, 0, 0, 71, 1, 0.02, 0.021, 104, 100.943, 100, 0, 0, 141, 31.175, 30.175, 100, 4.43, 0, 110.548, 0, 0, 111.548, 82.299, 0, 0, 0, 0, 
2.75, 21.72, 100.523, 63.081, 63.77, , 15.683, 0.972, 261.281, 261.281, 4.217, 374.854, 374.854, 374.854, 51.461, 76.573, 36.293, 35.558, 7.379, 11.929, 0, 0, 81.33, 83.695, 81.33, 83.695, 1, 83.738, 83.738, 0.025, 0.132, 99.144, 102.024, 99.144, 102.024, 5.829, 7.379, 11.929, , , 1, 2.85, 0, 0, 12.5, 4.217, 176, 0, 0, 0, 71, 20.599, 20.859, 104, 100.871, 100, 0, 0, 31.274, 30.274, 100, 4.43, 111.143, 0, 0, 112.143, 83.162, 0, 0, 0, 0, 0, 14, 0, 12.5, 0, 4.217, 176, 0, 0, 0, 71, 1, 0.021, 0.021, 104, 100.871, 100, 0, 0, 141, 31.274, 30.274, 100, 4.43, 0, 111.143, 0, 0, 112.143, 83.162, 0, 0, 0, 0, 
2.8, 21.72, 100.523, 63.085, 63.77, , 15.612, 0.972, 267.296, 267.296, 4.256, 373.202, 373.202, 373.202, 51.474, 73.616, 36.49, 35.421, 7.378, 11.913, 0, 0, 81.704, 84.08, 81.704, 84.08, 1, 84.497, 84.497, 0.025, 0.132, 98.68, 101.547, 98.68, 101.547, 5.847, 7.378, 11.913, , , 1, 2.9, 0, 0, 12.5, 4.256, 176, 0, 0, 0, 71, 20.678, 20.938, 104, 100.8, 100, 0, 0, 31.373, 30.373, 100, 4.43, 111.738, 0, 0, 112.738, 84.025, 0, 0, 0, 0, 0, 14, 0, 12.5, 0, 4.256, 176, 0, 0, 0, 71, 1, 0.021, 0.021, 104, 100.8, 100, 0, 0, 141, 31.373, 30.373, 100, 4.43, 0, 111.738, 0, 0, 112.738, 84.025, 0, 0, 0, 0, 
2.85, 21.718, 100.524, 63.09, 63.77, , 15.548, 0.972, 273.441, 273.441, 4.294, 371.72, 371.72, 371.72, 51.499, 70.659, 36.237, 35.458, 7.378, 11.884, 0, 0, 82.124, 84.512, 82.124, 84.512, 1, 85.262, 85.262, 0.025, 0.132, 98.237, 101.091, 98.237, 101.091, 5.865, 7.378, 11.884, , , 1, 2.951, 0, 0, 12.5, 4.294, 176, 0, 0, 0, 71, 20.758, 21.018, 104, 100.729, 100, 0, 0, 31.472, 30.472, 100, 4.43, 112.333, 0, 0, 113.333, 84.888, 0, 0, 0, 0, 0, 14, 0, 12.5, 0, 4.294, 176, 0, 0, 0, 71, 1, 0.021, 0.021, 104, 100.729, 100, 0, 0, 141, 31.472, 30.472, 100, 4.43, 0, 112.333, 0, 0, 113.333, 84.888, 0, 0, 0, 0, 
2.9, 21.716, 100.524, 63.094, 63.77, , 15.5, 0.972, 279.586, 279.586, 4.336, 370.602, 370.602, 370.602, 51.535, 67.702, 35.984, 35.494, 7.377, 11.854, 0, 0, 82.61, 85.011, 82.61, 85.011, 1, 86.022, 86.022, 0.025, 0.132, 97.874, 100.718, 97.874, 100.718, 5.883, 7.377, 11.854, , , 1, 3.001, 0, 0, 12.5, 4.336, 176, 0, 0, 0, 71, 20.787, 21.046, 103.738, 100.655, 100, 0, 0, 31.573, 30.573, 100, 4.427, 112.793, 0, 0, 113.793, 85.674, 0, 0, 0, 0, 0, 13.985, 0, 12.5, 0, 4.336, 176, 0, 0, 0, 71, 1, 0.021, 0.021, 103.738, 100.655, 100, 0, 0, 141, 31.573, 30.573, 100, 4.427, 0, 112.793, 0, 0, 113.793, 85.674, 0, 0, 0, 0, 
2.95, 21.714, 100.524, 63.098, 63.77, , 15.48, 0.972, 285.753, 285.753, 4.38, 370.152, 370.152, 370.152, 51.563, 64.745, 35.731, 35.53, 7.377, 11.821, 0, 0, 83.236, 85.655, 83.236, 85.655, 1, 86.785, 86.785, 0.025, 0.132, 97.701, 100.54, 97.701, 100.54, 5.913, 7.377, 11.821, , , 1, 3.051, 0, 0, 12.5, 4.38, 176, 0, 0, 0, 71, 20.797, 21.054, 103.373, 100.58, 100, 0, 0, 31.674, 30.674, 100, 4.423, 113.199, 0, 0, 114.199, 86.429, 0, 0, 0, 0, 0, 13.965, 0, 12.5, 0, 4.38, 176, 0, 0, 0, 71, 1, 0.021, 0.021, 103.373, 100.58, 100, 0, 0, 141, 31.674, 30.674, 100, 4.423, 0, 113.199, 0, 0, 114.199, 86.429, 0, 0, 0, 0, 
3, 21.712, 100.525, 63.102, 63.77, , 15.432, 0.972, 292.064, 292.064, 4.423, 369.035, 369.035, 369.035, 51.583, 61.788, 35.478, 35.566, 7.377, 11.788, 0, 0, 83.712, 86.143, 83.712, 86.143, 1, 87.534, 87.534, 0.025, 0.132, 97.371, 100.2, 97.371, 100.2, 5.942, 7.377, 11.788, , , 1, 3.101, 0, 0, 12.5, 4.423, 176, 0, 0, 0, 71, 20.808, 21.062, 103.009, 100.505, 100, 0, 0, 31.775, 30.775, 100, 4.419, 113.606, 0, 0, 114.606, 87.184, 0, 0, 0, 0, 0, 13.945, 0, 12.5, 0, 4.423, 176, 0, 0, 0, 71, 1, 0.021, 0.021, 103.009, 100.505, 100, 0, 0, 141, 31.775, 30.775, 100, 4.419, 0, 113.606, 0, 0, 114.606, 87.184, 0, 0, 0, 0, 
3.05, 21.711, 100.525, 63.106, 63.77, , 15.396, 0.972, 298.375, 298.375, 4.467, 368.203, 368.203, 368.203, 51.591, 58.831, 35.242, 35.596, 7.377, 11.754, 0, 0, 84.243, 86.69, 84.243, 86.69, 1, 88.295, 88.295, 0.025, 0.131, 97.134, 99.957, 97.134, 99.957, 5.972, 7.377, 11.754, , , 1, 3.151, 0, 0, 12.5, 4.467, 176, 0, 0, 0, 71, 20.818, 21.07, 102.645, 100.43, 100, 0, 0, 31.877, 30.877, 100, 4.415, 114.012, 0, 0, 115.012, 87.939, 0, 0, 0, 0, 0, 13.924, 0, 12.5, 0, 4.467, 176, 0, 0, 0, 71, 1, 0.021, 0.021, 102.645, 100.43, 100, 0, 0, 141, 31.877, 30.877, 100, 4.415, 0, 114.012, 0, 0, 115.012, 87.939, 0, 0, 0, 0, 
3.1, 21.709, 100.525, 63.11, 63.77, , 15.342, 0.972, 304.717, 304.717, 4.51, 366.941, 366.941, 366.941, 51.589, 55.874, 35.278, 35.524, 7.377, 11.719, 0, 0, 84.67, 87.128, 84.67, 87.128, 1, 89.052, 89.052, 0.025, 0.131, 96.805, 99.618, 96.805, 99.618, 6.003, 7.377, 11.719, , , 1, 3.201, 0, 0, 12.5, 4.51, 176, 0, 0, 0, 71, 20.828, 21.078, 102.28, 100.355, 100, 0, 0, 31.978, 30.978, 100, 4.411, 114.419, 0, 0, 115.419, 88.694, 0, 0, 0, 0, 0, 13.904, 0, 12.5, 0, 4.51, 176, 0, 0, 0, 71, 1, 0.021, 0.021, 102.28, 100.355, 100, 0, 0, 141, 31.978, 30.978, 100, 4.411, 0, 114.419, 0, 0, 115.419, 88.694, 0, 0, 0, 0, 
3.15, 21.707, 100.526, 63.115, 63.77, , 15.304, 0.972, 311.203, 311.203, 4.55, 366.054, 366.054, 366.054, 51.579, 52.916, 35.314, 35.452, 7.377, 11.694, 0, 0, 85.186, 87.658, 85.186, 87.658, 1, 89.807, 89.807, 0.025, 0.131, 96.588, 99.396, 96.588, 99.396, 6.065, 7.377, 11.694, , , 1, 3.251, 0, 0, 12.5, 4.55, 176, 0, 0, 0, 71, 20.819, 21.071, 101.919, 100.281, 100, 0, 0, 32, 31.078, 100, 4.413, 114.58, 0, 0, 115.5, 89.539, 0, 0, 0, 0, 0, 13.9, 0, 12.5, 0, 4.55, 176, 0, 0, 0, 71, 1, 0.021, 0.021, 101.919, 100.281, 100, 0, 0, 141, 32, 31.078, 100, 4.413, 0, 114.58, 0, 0, 115.5, 89.539, 0, 0, 0, 0, 
3.2, 21.705, 100.526, 63.119, 63.77, , 15.262, 0.972, 317.689, 317.689, 4.588, 365.098, 365.098, 365.098, 51.571, 49.959, 35.35, 35.381, 7.377, 11.668, 0, 0, 85.677, 88.165, 85.677, 88.165, 1, 90.556, 90.556, 0.025, 0.131, 96.349, 99.15, 96.349, 99.15, 6.128, 7.377, 11.668, , , 1, 3.301, 0, 0, 12.5, 4.588, 176, 0, 0, 0, 71, 20.805, 21.059, 101.559, 100.207, 100, 0, 0, 32, 31.178, 100, 4.417, 114.679, 0, 0, 115.5, 90.409, 0, 0, 0, 0, 0, 13.9, 0, 12.5, 0, 4.588, 176, 0, 0, 0, 71, 1, 0.021, 0.021, 101.559, 100.207, 100, 0, 0, 141, 32, 31.178, 100, 4.417, 0, 114.679, 0, 0, 115.5, 90.409, 0, 0, 0, 0, 
3.25, 21.703, 100.527, 63.123, 63.77, , 15.226, 0.972, 324.231, 324.231, 4.627, 364.253, 364.253, 364.253, 51.569, 47.002, 35.386, 35.309, 7.377, 11.653, 0, 0, 86.181, 88.683, 86.181, 88.683, 1, 91.3, 91.3, 0.025, 0.131, 96.131, 98.927, 96.131, 98.927, 6.19, 7.377, 11.653, , , 1, 3.351, 0, 0, 12.5, 4.627, 176, 0, 0, 0, 71, 20.791, 21.047, 101.199, 100.134, 100, 0, 0, 32, 31.278, 100, 4.421, 114.779, 0, 0, 115.5, 91.279, 0, 0, 0, 0, 0, 13.9, 0, 12.5, 0, 4.627, 176, 0, 0, 0, 71, 1, 0.021, 0.021, 101.199, 100.134, 100, 0, 0, 141, 32, 31.278, 100, 4.421, 0, 114.779, 0, 0, 115.5, 91.279, 0, 0, 0, 0, 
3.3, 21.701, 100.527, 63.127, 63.77, , 15.189, 0.972, 330.791, 330.791, 4.665, 363.409, 363.409, 363.409, 51.57, 44.045, 35.417, 35.241, 7.377, 11.637, 0, 0, 86.683, 89.198, 86.683, 89.198, 1, 92.053, 92.053, 0.025, 0.131, 95.907, 98.696, 95.907, 98.696, 6.252, 7.377, 11.637, , , 1, 3.401, 0, 0, 12.5, 4.665, 176, 0, 0, 0, 71, 20.777, 21.035, 100.839, 100.06, 100, 0, 0, 32, 31.378, 100, 4.425, 114.878, 0, 0, 115.5, 92.149, 0, 0, 0, 0, 0, 13.9, 0, 12.5, 0, 4.665, 176, 0, 0, 0, 71, 1, 0.021, 0.021, 100.839, 100.06, 100, 0, 0, 141, 32, 31.378, 100, 4.425, 0, 114.878, 0, 0, 115.5, 92.149, 0, 0, 0, 0, 
3.35, 21.699, 100.527, 63.131, 63.77, , 15.116, 0.972, 339.775, 339.775, 4.704, 361.706, 361.706, 361.706, 51.58, 52.028, 35.345, 35.277, 7.378, 11.629, 0, 0, 87.208, 89.739, 87.208, 89.739, 1, 92.998, 92.998, 0.025, 0.131, 95.439, 98.213, 95.439, 98.213, 6.293, 7.378, 11.629, , , 1, 3.45, 0, 0, 12.5, 4.704, 176, 0, 0, 0, 71, 20.763, 21.023, 100.479, 99.986, 100, 0, 0, 32, 31.478, 100, 4.429, 114.978, 0, 0, 115.5, 93.019, 0, 0, 0, 0, 0, 13.9, 0, 12.5, 0, 4.704, 176, 0, 0, 0, 71, 1, 0.021, 0.021, 100.479, 99.986, 100, 0, 0, 141, 32, 31.478, 100, 4.429, 0, 114.978, 0, 0, 115.5, 93.019, 0, 0, 0, 0, 
3.4, 21.697, 100.528, 63.136, 63.77, , 15.07, 0.972, 346.54, 346.54, 4.759, 360.638, 360.638, 360.638, 51.601, 59.4, 35.273, 35.313, 7.378, 11.621, 0, 0, 87.645, 90.191, 87.645, 90.191, 1, 93.791, 93.791, 0.025, 0.131, 95.124, 97.887, 95.124, 97.887, 6.333, 7.378, 11.621, , , 1, 3.5, 0, 0, 12.5, 4.759, 176.155, 0, 0, 0, 71, 20.758, 21.003, 100.12, 99.769, 100, 0, 0, 32.039, 31.578, 100, 4.427, 115.117, 0, 0, 115.617, 94.03, 0, 0, 0, 0, 0, 13.908, 0, 12.5, 0, 4.759, 176.155, 0, 0, 0, 71, 1, 0.021, 0.021, 100.12, 99.768, 100, 0, 0, 141, 32.039, 31.578, 100, 4.427, 0, 115.117, 0, 0, 115.617, 94.03, 0, 0, 0, 0, 
3.45, 21.695, 100.528, 63.14, 63.77, , 14.988, 0.972, 353.271, 353.271, 4.819, 358.718, 358.718, 358.718, 51.641, 60.237, 35.201, 35.349, 7.379, 11.616, 0, 0, 87.862, 90.413, 87.862, 90.413, 1, 94.527, 94.527, 0.025, 0.131, 94.547, 97.294, 94.547, 97.294, 6.374, 7.379, 11.616, , , 1, 3.551, 0, 0, 12.5, 4.819, 176.355, 0, 0, 0, 71, 20.755, 20.981, 99.762, 99.511, 100, 0, 0, 32.089, 31.677, 100, 4.423, 115.266, 0, 0, 115.766, 95.08, 0, 0, 0, 0, 0, 13.918, 0, 12.5, 0, 4.819, 176.355, 0, 0, 0, 71, 1, 0.021, 0.021, 99.762, 99.509, 100, 0, 0, 141, 32.089, 31.677, 100, 4.423, 0, 115.266, 0, 0, 115.766, 95.08, 0, 0, 0, 0, 
3.5, 21.693, 100.529, 63.144, 63.77, , 14.919, 0.972, 360.139, 360.139, 4.879, 357.103, 357.103, 357.103, 51.701, 61.075, 35.129, 35.385, 7.379, 11.611, 0, 0, 88.146, 90.706, 88.146, 90.706, 1, 95.265, 95.265, 0.025, 0.131, 94.011, 96.741, 94.011, 96.741, 6.415, 7.379, 11.611, , , 1, 3.601, 0, 0, 12.5, 4.879, 176.554, 0, 0, 0, 71, 20.752, 20.959, 99.403, 99.253, 100, 0, 0, 32.138, 31.777, 100, 4.419, 115.415, 0, 0, 115.915, 96.131, 0, 0, 0, 0, 0, 13.928, 0, 12.5, 0, 4.879, 176.554, 0, 0, 0, 71, 1, 0.021, 0.021, 99.403, 99.25, 100, 0, 0, 141, 32.138, 31.777, 100, 4.419, 0, 115.415, 0, 0, 115.915, 96.131, 0, 0, 0, 0, 
3.55, 21.691, 100.529, 63.148, 63.77, , 14.836, 0.972, 367.007, 367.007, 4.939, 355.177, 355.177, 355.177, 51.784, 61.912, 35.056, 35.413, 7.38, 11.602, 0, 0, 88.343, 90.909, 88.343, 90.909, 1, 95.993, 95.993, 0.025, 0.131, 93.358, 96.069, 93.358, 96.069, 6.456, 7.38, 11.602, , , 1, 3.651, 0, 0, 12.5, 4.939, 176.753, 0, 0, 0, 71, 20.749, 20.937, 99.045, 98.995, 100, 0, 0, 32.188, 31.876, 100, 4.415, 115.565, 0, 0, 116.065, 97.182, 0, 0, 0, 0, 0, 13.938, 0, 12.5, 0, 4.939, 176.753, 0, 0, 0, 71, 1, 0.021, 0.021, 99.045, 98.991, 100, 0, 0, 141, 32.188, 31.876, 100, 4.415, 0, 115.565, 0, 0, 116.065, 97.182, 0, 0, 0, 0, 
3.6, 21.69, 100.529, 63.152, 63.77, , 14.798, 0.972, 373.954, 373.954, 4.999, 354.284, 354.284, 354.284, 51.876, 62.749, 34.949, 35.234, 7.38, 11.593, 0, 0, 88.793, 91.371, 88.793, 91.371, 1, 96.716, 96.716, 0.025, 0.131, 92.951, 95.652, 92.951, 95.652, 6.498, 7.38, 11.593, , , 1, 3.701, 0, 0, 12.5, 4.999, 176.952, 0, 0, 0, 71, 20.746, 20.915, 98.686, 98.737, 100, 0, 0, 32.238, 31.976, 100, 4.411, 115.714, 0, 0, 116.214, 98.233, 0, 0, 0, 0, 0, 13.948, 0, 12.5, 0, 4.999, 176.952, 0, 0, 0, 71, 1, 0.021, 0.021, 98.686, 98.732, 100, 0, 0, 141, 32.238, 31.976, 100, 4.411, 0, 115.714, 0, 0, 116.214, 98.233, 0, 0, 0, 0, 
3.65, 21.688, 100.53, 63.157, 63.77, , 14.763, 0.972, 380.888, 380.888, 5.049, 353.491, 353.491, 353.491, 51.965, 63.587, 34.841, 35.056, 7.38, 11.58, 0, 0, 89.259, 91.849, 89.259, 91.849, 1, 97.45, 97.45, 0.025, 0.131, 92.58, 95.27, 92.58, 95.27, 6.54, 7.38, 11.58, , , 1, 3.751, 0, 0, 12.5, 5.049, 177.191, 0, 0, 0, 71, 20.732, 20.881, 98.428, 98.533, 100, 0, 0, 32.393, 32, 100, 4.41, 115.845, 0, 0, 116.298, 99.138, 0, 0, 0, 0, 0, 13.96, 0, 12.5, 0, 5.049, 177.192, 0, 0, 0, 71, 1, 0.021, 0.021, 98.428, 98.53, 100, 0, 0, 141, 32.393, 32, 100, 4.41, 0, 115.845, 0, 0, 116.298, 99.138, 0, 0, 0, 0, 
3.7, 21.686, 100.53, 63.16, 63.77, , 14.67, 0.972, 387.964, 387.964, 5.096, 351.304, 351.304, 351.304, 52.037, 64.424, 34.734, 34.877, 7.379, 11.567, 0, 0, 89.366, 91.961, 89.366, 91.961, 1, 98.161, 98.161, 0.025, 0.131, 91.882, 94.552, 91.882, 94.552, 6.581, 7.379, 11.567, , , 1, 3.801, 0, 0, 12.5, 5.096, 177.442, 0, 0, 0, 71, 20.714, 20.844, 98.202, 98.346, 100, 0, 0, 32.582, 32, 100, 4.41, 115.971, 0, 0, 116.361, 99.997, 0, 0, 0, 0, 0, 13.972, 0, 12.5, 0, 5.096, 177.444, 0, 0, 0, 71, 1, 0.021, 0.021, 98.202, 98.344, 100, 0, 0, 141, 32.582, 32, 100, 4.41, 0, 115.971, 0, 0, 116.361, 99.997, 0, 0, 0, 0, 
3.75, 21.684, 100.53, 63.16, 63.77, , 14.608, 0.972, 395.04, 395.04, 5.143, 349.847, 349.847, 349.847, 52.083, 65.261, 34.627, 34.699, 7.379, 11.554, 0, 0, 89.645, 92.248, 89.645, 92.248, 1, 98.887, 98.887, 0.025, 0.131, 91.417, 94.074, 91.417, 94.074, 6.634, 7.379, 11.554, , , 1, 3.851, 0, 0, 12.5, 5.143, 177.693, 0, 0, 0, 71, 20.696, 20.806, 97.976, 98.159, 100, 0, 0, 32.77, 32, 100, 4.41, 116.097, 0, 0, 116.423, 100.857, 0, 0, 0, 0, 0, 13.985, 0, 12.5, 0, 5.143, 177.697, 0, 0, 0, 71, 1, 0.021, 0.021, 97.976, 98.158, 100, 0, 0, 141, 32.77, 32, 100, 4.41, 0, 116.097, 0, 0, 116.423, 100.857, 0, 0, 0, 0, 
3.8, 21.682, 100.529, 63.16, 63.77, , 14.535, 0.972, 402.204, 402.204, 5.191, 348.143, 348.143, 348.143, 52.107, 66.099, 34.52, 34.52, 7.378, 11.541, 0, 0, 89.853, 92.461, 89.853, 92.461, 1, 99.604, 99.604, 0.025, 0.131, 90.933, 93.575, 90.933, 93.575, 6.695, 7.378, 11.541, , , 1, 3.9, 0, 0, 12.5, 5.191, 177.945, 0, 0, 0, 71, 20.679, 20.768, 97.75, 97.972, 100, 0, 0, 32.959, 32, 100, 4.41, 116.222, 0, 0, 116.486, 101.716, 0, 0, 0, 0, 0, 13.997, 0, 12.5, 0, 5.191, 177.949, 0, 0, 0, 71, 1, 0.021, 0.021, 97.75, 97.972, 100, 0, 0, 141, 32.959, 32, 100, 4.41, 0, 116.222, 0, 0, 116.486, 101.716, 0, 0, 0, 0, 
3.85, 21.68, 100.529, 63.16, 63.77, , 14.418, 0.972, 409.355, 409.355, 5.23, 345.406, 345.406, 345.406, 52.112, 66.936, 34.666, 34.739, 7.378, 11.524, 0, 0, 89.777, 92.384, 89.777, 92.384, 1, 100.316, 100.316, 0.025, 0.131, 90.211, 92.831, 90.211, 92.831, 6.756, 7.378, 11.524, , , 1, 3.95, 0, 0, 12.5, 5.23, 178, 0, 0, 0, 71, 20.669, 20.753, 97.547, 97.775, 100, 0, 0, 33.127, 32, 100, 4.41, 116.335, 0, 0, 116.543, 102.485, 0, 0, 0, 0, 0, 13.991, 0, 12.5, 0, 5.23, 178, 0, 0, 0, 71, 1, 0.021, 0.021, 97.547, 97.775, 100, 0, 0, 141, 33.127, 32, 100, 4.41, 0, 116.335, 0, 0, 116.543, 102.485, 0, 0, 0, 0, 
3.9, 21.678, 100.528, 63.16, 63.77, , 14.306, 0.972, 416.652, 416.652, 5.268, 342.763, 342.763, 342.763, 52.116, 67.774, 34.811, 34.957, 7.377, 11.507, 0, 0, 89.721, 92.327, 89.721, 92.327, 1, 101.022, 101.022, 0.025, 0.131, 89.513, 92.113, 89.513, 92.113, 6.817, 7.377, 11.507, , , 1, 4, 0, 0, 12.5, 5.268, 178, 0, 0, 0, 71, 20.661, 20.745, 97.352, 97.575, 100, 0, 0, 33.29, 32, 100, 4.41, 116.444, 0, 0, 116.597, 103.228, 0, 0, 0, 0, 0, 13.98, 0, 12.5, 0, 5.268, 178, 0, 0, 0, 71, 1, 0.021, 0.021, 97.352, 97.575, 100, 0, 0, 141, 33.29, 32, 100, 4.41, 0, 116.444, 0, 0, 116.597, 103.228, 0, 0, 0, 0, 
3.95, 21.676, 100.528, 63.16, 63.77, , 14.216, 0.972, 423.948, 423.948, 5.306, 340.66, 340.66, 340.66, 52.123, 68.611, 34.957, 35.176, 7.377, 11.487, 0, 0, 89.79, 92.397, 89.79, 92.397, 1, 101.722, 101.722, 0.025, 0.131, 88.953, 91.536, 88.953, 91.536, 6.873, 7.377, 11.487, , , 1, 4.051, 0, 0, 12.5, 5.306, 178, 0, 0, 0, 71, 20.654, 20.736, 97.156, 97.375, 100, 0, 0, 33.453, 32, 100, 4.41, 116.553, 0, 0, 116.652, 103.972, 0, 0, 0, 0, 0, 13.97, 0, 12.5, 0, 5.306, 178, 0, 0, 0, 71, 1, 0.021, 0.021, 97.156, 97.375, 100, 0, 0, 141, 33.453, 32, 100, 4.41, 0, 116.553, 0, 0, 116.652, 103.972, 0, 0, 0, 0, 
4, 21.674, 100.528, 63.16, 63.77, , 14.132, 0.972, 431.372, 431.372, 5.344, 338.688, 338.688, 338.688, 52.131, 69.448, 35.103, 35.394, 7.377, 11.466, 0, 0, 89.887, 92.497, 89.887, 92.497, 1, 102.428, 102.428, 0.025, 0.132, 88.423, 90.991, 88.423, 90.991, 6.913, 7.377, 11.466, , , 1, 4.101, 0, 0, 12.5, 5.344, 178, 0, 0, 0, 71, 20.646, 20.727, 96.96, 97.175, 100, 0, 0, 33.616, 32, 100, 4.41, 116.663, 0, 0, 116.706, 104.715, 0, 0, 0, 0, 0, 13.959, 0, 12.5, 0, 5.344, 178, 0, 0, 0, 71, 1, 0.021, 0.021, 96.96, 97.175, 100, 0, 0, 141, 33.616, 32, 100, 4.41, 0, 116.663, 0, 0, 116.706, 104.715, 0, 0, 0, 0, 
4.05, 21.672, 100.527, 63.16, 63.77, , 14.067, 0.972, 438.753, 438.753, 5.381, 337.17, 337.17, 337.17, 52.142, 70.286, 35.244, 35.596, 7.377, 11.439, 0, 0, 90.087, 92.703, 90.087, 92.703, 1, 103.125, 103.125, 0.025, 0.132, 88.008, 90.565, 88.008, 90.565, 6.952, 7.377, 11.439, , , 1, 4.151, 0, 0, 12.5, 5.381, 178, 0, 0, 0, 71, 20.613, 20.697, 96.765, 96.991, 100, 0, 0, 33.77, 32.01, 100, 4.41, 116.63, 0, 0, 116.641, 105.446, 0, 0, 0, 0, 0, 13.948, 0, 12.5, 0, 5.381, 178, 0, 0, 0, 71, 1, 0.021, 0.021, 96.765, 96.991, 100, 0, 0, 141, 33.77, 32.01, 100, 4.41, 0, 116.63, 0, 0, 116.641, 105.446, 0, 0, 0, 0, 
4.1, 21.671, 100.527, 63.16, 63.77, , 13.979, 0.972, 446.286, 446.286, 5.418, 335.1, 335.1, 335.1, 52.153, 71.123, 35.316, 35.524, 7.377, 11.411, 0, 0, 90.136, 92.754, 90.136, 92.754, 1, 103.806, 103.806, 0.025, 0.132, 87.452, 89.992, 87.452, 89.992, 6.992, 7.377, 11.411, , , 1, 4.201, 0, 0, 12.5, 5.418, 178, 0, 0, 0, 71, 20.462, 20.572, 96.569, 96.872, 100, 0, 0, 33.878, 32.064, 100, 4.41, 116.033, 0, 0, 116.098, 106.122, 0, 0, 0, 0, 0, 13.937, 0, 12.5, 0, 5.418, 178, 0, 0, 0, 71, 1, 0.021, 0.021, 96.569, 96.872, 100, 0, 0, 141, 33.878, 32.064, 100, 4.41, 0, 116.033, 0, 0, 116.098, 106.122, 0, 0, 0, 0, 
4.15, 21.67, 100.527, 63.16, 63.77, , 13.896, 0.972, 453.818, 453.818, 5.456, 333.155, 333.155, 333.155, 52.161, 71.96, 35.388, 35.452, 7.377, 11.385, 0, 0, 90.208, 92.827, 90.208, 92.827, 1, 104.494, 104.494, 0.025, 0.132, 86.931, 89.456, 86.931, 89.456, 7.032, 7.377, 11.385, , , 1, 4.251, 0, 0, 12.5, 5.456, 178, 0, 0, 0, 71, 20.311, 20.447, 96.373, 96.752, 100, 0, 0, 33.987, 32.118, 100, 4.41, 115.435, 0, 0, 115.554, 106.796, 0, 0, 0, 0, 0, 13.926, 0, 12.5, 0, 5.456, 178, 0, 0, 0, 71, 1, 0.021, 0.021, 96.373, 96.752, 100, 0, 0, 141, 33.987, 32.118, 100, 4.41, 0, 115.435, 0, 0, 115.554, 106.796, 0, 0, 0, 0, 
4.2, 21.67, 100.526, 63.16, 63.77, , 13.796, 0.972, 461.35, 461.35, 5.493, 330.821, 330.821, 330.821, 52.168, 72.798, 35.46, 35.38, 7.378, 11.359, 0, 0, 90.159, 92.776, 90.159, 92.776, 1, 105.174, 105.174, 0.024, 0.132, 86.31, 88.817, 86.31, 88.817, 7.065, 7.378, 11.359, , , 1, 4.301, 0, 0, 12.5, 5.493, 178, 0, 0, 0, 71, 20.16, 20.322, 96.178, 96.632, 100, 0, 0, 34.096, 32.173, 100, 4.41, 114.837, 0, 0, 115.011, 107.472, 0, 0, 0, 0, 0, 13.915, 0, 12.5, 0, 5.493, 178, 0, 0, 0, 71, 1, 0.02, 0.02, 96.178, 96.632, 100, 0, 0, 141, 34.096, 32.173, 100, 4.41, 0, 114.837, 0, 0, 115.011, 107.472, 0, 0, 0, 0, 
4.25, 21.67, 100.526, 63.16, 63.77, , 13.703, 0.972, 469.023, 469.023, 5.53, 328.63, 328.63, 328.63, 52.176, 73.635, 35.532, 35.308, 7.379, 11.351, 0, 0, 90.144, 92.762, 90.144, 92.762, 1, 105.942, 105.942, 0.024, 0.131, 85.726, 88.218, 85.726, 88.218, 7.097, 7.379, 11.351, , , 1, 4.35, 0, 0, 12.5, 5.53, 178, 0, 0, 0, 71, 20.008, 20.197, 95.982, 96.513, 100, 0, 0, 34.204, 32.227, 100, 4.41, 114.239, 0, 0, 114.467, 108.146, 0, 0, 0, 0, 0, 13.904, 0, 12.5, 0, 5.53, 178, 0, 0, 0, 71, 1, 0.02, 0.02, 95.982, 96.513, 100, 0, 0, 141, 34.204, 32.227, 100, 4.41, 0, 114.239, 0, 0, 114.467, 108.146, 0, 0, 0, 0, 
4.3, 21.67, 100.525, 63.16, 63.77, , 13.61, 0.972, 478.986, 478.986, 5.566, 326.464, 326.464, 326.464, 52.185, 74.473, 35.606, 35.246, 7.381, 11.347, 0, 0, 90.293, 92.914, 90.293, 92.914, 1, 106.734, 106.734, 0.024, 0.131, 85.144, 87.619, 85.144, 87.619, 7.13, 7.381, 11.347, , , 1, 4.4, 0, 0, 12.5, 5.566, 178, 0, 0, 0, 71, 19.777, 19.98, 95.787, 96.417, 100, 0, 0, 34.313, 32.313, 100, 4.41, 113.185, 0, 0, 113.467, 108.822, 0, 0, 0, 0, 0, 13.9, 0, 12.5, 0, 5.566, 178, 0, 0, 0, 71, 1, 0.02, 0.02, 95.787, 96.417, 100, 0, 0, 141, 34.313, 32.313, 100, 4.41, 0, 113.185, 0, 0, 113.467, 108.822, 0, 0, 0, 0, 
4.35, 21.67, 100.525, 63.16, 63.77, , 13.562, 0.972, 486.769, 486.769, 5.602, 325.355, 325.355, 325.355, 52.196, 75.31, 35.714, 35.354, 7.382, 11.366, 0, 0, 90.555, 93.184, 90.555, 93.184, 1, 107.408, 107.408, 0.024, 0.131, 84.836, 87.303, 84.836, 87.303, 7.162, 7.382, 11.366, , , 1, 4.451, 0, 0, 12.5, 5.602, 178, 0, 0, 0, 71, 19.486, 19.697, 95.591, 96.336, 100, 0, 0, 34.422, 32.422, 100, 4.41, 111.826, 0, 0, 112.163, 109.496, 0, 0, 0, 0, 0, 13.9, 0, 12.5, 0, 5.602, 178, 0, 0, 0, 71, 1, 0.019, 0.019, 95.591, 96.336, 100, 0, 0, 141, 34.422, 32.422, 100, 4.41, 0, 111.826, 0, 0, 112.163, 109.496, 0, 0, 0, 0, 
4.4, 21.67, 100.525, 63.16, 63.77, , 13.516, 0.972, 494.553, 494.553, 5.638, 324.282, 324.282, 324.282, 52.21, 76.147, 35.822, 35.462, 7.384, 11.392, 0, 0, 90.817, 93.454, 90.817, 93.454, 1, 108.076, 108.076, 0.024, 0.131, 84.532, 86.99, 84.532, 86.99, 7.202, 7.384, 11.392, , , 1, 4.501, 0, 0, 12.5, 5.638, 178, 0, 0, 0, 71, 19.196, 19.413, 95.395, 96.256, 100, 0, 0, 34.53, 32.53, 100, 4.41, 110.467, 0, 0, 110.859, 110.172, 0, 0, 0, 0, 0, 13.9, 0, 12.5, 0, 5.638, 178, 0, 0, 0, 71, 1, 0.019, 0.019, 95.395, 96.256, 100, 0, 0, 141, 34.53, 32.53, 100, 4.41, 0, 110.467, 0, 0, 110.859, 110.172, 0, 0, 0, 0, 
4.45, 21.67, 100.524, 63.16, 63.77, , 13.472, 0.972, 502.337, 502.337, 5.674, 323.264, 323.264, 323.264, 52.227, 76.985, 35.93, 35.57, 7.384, 11.45, 0, 0, 91.082, 93.727, 91.082, 93.727, 1, 108.736, 108.736, 0.024, 0.131, 84.237, 86.687, 84.237, 86.687, 7.243, 7.384, 11.45, , , 1, 4.551, 0, 0, 12.5, 5.674, 178, 0, 0, 0, 71, 18.906, 19.129, 95.2, 96.175, 100, 0, 0, 34.639, 32.639, 100, 4.41, 109.109, 0, 0, 109.554, 110.846, 0, 0, 0, 0, 0, 13.9, 0, 12.5, 0, 5.674, 178, 0, 0, 0, 71, 1, 0.019, 0.019, 95.2, 96.175, 100, 0, 0, 141, 34.639, 32.639, 100, 4.41, 0, 109.109, 0, 0, 109.554, 110.846, 0, 0, 0, 0, 
4.5, 21.67, 100.524, 63.16, 63.77, , 13.417, 0.972, 510.157, 510.157, 5.71, 321.983, 321.983, 321.983, 52.245, 77.822, 36.038, 35.678, 7.384, 11.519, 0, 0, 91.268, 93.919, 91.268, 93.919, 1, 109.4, 109.4, 0.024, 0.131, 83.875, 86.314, 83.875, 86.314, 7.285, 7.384, 11.519, , , 1, 4.6, 0, 0, 12.5, 5.71, 178, 0, 0, 0, 71, 18.616, 18.846, 95.004, 96.095, 100, 0, 0, 34.748, 32.748, 100, 4.41, 107.75, 0, 0, 108.25, 111.522, 0, 0, 0, 0, 0, 13.9, 0, 12.5, 0, 5.71, 178, 0, 0, 0, 71, 1, 0.019, 0.019, 95.004, 96.095, 100, 0, 0, 141, 34.748, 32.748, 100, 4.41, 0, 107.75, 0, 0, 108.25, 111.522, 0, 0, 0, 0, 
4.55, 21.67, 100.523, 63.16, 63.77, , 13.352, 0.972, 518.059, 518.059, 5.729, 320.462, 320.462, 320.462, 52.254, 78.659, 36.134, 35.793, 7.383, 11.603, 0, 0, 91.38, 94.036, 91.38, 94.036, 1, 110.057, 110.057, 0.024, 0.131, 83.463, 85.892, 83.463, 85.892, 7.326, 7.383, 11.603, , , 1, 4.651, 0, 0, 12.5, 5.729, 178, 0, 0, 0, 71, 18.467, 18.695, 95, 96.053, 100, 0, 0, 34.806, 32.806, 100, 4.41, 107.011, 0, 0, 107.511, 111.881, 0, 0, 0, 0, 0, 13.9, 0, 12.5, 0, 5.729, 178, 0, 0, 0, 71, 1, 0.018, 0.018, 95, 96.053, 100, 0, 0, 141, 34.806, 32.806, 100, 4.41, 0, 107.011, 0, 0, 107.511, 111.881, 0, 0, 0, 0, 
4.6, 21.67, 100.523, 63.16, 63.77, , 13.265, 0.972, 526.1, 526.1, 5.748, 318.418, 318.418, 318.418, 52.254, 79.497, 36.03, 36.018, 7.382, 11.693, 0, 0, 91.343, 93.998, 91.343, 93.998, 1, 110.706, 110.706, 0.024, 0.131, 82.934, 85.346, 82.934, 85.346, 7.369, 7.382, 11.693, , , 1, 4.701, 0, 0, 12.5, 5.748, 178, 0, 0, 0, 71, 18.322, 18.548, 95, 96.011, 100, 0, 0, 34.862, 32.862, 100, 4.41, 106.273, 0, 0, 106.773, 112.235, 0, 0, 0, 0, 0, 13.9, 0, 12.5, 0, 5.748, 178, 0, 0, 0, 71, 1, 0.018, 0.018, 95, 96.011, 100, 0, 0, 141, 34.862, 32.862, 100, 4.41, 0, 106.273, 0, 0, 106.773, 112.235, 0, 0, 0, 0, 
4.65, 21.67, 100.523, 63.16, 63.77, , 13.157, 0.972, 534.151, 534.151, 5.767, 315.892, 315.892, 315.892, 52.24, 80.334, 35.927, 36.242, 7.38, 11.793, 0, 0, 91.154, 93.803, 91.154, 93.803, 1, 111.359, 111.359, 0.024, 0.131, 82.297, 84.69, 82.297, 84.69, 7.414, 7.38, 11.793, , , 1, 4.751, 0, 0, 12.5, 5.767, 178, 0, 0, 0, 71, 18.177, 18.4, 95, 95.969, 100, 0, 0, 34.919, 32.919, 100, 4.41, 105.534, 0, 0, 106.034, 112.588, 0, 0, 0, 0, 0, 13.9, 0, 12.5, 0, 5.767, 178, 0, 0, 0, 71, 1, 0.018, 0.018, 95, 95.969, 100, 0, 0, 141, 34.919, 32.919, 100, 4.41, 0, 105.534, 0, 0, 106.034, 112.588, 0, 0, 0, 0, 
4.7, 21.67, 100.522, 63.16, 63.77, , 13.096, 0.972, 542.203, 542.203, 5.786, 314.46, 314.46, 314.46, 52.217, 81.172, 35.823, 36.466, 7.379, 11.898, 0, 0, 91.27, 93.922, 91.27, 93.922, 1, 112.005, 112.005, 0.024, 0.131, 81.962, 84.344, 81.962, 84.344, 7.459, 7.379, 11.898, , , 1, 4.801, 0, 0, 12.5, 5.786, 178, 0, 0, 0, 71, 18.031, 18.252, 95, 95.927, 100, 0, 0, 34.976, 32.976, 100, 4.41, 104.795, 0, 0, 105.295, 112.942, 0, 0, 0, 0, 0, 13.9, 0, 12.5, 0, 5.786, 178, 0, 0, 0, 71, 1, 0.018, 0.018, 95, 95.927, 100, 0, 0, 141, 34.976, 32.976, 100, 4.41, 0, 104.795, 0, 0, 105.295, 112.942, 0, 0, 0, 0, 
4.75, 21.67, 100.522, 63.16, 63.77, , 13.034, 0.972, 550.254, 550.254, 5.811, 313.033, 313.033, 313.033, 52.183, 82.009, 35.72, 36.69, 7.378, 12.008, 0, 0, 91.378, 94.033, 91.378, 94.033, 1, 112.656, 112.656, 0.024, 0.131, 81.643, 84.015, 81.643, 84.015, 7.503, 7.378, 12.008, , , 1, 4.851, 0, 0, 12.5, 5.811, 178, 0, 0, 0, 71, 17.808, 18.028, 94.791, 95.777, 100, 0, 0, 35.116, 33.116, 100, 4.41, 103.723, 0, 0, 104.223, 113.523, 0, 0, 0, 0, 0, 13.9, 0, 12.5, 0, 5.811, 178, 0, 0, 0, 71, 1, 0.018, 0.018, 94.791, 95.777, 100, 0, 0, 141, 35.116, 33.116, 100, 4.41, 0, 103.723, 0, 0, 104.223, 113.523, 0, 0, 0, 0, 
4.8, 21.67, 100.522, 63.16, 63.77, , 12.939, 0.972, 558.467, 558.467, 5.841, 310.784, 310.784, 310.784, 52.156, 82.846, 35.617, 36.914, 7.377, 12.12, 0, 0, 91.239, 93.889, 91.239, 93.889, 1, 113.301, 113.301, 0.024, 0.131, 81.098, 83.454, 81.098, 83.454, 7.542, 7.377, 12.12, , , 1, 4.901, 0, 0, 12.5, 5.841, 178, 0, 0, 0, 71, 17.528, 17.748, 94.431, 95.555, 100, 0, 0, 35.316, 33.316, 100, 4.41, 102.428, 0, 0, 102.928, 114.269, 0, 0, 0, 0, 0, 13.9, 0, 12.5, 0, 5.841, 178, 0, 0, 0, 71, 1, 0.018, 0.018, 94.431, 95.555, 100, 0, 0, 141, 35.316, 33.316, 100, 4.41, 0, 102.428, 0, 0, 102.928, 114.269, 0, 0, 0, 0, 
4.85, 21.67, 100.521, 63.16, 63.77, , 12.883, 0.972, 566.737, 566.737, 5.87, 309.502, 309.502, 309.502, 52.139, 83.684, 35.632, 36.903, 7.377, 12.242, 0, 0, 91.378, 94.03, 91.378, 94.03, 1, 113.935, 113.935, 0.024, 0.131, 80.789, 83.136, 80.789, 83.136, 7.55, 7.377, 12.242, , , 1, 4.951, 0, 0, 12.5, 5.87, 178, 0, 0, 0, 71, 17.248, 17.468, 94.071, 95.333, 100, 0, 0, 35.516, 33.516, 100, 4.41, 101.133, 0, 0, 101.633, 115.015, 0, 0, 0, 0, 0, 13.9, 0, 12.5, 0, 5.87, 178, 0, 0, 0, 71, 1, 0.017, 0.017, 94.071, 95.333, 100, 0, 0, 141, 35.516, 33.516, 100, 4.41, 0, 101.133, 0, 0, 101.633, 115.015, 0, 0, 0, 0, 
4.9, 21.67, 100.521, 63.16, 63.77, , 12.831, 0.972, 574.909, 574.909, 5.9, 308.29, 308.29, 308.29, 52.134, 84.521, 35.669, 36.846, 7.377, 12.37, 0, 0, 91.52, 94.177, 91.52, 94.177, 1, 114.563, 114.563, 0.025, 0.131, 80.482, 82.821, 80.482, 82.821, 7.557, 7.377, 12.37, , , 1, 5, 0, 0, 12.5, 5.9, 178, 0, 0, 0, 71, 16.968, 17.188, 93.711, 95.111, 100, 0, 0, 35.716, 33.716, 100, 4.41, 99.839, 0, 0, 100.339, 115.761, 0, 0, 0, 0, 0, 13.9, 0, 12.5, 0, 5.9, 178, 0, 0, 0, 71, 1, 0.017, 0.017, 93.711, 95.111, 100, 0, 0, 141, 35.716, 33.716, 100, 4.41, 0, 99.839, 0, 0, 100.339, 115.761, 0, 0, 0, 0, 
4.95, 21.67, 100.52, 63.16, 63.77, , 12.5, 0.972, 583.249, 583.249, 5.93, 300.449, 300.449, 300.449, 52.139, 85.358, 35.707, 36.79, 7.377, 12.501, 0, 0, 89.662, 92.267, 89.662, 92.267, 1, 115.194, 115.194, 0.025, 0.131, 78.428, 80.707, 78.428, 80.707, 7.565, 7.377, 12.501, , , 1, 5.051, 0, 0, 12.5, 5.93, 178, 0, 0, 0, 71, 16.688, 16.908, 93.351, 94.889, 100, 0, 0, 35.916, 33.916, 100, 4.41, 98.544, 0, 0, 99.044, 116.507, 0, 0, 0, 0, 0, 13.9, 0, 12.5, 0, 5.93, 178, 0, 0, 0, 71, 1, 0.017, 0.017, 93.351, 94.889, 100, 0, 0, 141, 35.916, 33.916, 100, 4.41, 0, 98.544, 0, 0, 99.044, 116.507, 0, 0, 0, 0, 
5, 21.67, 100.52, 63.16, 63.77, , 10.796, 0.972, 591.588, 591.588, 5.965, 260.041, 260.041, 260.041, 52.174, 86.196, 35.745, 36.733, 7.377, 12.634, 0, 0, 77.89, 80.153, 77.89, 80.153, 1, 115.775, 115.775, 0.025, 0.131, 67.858, 69.831, 67.858, 69.831, 7.573, 7.377, 12.634, , , 1, 5.101, 0, 0, 12.5, 5.965, 178, 0, 0, 0, 71, 15.549, 16.696, 93.095, 94.423, 100, 0, 0, 36.029, 34.029, 100, 4.41, 97.301, 0, 0, 97.859, 117.108, 0, 0, 0, 0, 0, 13.9, 0, 12.5, 0, 5.965, 178, 0, 0, 0, 71, 1, 0.016, 0.017, 93.095, 94.423, 100, 0, 0, 141, 36.029, 34.029, 100, 4.41, 0, 97.301, 0, 0, 97.859, 117.108, 0, 0, 0, 0, 
5.05, 21.67, , , 63.77, , 8.814, , 600.095, 600.095, 6.005, 213.041, 213.041, 213.041, 52.221, 87.033, 35.776, 36.667, 7.377, 12.783, 0, 0, 64.031, 65.89, 64.031, 65.89, 1, 116.267, 116.267, 0.025, 0.131, 55.567, 57.183, 55.567, 57.183, 7.569, 7.377, 12.783, , , 1, 5.151, 0, 0, 12.5, 6.005, 178, 0, 0, 0, 71, 13.788, 16.534, 92.914, 93.795, 100, 0, 0, 36.079, 34.079, 100, 4.41, 96.096, 0, 0, 96.755, 117.604, 0, 0, 0, 0, 0, 13.9, 0, 12.5, 0, 6.005, 178, 0, 0, 0, 71, 1, 0.014, 0.017, 92.914, 93.795, 100, 0, 0, 141, 36.079, 34.079, 100, 4.41, 0, 96.096, 0, 0, 96.755, 117.604, 0, 0, 0, 0, 
5.1, 21.67, , , 63.77, , 6.934, , 608.484, 608.484, 6.044, 168.463, 168.463, 168.463, 52.264, 87.87, 35.704, 36.451, 7.377, 12.942, 0, 0, 50.806, 52.282, 50.806, 52.282, 1, 116.656, 116.656, 0.025, 0.131, 43.912, 45.189, 43.912, 45.189, 7.565, 7.377, 12.942, , , 1, 5.201, 0, 0, 12.5, 6.044, 178, 0, 0, 0, 71, 12.027, 16.372, 92.734, 93.167, 100, 0, 0, 36.129, 34.129, 100, 4.41, 94.892, 0, 0, 95.651, 118.1, 0, 0, 0, 0, 0, 13.9, 0, 12.5, 0, 6.044, 178, 0, 0, 0, 71, 1, 0.012, 0.016, 92.734, 93.167, 100, 0, 0, 141, 36.129, 34.129, 100, 4.41, 0, 94.892, 0, 0, 95.651, 118.1, 0, 0, 0, 0, 
5.15, 21.67, , , 63.77, , 5.077, , 616.959, 616.959, 6.083, 124.416, 124.416, 124.416, 52.301, 88.708, 35.632, 36.235, 7.377, 13.35, 0, 0, 37.652, 38.745, 37.652, 38.745, 1, 116.951, 116.951, 0.025, 0.131, 32.401, 33.343, 32.401, 33.343, 7.561, 7.377, 13.35, , , 1, 5.251, 0, 0, 12.5, 6.083, 178, 0, 0, 0, 71, 10.266, 16.21, 92.553, 92.539, 100, 0, 0, 36.179, 34.179, 100, 4.41, 93.687, 0, 0, 94.546, 118.596, 0, 0, 0, 0, 0, 13.9, 0, 12.5, 0, 6.083, 178, 0, 0, 0, 71, 1, 0.011, 0.016, 92.553, 92.539, 100, 0, 0, 141, 36.179, 34.179, 100, 4.41, 0, 93.687, 0, 0, 94.546, 118.596, 0, 0, 0, 0, 
5.2, 21.67, , , 63.77, , 3.485, , 625.607, 625.607, 6.122, 86.672, 86.672, 86.672, 52.332, 89.545, 35.56, 36.019, 7.377, 13.937, 0, 0, 26.313, 27.077, 26.313, 27.077, 1, 117.159, 117.159, 0.025, 0.131, 22.542, 23.198, 22.542, 23.198, 7.557, 7.377, 13.937, , , 1, 5.301, 0, 0, 12.5, 6.122, 178, 0, 0, 0, 71, 8.505, 16.048, 92.372, 91.911, 100, 0, 0, 36.229, 34.229, 100, 4.41, 92.482, 0, 0, 93.442, 119.092, 0, 0, 0, 0, 0, 13.9, 0, 12.5, 0, 6.122, 178, 0, 0, 0, 71, 1, 0.009, 0.016, 92.372, 91.911, 100, 0, 0, 141, 36.229, 34.229, 100, 4.41, 0, 92.482, 0, 0, 93.442, 119.092, 0, 0, 0, 0, 
5.25, 21.67, , , 63.77, , 3.276, , 634.082, 634.082, 6.14, 81.702, 81.702, 81.702, 52.335, 90.383, 35.488, 35.803, 7.377, 14.777, 0, 0, 24.841, 25.563, 24.841, 25.563, 1, 117.327, 117.327, 0.024, 0.131, 21.246, 21.865, 21.246, 21.865, 7.56, 7.377, 14.777, , , 1, 5.351, 0, 0, 12.5, 6.14, 178, 0, 0, 0, 71, 6.827, 15.984, 92.188, 91.452, 100, 0, 0, 36.28, 34.28, 100, 4.41, 91.938, 0, 0, 92.938, 119.3, 0, 0, 0, 0, 0, 13.9, 0, 12.5, 0, 6.14, 178, 0, 0, 0, 71, 1, 0.007, 0.016, 92.188, 91.452, 100, 0, 0, 141, 36.28, 34.28, 100, 4.41, 0, 91.938, 0, 0, 92.938, 119.3, 0, 0, 0, 0, 
5.3, 21.67, , , 63.77, , 2.934, , 642.73, 642.73, 6.144, 73.613, 73.613, 73.613, 52.311, 91.22, 35.409, 35.617, 7.377, 15.817, 0, 0, 22.402, 23.054, 22.402, 23.054, 1, 117.484, 117.484, 0.024, 0.131, 19.147, 19.704, 19.147, 19.704, 7.566, 7.377, 15.817, , , 1, 5.401, 0, 0, 12.5, 6.144, 178, 0, 0, 0, 71, 5.209, 15.99, 92, 91.107, 100, 0, 0, 36.332, 34.332, 100, 4.41, 91.833, 0, 0, 92.833, 119.3, 0, 0, 0, 0, 0, 13.9, 0, 12.5, 0, 6.144, 178, 0, 0, 0, 71, 1, 0.005, 0.016, 92, 91.107, 100, 0, 0, 141, 36.332, 34.332, 100, 4.41, 0, 91.833, 0, 0, 92.833, 119.3, 0, 0, 0, 0, 
5.35, 21.67, , , 63.77, , 2.006, , 651.298, 651.298, 6.148, 51.582, 51.582, 51.582, 52.277, 92.057, 35.229, 35.905, 7.377, 16.961, 0, 0, 15.706, 16.164, 15.706, 16.164, 1, 117.613, 117.613, 0.024, 0.131, 13.415, 13.806, 13.415, 13.806, 7.572, 7.377, 16.961, , , 1, 5.451, 0, 0, 12.5, 6.148, 178, 0, 0, 0, 71, 3.591, 15.996, 91.813, 90.761, 100, 0, 0, 36.384, 34.384, 100, 4.41, 91.729, 0, 0, 92.729, 119.3, 0, 0, 0, 0, 0, 13.9, 0, 12.5, 0, 6.148, 178, 0, 0, 0, 71, 1, 0.004, 0.016, 91.813, 90.761, 100, 0, 0, 141, 36.384, 34.384, 100, 4.41, 0, 91.729, 0, 0, 92.729, 119.3, 0, 0, 0, 0, 
5.4, 21.67, , , 63.77, , -0.029, , 659.853, 659.853, 6.152, 3.318, 3.318, 3.318, 52.25, 92.895, 35.049, 36.193, 7.377, 18.195, 0, 0, 1.013, 1.044, 1.013, 1.044, 1, 117.668, 117.668, 0.024, 0.131, 0.846, 0.872, 0.846, 0.872, 7.578, 7.377, 18.195, , , 1, 5.501, 0, 0, 12.5, 6.152, 178, 0, 0, 0, 71, 1.974, 16.002, 91.625, 90.415, 100, 0, 0, 36.436, 34.436, 100, 4.41, 91.625, 0, 0, 92.625, 119.3, 0, 0, 0, 0, 0, 13.9, 0, 12.5, 0, 6.152, 178, 0, 0, 0, 71, 1, 0.002, 0.016, 91.625, 90.415, 100, 0, 0, 141, 36.436, 34.436, 100, 4.41, 0, 91.625, 0, 0, 92.625, 119.3, 0, 0, 0, 0, 
5.45, , , , , , -2.368, , 668.501, 668.501, 6.156, -52.173, -52.173, -52.173, 52.251, 93.732, 34.869, 36.481, 7.377, 19.079, 0, 0, -15.856, -16.316, -15.856, -16.316, 1, 117.602, 117.602, 0.024, 0.131, -13.587, -13.98, -13.587, -13.98, 7.596, 7.377, 19.079, , , 1, 5.55, 0, 0, 12.5, 6.156, 178, 0, 0, 0, 71, 0.356, 16.009, 91.438, 90.069, 100, 0, 0, 36.489, 34.489, 100, 4.41, 91.521, 0, 0, 92.521, 119.3, 0, 0, 0, 0, 0, 13.9, 0, 12.5, 0, 6.156, 178, 0, 0, 0, 71, 1, 0, 0.016, 91.438, 90.069, 100, 0, 0, 141, 36.489, 34.489, 100, 4.41, 0, 91.521, 0, 0, 92.521, 119.3, 0, 0, 0, 0, 
5.5, , , , , , -4.159, , 677.149, 677.149, 6.152, -94.661, -94.661, -94.661, 52.266, , 34.689, 36.769, 7.378, 19.641, 0, 0, -28.756, -29.591, -28.756, -29.591, 1, 117.44, 117.44, 0.024, 0.131, -24.626, -25.34, -24.626, -25.34, 7.618, 7.378, 19.641, , , 1, 5.601, 0, 0, 12.5, 6.152, 178, 0, 0, 0, 70.234, 0.318, 13.975, 91.4, 79.385, 100, 0, 0, 36.275, 34.575, 86.154, 3.834, 92.731, 0, 0, 94.038, 119.021, 0, 0, 0, 0, 0, 13.915, 0, 12.5, 0, 6.152, 178, 0, 0, 0, 70.234, 1, 0, 0.014, 91.4, 79.385, 100, 0, 0, 141, 36.275, 34.575, 86.154, 3.834, 0, 92.731, 0, 0, 94.038, 119.021, 0, 0, 0, 0, 
5.55, , , , , , -5.532, , 685.797, 685.797, 6.146, -127.248, -127.248, -127.248, 52.277, , 34.511, 37.04, 7.378, 19.974, 0, 0, -38.618, -39.741, -38.618, -39.741, 1, 117.194, 117.194, 0.024, 0.131, -33.015, -33.974, -33.015, -33.974, 7.64, 7.378, 19.974, , , 1, 5.651, 0, 0, 12.5, 6.146, 178, 0, 0, 0, 69.276, 0.726, 11.365, 91.4, 66.115, 100, 0, 0, 35.987, 34.671, 68.846, 3.096, 94.269, 0, 0, 95.962, 118.663, 0, 0, 0, 0, 0, 13.935, 0, 12.5, 0, 6.146, 178, 0, 0, 0, 69.276, 1, 0.001, 0.011, 91.4, 66.115, 100, 0, 0, 141, 35.987, 34.671, 68.846, 3.096, 0, 94.269, 0, 0, 95.962, 118.663, 0, 0, 0, 0, 
5.6, , , , , , -6.355, , 694.445, 694.445, 6.14, -146.797, -146.797, -146.797, 52.316, , 34.367, 37.04, 7.379, 20.062, 0, 0, -44.484, -45.778, -44.484, -45.778, 1, 116.893, 116.893, 0.024, 0.131, -41.56, -42.766, -41.56, -42.766, 7.662, 7.379, 20.062, , , 1, 5.7, 0, 0, 12.5, 6.14, 178, 0, 0, 0, 68.318, 1.133, 8.755, 91.4, 52.846, 100, 0, 0, 35.698, 34.767, 51.538, 2.357, 95.808, 0, 0, 97.885, 118.306, 0, 0, 0, 0, 0, 13.954, 0, 12.5, 0, 6.14, 178, 0, 0, 0, 68.318, 1, 0.001, 0.009, 91.4, 52.846, 100, 0, 0, 141, 35.698, 34.767, 51.538, 2.357, 0, 95.808, 0, 0, 97.885, 118.306, 0, 0, 0, 0, 
5.65, , , , , , -6.04, , 703.001, 703.001, 6.134, -139.326, -139.326, -139.326, 52.378, , 34.223, 37.04, 7.379, 20.023, 0, 0, -42.118, -43.344, -42.118, -43.344, 1, 116.577, 116.577, 0.024, 0.131, -39.683, -40.834, -39.683, -40.834, 7.686, 7.379, 20.023, , , 1, 5.743, 0, 0, 12.5, 6.134, 178, 0, 0, 0, 67.36, 1.541, 6.146, 91.4, 39.577, 100, 0, 0, 35.41, 34.863, 34.231, 1.619, 97.346, 0, 0, 99.808, 117.948, 0, 0, 0, 0, 0, 13.973, 0, 12.5, 0, 6.134, 178, 0, 0, 0, 67.36, 1, 0.001, 0.006, 91.4, 39.577, 100, 0, 0, 141, 35.41, 34.863, 34.231, 1.619, 0, 97.346, 0, 0, 99.808, 117.948, 0, 0, 0, 0, 
5.7, , , , , , -5.645, , 708.369, 708.369, 6.128, -129.959, -129.959, -129.959, 52.427, , 34.079, 37.04, 7.38, 19.837, 0, 0, -39.223, -40.364, -39.223, -40.364, 1, 116.429, 116.429, 0.024, 0.131, -33.711, -34.689, -33.711, -34.689, 7.713, 7.38, 19.837, , , 1, 5.769, 0, 0, 12.5, 6.128, 178, 0, 0, 0, 66.402, 1.949, 3.536, 91.4, 26.308, 100, 0, 0, 35.121, 34.96, 16.923, 0.88, 98.885, 0, 0, 101.731, 117.59, 0, 0, 0, 0, 0, 13.992, 0, 12.5, 0, 6.128, 178, 0, 0, 0, 66.402, 1, 0.002, 0.003, 91.4, 26.308, 100, 0, 0, 141, 35.121, 34.96, 16.923, 0.88, 0, 98.885, 0, 0, 101.731, 117.59, 0, 0, 0, 0, 
5.75, , , , , , -5.634, , 712.675, 712.675, , -129.706, -129.706, -129.706, , , 33.935, 37.04, 7.38, 19.747, 0, 0, -39.098, -40.236, -39.098, -40.236, 1, 116.289, 116.289, 0.024, 0.131, , , , , 7.74, 7.38, 19.747, , , 1, 5.794, , , , , , , , , , , , , , , , , , , , , , , , , , , , , , , , , , , , , , , , , , , , , , , , , , , , , , , , , , , , , , , , 
5.8, , , , , , -5.63, , 716.931, 716.931, , -129.63, -129.63, -129.63, , , , , 7.38, 19.77, 0, 0, -39.028, -40.165, -39.028, -40.165, 1, 116.149, 116.149, 0.024, 0.131, , , , , 7.767, 7.38, 19.77, , , , 5.819, , , , , , , , , , , , , , , , , , , , , , , , , , , , , , , , , , , , , , , , , , , , , , , , , , , , , , , , , , , , , , , , 
5.85, , , , , , -5.727, , 721.182, 721.182, , -131.927, -131.927, -131.927, , , , , , , , , -39.668, -40.825, -39.668, -40.825, , 116.008, 116.008, , , , , , , , , , , , , , , , , , , , , , , , , , , , , , , , , , , , , , , , , , , , , , , , , , , , , , , , , , , , , , , , , , , , , , , , , , , , , 
