Time, (DWRT ATMO) Humidity, (DWRT ATMO) Pressure, (DWRT ATMO) Temperature 1, (DWRT ATMO) Temperature 2, (DWRT CPU) ????????????????????????????????????????????????????????????????, (DWRT CPU) Acceleration, (DWRT CPU) Correction Factor, (DWRT CPU) Distance, (DWRT CPU) Distance 1, (DWRT CPU) Engine RPM, (DWRT CPU) Force, (DWRT CPU) Force 1, (DWRT CPU) Force Drum 1, (DWRT CPU) Gear Ratio, (DWRT CPU) Inductive 1 Signal Strength, (DWRT CPU) Internal Temp 1, (DWRT CPU) Internal Temp 2, (DWRT CPU) LC1 Volts Petrol AFR, (DWRT CPU) LC2 Volts Petrol AFR2, (DWRT CPU) Link 0 Status, (DWRT CPU) Link 1 Status, (DWRT CPU) Power, (DWRT CPU) Power (uncorrected), (DWRT CPU) Power Drum 1, (DWRT CPU) Power Drum 1 (uncorrected), (DWRT CPU) Sampling, (DWRT CPU) Speed, (DWRT CPU) Speed 1, (DWRT CPU) TCP RX kB/s, (DWRT CPU) TCP TX kB/s, (DWRT CPU) Torque, (DWRT CPU) Torque (uncorrected), (DWRT CPU) Torque Drum 1, (DWRT CPU) Torque Drum 1 (uncorrected), (DWRT CPU) UDP RX kB/s, (DWRT CPU) User Analog 1, (DWRT CPU) User Analog 2, (DWRT CPU) User Analog 3, (DWRT CPU) User Analog 4, (Gen) Sampling, (Gen) Sampling Duration, (Harley - ECU Type 14 SW Level 141) Accel Enrichment, (Harley - ECU Type 14 SW Level 141) Decel Enleanment, (Harley - ECU Type 14 SW Level 141) Desired Air/Fuel, (Harley - ECU Type 14 SW Level 141) Engine Speed, (Harley - ECU Type 14 SW Level 141) Engine Temperature, (Harley - ECU Type 14 SW Level 141) Front Adaptive Fuel Factor, (Harley - ECU Type 14 SW Level 141) Front Closed Loop Integrator, (Harley - ECU Type 14 SW Level 141) Front Spark Knock Retard, (Harley - ECU Type 14 SW Level 141) Idle Air Control Motor Position, (Harley - ECU Type 14 SW Level 141) Injector Time Front, (Harley - ECU Type 14 SW Level 141) Injector Time Rear, (Harley - ECU Type 14 SW Level 141) Intake Air Temperature, (Harley - ECU Type 14 SW Level 141) Manifold Absolute Pressure, (Harley - ECU Type 14 SW Level 141) Rear Adaptive Fuel Factor, (Harley - ECU Type 14 SW Level 141) Rear Closed Loop Integrator, (Harley - ECU Type 14 SW Level 141) Rear Spark Knock Retard, (Harley - ECU Type 14 SW Level 141) Spark Advance Front, (Harley - ECU Type 14 SW Level 141) Spark Advance Rear, (Harley - ECU Type 14 SW Level 141) Throttle Position, (Harley - ECU Type 14 SW Level 141) Throttle Position Sensor Voltage, (Harley - ECU Type 14 SW Level 141) VE Front, (Harley - ECU Type 14 SW Level 141) VE New Front, (Harley - ECU Type 14 SW Level 141) VE New Rear, (Harley - ECU Type 14 SW Level 141) VE Rear, (Harley - ECU Type 14 SW Level 141) Vehicle Speed, (Harley - ECU Type 14 SW Level 141) WBO2 AFR Front, (Harley - ECU Type 14 SW Level 141) WBO2 AFR Rear, (PV) Accel Enrichment, (PV) AT Lambda 1, (PV) AT Lambda 2, (PV) Battery Voltage, (PV) Decel Enleanment, (PV) Desired Air/Fuel, (PV) Desired Lambda, (PV) Engine Speed, (PV) Engine Temperature, (PV) Front Adaptive Fuel Factor, (PV) Front Closed Loop Integrator, (PV) Front Spark Knock Retard, (PV) Idle Air Control Motor Position, (PV) Idle Set Speed, (PV) Injector Time Front, (PV) Injector Time Rear, (PV) Intake Air Temperature, (PV) Manifold Absolute Pressure, (PV) Rear Adaptive Fuel Factor, (PV) Rear Closed Loop Integrator, (PV) Rear Spark Knock Retard, (PV) Software Level, (PV) Spark Advance Front, (PV) Spark Advance Rear, (PV) Throttle Position, (PV) Throttle Position Sensor, (PV) Twistgrip Position, (PV) VE Front, (PV) VE New Front, (PV) VE New Rear, (PV) VE Rear, (PV) Vehicle Speed, (PV) Warm-up Fuel AFR (Lambda), (PV) Warm-up Fuel AFR (Ratio), (PV) WBO2 AFR Front, (PV) WBO2 AFR Rear, 
0, , , , , , , , , , , , , , , , , , , , , , , , , , , , , , , , , , , , , , , , 1, 0, , , , , , , , , , , , , , , , , , , , , , , , , , , , , , , , , , , , , , , , , , , , , , , , , , , , , , , , , , , , , , , , 
0.05, , , , , , 4.913, , 2.919, 2.919, , 119.47, 119.47, 119.47, , , , , , , , , 27.322, 27.743, 27.322, 27.743, , 87.041, 87.041, , , , , , , , , , , , 1, 0.025, , , , , , , , , , , , , , , , , , , , , , , , , , , , , , , , , , , , , , , , , , , , , , , , , , , , , , , , , , , , , , , , 
0.1, 19.98, , , 72.3, , 4.957, , 13.621, 13.621, , 120.518, 120.518, 120.518, , , 36.005, 35.803, , , 0, 0, 27.681, 28.107, 27.681, 28.107, 1, 87.413, 87.413, 0.025, 0.139, , , , , 6.68, , , , , 1, 0.099, , , , , , , , , , , , , , , , , , , , , , , , , , , , , , , , , , , , , , , , , , , , , , , , , , , , , , , , , , , , , , , , 
0.15, 19.981, , , 72.301, , 5.081, , 24.512, 24.512, , 123.479, 123.479, 123.479, , , 35.861, 36.019, 7.38, 14.008, 0, 0, 28.485, 28.923, 28.485, 28.923, 1, 87.787, 87.787, 0.025, 0.139, 40.483, 41.106, 40.483, 41.106, 6.68, 7.38, 14.008, , , 1, 0.15, , , , , , , , , , , , , , , , , , , , , , , , , , , , , , , , , , , , , , , , , , , , , , , , , , , , , , , , , , , , , , , , 
0.2, 19.982, , , 72.302, , 5.233, , 34.05, 34.05, , 127.097, 127.097, 127.097, , , 35.717, 36.235, 7.38, 14.052, 0, 0, 29.447, 29.903, 29.447, 29.903, 1, 88.17, 88.17, 0.025, 0.14, 41.463, 42.1, 41.463, 42.1, 6.68, 7.38, 14.052, , , 1, 0.2, , , , , , , , , , , , , , , , , , , , , , , , , , , , , , , , , , , , , , , , , , , , , , , , , , , , , , , , , , , , , , , , 
0.25, 19.982, , , 72.302, , 5.423, , 43.778, 43.778, 3.735, 131.605, 131.605, 131.605, 42.461, , 35.573, 36.451, 7.38, 14.085, 0, 0, 30.613, 31.086, 30.613, 31.086, 1, 88.559, 88.559, 0.025, 0.14, 42.748, 43.405, 42.748, 43.405, 6.68, 7.38, 14.085, , , 1, 0.346, 0.354, 0, 14.5, 3.735, 192, 0, 0, 0, 71.202, 8.418, 7.351, 123.8, 49.495, 100, 0, 0, 45.899, 45.899, 20.205, 1.402, 110.705, 0, 0, 114.705, 89.11, 0, 0, 0.354, 0, 0, 14, 0, 14.5, 0, 3.735, 192, 0, 0, 0, 71.205, 1, 0.008, 0.007, 123.8, 49.495, 100, 0, 0, 141, 45.899, 45.899, 20.205, 1.402, 0, 110.705, 0, 0, 114.705, 89.11, 0, 0, 0, 0, 
0.3, 19.983, , , 72.303, , 5.572, , 51.236, 51.236, 3.747, 135.144, 135.144, 135.144, 42.468, , 35.429, 36.667, 7.379, 14.11, 0, 0, 31.534, 32.02, 31.534, 32.02, 1, 88.833, 88.833, 0.025, 0.14, 43.898, 44.573, 43.898, 44.573, 6.63, 7.379, 14.11, , , 1, 0.4, 0.287, 0, 14.5, 3.747, 192, 0, 0, 0, 71.412, 8.426, 7.466, 123.8, 49.96, 100, 0, 0, 45.794, 45.794, 20.414, 1.415, 110.914, 0, 0, 114.914, 89.371, 0, 0, 0.287, 0, 0, 14, 0, 14.5, 0, 3.747, 192, 0, 0, 0, 71.414, 1, 0.008, 0.007, 123.8, 49.96, 100, 0, 0, 141, 45.794, 45.794, 20.414, 1.415, 0, 110.914, 0, 0, 114.914, 89.371, 0, 0, 0, 0, 
0.35, 19.984, , , 72.304, , 5.757, , 57.722, 57.722, 3.759, 139.546, 139.546, 139.546, 42.467, , 35.555, 36.443, 7.378, 14.124, 0, 0, 32.666, 33.169, 32.666, 33.169, 1, 89.114, 89.114, 0.025, 0.139, 45.334, 46.032, 45.334, 46.032, 6.566, 7.378, 14.124, , , 1, 0.451, 0.221, 0, 14.5, 3.759, 192, 0, 0, 0, 71.622, 8.435, 7.582, 123.8, 50.424, 100, 0, 0, 45.689, 45.689, 20.623, 1.427, 111.123, 0, 0, 115.123, 89.631, 0, 0, 0.221, 0, 0, 14, 0, 14.5, 0, 3.759, 192, 0, 0, 0, 71.623, 1, 0.008, 0.008, 123.8, 50.424, 100, 0, 0, 141, 45.689, 45.689, 20.623, 1.427, 0, 111.123, 0, 0, 115.123, 89.631, 0, 0, 0, 0, 
0.4, 19.985, , , 72.305, , 5.94, , 64.208, 64.208, 3.771, 143.906, 143.906, 143.906, 42.451, , 35.699, 36.191, 7.377, 14.128, 0, 0, 33.796, 34.315, 33.796, 34.315, 1, 89.405, 89.405, 0.025, 0.139, 46.763, 47.484, 46.763, 47.484, 6.501, 7.377, 14.128, , , 1, 0.501, 0.154, 0, 14.5, 3.771, 192, 0, 0, 0, 71.832, 8.443, 7.698, 123.8, 50.888, 100, 0, 0, 45.584, 45.584, 20.833, 1.44, 111.333, 0, 0, 115.333, 89.892, 0, 0, 0.154, 0, 0, 14, 0, 14.5, 0, 3.771, 192, 0, 0, 0, 71.833, 1, 0.008, 0.008, 123.8, 50.888, 100, 0, 0, 141, 45.584, 45.584, 20.833, 1.44, 0, 111.333, 0, 0, 115.333, 89.892, 0, 0, 0, 0, 
0.45, 19.985, , , 72.305, , 6.096, , 70.695, 70.695, 3.782, 147.603, 147.603, 147.603, 42.43, , 35.843, 35.939, 7.377, 14.127, 0, 0, 34.78, 35.313, 34.78, 35.313, 1, 89.703, 89.703, 0.025, 0.139, 47.984, 48.723, 47.984, 48.723, 6.436, 7.377, 14.127, , , 1, 0.551, 0.102, 0, 14.5, 3.782, 192, 0, 0, 0, 72, 8.485, 7.878, 123.8, 51.393, 100, 0, 0, 45.48, 45.46, 21.12, 1.455, 111.62, 0, 0, 115.64, 90.174, 0, 0, 0.102, 0, 0, 14, 0, 14.5, 0, 3.782, 192, 0, 0, 0, 72, 1, 0.008, 0.008, 123.8, 51.393, 100, 0, 0, 141, 45.48, 45.46, 21.12, 1.455, 0, 111.62, 0, 0, 115.64, 90.174, 0, 0, 0, 0, 
0.5, 19.986, , , 72.306, , 6.258, , 77.252, 77.252, 3.793, 151.468, 151.468, 151.468, 42.413, , 35.987, 35.687, 7.377, 14.122, 0, 0, 35.812, 36.361, 35.812, 36.361, 1, 90.008, 90.008, 0.025, 0.139, 49.262, 50.022, 49.262, 50.022, 6.41, 7.377, 14.122, , , 1, 0.601, 0.11, 0, 14.5, 3.793, 192, 0, 0, 0, 72, 8.661, 8.316, 123.8, 52.057, 100, 0, 0, 45.38, 45.26, 21.72, 1.481, 112.22, 0, 0, 116.34, 90.546, 0, 0, 0.11, 0, 0, 14, 0, 14.5, 0, 3.793, 192, 0, 0, 0, 72, 1, 0.008, 0.008, 123.8, 52.057, 100, 0, 0, 141, 45.38, 45.26, 21.72, 1.481, 0, 112.22, 0, 0, 116.34, 90.546, 0, 0, 0, 0, 
0.55, 19.987, , , 72.307, , 6.38, , 83.796, 83.796, 3.805, 154.357, 154.357, 154.357, 42.398, , 36.131, 35.435, 7.377, 14.109, 0, 0, 36.619, 37.182, 36.619, 37.182, 1, 90.325, 90.325, 0.025, 0.139, 50.219, 50.993, 50.219, 50.993, 6.428, 7.377, 14.109, , , 1, 0.651, 0.118, 0, 14.5, 3.805, 192, 0, 0, 0, 72, 8.837, 8.754, 123.8, 52.721, 100, 0, 0, 45.28, 45.06, 22.32, 1.507, 112.82, 0, 0, 117.04, 90.918, 0, 0, 0.118, 0, 0, 14, 0, 14.5, 0, 3.805, 192, 0, 0, 0, 72, 1, 0.008, 0.009, 123.8, 52.721, 100, 0, 0, 141, 45.28, 45.06, 22.32, 1.507, 0, 112.82, 0, 0, 117.04, 90.918, 0, 0, 0, 0, 
0.6, 19.988, , , 72.308, , 6.449, , 90.412, 90.412, 3.816, 156.022, 156.022, 156.022, 42.388, , 35.971, 35.454, 7.377, 14.088, 0, 0, 37.146, 37.715, 37.146, 37.715, 1, 90.643, 90.643, 0.025, 0.139, 50.773, 51.555, 50.773, 51.555, 6.445, 7.377, 14.088, , , 1, 0.701, 0.126, 0, 14.5, 3.816, 192, 0, 0, 0, 72, 9.013, 9.192, 123.8, 53.385, 100, 0, 0, 45.18, 44.86, 22.92, 1.533, 113.42, 0, 0, 117.74, 91.29, 0, 0, 0.126, 0, 0, 14, 0, 14.5, 0, 3.816, 192, 0, 0, 0, 72, 1, 0.009, 0.009, 123.8, 53.385, 100, 0, 0, 141, 45.18, 44.86, 22.92, 1.533, 0, 113.42, 0, 0, 117.74, 91.29, 0, 0, 0, 0, 
0.65, 19.988, , , 72.308, , 6.512, , 96.997, 96.997, 3.827, 157.516, 157.516, 157.516, 42.384, , 35.791, 35.49, 7.377, 14.062, 0, 0, 37.633, 38.21, 37.633, 38.21, 1, 90.963, 90.963, 0.025, 0.139, 51.263, 52.053, 51.263, 52.053, 6.462, 7.377, 14.062, , , 1, 0.75, 0.134, 0, 14.5, 3.827, 192, 0, 0, 0, 72, 9.189, 9.63, 123.8, 54.049, 100, 0, 0, 45.08, 44.66, 23.52, 1.559, 114.02, 0, 0, 118.44, 91.662, 0, 0, 0.134, 0, 0, 14, 0, 14.5, 0, 3.827, 192, 0, 0, 0, 72, 1, 0.009, 0.01, 123.8, 54.049, 100, 0, 0, 141, 45.08, 44.66, 23.52, 1.559, 0, 114.02, 0, 0, 118.44, 91.662, 0, 0, 0, 0, 
0.7, 19.989, , , 72.309, , 6.521, , 103.643, 103.643, 3.839, 157.747, 157.747, 157.747, 42.385, , 35.611, 35.526, 7.377, 14.028, 0, 0, 37.822, 38.402, 37.822, 38.402, 1, 91.289, 91.289, 0.025, 0.138, 51.335, 52.127, 51.335, 52.127, 6.49, 7.377, 14.028, , , 1, 0.801, 0.135, 0, 14.5, 3.839, 192, 0, 0, 0, 72, 9.335, 9.952, 123.8, 54.624, 100, 0, 0, 45, 44.5, 24.04, 1.582, 114.58, 0, 0, 119.08, 92.01, 0, 0, 0.135, 0, 0, 14, 0, 14.5, 0, 3.839, 192, 0, 0, 0, 72, 1, 0.009, 0.01, 123.8, 54.624, 100, 0, 0, 141, 45, 44.5, 24.04, 1.582, 0, 114.58, 0, 0, 119.08, 92.01, 0, 0, 0, 0, 
0.75, 19.99, , , 72.31, , 6.526, , 110.208, 110.208, 3.853, 157.88, 157.88, 157.88, 42.39, 90.348, 35.431, 35.562, 7.377, 13.99, 0, 0, 37.986, 38.569, 37.986, 38.569, 1, 91.613, 91.613, 0.025, 0.139, 51.371, 52.163, 51.371, 52.163, 6.541, 7.377, 13.99, , , 1, 0.851, 0.111, 0, 14.5, 3.853, 192, 0, 0, 0, 72, 9.361, 9.813, 123.8, 54.846, 100, 0, 0, 45, 44.5, 24.24, 1.594, 114.98, 0, 0, 119.48, 92.259, 0, 0, 0.111, 0, 0, 14, 0, 14.5, 0, 3.853, 192, 0, 0, 0, 72, 1, 0.009, 0.01, 123.8, 54.846, 100, 0, 0, 141, 45, 44.5, 24.24, 1.594, 0, 114.98, 0, 0, 119.48, 92.259, 0, 0, 0, 0, 
0.8, 19.991, , , 72.311, , 6.531, , 116.883, 116.883, 3.868, 157.993, 157.993, 157.993, 42.397, 84.003, 35.251, 35.598, 7.377, 13.947, 0, 0, 38.146, 38.733, 38.146, 38.733, 1, 91.937, 91.937, 0.025, 0.139, 51.401, 52.193, 51.401, 52.193, 6.592, 7.377, 13.947, , , 1, 0.9, 0.087, 0, 14.5, 3.868, 192, 0, 0, 0, 72, 9.387, 9.673, 123.8, 55.068, 100, 0, 0, 45, 44.5, 24.44, 1.606, 115.38, 0, 0, 119.88, 92.508, 0, 0, 0.087, 0, 0, 14, 0, 14.5, 0, 3.868, 192, 0, 0, 0, 72, 1, 0.009, 0.01, 123.8, 55.068, 100, 0, 0, 141, 45, 44.5, 24.44, 1.606, 0, 115.38, 0, 0, 119.88, 92.508, 0, 0, 0, 0, 
0.85, 19.991, , , 72.311, , 6.546, , 123.683, 123.683, 3.882, 158.365, 158.365, 158.365, 42.401, 77.657, 35.138, 36.141, 7.377, 13.909, 0, 0, 38.373, 38.965, 38.373, 38.965, 1, 92.259, 92.259, 0.025, 0.139, 51.515, 52.308, 51.515, 52.308, 6.643, 7.377, 13.909, , , 1, 0.951, 0.063, 0, 14.5, 3.882, 192, 0, 0, 0, 72, 9.413, 9.534, 123.8, 55.29, 100, 0, 0, 45, 44.5, 24.64, 1.618, 115.78, 0, 0, 120.28, 92.757, 0, 0, 0.063, 0, 0, 14, 0, 14.5, 0, 3.882, 192, 0, 0, 0, 72, 1, 0.009, 0.009, 123.8, 55.29, 100, 0, 0, 141, 45, 44.5, 24.64, 1.618, 0, 115.78, 0, 0, 120.28, 92.757, 0, 0, 0, 0, 
0.9, 19.992, , , 72.312, , 6.541, , 130.354, 130.354, 3.896, 158.267, 158.267, 158.267, 42.409, 71.312, 35.03, 36.717, 7.377, 13.879, 0, 0, 38.526, 39.121, 38.526, 39.121, 1, 92.65, 92.65, 0.025, 0.139, 51.476, 52.267, 51.476, 52.267, 6.692, 7.377, 13.879, , , 1, 1.001, 0.039, 0, 14.5, 3.896, 192, 0, 0, 0, 72, 9.439, 9.394, 123.8, 55.512, 100, 0, 0, 45, 44.5, 24.84, 1.63, 116.18, 0, 0, 120.68, 93.006, 0, 0, 0.039, 0, 0, 14, 0, 14.5, 0, 3.896, 192, 0, 0, 0, 72, 1, 0.009, 0.009, 123.8, 55.512, 100, 0, 0, 141, 45, 44.5, 24.84, 1.63, 0, 116.18, 0, 0, 120.68, 93.006, 0, 0, 0, 0, 
0.95, 19.993, , , 72.313, , 6.545, , 139.408, 139.408, 3.911, 158.371, 158.371, 158.371, 42.415, 64.967, 34.922, 37.293, 7.377, 13.855, 0, 0, 38.689, 39.285, 38.689, 39.285, 1, 93.004, 93.004, 0.025, 0.139, 51.503, 52.295, 51.503, 52.295, 6.734, 7.377, 13.855, , , 1, 1.051, 0.021, 0, 14.5, 3.911, 192.08, 0, 0, 0, 72, 9.47, 9.291, 123.8, 55.69, 100, 0, 0, 45, 44.5, 25.04, 1.641, 116.56, 0, 0, 121.06, 93.277, 0, 0, 0.021, 0, 0, 14, 0, 14.5, 0, 3.911, 192.08, 0, 0, 0, 72, 1, 0.009, 0.009, 123.8, 55.69, 100, 0, 0, 141, 45, 44.5, 25.04, 1.641, 0, 116.56, 0, 0, 121.06, 93.277, 0, 0, 0, 0, 
1, 19.994, 100.3, 71.6, 72.314, , 6.563, 0.985, 146.167, 146.167, 3.925, 158.796, 158.796, 158.796, 42.419, 58.621, 34.814, 37.869, 7.377, 13.84, 0, 0, 38.93, 39.529, 38.93, 39.529, 1, 93.347, 93.347, 0.025, 0.139, 51.637, 52.431, 51.637, 52.431, 6.776, 7.377, 13.84, , , 1, 1.101, 0.025, 0, 14.5, 3.925, 192.48, 0, 0, 0, 72, 9.524, 9.351, 123.8, 55.69, 100, 0, 0, 45, 44.5, 25.24, 1.645, 116.86, 0, 0, 121.36, 93.649, 0, 0, 0.025, 0, 0, 14, 0, 14.5, 0, 3.925, 192.48, 0, 0, 0, 72, 1, 0.009, 0.009, 123.8, 55.69, 100, 0, 0, 141, 45, 44.5, 25.24, 1.645, 0, 116.86, 0, 0, 121.36, 93.649, 0, 0, 0, 0, 
1.05, 19.994, 100.3, 71.6, 72.314, , 6.601, 0.985, 153.008, 153.008, 3.94, 159.729, 159.729, 159.729, 42.42, 52.276, 34.706, 38.445, 7.377, 13.832, 0, 0, 39.297, 39.901, 39.297, 39.901, 1, 93.672, 93.672, 0.025, 0.139, 51.939, 52.738, 51.939, 52.738, 6.819, 7.377, 13.832, , , 1, 1.15, 0.029, 0, 14.5, 3.94, 192.88, 0, 0, 0, 72, 9.578, 9.411, 123.8, 55.69, 100, 0, 0, 45, 44.5, 25.44, 1.649, 117.16, 0, 0, 121.66, 94.021, 0, 0, 0.029, 0, 0, 14, 0, 14.5, 0, 3.94, 192.88, 0, 0, 0, 72, 1, 0.009, 0.009, 123.8, 55.69, 100, 0, 0, 141, 45, 44.5, 25.44, 1.649, 0, 117.16, 0, 0, 121.66, 94.021, 0, 0, 0, 0, 
1.1, 19.995, 100.3, 71.6, 72.315, , 6.658, 0.985, 159.875, 159.875, 3.954, 161.09, 161.09, 161.09, 42.418, 45.931, 34.869, 37.871, 7.377, 13.834, 0, 0, 39.776, 40.387, 39.776, 40.387, 1, 94.003, 94.003, 0.025, 0.138, 52.385, 53.191, 52.385, 53.191, 6.861, 7.377, 13.834, , , 1, 1.2, 0.033, 0, 14.5, 3.954, 193.28, 0, 0, 0, 72, 9.632, 9.471, 123.8, 55.69, 100, 0, 0, 45, 44.5, 25.64, 1.653, 117.46, 0, 0, 121.96, 94.393, 0, 0, 0.033, 0, 0, 14, 0, 14.5, 0, 3.954, 193.28, 0, 0, 0, 72, 1, 0.01, 0.01, 123.8, 55.69, 100, 0, 0, 141, 45, 44.5, 25.64, 1.653, 0, 117.46, 0, 0, 121.96, 94.393, 0, 0, 0, 0, 
1.15, 19.996, 100.3, 71.6, 72.316, , 6.755, 0.985, 166.605, 166.605, 3.968, 163.386, 163.386, 163.386, 42.412, 57.007, 35.049, 37.223, 7.377, 13.838, 0, 0, 40.488, 41.108, 40.488, 41.108, 1, 94.332, 94.332, 0.025, 0.138, 53.139, 53.958, 53.139, 53.958, 6.886, 7.377, 13.838, , , 1, 1.251, 0.037, 0, 14.5, 3.968, 193.68, 0, 0, 0, 72, 9.686, 9.531, 123.8, 55.69, 100, 0, 0, 45, 44.5, 25.84, 1.657, 117.76, 0, 0, 122.26, 94.765, 0, 0, 0.037, 0, 0, 14, 0, 14.5, 0, 3.968, 193.68, 0, 0, 0, 72, 1, 0.01, 0.01, 123.8, 55.69, 100, 0, 0, 141, 45, 44.5, 25.84, 1.657, 0, 117.76, 0, 0, 122.26, 94.765, 0, 0, 0, 0, 
1.2, 19.997, 100.3, 71.6, 72.317, , 6.891, 0.985, 173.473, 173.473, 3.983, 166.643, 166.643, 166.643, 42.4, 58.044, 35.229, 36.575, 7.377, 13.845, 0, 0, 41.444, 42.079, 41.444, 42.079, 1, 94.669, 94.669, 0.024, 0.138, 54.214, 55.048, 54.214, 55.048, 6.912, 7.377, 13.845, , , 1, 1.301, 0.044, 0, 14.496, 3.983, 193.923, 0, 0, 0, 72, 9.748, 9.625, 123.8, 55.732, 100, 0, 0, 45, 44.483, 26.038, 1.662, 117.981, 0, 0, 122.5, 95.156, 0, 0, 0.044, 0, 0, 14, 0, 14.496, 0, 3.983, 193.923, 0, 0, 0, 72, 1, 0.01, 0.01, 123.8, 55.732, 100, 0, 0, 141, 45, 44.483, 26.038, 1.662, 0, 117.981, 0, 0, 122.5, 95.156, 0, 0, 0, 0, 
1.25, 19.998, 100.3, 71.6, 72.318, , 7.057, 0.985, 180.478, 180.478, 3.996, 170.592, 170.592, 170.592, 42.388, 59.08, 35.409, 35.927, 7.377, 13.851, 0, 0, 42.58, 43.233, 42.58, 43.233, 1, 95.018, 95.018, 0.024, 0.138, 55.513, 56.366, 55.513, 56.366, 6.938, 7.377, 13.851, , , 1, 1.35, 0.063, 0, 14.477, 3.996, 193.538, 0, 0, 0, 72, 9.846, 9.873, 123.8, 55.944, 100, 0, 0, 45, 44.387, 26.231, 1.674, 117.885, 0, 0, 122.5, 95.635, 0, 0, 0.063, 0, 0, 14, 0, 14.477, 0, 3.996, 193.538, 0, 0, 0, 72, 1, 0.01, 0.01, 123.8, 55.944, 100, 0, 0, 141, 45, 44.387, 26.231, 1.674, 0, 117.885, 0, 0, 122.5, 95.635, 0, 0, 0, 0, 
1.3, 19.998, 100.3, 71.6, 72.318, , 7.23, 0.985, 187.345, 187.345, 4.009, 174.703, 174.703, 174.703, 42.381, 60.117, 35.589, 35.279, 7.377, 13.853, 0, 0, 43.768, 44.439, 43.768, 44.439, 1, 95.369, 95.369, 0.024, 0.138, 56.86, 57.733, 56.86, 57.733, 6.963, 7.377, 13.853, , , 1, 1.4, 0.082, 0, 14.458, 4.009, 193.154, 0, 0, 0, 72, 9.944, 10.121, 123.8, 56.155, 100, 0, 0, 45, 44.29, 26.423, 1.685, 117.788, 0, 0, 122.5, 96.114, 0, 0, 0.082, 0, 0, 14, 0, 14.458, 0, 4.009, 193.154, 0, 0, 0, 72, 1, 0.01, 0.01, 123.8, 56.155, 100, 0, 0, 141, 45, 44.29, 26.423, 1.685, 0, 117.788, 0, 0, 122.5, 96.114, 0, 0, 0, 0, 
1.35, 19.999, 100.3, 71.6, 72.319, , 7.406, 0.985, 194.225, 194.225, 4.022, 178.891, 178.891, 178.891, 42.378, 61.154, 35.7, 35.407, 7.377, 13.849, 0, 0, 44.989, 45.68, 44.989, 45.68, 1, 95.732, 95.732, 0.024, 0.139, 58.228, 59.122, 58.228, 59.122, 6.982, 7.377, 13.849, , , 1, 1.45, 0.102, 0, 14.438, 4.022, 192.769, 0, 0, 0, 72, 10.042, 10.369, 123.8, 56.367, 100, 0, 0, 45, 44.194, 26.615, 1.697, 117.692, 0, 0, 122.5, 96.593, 0, 0, 0.102, 0, 0, 14, 0, 14.438, 0, 4.022, 192.769, 0, 0, 0, 72, 1, 0.01, 0.011, 123.8, 56.367, 100, 0, 0, 141, 45, 44.194, 26.615, 1.697, 0, 117.692, 0, 0, 122.5, 96.593, 0, 0, 0, 0, 
1.4, 20, 100.3, 71.6, 72.32, , 7.584, 0.985, 201.218, 201.218, 4.036, 183.117, 183.117, 183.117, 42.379, 62.191, 35.807, 35.585, 7.377, 13.833, 0, 0, 46.227, 46.938, 46.227, 46.938, 1, 96.1, 96.1, 0.024, 0.139, 59.601, 60.516, 59.601, 60.516, 7, 7.377, 13.833, , , 1, 1.5, 0.121, 0, 14.419, 4.036, 192.385, 0, 0, 0, 72, 10.14, 10.617, 123.8, 56.578, 100, 0, 0, 45, 44.098, 26.808, 1.708, 117.596, 0, 0, 122.5, 97.072, 0, 0, 0.121, 0, 0, 14, 0, 14.419, 0, 4.036, 192.385, 0, 0, 0, 72, 1, 0.01, 0.011, 123.8, 56.578, 100, 0, 0, 141, 45, 44.098, 26.808, 1.708, 0, 117.596, 0, 0, 122.5, 97.072, 0, 0, 0, 0, 
1.45, 20, 100.3, 71.6, 72.32, , 7.757, 0.985, 208.235, 208.235, 4.049, 187.235, 187.235, 187.235, 42.384, 63.228, 35.914, 35.763, 7.377, 13.81, 0, 0, 47.453, 48.183, 47.453, 48.183, 1, 96.481, 96.481, 0.024, 0.139, 60.934, 61.871, 60.934, 61.871, 7.017, 7.377, 13.81, , , 1, 1.551, 0.14, 0, 14.4, 4.049, 192, 0, 0, 0, 72, 10.238, 10.865, 123.8, 56.79, 100, 0, 0, 45, 44.002, 27, 1.72, 117.5, 0, 0, 122.5, 97.55, 0, 0, 0.14, 0, 0, 14, 0, 14.4, 0, 4.049, 192, 0, 0, 0, 72, 1, 0.01, 0.011, 123.8, 56.79, 100, 0, 0, 141, 45, 44.002, 27, 1.72, 0, 117.5, 0, 0, 122.5, 97.55, 0, 0, 0, 0, 
1.5, 20, 100.3, 71.6, 72.32, , 7.937, 0.985, 215.311, 215.311, 4.066, 191.522, 191.522, 191.522, 42.393, 64.265, 36.02, 35.941, 7.377, 13.767, 0, 0, 48.737, 49.487, 48.737, 49.487, 1, 96.869, 96.869, 0.024, 0.139, 62.316, 63.275, 62.316, 63.275, 7.035, 7.377, 13.767, , , 1, 1.601, 0.192, 0, 14.34, 4.066, 192.4, 0, 0, 0, 72, 10.527, 10.945, 123.446, 57.898, 100, 0, 0, 44.606, 43.41, 28, 1.75, 117.2, 0, 0, 122.2, 97.926, 0, 0, 0.192, 0, 0, 14, 0, 14.34, 0, 4.066, 192.4, 0, 0, 0, 72, 1, 0.01, 0.011, 123.446, 57.898, 100, 0, 0, 141, 44.606, 43.41, 28, 1.75, 0, 117.2, 0, 0, 122.2, 97.926, 0, 0, 0, 0, 
1.55, 20, 100.3, 71.6, 72.32, , 8.116, 0.985, 222.245, 222.245, 4.084, 195.793, 195.793, 195.793, 42.401, 65.302, 36.127, 36.119, 7.377, 13.721, 0, 0, 50.025, 50.794, 50.025, 50.794, 1, 97.269, 97.269, 0.024, 0.139, 63.695, 64.675, 63.695, 64.675, 7.043, 7.377, 13.721, , , 1, 1.65, 0.244, 0, 14.28, 4.084, 192.8, 0, 0, 0, 72, 10.82, 11.021, 123.084, 59.006, 100, 0, 0, 44.205, 42.807, 29, 1.78, 116.9, 0, 0, 121.9, 98.3, 0, 0, 0.244, 0, 0, 14, 0, 14.28, 0, 4.084, 192.8, 0, 0, 0, 72, 1, 0.011, 0.011, 123.084, 59.006, 100, 0, 0, 141, 44.205, 42.807, 29, 1.78, 0, 116.9, 0, 0, 121.9, 98.3, 0, 0, 0, 0, 
1.6, 20, 100.3, 71.6, 72.32, , 8.264, 0.985, 229.32, 229.32, 4.101, 199.311, 199.311, 199.311, 42.407, 66.339, 36.012, 36.14, 7.377, 13.666, 0, 0, 51.139, 51.924, 51.139, 51.924, 1, 97.675, 97.675, 0.025, 0.139, 64.83, 65.829, 64.83, 65.829, 7.045, 7.377, 13.666, , , 1, 1.7, 0.296, 0, 14.22, 4.101, 193.2, 0, 0, 0, 72, 11.114, 11.097, 122.723, 60.114, 100, 0, 0, 43.803, 42.205, 30, 1.81, 116.6, 0, 0, 121.6, 98.673, 0, 0, 0.296, 0, 0, 14, 0, 14.22, 0, 4.101, 193.2, 0, 0, 0, 72, 1, 0.011, 0.011, 122.723, 60.114, 100, 0, 0, 141, 43.803, 42.205, 30, 1.81, 0, 116.6, 0, 0, 121.6, 98.673, 0, 0, 0, 0, 
1.65, 20, 100.3, 71.6, 72.32, , 8.385, 0.985, 236.538, 236.538, 4.119, 202.194, 202.194, 202.194, 42.412, 67.375, 35.866, 36.14, 7.377, 13.614, 0, 0, 52.097, 52.895, 52.097, 52.895, 1, 98.086, 98.086, 0.025, 0.139, 65.758, 66.773, 65.758, 66.773, 7.047, 7.377, 13.614, , , 1, 1.751, 0.348, 0, 14.16, 4.119, 193.6, 0, 0, 0, 72, 11.407, 11.174, 122.361, 61.222, 100, 0, 0, 43.402, 41.602, 31, 1.84, 116.3, 0, 0, 121.3, 99.047, 0, 0, 0.348, 0, 0, 14, 0, 14.16, 0, 4.119, 193.6, 0, 0, 0, 72, 1, 0.012, 0.011, 122.361, 61.222, 100, 0, 0, 141, 43.402, 41.602, 31, 1.84, 0, 116.3, 0, 0, 121.3, 99.047, 0, 0, 0, 0, 
1.7, 20, 100.3, 71.6, 72.32, , 8.451, 0.985, 243.613, 243.613, 4.136, 203.77, 203.77, 203.77, 42.417, 68.412, 35.72, 36.14, 7.377, 13.572, 0, 0, 52.721, 53.529, 52.721, 53.529, 1, 98.509, 98.509, 0.025, 0.139, 66.262, 67.285, 66.262, 67.285, 7.049, 7.377, 13.572, , , 1, 1.801, 0.4, 0, 14.1, 4.136, 194, 0, 0, 0, 72, 11.7, 11.25, 122, 62.33, 100, 0, 0, 43, 41, 32, 1.87, 116, 0, 0, 121, 99.42, 0, 0, 0.4, 0, 0, 14, 0, 14.1, 0, 4.136, 194, 0, 0, 0, 72, 1, 0.012, 0.011, 122, 62.33, 100, 0, 0, 141, 43, 41, 32, 1.87, 0, 116, 0, 0, 121, 99.42, 0, 0, 0, 0, 
1.75, 20, 100.3, 71.6, 72.32, , 8.527, 0.985, 250.831, 250.831, 4.164, 205.596, 205.596, 205.596, 42.423, 69.449, 35.574, 36.14, 7.377, 13.536, 0, 0, 53.42, 54.238, 53.42, 54.238, 1, 98.924, 98.924, 0.025, 0.139, 66.847, 67.877, 66.847, 67.877, 7.049, 7.377, 13.536, , , 1, 1.85, 0.485, 0, 14.03, 4.164, 194, 0, 0, 0, 72, 11.86, 11.448, 122, 63.622, 100, 0, 0, 42.6, 40.5, 33, 1.898, 115.5, 0, 0, 120.35, 99.792, 0, 0, 0.485, 0, 0, 14, 0, 14.03, 0, 4.164, 194, 0, 0, 0, 72, 1, 0.012, 0.011, 122, 63.622, 100, 0, 0, 141, 42.6, 40.5, 33, 1.898, 0, 115.5, 0, 0, 120.35, 99.792, 0, 0, 0, 0, 
1.8, 20, 100.3, 71.6, 72.32, , 8.596, 0.985, 258.012, 258.012, 4.191, 207.246, 207.246, 207.246, 42.428, 70.486, 35.429, 36.14, 7.377, 13.518, 0, 0, 54.082, 54.91, 54.082, 54.91, 1, 99.352, 99.352, 0.025, 0.139, 67.376, 68.414, 67.376, 68.414, 7.047, 7.377, 13.518, , , 1, 1.9, 0.57, 0, 13.96, 4.191, 194, 0, 0, 0, 72, 12.02, 11.646, 122, 64.914, 100, 0, 0, 42.2, 40, 34, 1.926, 115, 0, 0, 119.7, 100.164, 0, 0, 0.57, 0, 0, 14, 0, 13.96, 0, 4.191, 194, 0, 0, 0, 72, 1, 0.012, 0.011, 122, 64.914, 100, 0, 0, 141, 42.2, 40, 34, 1.926, 0, 115, 0, 0, 119.7, 100.164, 0, 0, 0, 0, 
1.85, 20, 100.3, 71.6, 72.32, , 8.676, 0.985, 265.165, 265.165, 4.219, 209.155, 209.155, 209.155, 42.432, 71.523, 35.048, 36.005, 7.377, 13.502, 0, 0, 54.815, 55.655, 54.815, 55.655, 1, 99.776, 99.776, 0.025, 0.139, 67.989, 69.036, 67.989, 69.036, 7.045, 7.377, 13.502, , , 1, 1.95, 0.655, 0, 13.89, 4.219, 194, 0, 0, 0, 72, 12.18, 11.844, 122, 66.206, 100, 0, 0, 41.8, 39.5, 35, 1.954, 114.5, 0, 0, 119.05, 100.536, 0, 0, 0.655, 0, 0, 14, 0, 13.89, 0, 4.219, 194, 0, 0, 0, 72, 1, 0.012, 0.012, 122, 66.206, 100, 0, 0, 141, 41.8, 39.5, 35, 1.954, 0, 114.5, 0, 0, 119.05, 100.536, 0, 0, 0, 0, 
1.9, 20, 100.3, 71.6, 72.32, , 8.796, 0.985, 272.462, 272.462, 4.247, 212.02, 212.02, 212.02, 42.435, 72.56, 34.652, 35.861, 7.377, 13.492, 0, 0, 55.811, 56.668, 55.811, 56.668, 1, 100.21, 100.21, 0.025, 0.138, 68.916, 69.976, 68.916, 69.976, 7.044, 7.377, 13.492, , , 1, 2.001, 0.74, 0, 13.82, 4.247, 194, 0, 0, 0, 72, 12.34, 12.042, 122, 67.498, 100, 0, 0, 41.4, 39, 36, 1.982, 114, 0, 0, 118.4, 100.908, 0, 0, 0.74, 0, 0, 14, 0, 13.82, 0, 4.247, 194, 0, 0, 0, 72, 1, 0.012, 0.012, 122, 67.498, 100, 0, 0, 141, 41.4, 39, 36, 1.982, 0, 114, 0, 0, 118.4, 100.908, 0, 0, 0, 0, 
1.95, 20, 100.3, 71.6, 72.32, , 9.021, 0.985, 279.758, 279.758, 4.274, 217.38, 217.38, 217.38, 42.436, 73.597, 34.256, 35.717, 7.377, 13.48, 0, 0, 57.477, 58.36, 57.477, 58.36, 1, 100.651, 100.651, 0.025, 0.138, 70.657, 71.744, 70.657, 71.744, 7.051, 7.377, 13.48, , , 1, 2.051, 0.825, 0, 13.75, 4.274, 194, 0, 0, 0, 72, 12.5, 12.24, 122, 68.79, 100, 0, 0, 41, 38.5, 37, 2.01, 113.5, 0, 0, 117.75, 101.28, 0, 0, 0.825, 0, 0, 14, 0, 13.75, 0, 4.274, 194, 0, 0, 0, 72, 1, 0.012, 0.012, 122, 68.79, 100, 0, 0, 141, 41, 38.5, 37, 2.01, 0, 113.5, 0, 0, 117.75, 101.28, 0, 0, 0, 0, 
2, 20, 100.3, 71.6, 72.32, , 9.284, 0.985, 287.055, 287.055, 4.284, 223.629, 223.629, 223.629, 42.434, 74.634, 33.86, 35.573, 7.378, 13.454, 0, 0, 59.395, 60.307, 59.395, 60.307, 1, 101.103, 101.103, 0.025, 0.138, 72.694, 73.812, 72.694, 73.812, 7.081, 7.378, 13.454, , , 1, 2.1, 0.893, 0, 13.74, 4.284, 194, 0, 0, 0, 72, 12.822, 12.462, 122, 69.136, 100, 0, 0, 40.689, 38.293, 37.208, 2.035, 113.396, 0, 0, 117.594, 101.797, 0, 0, 0.893, 0, 0, 14, 0, 13.74, 0, 4.284, 194, 0, 0, 0, 72, 1, 0.012, 0.012, 122, 69.136, 100, 0, 0, 141, 40.689, 38.293, 37.208, 2.035, 0, 113.396, 0, 0, 117.594, 101.797, 0, 0, 0, 0, 
2.05, 20, 100.3, 71.6, 72.32, , 9.643, 0.985, 294.432, 294.432, 4.293, 232.164, 232.164, 232.164, 42.428, 75.67, 33.464, 35.429, 7.378, 13.425, 0, 0, 61.958, 62.91, 61.958, 62.91, 1, 101.577, 101.577, 0.025, 0.139, 75.477, 76.638, 75.477, 76.638, 7.111, 7.378, 13.425, , , 1, 2.15, 0.96, 0, 13.729, 4.293, 194, 0, 0, 0, 72, 13.143, 12.684, 122, 69.482, 100, 0, 0, 40.378, 38.085, 37.417, 2.06, 113.292, 0, 0, 117.438, 102.313, 0, 0, 0.96, 0, 0, 14, 0, 13.729, 0, 4.293, 194, 0, 0, 0, 72, 1, 0.013, 0.012, 122, 69.482, 100, 0, 0, 141, 40.378, 38.085, 37.417, 2.06, 0, 113.292, 0, 0, 117.438, 102.313, 0, 0, 0, 0, 
2.1, 20, 100.3, 71.6, 72.32, , 10.132, 0.985, 301.813, 301.813, 4.303, 243.789, 243.789, 243.789, 42.419, 76.707, 33.812, 35.589, 7.38, 13.379, 0, 0, 65.382, 66.388, 65.382, 66.388, 1, 102.059, 102.059, 0.025, 0.139, 79.275, 80.494, 79.275, 80.494, 7.141, 7.38, 13.379, , , 1, 2.2, 1.028, 0, 13.719, 4.303, 194, 0, 0, 0, 72, 13.465, 12.906, 122, 69.828, 100, 0, 0, 40.066, 37.878, 37.625, 2.085, 113.188, 0, 0, 117.281, 102.83, 0, 0, 1.028, 0, 0, 14, 0, 13.719, 0, 4.303, 194, 0, 0, 0, 72, 1, 0.013, 0.013, 122, 69.828, 100, 0, 0, 141, 40.066, 37.878, 37.625, 2.085, 0, 113.188, 0, 0, 117.281, 102.83, 0, 0, 0, 0, 
2.15, 20, 100.3, 71.6, 72.32, , 10.75, 0.985, 309.237, 309.237, 4.312, 258.469, 258.469, 258.469, 42.402, 77.744, 34.208, 35.769, 7.381, 13.331, 0, 0, 69.679, 70.751, 69.679, 70.751, 1, 102.576, 102.576, 0.025, 0.139, 84.084, 85.378, 84.084, 85.378, 7.173, 7.381, 13.331, , , 1, 2.25, 1.096, 0, 13.708, 4.312, 194, 0, 0, 0, 72, 13.786, 13.128, 122, 70.173, 100, 0, 0, 39.755, 37.67, 37.833, 2.11, 113.083, 0, 0, 117.125, 103.346, 0, 0, 1.096, 0, 0, 14, 0, 13.708, 0, 4.312, 194, 0, 0, 0, 72, 1, 0.014, 0.013, 122, 70.173, 100, 0, 0, 141, 39.755, 37.67, 37.833, 2.11, 0, 113.083, 0, 0, 117.125, 103.346, 0, 0, 0, 0, 
2.2, 20, 100.3, 71.6, 72.32, , 11.362, 0.985, 316.727, 316.727, 4.324, 272.996, 272.996, 272.996, 42.377, 78.781, 34.604, 35.949, 7.383, 13.271, 0, 0, 73.99, 75.127, 73.99, 75.127, 1, 103.119, 103.119, 0.025, 0.139, 88.864, 90.232, 88.864, 90.232, 7.209, 7.383, 13.271, , , 1, 2.301, 1.158, 0, 13.658, 4.324, 194, 0, 0, 0, 72, 14.212, 13.462, 122, 70.975, 100, 0, 0, 39.205, 37.222, 38.538, 2.151, 112.885, 0, 0, 116.827, 103.9, 0, 0, 1.158, 0, 0, 14, 0, 13.658, 0, 4.324, 194, 0, 0, 0, 72, 1, 0.014, 0.013, 122, 70.975, 100, 0, 0, 141, 39.205, 37.222, 38.538, 2.151, 0, 112.885, 0, 0, 116.827, 103.9, 0, 0, 0, 0, 
2.25, 20, 100.3, 71.6, 72.32, , 11.908, 0.985, 324.123, 324.123, 4.345, 285.961, 285.961, 285.961, 42.346, 79.818, 35, 36.129, 7.384, 13.211, 0, 0, 77.917, 79.116, 77.917, 79.116, 1, 103.696, 103.696, 0.025, 0.139, 93.149, 94.582, 93.149, 94.582, 7.245, 7.384, 13.211, , , 1, 2.351, 1.198, 0, 13.446, 4.345, 194, 0, 0, 0, 72, 15.114, 14.305, 122, 73.6, 100, 0, 0, 37.564, 35.678, 41.231, 2.266, 112.308, 0, 0, 115.962, 104.62, 0, 0, 1.198, 0, 0, 14, 0, 13.446, 0, 4.345, 194, 0, 0, 0, 72, 1, 0.015, 0.014, 122, 73.6, 100, 0, 0, 141, 37.564, 35.678, 41.231, 2.267, 0, 112.308, 0, 0, 115.962, 104.62, 0, 0, 0, 0, 
2.3, 20, 100.3, 71.6, 72.32, , 12.32, 0.985, 331.641, 331.641, 4.367, 295.766, 295.766, 295.766, 42.321, 80.855, 35.396, 36.309, 7.384, 13.15, 0, 0, 81.033, 82.281, 81.033, 82.281, 1, 104.295, 104.295, 0.025, 0.139, 96.396, 97.879, 96.396, 97.879, 7.281, 7.384, 13.15, , , 1, 2.4, 1.239, 0, 13.235, 4.367, 194, 0, 0, 0, 72, 16.015, 15.149, 122, 76.225, 100, 0, 0, 35.923, 34.133, 43.923, 2.382, 111.731, 0, 0, 115.096, 105.34, 0, 0, 1.239, 0, 0, 14, 0, 13.235, 0, 4.367, 194, 0, 0, 0, 72, 1, 0.016, 0.015, 122, 76.225, 100, 0, 0, 141, 35.923, 34.133, 43.923, 2.383, 0, 111.731, 0, 0, 115.096, 105.34, 0, 0, 0, 0, 
2.35, 20, 100.3, 71.6, 72.32, , 12.578, 0.985, 339.323, 339.323, 4.388, 301.901, 301.901, 301.901, 42.305, 81.892, 35.242, 36.32, 7.384, 13.09, 0, 0, 83.192, 84.472, 83.192, 84.472, 1, 104.907, 104.907, 0.025, 0.139, 98.432, 99.945, 98.432, 99.945, 7.316, 7.384, 13.09, , , 1, 2.45, 1.279, 0, 13.023, 4.388, 194, 0, 0, 0, 72, 16.917, 15.993, 122, 78.85, 100, 0, 0, 34.282, 32.589, 46.615, 2.497, 111.154, 0, 0, 114.231, 106.06, 0, 0, 1.279, 0, 0, 14, 0, 13.023, 0, 4.388, 194, 0, 0, 0, 72, 1, 0.017, 0.016, 122, 78.85, 100, 0, 0, 141, 34.282, 32.589, 46.615, 2.498, 0, 111.154, 0, 0, 114.231, 106.06, 0, 0, 0, 0, 
2.4, 20, 100.3, 71.6, 72.32, , 12.647, 0.985, 346.856, 346.856, 4.409, 303.569, 303.569, 303.569, 42.304, 82.929, 35.052, 36.32, 7.382, 13.035, 0, 0, 84.136, 85.431, 84.136, 85.431, 1, 105.591, 105.591, 0.025, 0.139, 98.983, 100.504, 98.983, 100.504, 7.336, 7.382, 13.035, , , 1, 2.5, 1.32, 0, 12.812, 4.409, 194, 0, 0, 0, 72, 17.818, 16.836, 122, 81.475, 100, 0, 0, 32.641, 31.044, 49.308, 2.612, 110.577, 0, 0, 113.365, 106.78, 0, 0, 1.32, 0, 0, 14, 0, 12.812, 0, 4.409, 194, 0, 0, 0, 72, 1, 0.018, 0.017, 122, 81.475, 100, 0, 0, 141, 32.641, 31.044, 49.308, 2.614, 0, 110.577, 0, 0, 113.365, 106.78, 0, 0, 0, 0, 
2.45, 20, 100.3, 71.6, 72.32, , 12.616, 0.985, 356.873, 356.873, 4.43, 302.857, 302.857, 302.857, 42.322, 83.965, 34.862, 36.32, 7.381, 12.982, 0, 0, 84.582, 85.885, 84.582, 85.885, 1, 106.35, 106.35, 0.025, 0.139, 98.705, 100.223, 98.705, 100.223, 7.355, 7.381, 12.982, , , 1, 2.55, 1.36, 0, 12.6, 4.43, 194, 0, 0, 0, 72, 18.72, 17.68, 122, 84.1, 100, 0, 0, 31, 29.5, 52, 2.728, 110, 0, 0, 112.5, 107.5, 0, 0, 1.36, 0, 0, 14, 0, 12.6, 0, 4.43, 194, 0, 0, 0, 72, 1, 0.019, 0.018, 122, 84.1, 100, 0, 0, 141, 31, 29.5, 52, 2.73, 0, 110, 0, 0, 112.5, 107.5, 0, 0, 0, 0, 
2.5, 20, 100.3, 71.6, 72.32, , 12.558, 0.985, 364.567, 364.567, 4.473, 301.521, 301.521, 301.521, 42.346, 85.002, 34.673, 36.32, 7.379, 12.953, 0, 0, 84.695, 86, 84.695, 86, 1, 106.966, 106.966, 0.025, 0.139, 98.214, 99.725, 98.214, 99.725, 7.375, 7.379, 12.953, , , 1, 2.601, 1.094, 0, 12.58, 4.473, 194, 0, 0, 0, 72, 18.514, 17.74, 121.64, 87.126, 100, 0, 0, 31.5, 30.15, 61.6, 3.061, 108.4, 0, 0, 110.5, 108.369, 0, 0, 1.094, 0, 0, 14, 0, 12.58, 0, 4.473, 194, 0, 0, 0, 72, 1, 0.019, 0.018, 121.64, 87.126, 100, 0, 0, 141, 31.5, 30.15, 61.6, 3.066, 0, 108.4, 0, 0, 110.5, 108.369, 0, 0, 0, 0, 
2.55, 20, 100.3, 71.6, 72.32, , 12.515, 0.985, 372.35, 372.35, 4.516, 300.529, 300.529, 300.529, 42.37, 86.039, 34.483, 36.32, 7.378, 12.926, 0, 0, 84.906, 86.214, 84.906, 86.214, 1, 107.586, 107.586, 0.025, 0.139, 97.834, 99.34, 97.834, 99.34, 7.394, 7.378, 12.926, , , 1, 2.651, 0.828, 0, 12.56, 4.516, 194, 0, 0, 0, 72, 18.308, 17.8, 121.28, 90.152, 100, 0, 0, 32, 30.8, 71.2, 3.398, 106.8, 0, 0, 108.5, 109.238, 0, 0, 0.828, 0, 0, 14, 0, 12.56, 0, 4.516, 194, 0, 0, 0, 72, 1, 0.019, 0.018, 121.28, 90.152, 100, 0, 0, 141, 32, 30.8, 71.2, 3.402, 0, 106.8, 0, 0, 108.5, 109.238, 0, 0, 0, 0, 
2.6, 20, 100.3, 71.6, 72.32, , 12.476, 0.985, 380.134, 380.134, 4.56, 299.607, 299.607, 299.607, 42.394, 87.076, 34.335, 36.32, 7.378, 12.908, 0, 0, 85.132, 86.444, 85.132, 86.444, 1, 108.202, 108.202, 0.025, 0.139, 97.478, 98.979, 97.478, 98.979, 7.406, 7.378, 12.908, , , 1, 2.7, 0.562, 0, 12.54, 4.56, 194, 0, 0, 0, 72, 18.102, 17.86, 120.92, 93.178, 100, 0, 0, 32.5, 31.45, 80.8, 3.735, 105.2, 0, 0, 106.5, 110.107, 0, 0, 0.562, 0, 0, 14, 0, 12.54, 0, 4.56, 194, 0, 0, 0, 72, 1, 0.018, 0.018, 120.92, 93.178, 100, 0, 0, 141, 32.5, 31.45, 80.8, 3.738, 0, 105.2, 0, 0, 106.5, 110.107, 0, 0, 0, 0, 
2.65, 20, 100.3, 71.6, 72.32, , 12.422, 0.985, 387.928, 387.928, 4.603, 298.368, 298.368, 298.368, 42.418, 88.113, 34.203, 36.32, 7.377, 12.891, 0, 0, 85.26, 86.573, 85.26, 86.573, 1, 108.819, 108.819, 0.025, 0.139, 97.021, 98.515, 97.021, 98.515, 7.415, 7.377, 12.891, , , 1, 2.75, 0.296, 0, 12.52, 4.603, 194, 0, 0, 0, 72, 17.896, 17.92, 120.56, 96.204, 100, 0, 0, 33, 32.1, 90.4, 4.073, 103.6, 0, 0, 104.5, 110.976, 0, 0, 0.296, 0, 0, 14, 0, 12.52, 0, 4.603, 194, 0, 0, 0, 72, 1, 0.018, 0.018, 120.56, 96.204, 100, 0, 0, 141, 33, 32.1, 90.4, 4.074, 0, 103.6, 0, 0, 104.5, 110.976, 0, 0, 0, 0, 
2.7, 20, 100.3, 71.6, 72.32, , 12.401, 0.985, 395.856, 395.856, 4.646, 297.892, 297.892, 297.892, 42.44, 89.15, 34.072, 36.32, 7.378, 12.871, 0, 0, 85.607, 86.926, 85.607, 86.926, 1, 109.427, 109.427, 0.025, 0.139, 96.815, 98.305, 96.815, 98.305, 7.425, 7.378, 12.871, , , 1, 2.8, 0.03, 0, 12.5, 4.646, 194, 0, 0, 0, 72, 17.69, 17.98, 120.2, 99.23, 100, 0, 0, 33.5, 32.75, 100, 4.41, 102, 0, 0, 102.5, 111.845, 0, 0, 0.03, 0, 0, 14, 0, 12.5, 0, 4.646, 194, 0, 0, 0, 72, 1, 0.018, 0.018, 120.2, 99.23, 100, 0, 0, 141, 33.5, 32.75, 100, 4.41, 0, 102, 0, 0, 102.5, 111.845, 0, 0, 0, 0, 
2.75, 20.001, 100.3, 71.6, 72.32, , 12.383, 0.985, 403.796, 403.796, 4.66, 297.482, 297.482, 297.482, 42.459, 89.545, 33.94, 36.32, 7.378, 12.851, 0, 0, 85.966, 87.291, 85.966, 87.291, 1, 110.039, 110.039, 0.025, 0.139, 96.641, 98.129, 96.641, 98.129, 7.434, 7.378, 12.851, , , 1, 2.851, 0.028, 0, 12.5, 4.66, 194, 0, 0, 0, 72, 17.721, 17.978, 120.2, 99.23, 100, 0, 0, 33.5, 32.802, 100, 4.41, 102.312, 0, 0, 102.812, 112.234, 0, 0, 0.028, 0, 0, 14, 0, 12.5, 0, 4.66, 194, 0, 0, 0, 72, 1, 0.018, 0.018, 120.2, 99.23, 100, 0, 0, 141, 33.5, 32.802, 100, 4.41, 0, 102.312, 0, 0, 102.812, 112.234, 0, 0, 0, 0, 
2.8, 20.002, 100.3, 71.6, 72.32, , 12.378, 0.985, 411.762, 411.762, 4.675, 297.388, 297.388, 297.388, 42.471, 87.016, 33.808, 36.32, 7.38, 12.815, 0, 0, 86.416, 87.747, 86.416, 87.747, 1, 110.655, 110.655, 0.025, 0.139, 96.583, 98.071, 96.583, 98.071, 7.433, 7.38, 12.815, , , 1, 2.901, 0.026, 0, 12.5, 4.675, 194, 0, 0, 0, 72, 17.753, 17.976, 120.2, 99.23, 100, 0, 0, 33.5, 32.854, 100, 4.41, 102.625, 0, 0, 103.125, 112.622, 0, 0, 0.026, 0, 0, 14, 0, 12.5, 0, 4.675, 194, 0, 0, 0, 72, 1, 0.018, 0.018, 120.2, 99.23, 100, 0, 0, 141, 33.5, 32.854, 100, 4.41, 0, 102.625, 0, 0, 103.125, 112.622, 0, 0, 0, 0, 
2.85, 20.003, 100.3, 71.6, 72.32, , 12.355, 0.985, 419.812, 419.812, 4.689, 296.862, 296.862, 296.862, 42.477, 84.488, 34.071, 35.982, 7.381, 12.778, 0, 0, 86.74, 88.076, 86.74, 88.076, 1, 111.256, 111.256, 0.025, 0.139, 96.4, 97.884, 96.4, 97.884, 7.423, 7.381, 12.778, , , 1, 2.951, 0.024, 0, 12.5, 4.689, 194, 0, 0, 0, 72, 17.784, 17.974, 120.2, 99.23, 100, 0, 0, 33.5, 32.906, 100, 4.41, 102.938, 0, 0, 103.438, 113.011, 0, 0, 0.024, 0, 0, 14, 0, 12.5, 0, 4.689, 194, 0, 0, 0, 72, 1, 0.018, 0.018, 120.2, 99.23, 100, 0, 0, 141, 33.5, 32.906, 100, 4.41, 0, 102.938, 0, 0, 103.438, 113.011, 0, 0, 0, 0, 
2.9, 20.004, 100.3, 71.6, 72.32, , 12.34, 0.985, 427.864, 427.864, 4.704, 296.523, 296.523, 296.523, 42.475, 81.959, 34.359, 35.622, 7.383, 12.742, 0, 0, 87.115, 88.457, 87.115, 88.457, 1, 111.876, 111.876, 0.025, 0.138, 96.291, 97.775, 96.291, 97.775, 7.413, 7.383, 12.742, , , 1, 3.001, 0.022, 0, 12.5, 4.704, 194, 0, 0, 0, 72, 17.815, 17.972, 120.2, 99.23, 100, 0, 0, 33.5, 32.958, 100, 4.41, 103.25, 0, 0, 103.75, 113.399, 0, 0, 0.022, 0, 0, 14, 0, 12.5, 0, 4.704, 194, 0, 0, 0, 72, 1, 0.018, 0.018, 120.2, 99.23, 100, 0, 0, 141, 33.5, 32.958, 100, 4.41, 0, 103.25, 0, 0, 103.75, 113.399, 0, 0, 0, 0, 
2.95, 20.005, 100.3, 71.6, 72.32, , 12.31, 0.985, 435.973, 435.973, 4.72, 295.836, 295.836, 295.836, 42.469, 79.43, 34.647, 35.262, 7.384, 12.706, 0, 0, 87.385, 88.731, 87.385, 88.731, 1, 112.48, 112.48, 0.025, 0.138, 96.083, 97.563, 96.083, 97.563, 7.402, 7.384, 12.706, , , 1, 3.051, 0.019, 0, 12.5, 4.72, 194, 0, 0, 0, 72, 17.856, 17.984, 120.128, 99.2, 100, 0, 0, 33.5, 33, 100, 4.41, 103.6, 0, 0, 104.1, 113.834, 0, 0, 0.019, 0, 0, 14, 0, 12.5, 0, 4.72, 194, 0, 0, 0, 72, 1, 0.018, 0.018, 120.128, 99.2, 100, 0, 0, 141, 33.5, 33, 100, 4.41, 0, 103.6, 0, 0, 104.1, 113.834, 0, 0, 0, 0, 
3, 20.006, 100.3, 71.6, 72.32, , 12.301, 0.985, 444.146, 444.146, 4.745, 295.656, 295.656, 295.656, 42.46, 76.902, 34.935, 34.902, 7.384, 12.677, 0, 0, 87.805, 89.156, 87.805, 89.156, 1, 113.086, 113.086, 0.025, 0.138, 96.044, 97.524, 96.044, 97.524, 7.393, 7.384, 12.677, , , 1, 3.101, 0.015, 0, 12.5, 4.745, 194, 0, 0, 0, 72, 17.936, 18.056, 119.768, 99.052, 100, 0, 0, 33.5, 33, 100, 4.41, 104.1, 0, 0, 104.6, 114.453, 0, 0, 0.015, 0, 0, 14, 0, 12.5, 0, 4.745, 194, 0, 0, 0, 72, 1, 0.018, 0.018, 119.768, 99.052, 100, 0, 0, 141, 33.5, 33, 100, 4.41, 0, 104.1, 0, 0, 104.6, 114.453, 0, 0, 0, 0, 
3.05, 20.008, 100.3, 71.6, 72.32, , 12.293, 0.985, 452.342, 452.342, 4.77, 295.493, 295.493, 295.493, 42.454, 74.373, 35.223, 34.542, 7.384, 12.649, 0, 0, 88.229, 89.587, 88.229, 89.587, 1, 113.691, 113.691, 0.025, 0.137, 96.004, 97.482, 96.004, 97.482, 7.386, 7.384, 12.649, , , 1, 3.151, 0.011, 0, 12.5, 4.77, 194, 0, 0, 0, 72, 18.015, 18.128, 119.408, 98.904, 100, 0, 0, 33.5, 33, 100, 4.41, 104.6, 0, 0, 105.1, 115.073, 0, 0, 0.011, 0, 0, 14, 0, 12.5, 0, 4.77, 194, 0, 0, 0, 72, 1, 0.018, 0.018, 119.408, 98.904, 100, 0, 0, 141, 33.5, 33, 100, 4.41, 0, 104.6, 0, 0, 105.1, 115.073, 0, 0, 0, 0, 
3.1, 20.009, 100.3, 71.6, 72.32, , 12.252, 0.985, 460.657, 460.657, 4.795, 294.532, 294.532, 294.532, 42.451, 71.844, 35.138, 34.655, 7.383, 12.623, 0, 0, 88.413, 89.774, 88.413, 89.774, 1, 114.303, 114.303, 0.025, 0.137, 95.697, 97.171, 95.697, 97.171, 7.378, 7.383, 12.623, , , 1, 3.2, 0.007, 0, 12.5, 4.795, 194, 0, 0, 0, 72, 18.095, 18.199, 119.048, 98.756, 100, 0, 0, 33.5, 33, 100, 4.41, 105.1, 0, 0, 105.6, 115.692, 0, 0, 0.007, 0, 0, 14, 0, 12.5, 0, 4.795, 194, 0, 0, 0, 72, 1, 0.018, 0.018, 119.048, 98.756, 100, 0, 0, 141, 33.5, 33, 100, 4.41, 0, 105.1, 0, 0, 105.6, 115.692, 0, 0, 0, 0, 
3.15, 20.01, 100.3, 71.6, 72.32, , 12.233, 0.985, 468.996, 468.996, 4.82, 294.119, 294.119, 294.119, 42.454, 69.316, 35.03, 34.799, 7.381, 12.598, 0, 0, 88.758, 90.125, 88.758, 90.125, 1, 114.911, 114.911, 0.025, 0.137, 95.559, 97.03, 95.559, 97.03, 7.371, 7.381, 12.598, , , 1, 3.25, 0.003, 0, 12.5, 4.82, 194, 0, 0, 0, 72, 18.175, 18.271, 118.688, 98.608, 100, 0, 0, 33.5, 33, 100, 4.41, 105.6, 0, 0, 106.1, 116.312, 0, 0, 0.003, 0, 0, 14, 0, 12.5, 0, 4.82, 194, 0, 0, 0, 72, 1, 0.018, 0.018, 118.688, 98.608, 100, 0, 0, 141, 33.5, 33, 100, 4.41, 0, 105.6, 0, 0, 106.1, 116.312, 0, 0, 0, 0, 
3.2, 20.011, 100.3, 71.6, 72.32, , 12.218, 0.985, 477.336, 477.336, 4.845, 293.786, 293.786, 293.786, 42.461, 66.787, 34.922, 34.943, 7.38, 12.565, 0, 0, 89.122, 90.494, 89.122, 90.494, 1, 115.516, 115.516, 0.025, 0.137, 95.439, 96.908, 95.439, 96.908, 7.377, 7.38, 12.565, , , 1, 3.3, 0, 0, 12.5, 4.845, 194, 0, 0, 0, 72, 18.25, 18.337, 118.4, 98.476, 100, 0, 0, 33.483, 33, 100, 4.41, 106.115, 0, 0, 106.615, 116.928, 0, 0, 0, 0, 0, 13.996, 0, 12.5, 0, 4.845, 194, 0, 0, 0, 72, 1, 0.018, 0.018, 118.4, 98.476, 100, 0, 0, 141, 33.483, 33, 100, 4.41, 0, 106.115, 0, 0, 106.615, 116.928, 0, 0, 0, 0, 
3.25, 20.012, 100.3, 71.6, 72.32, , 12.178, 0.985, 485.675, 485.675, 4.872, 292.861, 292.861, 292.861, 42.469, 64.259, 34.814, 35.087, 7.378, 12.531, 0, 0, 89.301, 90.678, 89.301, 90.678, 1, 116.115, 116.115, 0.025, 0.137, 95.121, 96.584, 95.121, 96.584, 7.409, 7.378, 12.531, , , 1, 3.351, 0, 0, 12.5, 4.872, 194, 0, 0, 0, 72, 18.304, 18.376, 118.4, 98.405, 100, 0, 0, 33.386, 33, 100, 4.41, 106.692, 0, 0, 107.192, 117.526, 0, 0, 0, 0, 0, 13.977, 0, 12.5, 0, 4.872, 194, 0, 0, 0, 72, 1, 0.018, 0.018, 118.4, 98.405, 100, 0, 0, 141, 33.386, 33, 100, 4.41, 0, 106.692, 0, 0, 107.192, 117.526, 0, 0, 0, 0, 
3.3, 20.013, 100.3, 71.6, 72.32, , 12.121, 0.985, 494.151, 494.151, 4.899, 291.532, 291.532, 291.532, 42.479, 61.73, 34.706, 35.231, 7.378, 12.491, 0, 0, 89.36, 90.737, 89.36, 90.737, 1, 116.713, 116.713, 0.025, 0.137, 94.666, 96.122, 94.666, 96.122, 7.442, 7.378, 12.491, , , 1, 3.401, 0, 0, 12.5, 4.899, 194, 0, 0, 0, 72, 18.358, 18.414, 118.4, 98.333, 100, 0, 0, 33.29, 33, 100, 4.41, 107.269, 0, 0, 107.769, 118.125, 0, 0, 0, 0, 0, 13.958, 0, 12.5, 0, 4.899, 194, 0, 0, 0, 72, 1, 0.018, 0.018, 118.4, 98.333, 100, 0, 0, 141, 33.29, 33, 100, 4.41, 0, 107.269, 0, 0, 107.769, 118.125, 0, 0, 0, 0, 
3.35, 20.014, 100.3, 71.6, 72.32, , 12.111, 0.985, 502.521, 502.521, 4.926, 291.319, 291.319, 291.319, 42.491, 59.201, 34.802, 35.274, 7.377, 12.449, 0, 0, 89.75, 91.132, 89.75, 91.132, 1, 117.312, 117.312, 0.025, 0.138, 94.568, 96.023, 94.568, 96.023, 7.474, 7.377, 12.449, , , 1, 3.451, 0, 0, 12.5, 4.926, 194, 0, 0, 0, 72, 18.412, 18.453, 118.4, 98.262, 100, 0, 0, 33.193, 33, 100, 4.41, 107.846, 0, 0, 108.346, 118.723, 0, 0, 0, 0, 0, 13.938, 0, 12.5, 0, 4.926, 194, 0, 0, 0, 72, 1, 0.019, 0.019, 118.4, 98.262, 100, 0, 0, 141, 33.193, 33, 100, 4.41, 0, 107.846, 0, 0, 108.346, 118.723, 0, 0, 0, 0, 
3.4, 20.016, 100.3, 71.6, 72.32, , 12.073, 0.985, 511.102, 511.102, 4.952, 290.443, 290.443, 290.443, 42.506, 56.673, 34.91, 35.31, 7.377, 12.408, 0, 0, 89.938, 91.323, 89.938, 91.323, 1, 117.907, 117.907, 0.025, 0.138, 94.249, 95.699, 94.249, 95.699, 7.512, 7.377, 12.408, , , 1, 3.501, 0, 0, 12.5, 4.952, 194, 0, 0, 0, 72, 18.466, 18.491, 118.4, 98.191, 100, 0, 0, 33.097, 33, 100, 4.41, 108.423, 0, 0, 108.923, 119.322, 0, 0, 0, 0, 0, 13.919, 0, 12.5, 0, 4.952, 194, 0, 0, 0, 72, 1, 0.019, 0.019, 118.4, 98.191, 100, 0, 0, 141, 33.097, 33, 100, 4.41, 0, 108.423, 0, 0, 108.923, 119.322, 0, 0, 0, 0, 
3.45, 20.017, 100.3, 71.6, 72.32, , 12.027, 0.985, 519.701, 519.701, 4.979, 289.363, 289.363, 289.363, 42.523, 54.144, 35.018, 35.346, 7.377, 12.367, 0, 0, 90.06, 91.447, 90.06, 91.447, 1, 118.507, 118.507, 0.025, 0.138, 93.859, 95.303, 93.859, 95.303, 7.594, 7.377, 12.367, , , 1, 3.551, 0, 0, 12.5, 4.979, 194, 0, 0, 0, 72, 18.52, 18.53, 118.4, 98.12, 100, 0, 0, 33, 33, 100, 4.41, 109, 0, 0, 109.5, 119.92, 0, 0, 0, 0, 0, 13.9, 0, 12.5, 0, 4.979, 194, 0, 0, 0, 72, 1, 0.019, 0.019, 118.4, 98.12, 100, 0, 0, 141, 33, 33, 100, 4.41, 0, 109, 0, 0, 109.5, 119.92, 0, 0, 0, 0, 
3.5, 20.018, 100.3, 71.6, 72.32, , 11.99, 0.985, 530.561, 530.561, 5.019, 288.53, 288.53, 288.53, 42.544, 51.615, 35.126, 35.382, 7.377, 12.347, 0, 0, 90.365, 91.756, 90.365, 91.756, 1, 119.203, 119.203, 0.025, 0.138, 93.54, 94.98, 93.54, 94.98, 7.676, 7.377, 12.347, , , 1, 3.601, 0, 0, 12.5, 5.019, 194, 0, 0, 0, 72, 18.334, 18.358, 118.027, 97.966, 100, 0, 0, 33.104, 32.844, 100, 4.41, 108.118, 0, 0, 108.618, 120.759, 0, 0, 0, 0, 0, 13.9, 0, 12.5, 0, 5.019, 194, 0, 0, 0, 72, 1, 0.019, 0.019, 118.027, 97.966, 100, 0, 0, 141, 33.104, 32.844, 100, 4.41, 0, 108.118, 0, 0, 108.618, 120.759, 0, 0, 0, 0, 
3.55, 20.019, 100.3, 71.6, 72.32, , 11.958, 0.985, 539.207, 539.207, 5.059, 287.773, 287.773, 287.773, 42.557, 49.087, 35.234, 35.418, 7.378, 12.33, 0, 0, 90.573, 91.967, 90.573, 91.967, 1, 119.854, 119.854, 0.025, 0.138, 93.27, 94.705, 93.27, 94.705, 7.758, 7.378, 12.33, , , 1, 3.65, 0, 0, 12.5, 5.059, 194, 0, 0, 0, 72, 18.149, 18.186, 117.653, 97.813, 100, 0, 0, 33.207, 32.689, 100, 4.41, 107.237, 0, 0, 107.737, 121.598, 0, 0, 0, 0, 0, 13.9, 0, 12.5, 0, 5.059, 194, 0, 0, 0, 72, 1, 0.018, 0.018, 117.653, 97.813, 100, 0, 0, 141, 33.207, 32.689, 100, 4.41, 0, 107.237, 0, 0, 107.737, 121.598, 0, 0, 0, 0, 
3.6, 20.02, 100.3, 71.6, 72.32, , 11.927, 0.985, 548.002, 548.002, 5.099, 287.083, 287.083, 287.083, 42.564, 46.558, 35.071, 35.352, 7.378, 12.339, 0, 0, 90.806, 92.204, 90.806, 92.204, 1, 120.438, 120.438, 0.025, 0.138, 93.032, 94.463, 93.032, 94.463, 7.84, 7.378, 12.339, , , 1, 3.7, 0, 0, 12.5, 5.099, 194, 0, 0, 0, 72, 17.963, 18.013, 117.28, 97.659, 100, 0, 0, 33.311, 32.533, 100, 4.41, 106.355, 0, 0, 106.855, 122.438, 0, 0, 0, 0, 0, 13.9, 0, 12.5, 0, 5.099, 194, 0, 0, 0, 72, 1, 0.018, 0.018, 117.28, 97.659, 100, 0, 0, 141, 33.311, 32.533, 100, 4.41, 0, 106.355, 0, 0, 106.855, 122.438, 0, 0, 0, 0, 
3.65, 20.021, 100.3, 71.6, 72.32, , 11.85, 0.985, 556.677, 556.677, 5.14, 285.265, 285.265, 285.265, 42.566, 44.03, 34.891, 35.28, 7.379, 12.353, 0, 0, 90.665, 92.06, 90.665, 92.06, 1, 121.03, 121.03, 0.025, 0.138, 92.438, 93.861, 92.438, 93.861, 7.901, 7.379, 12.353, , , 1, 3.75, 0, 0, 12.5, 5.14, 194, 0, 0, 0, 72, 17.777, 17.841, 116.906, 97.506, 100, 0, 0, 33.415, 32.378, 100, 4.41, 105.473, 0, 0, 105.973, 123.277, 0, 0, 0, 0, 0, 13.9, 0, 12.5, 0, 5.14, 194, 0, 0, 0, 72, 1, 0.018, 0.018, 116.906, 97.506, 100, 0, 0, 141, 33.415, 32.378, 100, 4.41, 0, 105.473, 0, 0, 105.973, 123.277, 0, 0, 0, 0, 
3.7, 20.022, 100.3, 71.6, 72.32, , 11.864, 0.985, 565.499, 565.499, 5.175, 285.628, 285.628, 285.628, 42.563, 47.259, 34.711, 35.208, 7.379, 12.392, 0, 0, 91.226, 92.631, 91.226, 92.631, 1, 121.608, 121.608, 0.025, 0.137, 92.562, 93.987, 92.562, 93.987, 7.959, 7.379, 12.392, , , 1, 3.801, 0, 0, 12.5, 5.175, 194, 0, 0, 0, 72, 17.616, 17.688, 116.6, 97.366, 100, 0, 0, 33.5, 32.241, 100, 4.41, 104.703, 0, 0, 105.203, 124.023, 0, 0, 0, 0, 0, 13.9, 0, 12.5, 0, 5.175, 194, 0, 0, 0, 72, 1, 0.017, 0.017, 116.6, 97.366, 100, 0, 0, 141, 33.5, 32.241, 100, 4.41, 0, 104.703, 0, 0, 105.203, 124.024, 0, 0, 0, 0, 
3.75, 20.024, 100.3, 71.6, 72.32, , 11.853, 0.985, 574.318, 574.318, 5.187, 285.399, 285.399, 285.399, 42.558, , 34.531, 35.136, 7.38, 12.438, 0, 0, 91.594, 93.003, 91.594, 93.003, 1, 122.204, 122.204, 0.025, 0.137, 92.5, 93.924, 92.5, 93.924, 8.016, 7.38, 12.438, , , 1, 3.851, 0, 0, 12.5, 5.187, 194, 0, 0, 0, 72, 17.565, 17.621, 116.6, 97.289, 100, 0, 0, 33.5, 32.188, 100, 4.41, 104.441, 0, 0, 104.941, 124.347, 0, 0, 0, 0, 0, 13.9, 0, 12.5, 0, 5.187, 194, 0, 0, 0, 72, 1, 0.017, 0.017, 116.6, 97.289, 100, 0, 0, 141, 33.5, 32.188, 100, 4.41, 0, 104.441, 0, 0, 104.941, 124.349, 0, 0, 0, 0, 
3.8, 20.025, 100.3, 71.6, 72.32, , 11.841, 0.985, 583.206, 583.206, 5.199, 285.141, 285.141, 285.141, 42.554, , 34.351, 35.064, 7.38, 12.494, 0, 0, 91.95, 93.365, 91.95, 93.365, 1, 122.785, 122.785, 0.025, 0.137, 92.425, 93.849, 92.425, 93.849, 8.073, 7.38, 12.494, , , 1, 3.9, 0, 0, 12.5, 5.199, 194, 0, 0, 0, 72, 17.513, 17.554, 116.6, 97.211, 100, 0, 0, 33.5, 32.136, 100, 4.41, 104.18, 0, 0, 104.68, 124.671, 0, 0, 0, 0, 0, 13.9, 0, 12.5, 0, 5.199, 194, 0, 0, 0, 72, 1, 0.017, 0.017, 116.6, 97.211, 100, 0, 0, 141, 33.5, 32.136, 100, 4.41, 0, 104.18, 0, 0, 104.68, 124.674, 0, 0, 0, 0, 
3.85, 20.026, 100.3, 71.6, 72.32, , 11.853, 0.985, 592.187, 592.187, 5.211, 285.441, 285.441, 285.441, 42.55, , 34.577, 34.925, 7.379, 12.553, 0, 0, 92.487, 93.91, 92.487, 93.91, 1, 123.375, 123.375, 0.025, 0.137, 92.53, 93.956, 92.53, 93.956, 8.098, 7.379, 12.553, , , 1, 3.95, 0, 0, 12.5, 5.211, 194, 0, 0, 0, 72, 17.462, 17.487, 116.6, 97.134, 100, 0, 0, 33.5, 32.084, 100, 4.41, 103.918, 0, 0, 104.418, 124.995, 0, 0, 0, 0, 0, 13.9, 0, 12.5, 0, 5.211, 194, 0, 0, 0, 72, 1, 0.017, 0.017, 116.6, 97.134, 100, 0, 0, 141, 33.5, 32.084, 100, 4.41, 0, 103.918, 0, 0, 104.418, 124.999, 0, 0, 0, 0, 
3.9, 20.027, 100.3, 71.6, 72.32, , 11.875, 0.985, 601.025, 601.025, 5.224, 285.986, 285.986, 285.986, 42.547, , 34.829, 34.781, 7.379, 12.61, 0, 0, 93.101, 94.535, 93.101, 94.535, 1, 123.962, 123.962, 0.025, 0.137, 92.713, 94.141, 92.713, 94.141, 8.116, 7.379, 12.61, , , 1, 4.001, 0, 0, 12.5, 5.224, 194, 0, 0, 0, 72, 17.411, 17.42, 116.6, 97.056, 100, 0, 0, 33.5, 32.031, 100, 4.41, 103.657, 0, 0, 104.157, 125.319, 0, 0, 0, 0, 0, 13.9, 0, 12.5, 0, 5.224, 194, 0, 0, 0, 72, 1, 0.017, 0.017, 116.6, 97.056, 100, 0, 0, 141, 33.5, 32.031, 100, 4.41, 0, 103.657, 0, 0, 104.157, 125.325, 0, 0, 0, 0, 
3.95, 20.028, 100.3, 71.6, 72.32, , 11.802, 0.985, 610.15, 610.15, 5.241, 284.289, 284.289, 284.289, 42.544, , 35.081, 34.637, 7.379, 12.667, 0, 0, 92.984, 94.416, 92.984, 94.416, 1, 124.545, 124.545, 0.025, 0.137, 92.166, 93.585, 92.166, 93.585, 8.133, 7.379, 12.667, , , 1, 4.051, 0, 0, 12.5, 5.241, 194, 0, 0, 0, 72, 17.346, 17.351, 116.456, 96.981, 100, 0, 0, 33.54, 32.04, 100, 4.412, 103.3, 0, 0, 103.76, 125.757, 0, 0, 0, 0, 0, 13.9, 0, 12.5, 0, 5.241, 194, 0, 0, 0, 72, 1, 0.017, 0.017, 116.456, 96.981, 100, 0, 0, 141, 33.54, 32.04, 100, 4.412, 0, 103.3, 0, 0, 103.76, 125.768, 0, 0, 0, 0, 
4, 20.029, 100.3, 71.6, 72.32, , 11.761, 0.985, 619.13, 619.13, 5.266, 283.34, 283.34, 283.34, 42.544, , 35.333, 34.493, 7.38, 12.723, 0, 0, 93.102, 94.535, 93.102, 94.535, 1, 125.123, 125.123, 0.025, 0.137, 91.859, 93.274, 91.859, 93.274, 8.151, 7.38, 12.723, , , 1, 4.101, 0, 0, 12.5, 5.266, 194, 0, 0, 0, 72, 17.262, 17.279, 116.096, 96.909, 100, 0, 0, 33.64, 32.14, 100, 4.416, 102.8, 0, 0, 103.16, 126.379, 0, 0, 0, 0, 0, 13.9, 0, 12.5, 0, 5.266, 194, 0, 0, 0, 72, 1, 0.017, 0.017, 116.096, 96.909, 100, 0, 0, 141, 33.64, 32.14, 100, 4.416, 0, 102.8, 0, 0, 103.16, 126.388, 0, 0, 0, 0, 
4.05, 20.03, 100.3, 71.6, 72.32, , 11.721, 0.985, 628.291, 628.291, 5.291, 282.408, 282.408, 282.408, 42.544, , 35.585, 34.349, 7.381, 12.778, 0, 0, 93.231, 94.667, 93.231, 94.667, 1, 125.702, 125.702, 0.025, 0.137, 91.556, 92.965, 91.556, 92.965, 8.176, 7.381, 12.778, , , 1, 4.151, 0, 0, 12.5, 5.291, 194, 0, 0, 0, 72, 17.178, 17.207, 115.736, 96.837, 100, 0, 0, 33.74, 32.24, 100, 4.42, 102.3, 0, 0, 102.56, 127.002, 0, 0, 0, 0, 0, 13.9, 0, 12.5, 0, 5.291, 194, 0, 0, 0, 72, 1, 0.017, 0.017, 115.736, 96.837, 100, 0, 0, 141, 33.74, 32.24, 100, 4.42, 0, 102.3, 0, 0, 102.56, 127.008, 0, 0, 0, 0, 
4.1, 20.031, 100.3, 71.6, 72.32, , 11.662, 0.985, 637.272, 637.272, 5.316, 281.041, 281.041, 281.041, 42.546, , 35.329, 34.543, 7.383, 12.833, 0, 0, 93.211, 94.646, 93.211, 94.646, 1, 126.283, 126.283, 0.025, 0.137, 91.11, 92.512, 91.11, 92.512, 8.204, 7.383, 12.833, , , 1, 4.2, 0, 0, 12.5, 5.316, 194, 0, 0, 0, 72, 17.094, 17.135, 115.376, 96.765, 100, 0, 0, 33.84, 32.34, 100, 4.424, 101.8, 0, 0, 101.96, 127.624, 0, 0, 0, 0, 0, 13.9, 0, 12.5, 0, 5.316, 194, 0, 0, 0, 72, 1, 0.017, 0.017, 115.376, 96.765, 100, 0, 0, 141, 33.84, 32.34, 100, 4.424, 0, 101.8, 0, 0, 101.96, 127.628, 0, 0, 0, 0, 
4.15, 20.032, 100.3, 71.6, 72.32, , 11.624, 0.985, 646.605, 646.605, 5.341, 280.153, 280.153, 280.153, 42.55, , 35.041, 34.759, 7.385, 12.887, 0, 0, 93.341, 94.777, 93.341, 94.777, 1, 126.858, 126.858, 0.025, 0.137, 90.816, 92.213, 90.816, 92.213, 8.233, 7.385, 12.887, , , 1, 4.25, 0, 0, 12.5, 5.341, 194, 0, 0, 0, 72, 17.01, 17.063, 115.016, 96.693, 100, 0, 0, 33.94, 32.44, 100, 4.428, 101.3, 0, 0, 101.36, 128.247, 0, 0, 0, 0, 0, 13.9, 0, 12.5, 0, 5.341, 194, 0, 0, 0, 72, 1, 0.017, 0.017, 115.016, 96.693, 100, 0, 0, 141, 33.94, 32.44, 100, 4.428, 0, 101.3, 0, 0, 101.36, 128.248, 0, 0, 0, 0, 
4.2, 20.033, 100.3, 71.6, 72.32, , 11.619, 0.985, 655.756, 655.756, 5.366, 280.059, 280.059, 280.059, 42.554, , 34.753, 34.975, 7.387, 12.947, 0, 0, 93.729, 95.171, 93.729, 95.171, 1, 127.436, 127.436, 0.025, 0.137, 90.779, 92.175, 90.779, 92.175, 8.261, 7.387, 12.947, , , 1, 4.3, 0, 0, 12.5, 5.366, 194, 0, 0, 0, 72, 16.916, 16.976, 114.8, 96.591, 100, 0, 0, 34, 32.46, 100, 4.428, 100.76, 0, 0, 100.76, 128.869, 0, 0, 0, 0, 0, 13.9, 0, 12.5, 0, 5.366, 194, 0, 0, 0, 72, 1, 0.017, 0.017, 114.8, 96.591, 100, 0, 0, 141, 34, 32.46, 100, 4.428, 0, 100.76, 0, 0, 100.76, 128.869, 0, 0, 0, 0, 
4.25, 20.033, 100.3, 71.6, 72.32, , 11.588, 0.985, 665.097, 665.097, 5.391, 279.347, 279.347, 279.347, 42.558, , 34.465, 35.191, 7.388, 13.008, 0, 0, 93.912, 95.357, 93.912, 95.357, 1, 128.008, 128.008, 0.025, 0.137, 90.537, 91.93, 90.537, 91.93, 8.291, 7.388, 13.008, , , 1, 4.351, 0, 0, 12.5, 5.391, 194, 0, 0, 0, 72, 16.806, 16.866, 114.8, 96.443, 100, 0, 0, 34, 32.36, 100, 4.424, 100.16, 0, 0, 100.16, 129.491, 0, 0, 0, 0, 0, 13.9, 0, 12.5, 0, 5.391, 194, 0, 0, 0, 72, 1, 0.017, 0.017, 114.8, 96.443, 100, 0, 0, 141, 34, 32.36, 100, 4.424, 0, 100.16, 0, 0, 100.16, 129.491, 0, 0, 0, 0, 
4.3, 20.034, 100.3, 71.6, 72.32, , 11.525, 0.985, 674.25, 674.25, 5.416, 277.895, 277.895, 277.895, 42.566, , 34.177, 35.407, 7.387, 13.068, 0, 0, 93.834, 95.278, 93.834, 95.278, 1, 128.582, 128.582, 0.025, 0.137, 90.051, 91.436, 90.051, 91.436, 8.322, 7.387, 13.068, , , 1, 4.401, 0, 0, 12.5, 5.416, 194, 0, 0, 0, 72, 16.696, 16.756, 114.8, 96.295, 100, 0, 0, 34, 32.26, 100, 4.42, 99.56, 0, 0, 99.56, 130.113, 0, 0, 0, 0, 0, 13.9, 0, 12.5, 0, 5.416, 194, 0, 0, 0, 72, 1, 0.017, 0.017, 114.8, 96.295, 100, 0, 0, 141, 34, 32.26, 100, 4.42, 0, 99.56, 0, 0, 99.56, 130.113, 0, 0, 0, 0, 
4.35, 20.035, 100.3, 71.6, 72.32, , 11.478, 0.985, 683.591, 683.591, 5.442, 276.789, 276.789, 276.789, 42.576, , 34.194, 35.555, 7.386, 13.126, 0, 0, 93.879, 95.324, 93.879, 95.324, 1, 129.151, 129.151, 0.025, 0.137, 89.671, 91.052, 89.671, 91.052, 8.353, 7.386, 13.126, , , 1, 4.45, 0, 0, 12.5, 5.442, 194, 0, 0, 0, 72, 16.586, 16.646, 114.8, 96.147, 100, 0, 0, 34, 32.16, 100, 4.416, 98.96, 0, 0, 98.96, 130.735, 0, 0, 0, 0, 0, 13.9, 0, 12.5, 0, 5.442, 194, 0, 0, 0, 72, 1, 0.016, 0.016, 114.8, 96.147, 100, 0, 0, 141, 34, 32.16, 100, 4.416, 0, 98.96, 0, 0, 98.96, 130.735, 0, 0, 0, 0, 
4.4, 20.036, 100.3, 71.6, 72.32, , 11.43, 0.985, 693.115, 693.115, 5.467, 275.688, 275.688, 275.688, 42.587, , 34.23, 35.699, 7.385, 13.169, 0, 0, 93.916, 95.362, 93.916, 95.362, 1, 129.715, 129.715, 0.025, 0.137, 89.29, 90.665, 89.29, 90.665, 8.384, 7.385, 13.169, , , 1, 4.5, 0, 0, 12.5, 5.467, 194, 0, 0, 0, 72, 16.476, 16.536, 114.8, 95.999, 100, 0, 0, 34, 32.06, 100, 4.412, 98.36, 0, 0, 98.36, 131.357, 0, 0, 0, 0, 0, 13.9, 0, 12.5, 0, 5.467, 194, 0, 0, 0, 72, 1, 0.016, 0.016, 114.8, 95.999, 100, 0, 0, 141, 34, 32.06, 100, 4.412, 0, 98.36, 0, 0, 98.36, 131.357, 0, 0, 0, 0, 
4.45, 20.036, 100.3, 71.6, 72.32, , 11.357, 0.985, 702.456, 702.456, 5.492, 273.983, 273.983, 273.983, 42.601, , 34.266, 35.843, 7.383, 13.205, 0, 0, 93.739, 95.183, 93.739, 95.183, 1, 130.286, 130.286, 0.025, 0.137, 88.708, 90.074, 88.708, 90.074, 8.415, 7.383, 13.205, , , 1, 4.55, 0, 0, 12.5, 5.492, 194, 0, 0, 0, 72, 16.418, 16.488, 114.656, 95.88, 100, 0, 0, 34.04, 32.04, 100, 4.412, 98.04, 0, 0, 98.08, 131.979, 0, 0, 0, 0, 0, 13.908, 0, 12.5, 0, 5.492, 194, 0, 0, 0, 72, 1, 0.016, 0.016, 114.656, 95.88, 100, 0, 0, 141, 34.04, 32.04, 100, 4.412, 0, 98.04, 0, 0, 98.08, 131.979, 0, 0, 0, 0, 
4.5, 20.037, 100.3, 71.6, 72.32, , 11.317, 0.985, 711.984, 711.984, 5.519, 273.053, 273.053, 273.053, 42.603, , 34.302, 35.987, 7.381, 13.221, 0, 0, 93.826, 95.271, 93.826, 95.271, 1, 130.844, 130.844, 0.025, 0.137, 88.403, 89.764, 88.403, 89.764, 8.437, 7.381, 13.221, , , 1, 4.601, 0, 0, 12.5, 5.519, 194, 0, 0, 0, 72, 16.438, 16.534, 114.296, 95.806, 100, 0, 0, 34.14, 32.14, 100, 4.416, 98.14, 0, 0, 98.28, 132.601, 0, 0, 0, 0, 0, 13.928, 0, 12.5, 0, 5.519, 194, 0, 0, 0, 72, 1, 0.016, 0.016, 114.296, 95.806, 100, 0, 0, 141, 34.14, 32.14, 100, 4.416, 0, 98.14, 0, 0, 98.28, 132.601, 0, 0, 0, 0, 
4.55, 20.038, 100.3, 71.6, 72.32, , 11.265, 0.985, 721.511, 721.511, 5.545, 271.833, 271.833, 271.833, 42.579, , 34.338, 36.131, 7.38, 13.226, 0, 0, 93.805, 95.249, 93.805, 95.249, 1, 131.404, 131.404, 0.025, 0.137, 88.057, 89.414, 88.057, 89.414, 8.459, 7.38, 13.226, , , 1, 4.651, 0, 0, 12.5, 5.545, 194, 0, 0, 0, 72, 16.458, 16.58, 113.936, 95.732, 100, 0, 0, 34.24, 32.24, 100, 4.42, 98.24, 0, 0, 98.48, 133.223, 0, 0, 0, 0, 0, 13.948, 0, 12.5, 0, 5.545, 194, 0, 0, 0, 72, 1, 0.016, 0.016, 113.936, 95.732, 100, 0, 0, 141, 34.24, 32.24, 100, 4.42, 0, 98.24, 0, 0, 98.48, 133.223, 0, 0, 0, 0, 
4.6, 20.039, 100.3, 71.6, 72.32, , 11.214, 0.985, 731.045, 731.045, 5.571, 270.652, 270.652, 270.652, 42.53, , 34.239, 35.939, 7.38, 13.211, 0, 0, 93.793, 95.235, 93.793, 95.235, 1, 131.959, 131.959, 0.025, 0.137, 87.776, 89.127, 87.776, 89.127, 8.481, 7.38, 13.211, , , 1, 4.7, 0, 0, 12.5, 5.571, 194, 0, 0, 0, 72, 16.478, 16.626, 113.576, 95.658, 100, 0, 0, 34.34, 32.34, 100, 4.424, 98.34, 0, 0, 98.68, 133.845, 0, 0, 0, 0, 0, 13.968, 0, 12.5, 0, 5.571, 194, 0, 0, 0, 72, 1, 0.017, 0.017, 113.576, 95.658, 100, 0, 0, 141, 34.34, 32.34, 100, 4.424, 0, 98.34, 0, 0, 98.68, 133.845, 0, 0, 0, 0, 
4.65, 20.039, 100.3, 71.6, 72.32, , 11.129, 0.985, 742.915, 742.915, 5.597, 268.679, 268.679, 268.679, 42.44, , 34.132, 35.724, 7.38, 13.185, 0, 0, 93.59, 95.029, 93.59, 95.029, 1, 132.593, 132.593, 0.025, 0.137, 87.339, 88.683, 87.339, 88.683, 8.503, 7.38, 13.185, , , 1, 4.75, 0, 0, 12.5, 5.597, 194, 0, 0, 0, 72, 16.498, 16.672, 113.216, 95.584, 100, 0, 0, 34.44, 32.44, 100, 4.428, 98.44, 0, 0, 98.88, 134.467, 0, 0, 0, 0, 0, 13.988, 0, 12.5, 0, 5.597, 194, 0, 0, 0, 72, 1, 0.017, 0.017, 113.216, 95.584, 100, 0, 0, 141, 34.44, 32.44, 100, 4.428, 0, 98.44, 0, 0, 98.88, 134.467, 0, 0, 0, 0, 
4.7, 20.04, 100.3, 71.6, 72.32, , 11.072, 0.985, 752.645, 752.645, 5.621, 267.343, 267.343, 267.343, 42.332, , 34.025, 35.51, 7.38, 13.155, 0, 0, 93.513, 94.951, 93.513, 94.951, 1, 133.196, 133.196, 0.025, 0.137, 87.11, 88.451, 87.11, 88.451, 8.53, 7.38, 13.155, , , 1, 4.8, 0, 0, 12.5, 5.621, 194.032, 0, 0, 0, 72, 16.507, 16.698, 112.942, 95.498, 100, 0, 0, 34.524, 32.524, 100, 4.429, 98.54, 0, 0, 99.032, 135.09, 0, 0, 0, 0, 0, 14, 0, 12.5, 0, 5.621, 194.032, 0, 0, 0, 72, 1, 0.017, 0.017, 112.942, 95.498, 100, 0, 0, 141, 34.524, 32.524, 100, 4.429, 0, 98.54, 0, 0, 99.032, 135.09, 0, 0, 0, 0, 
4.75, 20.041, 100.3, 71.6, 72.32, , 11.012, 0.985, 762.375, 762.375, 5.642, 265.947, 265.947, 265.947, 42.225, , 33.918, 35.296, 7.38, 13.121, 0, 0, 93.41, 94.847, 93.41, 94.847, 1, 133.746, 133.746, 0.025, 0.137, 86.877, 88.213, 86.877, 88.213, 8.557, 7.38, 13.121, , , 1, 4.851, 0, 0, 12.5, 5.642, 194.113, 0, 0, 0, 72, 16.499, 16.692, 112.797, 95.394, 100, 0, 0, 34.585, 32.585, 100, 4.428, 98.641, 0, 0, 99.113, 135.715, 0, 0, 0, 0, 0, 14, 0, 12.5, 0, 5.642, 194.113, 0, 0, 0, 72, 1, 0.017, 0.017, 112.797, 95.394, 100, 0, 0, 141, 34.585, 32.585, 100, 4.428, 0, 98.641, 0, 0, 99.113, 135.715, 0, 0, 0, 0, 
4.8, 20.042, 100.3, 71.6, 72.32, , 10.973, 0.985, 772.102, 772.102, 5.662, 265.035, 265.035, 265.035, 42.119, , 33.811, 35.081, 7.38, 13.093, 0, 0, 93.47, 94.908, 93.47, 94.908, 1, 134.291, 134.291, 0.025, 0.136, 86.795, 88.13, 86.795, 88.13, 8.584, 7.38, 13.093, , , 1, 4.9, 0, 0, 12.5, 5.662, 194.193, 0, 0, 0, 72, 16.492, 16.686, 112.652, 95.29, 100, 0, 0, 34.645, 32.645, 100, 4.426, 98.742, 0, 0, 99.193, 136.34, 0, 0, 0, 0, 0, 14, 0, 12.5, 0, 5.662, 194.193, 0, 0, 0, 72, 1, 0.017, 0.017, 112.652, 95.29, 100, 0, 0, 141, 34.645, 32.645, 100, 4.426, 0, 98.742, 0, 0, 99.193, 136.34, 0, 0, 0, 0, 
4.85, 20.042, 100.3, 71.6, 72.32, , 10.936, 0.985, 781.831, 781.831, 5.683, 264.18, 264.18, 264.18, 42.017, , 34.257, 35.191, 7.38, 13.068, 0, 0, 93.545, 94.985, 93.545, 94.985, 1, 134.831, 134.831, 0.025, 0.136, 86.728, 88.062, 86.728, 88.062, 8.612, 7.38, 13.068, , , 1, 4.95, 0, 0, 12.5, 5.683, 194.274, 0, 0, 0, 72, 16.484, 16.679, 112.507, 95.185, 100, 0, 0, 34.705, 32.705, 100, 4.425, 98.842, 0, 0, 99.274, 136.966, 0, 0, 0, 0, 0, 14, 0, 12.5, 0, 5.683, 194.274, 0, 0, 0, 72, 1, 0.017, 0.017, 112.507, 95.185, 100, 0, 0, 141, 34.705, 32.705, 100, 4.425, 0, 98.842, 0, 0, 99.274, 136.966, 0, 0, 0, 0, 
4.9, 20.043, 100.3, 71.6, 72.32, , 10.901, 0.985, 791.561, 791.561, 5.704, 263.394, 263.394, 263.394, 41.915, , 34.765, 35.336, 7.381, 13.052, 0, 0, 93.634, 95.076, 93.634, 95.076, 1, 135.367, 135.367, 0.025, 0.136, 86.677, 88.01, 86.677, 88.01, 8.63, 7.381, 13.052, , , 1, 5, 0, 0, 12.5, 5.704, 194.354, 0, 0, 0, 72, 16.476, 16.673, 112.362, 95.081, 100, 0, 0, 34.766, 32.766, 100, 4.423, 98.943, 0, 0, 99.354, 137.591, 0, 0, 0, 0, 0, 14, 0, 12.5, 0, 5.704, 194.354, 0, 0, 0, 72, 1, 0.017, 0.017, 112.362, 95.081, 100, 0, 0, 141, 34.766, 32.766, 100, 4.423, 0, 98.943, 0, 0, 99.354, 137.591, 0, 0, 0, 0, 
4.95, 20.044, 100.3, 71.6, 72.32, , 10.846, 0.985, 801.485, 801.485, 5.724, 262.094, 262.094, 262.094, 41.814, , 35.273, 35.481, 7.382, 13.043, 0, 0, 93.544, 94.985, 93.544, 94.985, 1, 135.909, 135.909, 0.025, 0.135, 86.457, 87.786, 86.457, 87.786, 8.645, 7.382, 13.043, , , 1, 5.05, 0, 0, 12.5, 5.724, 194.435, 0, 0, 0, 72, 16.469, 16.667, 112.217, 94.977, 100, 0, 0, 34.826, 32.826, 100, 4.421, 99.043, 0, 0, 99.435, 138.216, 0, 0, 0, 0, 0, 14, 0, 12.5, 0, 5.724, 194.435, 0, 0, 0, 72, 1, 0.017, 0.017, 112.217, 94.977, 100, 0, 0, 141, 34.826, 32.826, 100, 4.421, 0, 99.043, 0, 0, 99.435, 138.216, 0, 0, 0, 0, 
5, 20.045, 100.3, 71.6, 72.32, , 10.751, 0.985, 811.356, 811.356, 5.745, 259.867, 259.867, 259.867, 41.715, , 35.781, 35.626, 7.382, 13.038, 0, 0, 93.111, 94.545, 93.111, 94.545, 1, 136.445, 136.445, 0.025, 0.135, 85.922, 87.243, 85.922, 87.243, 8.659, 7.382, 13.038, , , 1, 5.1, 0, 0, 12.5, 5.745, 194.515, 0, 0, 0, 72, 16.461, 16.661, 112.072, 94.873, 100, 0, 0, 34.886, 32.886, 100, 4.42, 99.144, 0, 0, 99.515, 138.841, 0, 0, 0, 0, 0, 14, 0, 12.5, 0, 5.745, 194.515, 0, 0, 0, 72, 1, 0.017, 0.017, 112.072, 94.873, 100, 0, 0, 141, 34.886, 32.886, 100, 4.42, 0, 99.144, 0, 0, 99.515, 138.841, 0, 0, 0, 0, 
5.05, 20.045, 100.3, 71.6, 72.32, , 10.696, 0.985, 821.306, 821.306, 5.766, 258.589, 258.589, 258.589, 41.618, , 36.29, 35.771, 7.382, 13.037, 0, 0, 93.017, 94.45, 93.017, 94.45, 1, 136.977, 136.977, 0.025, 0.135, 85.7, 87.018, 85.7, 87.018, 8.674, 7.382, 13.037, , , 1, 5.151, 0, 0, 12.5, 5.766, 194.596, 0, 0, 0, 72, 16.453, 16.655, 111.928, 94.768, 100, 0, 0, 34.947, 32.947, 100, 4.418, 99.245, 0, 0, 99.596, 139.466, 0, 0, 0, 0, 0, 14, 0, 12.5, 0, 5.766, 194.596, 0, 0, 0, 72, 1, 0.017, 0.017, 111.928, 94.768, 100, 0, 0, 141, 34.947, 32.947, 100, 4.418, 0, 99.245, 0, 0, 99.596, 139.466, 0, 0, 0, 0, 
5.1, 20.046, 100.3, 71.6, 72.32, , 10.605, 0.985, 831.256, 831.256, 5.786, 256.457, 256.457, 256.457, 41.55, , 36.117, 35.577, 7.383, 13.032, 0, 0, 92.607, 94.034, 92.607, 94.034, 1, 137.502, 137.502, 0.025, 0.134, 85.134, 86.444, 85.134, 86.444, 8.671, 7.383, 13.032, , , 1, 5.201, 0, 0, 12.5, 5.786, 194.676, 0, 0, 0, 72, 16.446, 16.649, 111.783, 94.664, 100, 0, 0, 35.007, 33.007, 100, 4.416, 99.345, 0, 0, 99.676, 140.092, 0, 0, 0, 0, 0, 14, 0, 12.5, 0, 5.786, 194.676, 0, 0, 0, 72, 1, 0.017, 0.017, 111.783, 94.664, 100, 0, 0, 141, 35.007, 33.007, 100, 4.416, 0, 99.345, 0, 0, 99.676, 140.092, 0, 0, 0, 0, 
5.15, 20.047, 100.3, 71.6, 72.32, , 10.545, 0.985, 841.206, 841.206, 5.807, 255.07, 255.07, 255.07, 41.553, , 35.901, 35.361, 7.384, 13.023, 0, 0, 92.458, 93.882, 92.458, 93.882, 1, 138.029, 138.029, 0.025, 0.134, 84.668, 85.971, 84.668, 85.971, 8.659, 7.384, 13.023, , , 1, 5.25, 0, 0, 12.5, 5.807, 194.757, 0, 0, 0, 72, 16.438, 16.643, 111.638, 94.56, 100, 0, 0, 35.068, 33.068, 100, 4.415, 99.446, 0, 0, 99.757, 140.717, 0, 0, 0, 0, 0, 14, 0, 12.5, 0, 5.807, 194.757, 0, 0, 0, 72, 1, 0.017, 0.017, 111.638, 94.56, 100, 0, 0, 141, 35.068, 33.068, 100, 4.415, 0, 99.446, 0, 0, 99.757, 140.717, 0, 0, 0, 0, 
5.2, 20.048, 100.3, 71.6, 72.32, , 10.508, 0.985, 851.356, 851.356, 5.827, 254.211, 254.211, 254.211, 41.627, , 35.685, 35.145, 7.384, 13.01, 0, 0, 92.499, 93.924, 92.499, 93.924, 1, 138.547, 138.547, 0.025, 0.134, 84.232, 85.529, 84.232, 85.529, 8.647, 7.384, 13.01, , , 1, 5.301, 0, 0, 12.5, 5.827, 194.837, 0, 0, 0, 72, 16.43, 16.637, 111.493, 94.456, 100, 0, 0, 35.128, 33.128, 100, 4.413, 99.547, 0, 0, 99.837, 141.342, 0, 0, 0, 0, 0, 14, 0, 12.5, 0, 5.827, 194.837, 0, 0, 0, 72, 1, 0.017, 0.017, 111.493, 94.456, 100, 0, 0, 141, 35.128, 33.128, 100, 4.413, 0, 99.547, 0, 0, 99.837, 141.342, 0, 0, 0, 0, 
5.25, 20.049, 100.3, 71.6, 72.32, , 10.482, 0.985, 861.306, 861.306, 5.848, 253.613, 253.613, 253.613, 41.774, , 35.469, 34.929, 7.384, 12.991, 0, 0, 92.623, 94.049, 92.623, 94.049, 1, 139.07, 139.07, 0.024, 0.133, 83.749, 85.038, 83.749, 85.038, 8.635, 7.384, 12.991, , , 1, 5.35, 0, 0, 12.5, 5.848, 194.918, 0, 0, 0, 72, 16.423, 16.631, 111.348, 94.351, 100, 0, 0, 35.188, 33.188, 100, 4.412, 99.647, 0, 0, 99.918, 141.967, 0, 0, 0, 0, 0, 14, 0, 12.5, 0, 5.848, 194.918, 0, 0, 0, 72, 1, 0.017, 0.017, 111.348, 94.351, 100, 0, 0, 141, 35.188, 33.188, 100, 4.412, 0, 99.647, 0, 0, 99.918, 141.967, 0, 0, 0, 0, 
5.3, 20.049, 100.3, 71.6, 72.32, , 10.429, 0.985, 871.459, 871.459, 5.869, 252.377, 252.377, 252.377, 41.994, , 35.253, 34.713, 7.385, 12.97, 0, 0, 92.519, 93.942, 92.519, 93.942, 1, 139.59, 139.59, 0.024, 0.133, 82.906, 84.182, 82.906, 84.182, 8.648, 7.385, 12.97, , , 1, 5.4, 0, 0, 12.5, 5.869, 194.998, 0, 0, 0, 72, 16.415, 16.625, 111.203, 94.247, 100, 0, 0, 35.249, 33.249, 100, 4.41, 99.748, 0, 0, 99.998, 142.592, 0, 0, 0, 0, 0, 14, 0, 12.5, 0, 5.869, 194.998, 0, 0, 0, 72, 1, 0.017, 0.017, 111.203, 94.247, 100, 0, 0, 141, 35.249, 33.249, 100, 4.41, 0, 99.748, 0, 0, 99.998, 142.592, 0, 0, 0, 0, 
5.35, , 100.3, 71.6, , , 10.402, 0.985, 881.611, 881.611, 5.909, 251.762, 251.762, 251.762, 42.237, , 35.206, 34.666, 7.387, 12.948, 0, 0, 92.631, 94.058, 92.631, 94.058, 1, 140.106, 140.106, 0.024, 0.134, 82.231, 83.496, 82.231, 83.496, 8.672, 7.387, 12.948, , , 1, 5.45, 0, 0, 12.5, 5.909, 195, 0, 0, 0, 72, 16.308, 16.55, 110.646, 94.018, 100, 0, 0, 35.455, 33.455, 100, 4.41, 99.391, 0, 0, 99.744, 143.114, 0, 0, 0, 0, 0, 13.99, 0, 12.5, 0, 5.909, 195, 0, 0, 0, 72, 1, 0.016, 0.017, 110.646, 94.018, 100, 0, 0, 141, 35.455, 33.455, 100, 4.41, 0, 99.391, 0, 0, 99.744, 143.114, 0, 0, 0, 0, 
5.4, , 100.3, 71.6, , , 10.345, 0.985, 891.964, 891.964, 5.95, 250.442, 250.442, 250.442, 42.429, , 35.17, 34.63, 7.389, 12.93, 0, 0, 92.486, 93.91, 92.486, 93.91, 1, 140.618, 140.618, 0.025, 0.134, 81.419, 82.672, 81.419, 82.672, 8.697, 7.389, 12.93, , , 1, 5.5, 0, 0, 12.5, 5.95, 195, 0, 0, 0, 72, 16.2, 16.474, 110.082, 93.787, 100, 0, 0, 35.664, 33.664, 100, 4.41, 99.025, 0, 0, 99.482, 143.634, 0, 0, 0, 0, 0, 13.979, 0, 12.5, 0, 5.95, 195, 0, 0, 0, 72, 1, 0.016, 0.017, 110.082, 93.787, 100, 0, 0, 141, 35.664, 33.664, 100, 4.41, 0, 99.025, 0, 0, 99.482, 143.634, 0, 0, 0, 0, 
5.45, , 100.3, 71.6, , , 10.265, 0.985, 902.118, 902.118, 5.991, 248.568, 248.568, 248.568, 42.569, , 35.134, 34.594, 7.39, 12.918, 0, 0, 92.125, 93.543, 92.125, 93.543, 1, 141.131, 141.131, 0.025, 0.134, 80.545, 81.784, 80.545, 81.784, 8.722, 7.39, 12.918, , , 1, 5.551, 0, 0, 12.5, 5.991, 195, 0, 0, 0, 72, 16.091, 16.397, 109.517, 93.556, 100, 0, 0, 35.873, 33.873, 100, 4.41, 98.659, 0, 0, 99.221, 144.154, 0, 0, 0, 0, 0, 13.969, 0, 12.5, 0, 5.991, 195, 0, 0, 0, 72, 1, 0.016, 0.017, 109.517, 93.556, 100, 0, 0, 141, 35.873, 33.873, 100, 4.41, 0, 98.659, 0, 0, 99.221, 144.154, 0, 0, 0, 0, 
5.5, , 100.3, 71.6, , , 10.192, 0.985, 912.345, 912.345, 6.031, 246.852, 246.852, 246.852, 42.654, , 35.098, 34.558, 7.39, 12.918, 0, 0, 91.815, 93.228, 91.815, 93.228, 1, 141.635, 141.635, 0.025, 0.135, 79.829, 81.056, 79.829, 81.056, 8.759, 7.39, 12.918, , , 1, 5.601, 0, 0, 12.5, 6.031, 195, 0, 0, 0, 72, 15.982, 16.321, 108.952, 93.325, 100, 0, 0, 36.083, 34.083, 100, 4.41, 98.293, 0, 0, 98.959, 144.674, 0, 0, 0, 0, 0, 13.958, 0, 12.5, 0, 6.031, 195, 0, 0, 0, 72, 1, 0.016, 0.017, 108.952, 93.325, 100, 0, 0, 141, 36.083, 34.083, 100, 4.41, 0, 98.293, 0, 0, 98.959, 144.674, 0, 0, 0, 0, 
5.55, , 100.3, 71.6, , , 10.113, 0.985, 922.745, 922.745, 6.066, 244.997, 244.997, 244.997, 42.685, , 35.062, 34.522, 7.39, 12.932, 0, 0, 91.452, 92.859, 91.452, 92.859, 1, 142.14, 142.14, 0.025, 0.135, 79.172, 80.391, 79.172, 80.391, 8.802, 7.39, 12.932, , , 1, 5.65, 0, 0, 12.5, 6.066, 195, 0, 0, 0, 72, 15.54, 16.242, 108.461, 93.084, 100, 0, 0, 36.272, 34.272, 100, 4.41, 97.913, 0, 0, 98.674, 145.13, 0, 0, 0, 0, 0, 13.948, 0, 12.5, 0, 6.066, 195, 0, 0, 0, 72, 1, 0.015, 0.016, 108.461, 93.084, 100, 0, 0, 141, 36.272, 34.272, 100, 4.41, 0, 97.913, 0, 0, 98.674, 145.13, 0, 0, 0, 0, 
5.6, , 100.3, 71.6, , , 9.324, 0.985, 932.979, 932.979, 6.076, 226.311, 226.311, 226.311, 42.664, , 35.125, 34.91, 7.39, 12.954, 0, 0, 84.721, 86.023, 84.721, 86.023, 1, 142.628, 142.628, 0.025, 0.135, 73.151, 74.277, 73.151, 74.277, 8.845, 7.39, 12.954, , , 1, 5.7, 0, 0, 12.5, 6.076, 195, 0, 0, 0, 72, 13.766, 16.152, 108.265, 92.803, 100, 0, 0, 36.38, 34.38, 100, 4.413, 97.478, 0, 0, 98.293, 145.333, 0, 0, 0, 0, 0, 13.937, 0, 12.5, 0, 6.076, 195, 0, 0, 0, 72, 1, 0.013, 0.016, 108.265, 92.803, 100, 0, 0, 141, 36.38, 34.38, 100, 4.413, 0, 97.478, 0, 0, 98.293, 145.333, 0, 0, 0, 0, 
5.65, , 100.3, 71.6, , , 7.73, 0.985, 943.538, 943.538, 6.086, 188.526, 188.526, 188.526, 42.63, , 35.194, 35.326, 7.389, 12.988, 0, 0, 70.735, 71.823, 70.735, 71.823, 1, 143.05, 143.05, 0.025, 0.135, 60.957, 61.895, 60.957, 61.895, 8.887, 7.389, 12.988, , , 1, 5.751, 0, 0, 12.5, 6.086, 195, 0, 0, 0, 72, 11.992, 16.062, 108.07, 92.523, 100, 0, 0, 36.489, 34.489, 100, 4.415, 97.043, 0, 0, 97.913, 145.535, 0, 0, 0, 0, 0, 13.926, 0, 12.5, 0, 6.086, 195, 0, 0, 0, 72, 1, 0.012, 0.016, 108.07, 92.523, 100, 0, 0, 141, 36.489, 34.489, 100, 4.415, 0, 97.043, 0, 0, 97.913, 145.535, 0, 0, 0, 0, 
5.7, , 100.3, 71.6, , , 6.215, 0.985, 953.895, 953.895, 6.096, 152.593, 152.593, 152.593, 42.583, , 35.264, 35.741, 7.387, 13.15, 0, 0, 57.379, 58.262, 57.379, 58.262, 1, 143.4, 143.4, 0.025, 0.136, 49.368, 50.127, 49.368, 50.127, 8.919, 7.387, 13.15, , , 1, 5.801, 0, 0, 12.5, 6.096, 195, 0, 0, 0, 72, 10.218, 15.971, 107.874, 92.243, 100, 0, 0, 36.598, 34.598, 100, 4.417, 96.609, 0, 0, 97.533, 145.737, 0, 0, 0, 0, 0, 13.915, 0, 12.5, 0, 6.096, 195, 0, 0, 0, 72, 1, 0.01, 0.016, 107.874, 92.243, 100, 0, 0, 141, 36.598, 34.598, 100, 4.417, 0, 96.609, 0, 0, 97.533, 145.737, 0, 0, 0, 0, 
5.75, , 100.3, 71.6, , , 4.711, 0.985, 964.35, 964.35, 6.106, 116.927, 116.927, 116.927, 42.526, , 35.333, 36.157, 7.385, 13.521, 0, 0, 44.063, 44.742, 44.063, 44.742, 1, 143.673, 143.673, 0.025, 0.136, 37.874, 38.456, 37.874, 38.456, 8.937, 7.385, 13.521, , , 1, 5.85, 0, 0, 12.5, 6.106, 195, 0, 0, 0, 72, 8.445, 15.881, 107.678, 91.962, 100, 0, 0, 36.707, 34.707, 100, 4.419, 96.174, 0, 0, 97.152, 145.939, 0, 0, 0, 0, 0, 13.904, 0, 12.5, 0, 6.106, 195, 0, 0, 0, 72, 1, 0.008, 0.016, 107.678, 91.962, 100, 0, 0, 141, 36.707, 34.707, 100, 4.419, 0, 96.174, 0, 0, 97.152, 145.939, 0, 0, 0, 0, 
5.8, , 100.3, 71.6, , , 3.149, 0.985, 974.807, 974.807, 6.109, 79.88, 79.88, 79.88, 42.475, , 35.402, 36.572, 7.384, 14.037, 0, 0, 30.165, 30.631, 30.165, 30.631, 1, 143.866, 143.866, 0.025, 0.135, 26.371, 26.776, 26.371, 26.776, 8.954, 7.384, 14.037, , , 1, 5.901, 0, 0, 12.5, 6.109, 195.125, 0, 0, 0, 72, 6.768, 15.829, 107.6, 91.711, 100, 0, 0, 36.781, 34.781, 100, 4.421, 96, 0, 0, 97, 146.02, 0, 0, 0, 0, 0, 13.9, 0, 12.5, 0, 6.109, 195.125, 0, 0, 0, 72, 1, 0.007, 0.016, 107.6, 91.711, 100, 0, 0, 141, 36.781, 34.781, 100, 4.421, 0, 96, 0, 0, 97, 146.02, 0, 0, 0, 0, 
5.85, , 100.3, 71.6, , , 2.052, 0.985, 985.366, 985.366, 6.108, 53.857, 53.857, 53.857, 42.446, , 35.42, 36.458, 7.383, 14.812, 0, 0, 20.361, 20.675, 20.361, 20.675, 1, 143.993, 143.993, 0.025, 0.135, 20.768, 21.086, 20.768, 21.086, 8.971, 7.383, 14.812, , , 1, 5.951, 0, 0, 12.5, 6.108, 195.333, 0, 0, 0, 72, 5.157, 15.803, 107.6, 91.48, 100, 0, 0, 36.833, 34.833, 100, 4.423, 96, 0, 0, 97, 146.02, 0, 0, 0, 0, 0, 13.9, 0, 12.5, 0, 6.108, 195.333, 0, 0, 0, 72, 1, 0.005, 0.016, 107.6, 91.48, 100, 0, 0, 141, 36.833, 34.833, 100, 4.423, 0, 96, 0, 0, 97, 146.02, 0, 0, 0, 0, 
5.9, , 100.3, 71.6, , , 0.976, 0.985, 995.925, 995.925, 6.107, 28.323, 28.323, 28.323, 42.419, , 35.42, 36.158, 7.382, 15.659, 0, 0, 10.708, 10.874, 10.708, 10.874, 1, 144.076, 144.076, 0.025, 0.135, 21.322, 21.65, 21.322, 21.65, 8.983, 7.382, 15.659, , , 1, 6.001, 0, 0, 12.5, 6.107, 195.542, 0, 0, 0, 72, 3.545, 15.777, 107.6, 91.249, 100, 0, 0, 36.885, 34.885, 100, 4.425, 96, 0, 0, 97, 146.02, 0, 0, 0, 0, 0, 13.9, 0, 12.5, 0, 6.107, 195.542, 0, 0, 0, 72, 1, 0.003, 0.016, 107.6, 91.249, 100, 0, 0, 141, 36.885, 34.885, 100, 4.425, 0, 96, 0, 0, 97, 146.02, 0, 0, 0, 0, 
5.95, , 100.3, 71.6, , , -1.132, 0.985, 1006.38, 1006.38, 6.105, -21.666, -21.666, -21.666, 42.393, , 35.42, 35.858, 7.38, 16.647, 0, 0, -8.18, -8.305, -8.18, -8.305, 1, 144.074, 144.074, 0.025, 0.135, 21.18, 21.506, 21.18, 21.506, 8.983, 7.38, 16.647, , , 1, 6.051, 0, 0, 12.5, 6.105, 195.75, 0, 0, 0, 72, 1.934, 15.751, 107.6, 91.018, 100, 0, 0, 36.938, 34.938, 100, 4.427, 96, 0, 0, 97, 146.02, 0, 0, 0, 0, 0, 13.9, 0, 12.5, 0, 6.105, 195.75, 0, 0, 0, 72, 1, 0.002, 0.016, 107.6, 91.018, 100, 0, 0, 141, 36.938, 34.938, 100, 4.427, 0, 96, 0, 0, 97, 146.02, 0, 0, 0, 0, 
6, , 100.3, 71.6, , , -2.728, 0.985, 1016.994, 1016.994, 6.104, -59.547, -59.547, -59.547, , , 35.42, 35.558, 7.379, 17.5, 0, 0, -22.482, -22.827, -22.482, -22.827, 1, 143.984, 143.984, 0.024, 0.135, 19.302, 19.599, 19.302, 19.599, 8.982, 7.379, 17.5, , , 1, 6.091, 0, 0, 12.5, 6.104, 195.958, 0, 0, 0, 72, 0.322, 15.725, 107.6, 90.786, 100, 0, 0, 36.99, 34.99, 100, 4.43, 96, 0, 0, 97, 146.02, 0, 0, 0, 0, 0, 13.9, 0, 12.5, 0, 6.104, 195.958, 0, 0, 0, 72, 1, 0, 0.016, 107.6, 90.786, 100, 0, 0, 141, 36.99, 34.99, 100, 4.43, 0, 96, 0, 0, 97, 146.02, 0, 0, 0, 0, 
6.05, , 100.3, 71.6, , , -4.135, 0.985, 1022.832, 1022.832, , -92.932, -92.932, -92.932, , , 35.42, 35.258, 7.379, 18.038, 0, 0, -35.102, -35.64, -35.102, -35.64, 1, 143.943, 143.943, 0.024, 0.135, , , , , 8.982, 7.379, 18.038, , , 1, 6.116, , , , , , , , , , , , , , , , , , , , , , , , , , , , , , , , , , , , , , , , , , , , , , , , , , , , , , , , , , , , , , , , 
6.1, , 100.3, 71.6, , , -5.853, 0.985, 1028.138, 1028.138, , -133.69, -133.69, -133.69, , , , , 7.378, 18.526, 0, 0, -50.5, -51.275, -50.5, -51.275, 1, 143.848, 143.848, , , , , , , , 7.378, 18.526, , , 1, 6.141, , , , , , , , , , , , , , , , , , , , , , , , , , , , , , , , , , , , , , , , , , , , , , , , , , , , , , , , , , , , , , , , 
6.15, , 100.3, 71.6, , , -7.174, 0.985, 1033.336, 1033.336, , -165.032, -165.032, -165.032, , , , , 7.378, 18.883, , , -62.301, -63.257, -62.301, -63.257, , 143.684, 143.684, , , , , , , , 7.378, 18.883, , , 1, 6.166, , , , , , , , , , , , , , , , , , , , , , , , , , , , , , , , , , , , , , , , , , , , , , , , , , , , , , , , , , , , , , , , 
6.2, , 100.3, 71.6, , , -6.091, 0.985, 1038.645, 1038.645, , -139.347, -139.347, -139.347, , , , , , , , , -52.535, -53.343, -52.535, -53.343, , 143.508, 143.508, , , , , , , , , , , , , , , , , , , , , , , , , , , , , , , , , , , , , , , , , , , , , , , , , , , , , , , , , , , , , , , , , , , , , , , , , , , , , 
