Time, (DWRT ATMO) Humidity, (DWRT ATMO) Pressure, (DWRT ATMO) Temperature 1, (DWRT ATMO) Temperature 2, (DWRT CPU) ????????????????????????????????????????????????????????????????, (DWRT CPU) Acceleration, (DWRT CPU) Correction Factor, (DWRT CPU) Distance, (DWRT CPU) Distance 1, (DWRT CPU) Engine RPM, (DWRT CPU) Force, (DWRT CPU) Force 1, (DWRT CPU) Force Drum 1, (DWRT CPU) Gear Ratio, (DWRT CPU) Inductive 1 Signal Strength, (DWRT CPU) Internal Temp 1, (DWRT CPU) Internal Temp 2, (DWRT CPU) LC1 Volts Petrol AFR, (DWRT CPU) LC2 Volts Petrol AFR2, (DWRT CPU) Link 0 Status, (DWRT CPU) Link 1 Status, (DWRT CPU) Power, (DWRT CPU) Power (uncorrected), (DWRT CPU) Power Drum 1, (DWRT CPU) Power Drum 1 (uncorrected), (DWRT CPU) Sampling, (DWRT CPU) Speed, (DWRT CPU) Speed 1, (DWRT CPU) TCP RX kB/s, (DWRT CPU) TCP TX kB/s, (DWRT CPU) Torque, (DWRT CPU) Torque (uncorrected), (DWRT CPU) Torque Drum 1, (DWRT CPU) Torque Drum 1 (uncorrected), (DWRT CPU) UDP RX kB/s, (DWRT CPU) User Analog 1, (DWRT CPU) User Analog 2, (DWRT CPU) User Analog 3, (DWRT CPU) User Analog 4, (Gen) Sampling, (Gen) Sampling Duration, (Harley - ECU Type 14 SW Level 141) Accel Enrichment, (Harley - ECU Type 14 SW Level 141) Decel Enleanment, (Harley - ECU Type 14 SW Level 141) Desired Air/Fuel, (Harley - ECU Type 14 SW Level 141) Engine Speed, (Harley - ECU Type 14 SW Level 141) Engine Temperature, (Harley - ECU Type 14 SW Level 141) Front Adaptive Fuel Factor, (Harley - ECU Type 14 SW Level 141) Front Closed Loop Integrator, (Harley - ECU Type 14 SW Level 141) Front Spark Knock Retard, (Harley - ECU Type 14 SW Level 141) Idle Air Control Motor Position, (Harley - ECU Type 14 SW Level 141) Injector Time Front, (Harley - ECU Type 14 SW Level 141) Injector Time Rear, (Harley - ECU Type 14 SW Level 141) Intake Air Temperature, (Harley - ECU Type 14 SW Level 141) Manifold Absolute Pressure, (Harley - ECU Type 14 SW Level 141) Rear Adaptive Fuel Factor, (Harley - ECU Type 14 SW Level 141) Rear Closed Loop Integrator, (Harley - ECU Type 14 SW Level 141) Rear Spark Knock Retard, (Harley - ECU Type 14 SW Level 141) Spark Advance Front, (Harley - ECU Type 14 SW Level 141) Spark Advance Rear, (Harley - ECU Type 14 SW Level 141) Throttle Position, (Harley - ECU Type 14 SW Level 141) Throttle Position Sensor Voltage, (Harley - ECU Type 14 SW Level 141) VE Front, (Harley - ECU Type 14 SW Level 141) VE New Front, (Harley - ECU Type 14 SW Level 141) VE New Rear, (Harley - ECU Type 14 SW Level 141) VE Rear, (Harley - ECU Type 14 SW Level 141) Vehicle Speed, (Harley - ECU Type 14 SW Level 141) WBO2 AFR Front, (Harley - ECU Type 14 SW Level 141) WBO2 AFR Rear, (PV) Accel Enrichment, (PV) AT Lambda 1, (PV) AT Lambda 2, (PV) Battery Voltage, (PV) Decel Enleanment, (PV) Desired Air/Fuel, (PV) Desired Lambda, (PV) Engine Speed, (PV) Engine Temperature, (PV) Front Adaptive Fuel Factor, (PV) Front Closed Loop Integrator, (PV) Front Spark Knock Retard, (PV) Idle Air Control Motor Position, (PV) Idle Set Speed, (PV) Injector Time Front, (PV) Injector Time Rear, (PV) Intake Air Temperature, (PV) Manifold Absolute Pressure, (PV) Rear Adaptive Fuel Factor, (PV) Rear Closed Loop Integrator, (PV) Rear Spark Knock Retard, (PV) Software Level, (PV) Spark Advance Front, (PV) Spark Advance Rear, (PV) Throttle Position, (PV) Throttle Position Sensor, (PV) Twistgrip Position, (PV) VE Front, (PV) VE New Front, (PV) VE New Rear, (PV) VE Rear, (PV) Vehicle Speed, (PV) Warm-up Fuel AFR (Lambda), (PV) Warm-up Fuel AFR (Ratio), (PV) WBO2 AFR Front, (PV) WBO2 AFR Rear, 
0, , , , , , , , , , , , , , , , , , , , , , , , , , , , , , , , , , , , , , , , 1, 0, , , , , , , , , , , , , , , , , , , , , , , , , , , , , , , , , , , , , , , , , , , , , , , , , , , , , , , , , , , , , , , , 
0.05, , , , , , 2.04, , , , , 50.81, 50.81, 50.81, , , , , 7.377, 14.128, , , , , , , , 70.069, 70.069, , , , , , , , 7.377, 14.128, , , 1, 0.05, , , , , , , , , , , , , , , , , , , , , , , , , , , , , , , , , , , , , , , , , , , , , , , , , , , , , , , , , , , , , , , , 
0.1, , , , , , 2.035, , 7.003, 7.003, , 50.691, 50.691, 50.691, , , , , 7.379, 14.153, , , 9.351, 9.494, 9.351, 9.494, , 70.222, 70.222, , , , , , , , 7.379, 14.153, , , 1, 0.075, , , , , , , , , , , , , , , , , , , , , , , , , , , , , , , , , , , , , , , , , , , , , , , , , , , , , , , , , , , , , , , , 
0.15, , , , , , 2.074, , 16.446, 16.446, , 51.623, 51.623, 51.623, , , , , 7.38, 14.178, , , 9.546, 9.692, 9.546, 9.692, , 70.377, 70.377, 0.025, 0.133, 16.701, 16.957, 16.701, 16.957, 5.887, 7.38, 14.178, , , 1, 0.149, , , , , , , , , , , , , , , , , , , , , , , , , , , , , , , , , , , , , , , , , , , , , , , , , , , , , , , , , , , , , , , , 
0.2, , , , , , 2.316, , 24.75, 24.75, 2.993, 57.381, 57.381, 57.381, 42.484, , , , 7.38, 14.22, 0, 0, 10.637, 10.804, 10.637, 10.804, 1, 70.536, 70.536, 0.025, 0.133, 18.633, 18.919, 18.633, 18.919, 5.906, 7.38, 14.22, , , 1, 0.2, 0.174, 0, 14.408, 2.993, 178, 0, 0, 0, 55.992, 5.151, 4.714, 122, 37.694, 100, 0, 0, 42.413, 42.496, 9.579, 0.962, 87.534, 0, 0, 91.451, 71.045, 0, 0, 0.174, 0, 0, 14.017, 0, 14.408, 0, 2.993, 178, 0, 0, 0, 55.992, 1, 0.005, 0.004, 122, 37.694, 100, 0, 0, 141, 42.413, 42.496, 9.579, 0.962, 0, 87.534, 0, 0, 91.451, 71.045, 0, 0, 0, 0, 
0.25, , , , , , 2.77, , 32.534, 32.534, 3.001, 68.156, 68.156, 68.156, 42.485, , , , 7.38, 14.263, 0, 0, 12.671, 12.87, 12.671, 12.87, 1, 70.724, 70.724, 0.025, 0.133, 22.137, 22.479, 22.137, 22.479, 5.926, 7.38, 14.263, , , 1, 0.348, 0.377, 0, 14.418, 3.001, 178, 0, 0, 0, 57.146, 5.629, 5.057, 122, 38.651, 100, 0, 0, 42.894, 43.073, 10.252, 0.988, 88.736, 0, 0, 92.557, 71.284, 0, 0, 0.377, 0, 0, 14.036, 0, 14.418, 0, 3.001, 178, 0, 0, 0, 57.146, 1, 0.006, 0.005, 122, 38.651, 100, 0, 0, 141, 42.894, 43.073, 10.252, 0.988, 0, 88.736, 0, 0, 92.557, 71.284, 0, 0, 0, 0, 
0.3, , , , , , 3.131, , 40.108, 40.108, 3.009, 76.721, 76.721, 76.721, 42.47, , 35.685, 37.006, 7.381, 14.282, 0, 0, 14.294, 14.519, 14.294, 14.519, 1, 70.906, 70.906, 0.025, 0.134, 24.921, 25.307, 24.921, 25.307, 5.945, 7.381, 14.282, , , 1, 0.4, 0.58, 0, 14.427, 3.009, 178, 0, 0, 0, 58.3, 6.107, 5.399, 122, 39.609, 100, 0, 0, 43.375, 43.65, 10.925, 1.014, 89.938, 0, 0, 93.662, 71.522, 0, 0, 0.58, 0, 0, 14.055, 0, 14.427, 0, 3.009, 178, 0, 0, 0, 58.3, 1, 0.006, 0.005, 122, 39.609, 100, 0, 0, 141, 43.375, 43.65, 10.925, 1.014, 0, 89.938, 0, 0, 93.662, 71.522, 0, 0, 0, 0, 
0.35, , , , , , 3.452, , 45.277, 45.277, 3.017, 84.343, 84.343, 84.343, 42.458, , 35.541, 36.682, 7.382, 14.301, 0, 0, 15.75, 15.998, 15.75, 15.998, 1, 71.071, 71.071, 0.025, 0.134, 27.4, 27.827, 27.4, 27.827, 5.954, 7.382, 14.301, , , 1, 0.451, 0.783, 0, 14.437, 3.017, 178, 0, 0, 0, 59.454, 6.585, 5.741, 122, 40.567, 100, 0, 0, 43.856, 44.227, 11.598, 1.04, 91.139, 0, 0, 94.768, 71.76, 0, 0, 0.783, 0, 0, 14.074, 0, 14.437, 0, 3.017, 178, 0, 0, 0, 59.454, 1, 0.007, 0.006, 122, 40.567, 100, 0, 0, 141, 43.856, 44.227, 11.598, 1.04, 0, 91.139, 0, 0, 94.768, 71.76, 0, 0, 0, 0, 
0.4, , , , , , 3.773, , 50.413, 50.413, 3.025, 91.96, 91.96, 91.96, 42.449, , 35.397, 36.358, 7.383, 14.249, 0, 0, 17.215, 17.484, 17.215, 17.484, 1, 71.25, 71.25, 0.025, 0.134, 29.881, 30.345, 29.881, 30.345, 5.954, 7.383, 14.249, , , 1, 0.501, 0.986, 0, 14.447, 3.025, 178, 0, 0, 0, 60.608, 7.063, 6.084, 122, 41.524, 100, 0, 0, 44.337, 44.804, 12.271, 1.066, 92.341, 0, 0, 95.874, 71.999, 0, 0, 0.986, 0, 0, 14.093, 0, 14.447, 0, 3.025, 178, 0, 0, 0, 60.608, 1, 0.007, 0.006, 122, 41.524, 100, 0, 0, 141, 44.337, 44.804, 12.271, 1.066, 0, 92.341, 0, 0, 95.874, 71.999, 0, 0, 0, 0, 
0.45, , , , , , 4.082, , 55.674, 55.674, 3.031, 99.302, 99.302, 99.302, 42.441, , 35.253, 36.034, 7.384, 14.195, 0, 0, 18.64, 18.93, 18.64, 18.93, 1, 71.446, 71.446, 0.025, 0.135, 32.273, 32.775, 32.273, 32.775, 5.954, 7.384, 14.195, , , 1, 0.55, 1.116, 0, 14.457, 3.031, 178, 0, 0, 0, 61.552, 7.431, 6.395, 122, 42.435, 100, 0, 0, 44.569, 45.138, 12.845, 1.088, 93.544, 0, 0, 96.975, 72.165, 0, 0, 1.116, 0, 0, 14.1, 0, 14.457, 0, 3.031, 178, 0, 0, 0, 61.552, 1, 0.008, 0.007, 122, 42.435, 100, 0, 0, 141, 44.569, 45.138, 12.845, 1.088, 0, 93.544, 0, 0, 96.975, 72.165, 0, 0, 0, 0, 
0.5, , 100.3, 71.6, , , 4.32, 0.985, 60.863, 60.863, 3.035, 104.942, 104.942, 104.942, 42.433, , 35.109, 35.71, 7.385, 14.062, 0, 0, 19.755, 20.061, 19.755, 20.061, 1, 71.653, 71.653, 0.025, 0.135, 34.114, 34.643, 34.114, 34.643, 5.954, 7.385, 14.062, , , 1, 0.6, 1.21, 0, 14.467, 3.035, 178, 0, 0, 0, 62.389, 7.742, 6.691, 122, 43.322, 100, 0, 0, 44.673, 45.346, 13.368, 1.108, 94.747, 0, 0, 98.073, 72.294, 0, 0, 1.21, 0, 0, 14.1, 0, 14.467, 0, 3.035, 178, 0, 0, 0, 62.389, 1, 0.008, 0.007, 122, 43.322, 100, 0, 0, 141, 44.674, 45.346, 13.368, 1.108, 0, 94.747, 0, 0, 98.073, 72.294, 0, 0, 0, 0, 
0.55, , 100.3, 71.6, , , 4.515, 0.985, 66.053, 66.053, 3.039, 109.581, 109.581, 109.581, 42.422, , 35.108, 35.695, 7.386, 13.925, 0, 0, 20.689, 21.01, 20.689, 21.01, 1, 71.875, 71.875, 0.025, 0.135, 35.631, 36.182, 35.631, 36.182, 5.953, 7.386, 13.925, , , 1, 0.651, 1.303, 0, 14.478, 3.039, 178, 0, 0, 0, 63.226, 8.053, 6.987, 122, 44.209, 100, 0, 0, 44.777, 45.554, 13.891, 1.128, 95.95, 0, 0, 99.172, 72.424, 0, 0, 1.303, 0, 0, 14.1, 0, 14.478, 0, 3.039, 178, 0, 0, 0, 63.226, 1, 0.008, 0.007, 122, 44.209, 100, 0, 0, 141, 44.778, 45.554, 13.891, 1.128, 0, 95.95, 0, 0, 99.172, 72.424, 0, 0, 0, 0, 
0.6, , 100.3, 71.6, , , 4.693, 0.985, 71.323, 71.323, 3.043, 113.809, 113.809, 113.809, 42.411, , 35.18, 35.839, 7.385, 13.71, 0, 0, 21.555, 21.889, 21.555, 21.889, 1, 72.101, 72.101, 0.025, 0.135, 37.015, 37.588, 37.015, 37.588, 5.952, 7.385, 13.71, , , 1, 0.701, 1.396, 0, 14.488, 3.043, 178, 0, 0, 0, 64.063, 8.365, 7.283, 122, 45.097, 100, 0, 0, 44.881, 45.762, 14.414, 1.147, 97.153, 0, 0, 100.27, 72.553, 0, 0, 1.396, 0, 0, 14.1, 0, 14.488, 0, 3.043, 178, 0, 0, 0, 64.063, 1, 0.009, 0.008, 122, 45.097, 100, 0, 0, 141, 44.883, 45.762, 14.414, 1.147, 0, 97.153, 0, 0, 100.27, 72.553, 0, 0, 0, 0, 
0.65, , 100.3, 71.6, , , 4.824, 0.985, 76.535, 76.535, 3.047, 116.915, 116.915, 116.915, 42.399, , 35.252, 35.983, 7.384, 13.49, 0, 0, 22.214, 22.556, 22.214, 22.556, 1, 72.336, 72.336, 0.025, 0.135, 38.035, 38.623, 38.035, 38.623, 5.951, 7.384, 13.49, , , 1, 0.75, 1.489, 0, 14.499, 3.047, 178, 0, 0, 0, 64.9, 8.676, 7.579, 122, 45.984, 100, 0, 0, 44.985, 45.971, 14.937, 1.167, 98.356, 0, 0, 101.368, 72.682, 0, 0, 1.489, 0, 0, 14.1, 0, 14.499, 0, 3.047, 178, 0, 0, 0, 64.9, 1, 0.009, 0.008, 122, 45.984, 100, 0, 0, 141, 44.987, 45.971, 14.937, 1.167, 0, 98.356, 0, 0, 101.368, 72.682, 0, 0, 0, 0, 
0.7, , 100.3, 71.6, , , 4.947, 0.985, 81.83, 81.83, 3.055, 119.846, 119.846, 119.846, 42.389, , 35.324, 36.127, 7.383, 13.289, 0, 0, 22.849, 23.201, 22.849, 23.201, 1, 72.58, 72.58, 0.025, 0.134, 38.998, 39.601, 38.998, 39.601, 5.95, 7.383, 13.289, , , 1, 0.8, 1.43, 0, 14.5, 3.055, 178, 0, 0, 0, 65.88, 8.9, 7.858, 122, 47.195, 100, 0, 0, 44.827, 45.827, 15.528, 1.198, 99.908, 0, 0, 103.172, 72.914, 0, 0, 1.43, 0, 0, 14.1, 0, 14.5, 0, 3.055, 178, 0, 0, 0, 65.88, 1, 0.009, 0.008, 122, 47.195, 100, 0, 0, 141, 44.824, 45.827, 15.528, 1.198, 0, 99.908, 0, 0, 103.172, 72.914, 0, 0, 0, 0, 
0.75, , 100.3, 71.6, , , 5.105, 0.985, 87.138, 87.138, 3.065, 123.595, 123.595, 123.595, 42.378, 77.918, 35.396, 36.271, 7.382, 13.089, 0, 0, 23.647, 24.012, 23.647, 24.012, 1, 72.831, 72.831, 0.025, 0.134, 40.227, 40.85, 40.227, 40.85, 5.95, 7.382, 13.089, , , 1, 0.85, 1.35, 0, 14.5, 3.065, 178, 0, 0, 0, 66.88, 9.108, 8.135, 122, 48.451, 100, 0, 0, 44.627, 45.627, 16.128, 1.23, 101.508, 0, 0, 105.072, 73.163, 0, 0, 1.35, 0, 0, 14.1, 0, 14.5, 0, 3.065, 178, 0, 0, 0, 66.88, 1, 0.009, 0.008, 122, 48.451, 100, 0, 0, 141, 44.624, 45.627, 16.128, 1.23, 0, 101.508, 0, 0, 105.072, 73.163, 0, 0, 0, 0, 
0.8, , 100.3, 71.6, , , 5.268, 0.985, 92.445, 92.445, 3.075, 127.47, 127.47, 127.47, 42.367, 77.426, 35.444, 36.32, 7.381, 12.923, 0, 0, 24.475, 24.852, 24.475, 24.852, 1, 73.088, 73.088, 0.025, 0.134, 41.498, 42.143, 41.498, 42.143, 5.954, 7.381, 12.923, , , 1, 0.9, 1.27, 0, 14.5, 3.075, 178, 0, 0, 0, 67.88, 9.317, 8.413, 122, 49.707, 100, 0, 0, 44.426, 45.426, 16.728, 1.262, 103.108, 0, 0, 106.972, 73.412, 0, 0, 1.27, 0, 0, 14.1, 0, 14.5, 0, 3.075, 178, 0, 0, 0, 67.88, 1, 0.01, 0.009, 122, 49.707, 100, 0, 0, 141, 44.424, 45.426, 16.728, 1.262, 0, 103.108, 0, 0, 106.972, 73.412, 0, 0, 0, 0, 
0.85, , 100.3, 71.6, , , 5.427, 0.985, 97.75, 97.75, 3.084, 131.242, 131.242, 131.242, 42.354, 76.934, 35.48, 36.32, 7.379, 12.761, 0, 0, 25.291, 25.681, 25.291, 25.681, 1, 73.352, 73.352, 0.025, 0.134, 42.74, 43.403, 42.74, 43.403, 5.958, 7.379, 12.761, , , 1, 0.95, 1.19, 0, 14.5, 3.084, 178, 0, 0, 0, 68.88, 9.526, 8.69, 122, 50.963, 100, 0, 0, 44.225, 45.225, 17.328, 1.294, 104.708, 0, 0, 108.872, 73.661, 0, 0, 1.19, 0, 0, 14.1, 0, 14.5, 0, 3.084, 178, 0, 0, 0, 68.88, 1, 0.01, 0.009, 122, 50.963, 100, 0, 0, 141, 44.224, 45.225, 17.328, 1.294, 0, 104.708, 0, 0, 108.872, 73.661, 0, 0, 0, 0, 
0.9, 19.72, 100.3, 71.6, 72.3, , 5.618, 0.985, 103.057, 103.057, 3.094, 135.801, 135.801, 135.801, 42.339, 76.442, 35.516, 36.32, 7.379, 12.639, 0, 0, 26.267, 26.672, 26.267, 26.672, 1, 73.625, 73.625, 0.025, 0.134, 44.241, 44.926, 44.241, 44.926, 5.961, 7.379, 12.639, , , 1, 1.001, 1.11, 0, 14.5, 3.094, 178, 0, 0, 0, 69.88, 9.735, 8.967, 122, 52.219, 100, 0, 0, 44.024, 45.024, 17.928, 1.326, 106.308, 0, 0, 110.772, 73.91, 0, 0, 1.11, 0, 0, 14.1, 0, 14.5, 0, 3.094, 178, 0, 0, 0, 69.88, 1, 0.01, 0.009, 122, 52.219, 100, 0, 0, 141, 44.024, 45.024, 17.928, 1.326, 0, 106.308, 0, 0, 110.772, 73.91, 0, 0, 0, 0, 
0.95, 19.719, 100.3, 71.6, 72.3, , 5.794, 0.985, 108.441, 108.441, 3.105, 139.979, 139.979, 139.979, 42.323, 75.951, 35.552, 36.32, 7.378, 12.523, 0, 0, 27.177, 27.597, 27.177, 27.597, 1, 73.911, 73.911, 0.025, 0.134, 45.618, 46.323, 45.618, 46.323, 5.963, 7.378, 12.523, , , 1, 1.051, 0.938, 0, 14.5, 3.105, 178, 0, 0, 0, 70.352, 9.674, 9.222, 122, 52.889, 100, 0, 0, 43.912, 44.824, 18.528, 1.353, 106.852, 0, 0, 111.352, 74.269, 0, 0, 0.938, 0, 0, 14.1, 0, 14.5, 0, 3.105, 178, 0, 0, 0, 70.352, 1, 0.01, 0.009, 122, 52.889, 100, 0, 0, 141, 43.912, 44.824, 18.528, 1.353, 0, 106.852, 0, 0, 111.352, 74.269, 0, 0, 0, 0, 
1, 19.718, 100.3, 71.6, 72.3, , 5.957, 0.985, 113.871, 113.871, 3.115, 143.849, 143.849, 143.849, 42.313, 75.459, 35.588, 36.32, 7.378, 12.437, 0, 0, 28.038, 28.472, 28.038, 28.472, 1, 74.201, 74.201, 0.025, 0.134, 46.891, 47.616, 46.891, 47.616, 5.95, 7.378, 12.437, , , 1, 1.1, 0.754, 0, 14.5, 3.115, 178, 0, 0, 0, 70.752, 9.576, 9.474, 122, 53.479, 100, 0, 0, 43.812, 44.624, 19.128, 1.379, 107.252, 0, 0, 111.752, 74.643, 0, 0, 0.754, 0, 0, 14.1, 0, 14.5, 0, 3.115, 178, 0, 0, 0, 70.752, 1, 0.01, 0.009, 122, 53.479, 100, 0, 0, 141, 43.812, 44.624, 19.128, 1.379, 0, 107.252, 0, 0, 111.752, 74.643, 0, 0, 0, 0, 
1.05, 19.718, 100.3, 71.6, 72.3, , 6.157, 0.985, 119.192, 119.192, 3.126, 148.599, 148.599, 148.599, 42.307, 74.967, 35.554, 36.158, 7.377, 12.356, 0, 0, 29.081, 29.531, 29.081, 29.531, 1, 74.503, 74.503, 0.025, 0.134, 48.447, 49.195, 48.447, 49.195, 5.936, 7.377, 12.356, , , 1, 1.15, 0.57, 0, 14.5, 3.126, 178, 0, 0, 0, 71.152, 9.478, 9.726, 122, 54.069, 100, 0, 0, 43.712, 44.424, 19.728, 1.405, 107.652, 0, 0, 112.152, 75.017, 0, 0, 0.57, 0, 0, 14.1, 0, 14.5, 0, 3.126, 178, 0, 0, 0, 71.152, 1, 0.009, 0.01, 122, 54.069, 100, 0, 0, 141, 43.712, 44.424, 19.728, 1.405, 0, 107.652, 0, 0, 112.152, 75.017, 0, 0, 0, 0, 
1.1, 19.717, 100.3, 71.6, 72.3, , 6.351, 0.985, 124.623, 124.623, 3.137, 153.219, 153.219, 153.219, 42.305, 74.475, 35.483, 35.911, 7.377, 12.331, 0, 0, 30.11, 30.576, 30.11, 30.576, 1, 74.813, 74.813, 0.025, 0.134, 49.955, 50.725, 49.955, 50.725, 5.923, 7.377, 12.331, , , 1, 1.201, 0.386, 0, 14.5, 3.137, 178, 0, 0, 0, 71.552, 9.38, 9.978, 122, 54.659, 100, 0, 0, 43.612, 44.224, 20.328, 1.431, 108.052, 0, 0, 112.552, 75.391, 0, 0, 0.386, 0, 0, 14.1, 0, 14.5, 0, 3.137, 178, 0, 0, 0, 71.552, 1, 0.009, 0.01, 122, 54.659, 100, 0, 0, 141, 43.612, 44.224, 20.328, 1.431, 0, 108.052, 0, 0, 112.552, 75.391, 0, 0, 0, 0, 
1.15, 19.716, 100.3, 71.6, 72.3, , 6.533, 0.985, 130.092, 130.092, 3.148, 157.552, 157.552, 157.552, 42.308, 73.984, 35.413, 35.665, 7.377, 12.319, 0, 0, 31.094, 31.576, 31.094, 31.576, 1, 75.13, 75.13, 0.025, 0.134, 51.365, 52.157, 51.365, 52.157, 5.909, 7.377, 12.319, , , 1, 1.251, 0.202, 0, 14.5, 3.148, 178, 0, 0, 0, 71.952, 9.282, 10.23, 122, 55.249, 100, 0, 0, 43.512, 44.024, 20.928, 1.457, 108.452, 0, 0, 112.952, 75.765, 0, 0, 0.202, 0, 0, 14.1, 0, 14.5, 0, 3.148, 178, 0, 0, 0, 71.952, 1, 0.009, 0.01, 122, 55.249, 100, 0, 0, 141, 43.512, 44.024, 20.928, 1.457, 0, 108.452, 0, 0, 112.952, 75.765, 0, 0, 0, 0, 
1.2, 19.715, 100.3, 71.6, 72.3, , 6.724, 0.985, 135.592, 135.592, 3.162, 162.08, 162.08, 162.08, 42.315, 73.492, 35.343, 35.419, 7.377, 12.371, 0, 0, 32.126, 32.624, 32.126, 32.624, 1, 75.457, 75.457, 0.025, 0.134, 52.835, 53.65, 52.835, 53.65, 5.899, 7.377, 12.371, , , 1, 1.3, 0.245, 0, 14.5, 3.162, 178.352, 0, 0, 0, 72, 9.453, 10.357, 122, 56.228, 100, 0, 0, 43.236, 43.648, 21.704, 1.485, 107.708, 0, 0, 111.944, 76.028, 0, 0, 0.245, 0, 0, 14.082, 0, 14.5, 0, 3.162, 178.352, 0, 0, 0, 72, 1, 0.009, 0.01, 122, 56.228, 100, 0, 0, 141, 43.236, 43.648, 21.704, 1.485, 0, 107.708, 0, 0, 111.944, 76.028, 0, 0, 0, 0, 
1.25, 19.715, 100.3, 71.6, 72.3, , 6.886, 0.985, 141.099, 141.099, 3.176, 165.929, 165.929, 165.929, 42.316, 73, 35.272, 35.173, 7.377, 12.44, 0, 0, 33.032, 33.545, 33.032, 33.545, 1, 75.796, 75.796, 0.025, 0.134, 54.088, 54.923, 54.088, 54.923, 5.89, 7.377, 12.44, , , 1, 1.351, 0.319, 0, 14.5, 3.176, 178.752, 0, 0, 0, 72, 9.661, 10.467, 122, 57.26, 100, 0, 0, 42.936, 43.248, 22.504, 1.513, 106.808, 0, 0, 110.744, 76.276, 0, 0, 0.319, 0, 0, 14.062, 0, 14.5, 0, 3.176, 178.752, 0, 0, 0, 72, 1, 0.009, 0.01, 122, 57.26, 100, 0, 0, 141, 42.936, 43.248, 22.504, 1.513, 0, 106.808, 0, 0, 110.744, 76.276, 0, 0, 0, 0, 
1.3, 19.714, 100.3, 71.6, 72.3, , 6.987, 0.985, 146.561, 146.561, 3.191, 168.329, 168.329, 168.329, 42.313, 72.508, 35.24, 35.06, 7.377, 12.539, 0, 0, 33.659, 34.182, 33.659, 34.182, 1, 76.137, 76.137, 0.025, 0.134, 54.873, 55.722, 54.873, 55.722, 5.881, 7.377, 12.539, , , 1, 1.401, 0.393, 0, 14.5, 3.191, 179.152, 0, 0, 0, 72, 9.869, 10.577, 122, 58.292, 100, 0, 0, 42.636, 42.848, 23.304, 1.541, 105.908, 0, 0, 109.544, 76.524, 0, 0, 0.393, 0, 0, 14.042, 0, 14.5, 0, 3.191, 179.152, 0, 0, 0, 72, 1, 0.01, 0.011, 122, 58.292, 100, 0, 0, 141, 42.636, 42.848, 23.304, 1.541, 0, 105.908, 0, 0, 109.544, 76.524, 0, 0, 0, 0, 
1.35, 19.713, 100.3, 71.6, 72.3, , 7.1, 0.985, 152.107, 152.107, 3.206, 171.038, 171.038, 171.038, 42.306, 72.017, 35.24, 35.06, 7.377, 12.647, 0, 0, 34.357, 34.89, 34.357, 34.89, 1, 76.487, 76.487, 0.025, 0.134, 55.765, 56.628, 55.765, 56.628, 5.872, 7.377, 12.647, , , 1, 1.45, 0.467, 0, 14.5, 3.206, 179.552, 0, 0, 0, 72, 10.077, 10.687, 122, 59.324, 100, 0, 0, 42.336, 42.448, 24.104, 1.569, 105.008, 0, 0, 108.344, 76.772, 0, 0, 0.467, 0, 0, 14.022, 0, 14.5, 0, 3.206, 179.552, 0, 0, 0, 72, 1, 0.01, 0.011, 122, 59.324, 100, 0, 0, 141, 42.336, 42.448, 24.104, 1.569, 0, 105.008, 0, 0, 108.344, 76.772, 0, 0, 0, 0, 
1.4, 19.712, 100.3, 71.6, 72.3, , 7.221, 0.985, 157.666, 157.666, 3.22, 173.914, 173.914, 173.914, 42.296, 71.525, 35.24, 35.06, 7.377, 12.743, 0, 0, 35.098, 35.641, 35.098, 35.641, 1, 76.842, 76.842, 0.025, 0.135, 56.719, 57.596, 56.719, 57.596, 5.882, 7.377, 12.743, , , 1, 1.501, 0.541, 0, 14.5, 3.22, 179.952, 0, 0, 0, 72, 10.285, 10.797, 122, 60.356, 100, 0, 0, 42.036, 42.048, 24.904, 1.597, 104.108, 0, 0, 107.144, 77.02, 0, 0, 0.541, 0, 0, 14.002, 0, 14.5, 0, 3.22, 179.952, 0, 0, 0, 72, 1, 0.01, 0.011, 122, 60.356, 100, 0, 0, 141, 42.036, 42.048, 24.904, 1.597, 0, 104.108, 0, 0, 107.144, 77.02, 0, 0, 0, 0, 
1.45, 19.712, 100.3, 71.6, 72.3, , 7.321, 0.985, 163.278, 163.278, 3.242, 176.283, 176.283, 176.283, 42.281, 71.033, 35.24, 35.06, 7.377, 12.836, 0, 0, 35.745, 36.297, 35.745, 36.297, 1, 77.199, 77.199, 0.025, 0.135, 57.509, 58.399, 57.509, 58.399, 5.903, 7.377, 12.836, , , 1, 1.551, 0.499, 0, 14.5, 3.242, 180, 0, 0, 0, 72, 10.457, 10.923, 122, 61.542, 100, 0, 0, 41.662, 41.662, 25.677, 1.627, 104.592, 0, 0, 107.635, 77.629, 0, 0, 0.499, 0, 0, 14, 0, 14.5, 0, 3.242, 180, 0, 0, 0, 72, 1, 0.01, 0.011, 122, 61.542, 100, 0, 0, 141, 41.662, 41.662, 25.677, 1.627, 0, 104.592, 0, 0, 107.635, 77.629, 0, 0, 0, 0, 
1.5, 19.711, 100.3, 71.6, 72.3, , 7.447, 0.985, 168.897, 168.897, 3.265, 179.291, 179.291, 179.291, 42.271, 70.541, 35.24, 35.06, 7.377, 12.892, 0, 0, 36.528, 37.092, 36.528, 37.092, 1, 77.569, 77.569, 0.025, 0.135, 58.504, 59.408, 58.504, 59.408, 5.924, 7.377, 12.892, , , 1, 1.6, 0.442, 0, 14.5, 3.265, 180, 0, 0, 0, 72, 10.625, 11.052, 122, 62.749, 100, 0, 0, 41.277, 41.277, 26.446, 1.658, 105.265, 0, 0, 108.356, 78.286, 0, 0, 0.442, 0, 0, 14, 0, 14.5, 0, 3.265, 180, 0, 0, 0, 72, 1, 0.01, 0.011, 122, 62.749, 100, 0, 0, 141, 41.277, 41.277, 26.446, 1.658, 0, 105.265, 0, 0, 108.356, 78.286, 0, 0, 0, 0, 
1.55, 19.71, 100.3, 71.6, 72.3, , 7.576, 0.985, 174.553, 174.553, 3.287, 182.37, 182.37, 182.37, 42.267, 70.05, 35.124, 35.106, 7.377, 12.935, 0, 0, 37.333, 37.908, 37.333, 37.908, 1, 77.938, 77.938, 0.025, 0.135, 59.513, 60.432, 59.513, 60.432, 5.944, 7.377, 12.935, , , 1, 1.65, 0.384, 0, 14.5, 3.287, 180, 0, 0, 0, 72, 10.792, 11.181, 122, 63.955, 100, 0, 0, 40.892, 40.892, 27.215, 1.689, 105.938, 0, 0, 109.077, 78.944, 0, 0, 0.384, 0, 0, 14, 0, 14.5, 0, 3.287, 180, 0, 0, 0, 72, 1, 0.011, 0.011, 122, 63.955, 100, 0, 0, 141, 40.892, 40.892, 27.215, 1.689, 0, 105.938, 0, 0, 109.077, 78.944, 0, 0, 0, 0, 
1.6, 19.709, 100.3, 71.6, 72.3, , 7.691, 0.985, 180.238, 180.238, 3.31, 185.094, 185.094, 185.094, 42.271, 69.558, 34.944, 35.179, 7.377, 12.949, 0, 0, 38.075, 38.663, 38.075, 38.663, 1, 78.317, 78.317, 0.025, 0.135, 60.396, 61.327, 60.396, 61.327, 5.973, 7.377, 12.949, , , 1, 1.7, 0.326, 0, 14.5, 3.31, 180, 0, 0, 0, 72, 10.959, 11.31, 122, 65.162, 100, 0, 0, 40.508, 40.508, 27.985, 1.719, 106.612, 0, 0, 109.798, 79.602, 0, 0, 0.326, 0, 0, 14, 0, 14.5, 0, 3.31, 180, 0, 0, 0, 72, 1, 0.011, 0.011, 122, 65.162, 100, 0, 0, 141, 40.508, 40.508, 27.985, 1.719, 0, 106.612, 0, 0, 109.798, 79.602, 0, 0, 0, 0, 
1.65, 19.708, 100.3, 71.6, 72.3, , 7.803, 0.985, 185.865, 185.865, 3.333, 187.774, 187.774, 187.774, 42.281, 69.066, 34.763, 35.251, 7.378, 12.953, 0, 0, 38.817, 39.416, 38.817, 39.416, 1, 78.7, 78.7, 0.025, 0.134, 61.253, 62.197, 61.253, 62.197, 6.006, 7.378, 12.953, , , 1, 1.75, 0.268, 0, 14.5, 3.333, 180, 0, 0, 0, 72, 11.126, 11.439, 122, 66.369, 100, 0, 0, 40.123, 40.123, 28.754, 1.75, 107.285, 0, 0, 110.519, 80.26, 0, 0, 0.268, 0, 0, 14, 0, 14.5, 0, 3.333, 180, 0, 0, 0, 72, 1, 0.011, 0.011, 122, 66.369, 100, 0, 0, 141, 40.123, 40.123, 28.754, 1.75, 0, 107.285, 0, 0, 110.519, 80.26, 0, 0, 0, 0, 
1.7, 19.708, 100.3, 71.6, 72.3, , 7.926, 0.985, 191.64, 191.64, 3.346, 190.693, 190.693, 190.693, 42.299, 68.574, 34.582, 35.323, 7.378, 12.944, 0, 0, 39.614, 40.226, 39.614, 40.226, 1, 79.088, 79.088, 0.025, 0.134, 62.181, 63.139, 62.181, 63.139, 6.039, 7.378, 12.944, , , 1, 1.801, 0.232, 0, 14.5, 3.346, 180, 0, 0, 0, 72, 11.211, 11.557, 122, 67.069, 100, 0, 0, 39.929, 39.929, 29.142, 1.766, 107.712, 0, 0, 110.927, 80.602, 0, 0, 0.232, 0, 0, 14, 0, 14.5, 0, 3.346, 180, 0, 0, 0, 72, 1, 0.011, 0.012, 122, 67.069, 100, 0, 0, 141, 39.929, 39.929, 29.142, 1.766, 0, 107.712, 0, 0, 110.927, 80.602, 0, 0, 0, 0, 
1.75, 19.707, 100.3, 71.6, 72.3, , 8.063, 0.985, 199.1, 199.1, 3.355, 193.977, 193.977, 193.977, 42.308, 55.666, 34.401, 35.395, 7.379, 12.929, 0, 0, 40.56, 41.186, 40.56, 41.186, 1, 79.531, 79.531, 0.025, 0.134, 63.238, 64.211, 63.238, 64.211, 6.072, 7.379, 12.929, , , 1, 1.851, 0.204, 0, 14.5, 3.355, 180, 0, 0, 0, 72, 11.257, 11.669, 122, 67.53, 100, 0, 0, 39.825, 39.825, 29.35, 1.774, 108.025, 0, 0, 111.188, 80.796, 0, 0, 0.204, 0, 0, 14, 0, 14.5, 0, 3.355, 180, 0, 0, 0, 72, 1, 0.011, 0.012, 122, 67.53, 100, 0, 0, 141, 39.825, 39.825, 29.35, 1.774, 0, 108.025, 0, 0, 111.188, 80.796, 0, 0, 0, 0, 
1.8, 19.706, 100.3, 71.6, 72.3, , 8.21, 0.985, 205.48, 205.48, 3.365, 197.466, 197.466, 197.466, 42.306, 56.204, 34.435, 35.325, 7.38, 12.915, 0, 0, 41.519, 42.161, 41.519, 42.161, 1, 80.05, 80.05, 0.025, 0.134, 64.377, 65.369, 64.377, 65.369, 6.102, 7.38, 12.915, , , 1, 1.9, 0.177, 0, 14.5, 3.365, 180, 0, 0, 0, 72, 11.303, 11.782, 122, 67.992, 100, 0, 0, 39.721, 39.721, 29.558, 1.782, 108.338, 0, 0, 111.448, 80.989, 0, 0, 0.177, 0, 0, 14, 0, 14.5, 0, 3.365, 180, 0, 0, 0, 72, 1, 0.011, 0.012, 122, 67.992, 100, 0, 0, 141, 39.721, 39.721, 29.558, 1.782, 0, 108.338, 0, 0, 111.448, 80.989, 0, 0, 0, 0, 
1.85, 19.705, 100.3, 71.6, 72.3, , 8.365, 0.985, 211.317, 211.317, 3.374, 201.157, 201.157, 201.157, 42.294, 56.743, 34.579, 35.181, 7.382, 12.902, 0, 0, 42.514, 43.172, 42.514, 43.172, 1, 80.461, 80.461, 0.025, 0.134, 65.6, 66.611, 65.6, 66.611, 6.124, 7.382, 12.902, , , 1, 1.951, 0.15, 0, 14.5, 3.374, 180, 0, 0, 0, 72, 11.349, 11.894, 122, 68.453, 100, 0, 0, 39.617, 39.617, 29.767, 1.791, 108.65, 0, 0, 111.708, 81.183, 0, 0, 0.15, 0, 0, 14, 0, 14.5, 0, 3.374, 180, 0, 0, 0, 72, 1, 0.011, 0.012, 122, 68.453, 100, 0, 0, 141, 39.617, 39.617, 29.767, 1.791, 0, 108.65, 0, 0, 111.708, 81.183, 0, 0, 0, 0, 
1.9, 19.705, 100.3, 71.6, 72.3, , 8.561, 0.985, 217.154, 217.154, 3.383, 205.826, 205.826, 205.826, 42.274, 57.282, 34.723, 35.037, 7.382, 12.89, 0, 0, 43.731, 44.407, 43.731, 44.407, 1, 80.879, 80.879, 0.025, 0.134, 67.159, 68.194, 67.159, 68.194, 6.147, 7.382, 12.89, , , 1, 2.001, 0.123, 0, 14.5, 3.383, 180, 0, 0, 0, 72, 11.394, 12.007, 122, 68.915, 100, 0, 0, 39.512, 39.512, 29.975, 1.799, 108.962, 0, 0, 111.969, 81.377, 0, 0, 0.123, 0, 0, 14, 0, 14.5, 0, 3.383, 180, 0, 0, 0, 72, 1, 0.011, 0.012, 122, 68.915, 100, 0, 0, 141, 39.512, 39.512, 29.975, 1.799, 0, 108.962, 0, 0, 111.969, 81.377, 0, 0, 0, 0, 
1.95, 19.704, 100.3, 71.6, 72.3, , 8.818, 0.985, 222.992, 222.992, 3.407, 211.936, 211.936, 211.936, 42.247, 57.821, 34.867, 34.893, 7.382, 12.88, 0, 0, 45.272, 45.971, 45.272, 45.971, 1, 81.305, 81.305, 0.025, 0.134, 69.196, 70.263, 69.196, 70.263, 6.169, 7.382, 12.88, , , 1, 2.051, 0.239, 0, 14.365, 3.407, 180, 0, 0, 0, 72, 11.934, 12.607, 121.695, 70.095, 100, 0, 0, 38.823, 38.696, 31.015, 1.846, 108.365, 0, 0, 111.492, 82.031, 0, 0, 0.239, 0, 0, 14, 0, 14.365, 0, 3.407, 180, 0, 0, 0, 72, 1, 0.012, 0.013, 121.695, 70.095, 100, 0, 0, 141, 38.823, 38.696, 31.015, 1.846, 0, 108.365, 0, 0, 111.492, 82.031, 0, 0, 0, 0, 
2, 19.703, 100.3, 71.6, 72.3, , 9.12, 0.985, 228.946, 228.946, 3.434, 219.1, 219.1, 219.1, 42.228, 58.359, 35.011, 34.749, 7.382, 12.878, 0, 0, 47.064, 47.79, 47.064, 47.79, 1, 81.747, 81.747, 0.025, 0.133, 71.568, 72.672, 71.568, 72.672, 6.186, 7.382, 12.878, , , 1, 2.101, 0.375, 0, 14.211, 3.434, 180, 0, 0, 0, 72, 12.541, 13.275, 121.349, 71.372, 100, 0, 0, 38.054, 37.783, 32.169, 1.898, 107.644, 0, 0, 110.915, 82.749, 0, 0, 0.375, 0, 0, 14, 0, 14.211, 0, 3.434, 180, 0, 0, 0, 72, 1, 0.012, 0.013, 121.349, 71.372, 100, 0, 0, 141, 38.054, 37.783, 32.169, 1.898, 0, 107.644, 0, 0, 110.915, 82.749, 0, 0, 0, 0, 
2.05, 19.702, 100.3, 71.6, 72.3, , 9.474, 0.985, 234.816, 234.816, 3.46, 227.52, 227.52, 227.52, 42.218, 58.898, 35.06, 34.768, 7.382, 12.881, 0, 0, 49.147, 49.906, 49.147, 49.906, 1, 82.21, 82.21, 0.025, 0.133, 74.333, 75.48, 74.333, 75.48, 6.19, 7.382, 12.881, , , 1, 2.15, 0.51, 0, 14.057, 3.46, 180, 0, 0, 0, 72, 13.147, 13.942, 121.003, 72.65, 100, 0, 0, 37.285, 36.869, 33.323, 1.95, 106.923, 0, 0, 110.338, 83.466, 0, 0, 0.51, 0, 0, 14, 0, 14.057, 0, 3.46, 180, 0, 0, 0, 72, 1, 0.013, 0.014, 121.003, 72.65, 100, 0, 0, 141, 37.285, 36.869, 33.323, 1.95, 0, 106.923, 0, 0, 110.338, 83.466, 0, 0, 0, 0, 
2.1, 19.702, 100.3, 71.6, 72.3, , 9.843, 0.985, 240.803, 240.803, 3.486, 236.297, 236.297, 236.297, 42.216, 59.437, 35.06, 34.87, 7.381, 12.891, 0, 0, 51.339, 52.132, 51.339, 52.132, 1, 82.678, 82.678, 0.025, 0.133, 77.202, 78.394, 77.202, 78.394, 6.194, 7.381, 12.891, , , 1, 2.2, 0.646, 0, 13.903, 3.486, 180, 0, 0, 0, 72, 13.754, 14.609, 120.657, 73.928, 100, 0, 0, 36.515, 35.956, 34.477, 2.001, 106.202, 0, 0, 109.762, 84.183, 0, 0, 0.646, 0, 0, 14, 0, 13.903, 0, 3.486, 180, 0, 0, 0, 72, 1, 0.014, 0.015, 120.657, 73.928, 100, 0, 0, 141, 36.515, 35.956, 34.477, 2.001, 0, 106.202, 0, 0, 109.762, 84.183, 0, 0, 0, 0, 
2.15, 19.701, 100.3, 71.6, 72.3, , 10.202, 0.985, 246.791, 246.791, 3.513, 244.826, 244.826, 244.826, 42.221, 59.976, 35.06, 34.972, 7.38, 12.906, 0, 0, 53.505, 54.332, 53.505, 54.332, 1, 83.175, 83.175, 0.025, 0.133, 79.977, 81.212, 79.977, 81.212, 6.198, 7.38, 12.906, , , 1, 2.25, 0.782, 0, 13.749, 3.513, 180, 0, 0, 0, 72, 14.361, 15.276, 120.311, 75.206, 100, 0, 0, 35.746, 35.042, 35.631, 2.053, 105.481, 0, 0, 109.185, 84.9, 0, 0, 0.782, 0, 0, 14, 0, 13.749, 0, 3.513, 180, 0, 0, 0, 72, 1, 0.014, 0.015, 120.311, 75.206, 100, 0, 0, 141, 35.746, 35.042, 35.631, 2.053, 0, 105.481, 0, 0, 109.185, 84.9, 0, 0, 0, 0, 
2.2, 19.7, 100.3, 71.6, 72.3, , 10.549, 0.985, 252.793, 252.793, 3.529, 253.063, 253.063, 253.063, 42.231, 60.515, 35.06, 35.074, 7.379, 12.918, 0, 0, 55.64, 56.501, 55.64, 56.501, 1, 83.69, 83.69, 0.025, 0.133, 82.648, 83.924, 82.648, 83.924, 6.203, 7.379, 12.918, , , 1, 2.3, 0.891, 0, 13.601, 3.529, 180, 0, 0, 0, 72, 14.88, 15.77, 120.2, 76.347, 100, 0, 0, 35.075, 34.29, 36.567, 2.095, 104.79, 0, 0, 108.575, 85.306, 0, 0, 0.891, 0, 0, 14, 0, 13.601, 0, 3.529, 180, 0, 0, 0, 72, 1, 0.015, 0.016, 120.2, 76.347, 100, 0, 0, 141, 35.075, 34.29, 36.567, 2.095, 0, 104.79, 0, 0, 108.575, 85.306, 0, 0, 0, 0, 
2.25, 19.7, 100.3, 71.6, 72.3, , 10.847, 0.985, 258.884, 258.884, 3.541, 260.146, 260.146, 260.146, 42.234, 61.053, 35.06, 35.177, 7.378, 12.928, 0, 0, 57.558, 58.449, 57.558, 58.449, 1, 84.22, 84.22, 0.025, 0.133, 84.959, 86.269, 84.959, 86.269, 6.225, 7.378, 12.928, , , 1, 2.351, 0.988, 0, 13.455, 3.541, 180, 0, 0, 0, 72, 15.358, 16.183, 120.2, 77.423, 100, 0, 0, 34.45, 33.612, 37.4, 2.133, 104.112, 0, 0, 107.95, 85.564, 0, 0, 0.988, 0, 0, 14, 0, 13.455, 0, 3.541, 180, 0, 0, 0, 72, 1, 0.015, 0.016, 120.2, 77.423, 100, 0, 0, 141, 34.45, 33.612, 37.4, 2.133, 0, 104.112, 0, 0, 107.95, 85.564, 0, 0, 0, 0, 
2.3, 19.7, 100.3, 71.6, 72.3, , 11.095, 0.985, 264.96, 264.96, 3.552, 266.05, 266.05, 266.05, 42.226, 61.592, 35.06, 35.254, 7.378, 12.917, 0, 0, 59.234, 60.15, 59.234, 60.15, 1, 84.755, 84.755, 0.025, 0.133, 86.903, 88.244, 86.903, 88.244, 6.246, 7.378, 12.917, , , 1, 2.401, 1.085, 0, 13.309, 3.552, 180, 0, 0, 0, 72, 15.836, 16.595, 120.2, 78.499, 100, 0, 0, 33.825, 32.935, 38.233, 2.17, 103.435, 0, 0, 107.325, 85.822, 0, 0, 1.085, 0, 0, 14, 0, 13.309, 0, 3.552, 180, 0, 0, 0, 72, 1, 0.016, 0.016, 120.2, 78.499, 100, 0, 0, 141, 33.825, 32.935, 38.233, 2.17, 0, 103.435, 0, 0, 107.325, 85.822, 0, 0, 0, 0, 
2.35, 19.7, 100.3, 71.6, 72.3, , 11.291, 0.985, 271.104, 271.104, 3.564, 270.728, 270.728, 270.728, 42.208, 62.131, 35.06, 35.293, 7.378, 12.89, 0, 0, 60.661, 61.6, 60.661, 61.6, 1, 85.306, 85.306, 0.025, 0.133, 88.469, 89.834, 88.469, 89.834, 6.267, 7.378, 12.89, , , 1, 2.45, 1.181, 0, 13.163, 3.564, 180, 0, 0, 0, 72, 16.315, 17.008, 120.2, 79.575, 100, 0, 0, 33.2, 32.258, 39.067, 2.208, 102.758, 0, 0, 106.7, 86.081, 0, 0, 1.181, 0, 0, 14, 0, 13.163, 0, 3.564, 180, 0, 0, 0, 72, 1, 0.016, 0.017, 120.2, 79.575, 100, 0, 0, 141, 33.2, 32.258, 39.067, 2.208, 0, 102.758, 0, 0, 106.7, 86.081, 0, 0, 0, 0, 
2.4, 19.7, 100.3, 71.6, 72.3, , 11.47, 0.985, 277.295, 277.295, 3.576, 274.983, 274.983, 274.983, 42.181, 62.67, 35.06, 35.331, 7.378, 12.834, 0, 0, 62.02, 62.978, 62.02, 62.978, 1, 85.863, 85.863, 0.025, 0.133, 89.92, 91.306, 89.92, 91.306, 6.289, 7.378, 12.834, , , 1, 2.5, 1.278, 0, 13.017, 3.576, 180, 0, 0, 0, 72, 16.793, 17.42, 120.2, 80.651, 100, 0, 0, 32.575, 31.581, 39.9, 2.245, 102.081, 0, 0, 106.075, 86.339, 0, 0, 1.278, 0, 0, 14, 0, 13.017, 0, 3.576, 180, 0, 0, 0, 72, 1, 0.017, 0.017, 120.2, 80.651, 100, 0, 0, 141, 32.575, 31.581, 39.9, 2.245, 0, 102.081, 0, 0, 106.075, 86.339, 0, 0, 0, 0, 
2.45, 19.7, 100.3, 71.6, 72.3, , 11.615, 0.985, 283.516, 283.516, 3.607, 278.446, 278.446, 278.446, 42.148, 63.208, 35.06, 35.369, 7.379, 12.753, 0, 0, 63.217, 64.193, 63.217, 64.193, 1, 86.438, 86.438, 0.025, 0.133, 91.123, 92.529, 91.123, 92.529, 6.316, 7.379, 12.753, , , 1, 2.551, 1.144, 0, 12.919, 3.607, 180, 0, 0, 0, 72, 16.984, 17.569, 120.053, 82.794, 100, 0, 0, 32.256, 31.174, 42.526, 2.331, 102.122, 0, 0, 106.041, 87.129, 0, 0, 1.144, 0, 0, 14, 0, 12.919, 0, 3.607, 180, 0, 0, 0, 72, 1, 0.017, 0.017, 120.053, 82.794, 100, 0, 0, 141, 32.256, 31.174, 42.526, 2.331, 0, 102.122, 0, 0, 106.041, 87.129, 0, 0, 0, 0, 
2.5, 19.7, 100.3, 71.6, 72.3, , 11.745, 0.985, 289.79, 289.79, 3.642, 281.535, 281.535, 281.535, 42.124, 63.747, 35.06, 35.407, 7.379, 12.659, 0, 0, 64.345, 65.338, 64.345, 65.338, 1, 87.012, 87.012, 0.025, 0.134, 92.186, 93.61, 92.186, 93.61, 6.344, 7.379, 12.659, , , 1, 2.601, 0.978, 0, 12.826, 3.642, 180, 0, 0, 0, 72, 17.137, 17.682, 119.887, 85.083, 100, 0, 0, 31.978, 30.804, 45.396, 2.422, 102.261, 0, 0, 106.087, 87.992, 0, 0, 0.978, 0, 0, 14, 0, 12.826, 0, 3.642, 180, 0, 0, 0, 72, 1, 0.017, 0.017, 119.887, 85.083, 100, 0, 0, 141, 31.978, 30.804, 45.396, 2.422, 0, 102.261, 0, 0, 106.087, 87.992, 0, 0, 0, 0, 
2.55, 19.7, 100.3, 71.6, 72.3, , 11.855, 0.985, 296.101, 296.101, 3.676, 284.162, 284.162, 284.162, 42.115, 64.286, 34.87, 35.42, 7.38, 12.552, 0, 0, 65.378, 66.388, 65.378, 66.388, 1, 87.589, 87.589, 0.025, 0.134, 93.065, 94.501, 93.065, 94.501, 6.372, 7.38, 12.552, , , 1, 2.651, 0.813, 0, 12.733, 3.676, 180, 0, 0, 0, 72, 17.29, 17.795, 119.72, 87.372, 100, 0, 0, 31.7, 30.433, 48.267, 2.514, 102.4, 0, 0, 106.133, 88.855, 0, 0, 0.813, 0, 0, 14, 0, 12.733, 0, 3.676, 180, 0, 0, 0, 72, 1, 0.017, 0.018, 119.72, 87.372, 100, 0, 0, 141, 31.7, 30.433, 48.267, 2.514, 0, 102.4, 0, 0, 106.133, 88.855, 0, 0, 0, 0, 
2.6, 19.7, 100.3, 71.6, 72.3, , 11.952, 0.985, 302.413, 302.413, 3.71, 286.488, 286.488, 286.488, 42.12, 64.846, 34.582, 35.42, 7.38, 12.447, 0, 0, 66.349, 67.374, 66.349, 67.374, 1, 88.184, 88.184, 0.025, 0.134, 93.814, 95.261, 93.814, 95.261, 6.4, 7.38, 12.447, , , 1, 2.7, 0.647, 0, 12.641, 3.71, 180, 0, 0, 0, 72, 17.443, 17.908, 119.553, 89.661, 100, 0, 0, 31.422, 30.063, 51.137, 2.606, 102.539, 0, 0, 106.18, 89.718, 0, 0, 0.647, 0, 0, 14, 0, 12.641, 0, 3.71, 180, 0, 0, 0, 72, 1, 0.017, 0.018, 119.553, 89.661, 100, 0, 0, 141, 31.422, 30.063, 51.137, 2.606, 0, 102.539, 0, 0, 106.18, 89.718, 0, 0, 0, 0, 
2.65, 19.7, 100.3, 71.6, 72.3, , 12.048, 0.985, 308.85, 308.85, 3.745, 288.777, 288.777, 288.777, 42.14, 65.562, 34.294, 35.42, 7.379, 12.342, 0, 0, 67.329, 68.369, 67.329, 68.369, 1, 88.777, 88.777, 0.025, 0.134, 94.515, 95.974, 94.515, 95.974, 6.415, 7.379, 12.342, , , 1, 2.75, 0.481, 0, 12.548, 3.745, 180, 0, 0, 0, 72, 17.596, 18.021, 119.387, 91.95, 100, 0, 0, 31.144, 29.693, 54.007, 2.697, 102.678, 0, 0, 106.226, 90.581, 0, 0, 0.481, 0, 0, 14, 0, 12.548, 0, 3.745, 180, 0, 0, 0, 72, 1, 0.017, 0.018, 119.387, 91.95, 100, 0, 0, 141, 31.144, 29.693, 54.007, 2.697, 0, 102.678, 0, 0, 106.226, 90.581, 0, 0, 0, 0, 
2.7, 19.7, 100.3, 71.6, 72.3, , 12.106, 0.985, 315.224, 315.224, 3.776, 290.184, 290.184, 290.184, 42.176, 66.278, 34.006, 35.42, 7.379, 12.254, 0, 0, 68.103, 69.156, 68.103, 69.156, 1, 89.364, 89.364, 0.025, 0.134, 94.895, 96.359, 94.895, 96.359, 6.426, 7.379, 12.254, , , 1, 2.8, 0.398, 0, 12.5, 3.776, 180, 0, 0, 0, 72, 17.731, 18.114, 119.21, 93.343, 100, 0, 0, 31.025, 29.525, 56.15, 2.767, 102.825, 0, 0, 106.3, 91.31, 0, 0, 0.398, 0, 0, 14, 0, 12.5, 0, 3.776, 180, 0, 0, 0, 72, 1, 0.018, 0.018, 119.21, 93.343, 100, 0, 0, 141, 31.025, 29.525, 56.15, 2.767, 0, 102.825, 0, 0, 106.3, 91.31, 0, 0, 0, 0, 
2.75, 19.7, 100.3, 71.6, 72.3, , 12.16, 0.985, 321.711, 321.711, 3.804, 291.486, 291.486, 291.486, 42.217, 66.994, 33.718, 35.42, 7.378, 12.183, 0, 0, 68.868, 69.934, 68.868, 69.934, 1, 89.963, 89.963, 0.025, 0.134, 95.23, 96.699, 95.23, 96.699, 6.437, 7.378, 12.183, , , 1, 2.851, 0.403, 0, 12.5, 3.804, 180, 0, 0, 0, 72, 17.846, 18.185, 119.023, 93.766, 100, 0, 0, 31.077, 29.577, 57.504, 2.811, 102.981, 0, 0, 106.404, 91.892, 0, 0, 0.403, 0, 0, 14, 0, 12.5, 0, 3.804, 180, 0, 0, 0, 72, 1, 0.018, 0.018, 119.023, 93.766, 100, 0, 0, 141, 31.077, 29.577, 57.504, 2.811, 0, 102.981, 0, 0, 106.404, 91.892, 0, 0, 0, 0, 
2.8, 19.7, 100.3, 71.6, 72.3, , 12.191, 0.985, 328.234, 328.234, 3.833, 292.242, 292.242, 292.242, 42.253, 67.709, 33.857, 35.373, 7.378, 12.127, 0, 0, 69.507, 70.582, 69.507, 70.582, 1, 90.56, 90.56, 0.025, 0.134, 95.396, 96.868, 95.396, 96.868, 6.448, 7.378, 12.127, , , 1, 2.901, 0.408, 0, 12.5, 3.833, 180, 0, 0, 0, 72, 17.962, 18.256, 118.835, 94.189, 100, 0, 0, 31.129, 29.629, 58.858, 2.856, 103.138, 0, 0, 106.508, 92.474, 0, 0, 0.408, 0, 0, 14, 0, 12.5, 0, 3.833, 180, 0, 0, 0, 72, 1, 0.018, 0.018, 118.835, 94.189, 100, 0, 0, 141, 31.129, 29.629, 58.858, 2.856, 0, 103.138, 0, 0, 106.508, 92.474, 0, 0, 0, 0, 
2.85, 19.7, 100.3, 71.6, 72.3, , 12.227, 0.985, 334.812, 334.812, 3.861, 293.117, 293.117, 293.117, 42.286, 68.425, 34.215, 35.301, 7.377, 12.088, 0, 0, 70.176, 71.261, 70.176, 71.261, 1, 91.169, 91.169, 0.025, 0.133, 95.607, 97.083, 95.607, 97.083, 6.454, 7.377, 12.088, , , 1, 2.95, 0.413, 0, 12.5, 3.861, 180, 0, 0, 0, 72, 18.077, 18.327, 118.648, 94.612, 100, 0, 0, 31.181, 29.681, 60.212, 2.901, 103.294, 0, 0, 106.612, 93.056, 0, 0, 0.413, 0, 0, 14, 0, 12.5, 0, 3.861, 180, 0, 0, 0, 72, 1, 0.018, 0.018, 118.648, 94.612, 100, 0, 0, 141, 31.181, 29.681, 60.212, 2.901, 0, 103.294, 0, 0, 106.612, 93.056, 0, 0, 0, 0, 
2.9, 19.7, 100.3, 71.6, 72.3, , 12.241, 0.985, 341.443, 341.443, 3.889, 293.465, 293.465, 293.465, 42.316, 69.141, 34.574, 35.229, 7.377, 12.063, 0, 0, 70.726, 71.819, 70.726, 71.819, 1, 91.769, 91.769, 0.024, 0.133, 95.65, 97.128, 95.65, 97.128, 6.459, 7.377, 12.063, , , 1, 3, 0.418, 0, 12.5, 3.889, 180, 0, 0, 0, 72, 18.193, 18.397, 118.46, 95.035, 100, 0, 0, 31.233, 29.733, 61.567, 2.946, 103.45, 0, 0, 106.717, 93.639, 0, 0, 0.418, 0, 0, 14, 0, 12.5, 0, 3.889, 180, 0, 0, 0, 72, 1, 0.018, 0.018, 118.46, 95.035, 100, 0, 0, 141, 31.233, 29.733, 61.567, 2.946, 0, 103.45, 0, 0, 106.717, 93.639, 0, 0, 0, 0, 
2.95, 19.7, 100.3, 71.6, 72.3, , 12.289, 0.985, 348.114, 348.114, 3.917, 294.625, 294.625, 294.625, 42.342, 69.857, 34.932, 35.158, 7.377, 12.058, 0, 0, 71.477, 72.58, 71.477, 72.58, 1, 92.378, 92.378, 0.024, 0.133, 95.97, 97.452, 95.97, 97.452, 6.464, 7.377, 12.058, , , 1, 3.05, 0.418, 0, 12.5, 3.917, 180, 0, 0, 0, 72, 18.26, 18.478, 118.267, 95.279, 100, 0, 0, 31.287, 29.787, 62.517, 2.978, 103.574, 0, 0, 106.75, 94.285, 0, 0, 0.418, 0, 0, 14, 0, 12.5, 0, 3.917, 180, 0, 0, 0, 72, 1, 0.018, 0.019, 118.267, 95.279, 100, 0, 0, 141, 31.287, 29.787, 62.517, 2.978, 0, 103.574, 0, 0, 106.75, 94.285, 0, 0, 0, 0, 
3, 19.7, 100.3, 71.6, 72.3, , 12.348, 0.985, 357.054, 357.054, 3.944, 296.037, 296.037, 296.037, 42.359, 70.573, 35.291, 35.086, 7.377, 12.056, 0, 0, 72.454, 73.572, 72.454, 73.572, 1, 93.192, 93.192, 0.024, 0.133, 96.386, 97.875, 96.386, 97.875, 6.469, 7.377, 12.056, , , 1, 3.101, 0.415, 0, 12.5, 3.944, 180, 0, 0, 0, 72, 18.303, 18.564, 118.071, 95.44, 100, 0, 0, 31.341, 29.841, 63.278, 3.006, 103.683, 0, 0, 106.75, 94.961, 0, 0, 0.415, 0, 0, 14, 0, 12.5, 0, 3.944, 180, 0, 0, 0, 72, 1, 0.018, 0.019, 118.071, 95.44, 100, 0, 0, 141, 31.341, 29.841, 63.278, 3.006, 0, 103.683, 0, 0, 106.75, 94.961, 0, 0, 0, 0, 
3.05, 19.7, 100.3, 71.6, 72.3, , 12.394, 0.985, 363.847, 363.847, 3.972, 297.156, 297.156, 297.156, 42.366, 71.289, 35.42, 35.153, 7.377, 12.06, 0, 0, 73.205, 74.333, 73.205, 74.333, 1, 93.8, 93.8, 0.024, 0.133, 96.736, 98.232, 96.736, 98.232, 6.491, 7.377, 12.06, , , 1, 3.151, 0.411, 0, 12.5, 3.972, 180, 0, 0, 0, 72, 18.347, 18.65, 117.876, 95.601, 100, 0, 0, 31.396, 29.896, 64.039, 3.033, 103.791, 0, 0, 106.75, 95.637, 0, 0, 0.411, 0, 0, 14, 0, 12.5, 0, 3.972, 180, 0, 0, 0, 72, 1, 0.018, 0.019, 117.876, 95.601, 100, 0, 0, 141, 31.396, 29.896, 64.039, 3.033, 0, 103.791, 0, 0, 106.75, 95.637, 0, 0, 0, 0, 
3.1, 19.7, 100.3, 71.6, 72.3, , 12.429, 0.985, 370.597, 370.597, 3.999, 297.999, 297.999, 297.999, 42.365, 72.005, 35.42, 35.297, 7.377, 12.067, 0, 0, 73.884, 75.023, 73.884, 75.023, 1, 94.412, 94.412, 0.024, 0.133, 97.014, 98.513, 97.014, 98.513, 6.529, 7.377, 12.067, , , 1, 3.201, 0.408, 0, 12.5, 3.999, 180, 0, 0, 0, 72, 18.39, 18.736, 117.68, 95.762, 100, 0, 0, 31.45, 29.95, 64.8, 3.06, 103.9, 0, 0, 106.75, 96.313, 0, 0, 0.408, 0, 0, 14, 0, 12.5, 0, 3.999, 180, 0, 0, 0, 72, 1, 0.018, 0.019, 117.68, 95.762, 100, 0, 0, 141, 31.45, 29.95, 64.8, 3.06, 0, 103.9, 0, 0, 106.75, 96.313, 0, 0, 0, 0, 
3.15, 19.7, 100.3, 71.6, 72.3, , 12.489, 0.985, 377.445, 377.445, 4.026, 299.44, 299.44, 299.44, 42.356, 72.721, 35.42, 35.442, 7.377, 12.079, 0, 0, 74.725, 75.877, 74.725, 75.877, 1, 95.022, 95.022, 0.025, 0.133, 97.503, 99.011, 97.503, 99.011, 6.566, 7.377, 12.079, , , 1, 3.25, 0.402, 0, 12.5, 4.026, 180, 0, 0, 0, 72, 18.426, 18.81, 117.485, 95.928, 100, 0, 0, 31.504, 30.008, 65.583, 3.088, 103.988, 0, 0, 106.729, 96.987, 0, 0, 0.402, 0, 0, 14, 0, 12.5, 0, 4.026, 180, 0, 0, 0, 72, 1, 0.018, 0.019, 117.485, 95.928, 100, 0, 0, 141, 31.504, 30.008, 65.583, 3.088, 0, 103.988, 0, 0, 106.729, 96.987, 0, 0, 0, 0, 
3.2, 19.7, 100.299, 71.6, 72.3, , 12.512, 0.985, 384.312, 384.312, 4.053, 300.019, 300.019, 300.019, 42.352, 73.436, 35.42, 35.586, 7.377, 12.089, 0, 0, 75.353, 76.516, 75.353, 76.516, 1, 95.636, 95.636, 0.025, 0.134, 97.703, 99.214, 97.703, 99.214, 6.604, 7.377, 12.089, , , 1, 3.3, 0.363, 0, 12.5, 4.053, 180, 0, 0, 0, 72, 18.381, 18.752, 117.298, 96.159, 100, 0, 0, 31.556, 30.112, 66.625, 3.127, 103.831, 0, 0, 106.469, 97.634, 0, 0, 0.363, 0, 0, 14, 0, 12.5, 0, 4.053, 180, 0, 0, 0, 72, 1, 0.018, 0.019, 117.298, 96.159, 100, 0, 0, 141, 31.556, 30.112, 66.625, 3.127, 0, 103.831, 0, 0, 106.469, 97.634, 0, 0, 0, 0, 
3.25, 19.7, 100.299, 71.6, 72.3, , 12.539, 0.985, 391.317, 391.317, 4.079, 300.672, 300.672, 300.672, 42.36, 74.152, 35.42, 35.731, 7.377, 12.095, 0, 0, 76.011, 77.184, 76.011, 77.184, 1, 96.257, 96.257, 0.025, 0.134, 97.899, 99.413, 97.899, 99.413, 6.64, 7.377, 12.095, , , 1, 3.35, 0.325, 0, 12.5, 4.079, 180, 0, 0, 0, 72, 18.335, 18.694, 117.11, 96.389, 100, 0, 0, 31.608, 30.217, 67.667, 3.165, 103.675, 0, 0, 106.208, 98.28, 0, 0, 0.325, 0, 0, 14, 0, 12.5, 0, 4.079, 180, 0, 0, 0, 72, 1, 0.018, 0.019, 117.11, 96.389, 100, 0, 0, 141, 31.608, 30.217, 67.667, 3.165, 0, 103.675, 0, 0, 106.208, 98.28, 0, 0, 0, 0, 
3.3, 19.7, 100.298, 71.6, 72.3, , 12.566, 0.985, 398.293, 398.293, 4.105, 301.33, 301.33, 301.33, 42.379, 74.868, 35.372, 35.97, 7.377, 12.108, 0, 0, 76.669, 77.854, 76.669, 77.854, 1, 96.873, 96.873, 0.025, 0.134, 98.068, 99.583, 98.068, 99.583, 6.675, 7.377, 12.108, , , 1, 3.401, 0.286, 0, 12.5, 4.105, 180, 0, 0, 0, 72, 18.289, 18.635, 116.922, 96.619, 100, 0, 0, 31.66, 30.321, 68.708, 3.204, 103.519, 0, 0, 105.948, 98.927, 0, 0, 0.286, 0, 0, 14, 0, 12.5, 0, 4.105, 180, 0, 0, 0, 72, 1, 0.018, 0.019, 116.922, 96.619, 100, 0, 0, 141, 31.66, 30.321, 68.708, 3.204, 0, 103.519, 0, 0, 105.948, 98.927, 0, 0, 0, 0, 
3.35, 19.7, 100.298, 71.6, 72.3, , 12.616, 0.985, 405.227, 405.227, 4.132, 302.557, 302.557, 302.557, 42.411, 75.584, 35.3, 36.258, 7.377, 12.134, 0, 0, 77.467, 78.663, 77.467, 78.663, 1, 97.499, 97.499, 0.025, 0.135, 98.394, 99.913, 98.394, 99.913, 6.71, 7.377, 12.134, , , 1, 3.451, 0.248, 0, 12.5, 4.132, 180, 0, 0, 0, 72, 18.243, 18.577, 116.735, 96.849, 100, 0, 0, 31.712, 30.425, 69.75, 3.242, 103.362, 0, 0, 105.688, 99.574, 0, 0, 0.248, 0, 0, 14, 0, 12.5, 0, 4.132, 180, 0, 0, 0, 72, 1, 0.018, 0.019, 116.735, 96.849, 100, 0, 0, 141, 31.712, 30.425, 69.75, 3.242, 0, 103.362, 0, 0, 105.688, 99.574, 0, 0, 0, 0, 
3.4, 19.7, 100.298, 71.6, 72.3, , 12.652, 0.985, 412.302, 412.302, 4.159, 303.42, 303.42, 303.42, 42.449, 76.3, 35.228, 36.546, 7.377, 12.165, 0, 0, 78.184, 79.393, 78.184, 79.393, 1, 98.123, 98.123, 0.025, 0.135, 98.585, 100.107, 98.585, 100.107, 6.745, 7.377, 12.165, , , 1, 3.5, 0.211, 0, 12.5, 4.159, 180, 0, 0, 0, 72, 18.189, 18.513, 116.54, 97.101, 100, 0, 0, 31.783, 30.55, 70.933, 3.286, 103.133, 0, 0, 105.367, 100.226, 0, 0, 0.211, 0, 0, 14, 0, 12.5, 0, 4.159, 180, 0, 0, 0, 72, 1, 0.018, 0.018, 116.54, 97.101, 100, 0, 0, 141, 31.783, 30.55, 70.933, 3.286, 0, 103.133, 0, 0, 105.367, 100.226, 0, 0, 0, 0, 
3.45, 19.7, 100.297, 71.6, 72.3, , 12.679, 0.985, 419.423, 419.423, 4.189, 304.076, 304.076, 304.076, 42.482, 77.016, 35.156, 36.834, 7.377, 12.206, 0, 0, 78.849, 80.069, 78.849, 80.069, 1, 98.744, 98.744, 0.025, 0.135, 98.724, 100.249, 98.724, 100.249, 6.773, 7.377, 12.206, , , 1, 3.55, 0.179, 0, 12.5, 4.189, 180, 0, 0, 0, 72, 18.116, 18.433, 116.326, 97.408, 100, 0, 0, 31.902, 30.729, 72.481, 3.345, 102.717, 0, 0, 104.89, 100.892, 0, 0, 0.179, 0, 0, 14, 0, 12.5, 0, 4.189, 180, 0, 0, 0, 72, 1, 0.018, 0.018, 116.326, 97.408, 100, 0, 0, 141, 31.902, 30.729, 72.481, 3.345, 0, 102.717, 0, 0, 104.89, 100.892, 0, 0, 0, 0, 
3.5, 19.7, 100.297, 71.6, 72.3, , 12.695, 0.985, 426.596, 426.596, 4.219, 304.493, 304.493, 304.493, 42.5, 77.732, 35.084, 37.122, 7.377, 12.254, 0, 0, 79.456, 80.685, 79.456, 80.685, 1, 99.366, 99.366, 0.025, 0.135, 98.816, 100.342, 98.816, 100.342, 6.787, 7.377, 12.254, , , 1, 3.6, 0.147, 0, 12.5, 4.219, 180, 0, 0, 0, 72, 18.042, 18.353, 116.111, 97.715, 100, 0, 0, 32.021, 30.907, 74.029, 3.403, 102.3, 0, 0, 104.414, 101.557, 0, 0, 0.147, 0, 0, 14, 0, 12.5, 0, 4.219, 180, 0, 0, 0, 72, 1, 0.018, 0.018, 116.111, 97.715, 100, 0, 0, 141, 32.021, 30.907, 74.029, 3.403, 0, 102.3, 0, 0, 104.414, 101.557, 0, 0, 0, 0, 
3.55, 19.7, 100.297, 71.6, 72.3, , 12.704, 0.985, 433.814, 433.814, 4.249, 304.733, 304.733, 304.733, 42.507, 78.448, 35.108, 37.244, 7.377, 12.316, 0, 0, 80.023, 81.259, 80.023, 81.259, 1, 99.99, 99.99, 0.025, 0.135, 98.882, 100.41, 98.882, 100.41, 6.801, 7.377, 12.316, , , 1, 3.651, 0.115, 0, 12.5, 4.249, 180, 0, 0, 0, 72, 17.968, 18.273, 115.897, 98.022, 100, 0, 0, 32.14, 31.086, 75.576, 3.461, 101.883, 0, 0, 103.938, 102.223, 0, 0, 0.115, 0, 0, 14, 0, 12.5, 0, 4.249, 180, 0, 0, 0, 72, 1, 0.018, 0.018, 115.897, 98.022, 100, 0, 0, 141, 32.14, 31.086, 75.576, 3.461, 0, 101.883, 0, 0, 103.938, 102.223, 0, 0, 0, 0, 
3.6, 19.7, 100.296, 71.6, 72.301, , 12.708, 0.985, 441.023, 441.023, 4.278, 304.837, 304.837, 304.837, 42.499, 79.163, 35.18, 37.28, 7.377, 12.378, 0, 0, 80.545, 81.79, 80.545, 81.79, 1, 100.619, 100.619, 0.025, 0.135, 98.932, 100.461, 98.932, 100.461, 6.815, 7.377, 12.378, , , 1, 3.701, 0.085, 0, 12.5, 4.278, 180, 0, 0, 0, 72, 17.899, 18.199, 115.684, 98.321, 100, 0, 0, 32.263, 31.263, 77.13, 3.52, 101.478, 0, 0, 103.474, 102.884, 0, 0, 0.085, 0, 0, 14, 0, 12.5, 0, 4.278, 180, 0, 0, 0, 72, 1, 0.018, 0.018, 115.684, 98.321, 100, 0, 0, 141, 32.263, 31.263, 77.13, 3.52, 0, 101.478, 0, 0, 103.474, 102.884, 0, 0, 0, 0, 
3.65, 19.7, 100.296, 71.6, 72.302, , 12.702, 0.985, 448.319, 448.319, 4.304, 304.717, 304.717, 304.717, 42.484, 79.879, 35.252, 37.316, 7.378, 12.443, 0, 0, 81.019, 82.27, 81.019, 82.27, 1, 101.245, 101.245, 0.025, 0.135, 98.932, 100.459, 98.932, 100.459, 6.828, 7.378, 12.443, , , 1, 3.751, 0.086, 0, 12.5, 4.304, 180, 0, 0, 0, 72, 17.88, 18.181, 115.489, 98.522, 100, 0, 0, 32.426, 31.426, 78.761, 3.58, 101.207, 0, 0, 103.148, 103.492, 0, 0, 0.086, 0, 0, 14, 0, 12.5, 0, 4.304, 180, 0, 0, 0, 72, 1, 0.018, 0.018, 115.489, 98.522, 100, 0, 0, 141, 32.426, 31.426, 78.761, 3.58, 0, 101.207, 0, 0, 103.148, 103.492, 0, 0, 0, 0, 
3.7, 19.7, 100.295, 71.6, 72.303, , 12.688, 0.985, 455.625, 455.625, 4.33, 304.42, 304.42, 304.42, 42.469, 80.595, 35.324, 37.352, 7.378, 12.505, 0, 0, 81.439, 82.695, 81.439, 82.695, 1, 101.874, 101.874, 0.025, 0.135, 98.87, 100.395, 98.87, 100.395, 6.858, 7.378, 12.505, , , 1, 3.801, 0.087, 0, 12.5, 4.33, 180, 0, 0, 0, 72, 17.862, 18.164, 115.293, 98.723, 100, 0, 0, 32.589, 31.589, 80.391, 3.639, 100.935, 0, 0, 102.822, 104.101, 0, 0, 0.087, 0, 0, 14, 0, 12.5, 0, 4.33, 180, 0, 0, 0, 72, 1, 0.018, 0.018, 115.293, 98.723, 100, 0, 0, 141, 32.589, 31.589, 80.391, 3.639, 0, 100.935, 0, 0, 102.822, 104.101, 0, 0, 0, 0, 
3.75, 19.7, 100.295, 71.6, 72.304, , 12.71, 0.985, 463.059, 463.059, 4.357, 304.965, 304.965, 304.965, 42.456, 81.311, 35.396, 37.388, 7.379, 12.56, 0, 0, 82.087, 83.355, 82.087, 83.355, 1, 102.498, 102.498, 0.025, 0.134, 99.075, 100.605, 99.075, 100.605, 6.887, 7.379, 12.56, , , 1, 3.85, 0.088, 0, 12.5, 4.357, 180, 0, 0, 0, 72, 17.843, 18.146, 115.097, 98.924, 100, 0, 0, 32.752, 31.752, 82.022, 3.699, 100.663, 0, 0, 102.496, 104.71, 0, 0, 0.088, 0, 0, 14, 0, 12.5, 0, 4.357, 180, 0, 0, 0, 72, 1, 0.018, 0.018, 115.097, 98.924, 100, 0, 0, 141, 32.752, 31.752, 82.022, 3.699, 0, 100.663, 0, 0, 102.496, 104.71, 0, 0, 0, 0, 
3.8, 19.7, 100.295, 71.6, 72.304, , 12.702, 0.985, 470.539, 470.539, 4.383, 304.783, 304.783, 304.783, 42.444, 82.027, 35.325, 37.115, 7.379, 12.613, 0, 0, 82.545, 83.821, 82.545, 83.821, 1, 103.122, 103.122, 0.025, 0.134, 99.043, 100.573, 99.043, 100.573, 6.916, 7.379, 12.613, , , 1, 3.9, 0.089, 0, 12.5, 4.383, 180, 0, 0, 0, 72, 17.825, 18.129, 114.902, 99.125, 100, 0, 0, 32.915, 31.915, 83.652, 3.759, 100.391, 0, 0, 102.17, 105.318, 0, 0, 0.089, 0, 0, 14, 0, 12.5, 0, 4.383, 180, 0, 0, 0, 72, 1, 0.018, 0.018, 114.902, 99.125, 100, 0, 0, 141, 32.915, 31.915, 83.652, 3.759, 0, 100.391, 0, 0, 102.17, 105.318, 0, 0, 0, 0, 
3.85, 19.7, 100.294, 71.6, 72.305, , 12.708, 0.985, 477.944, 477.944, 4.403, 304.946, 304.946, 304.946, 42.434, 82.743, 35.181, 36.683, 7.38, 12.659, 0, 0, 83.086, 84.37, 83.086, 84.37, 1, 103.753, 103.753, 0.025, 0.134, 99.118, 100.649, 99.118, 100.649, 6.945, 7.38, 12.659, , , 1, 3.95, 0.086, 0, 12.5, 4.403, 180, 0, 0, 0, 72, 17.808, 18.136, 114.8, 99.267, 100, 0, 0, 33.05, 32.05, 84.95, 3.806, 100.225, 0, 0, 101.95, 105.759, 0, 0, 0.086, 0, 0, 14, 0, 12.5, 0, 4.403, 180, 0, 0, 0, 72, 1, 0.018, 0.018, 114.8, 99.267, 100, 0, 0, 141, 33.05, 32.05, 84.95, 3.806, 0, 100.225, 0, 0, 101.95, 105.759, 0, 0, 0, 0, 
3.9, 19.7, 100.294, 71.6, 72.306, , 12.704, 0.985, 485.453, 485.453, 4.416, 304.888, 304.888, 304.888, 42.425, 83.459, 35.037, 36.251, 7.38, 12.702, 0, 0, 83.572, 84.865, 83.572, 84.865, 1, 104.381, 104.381, 0.025, 0.134, 99.119, 100.651, 99.119, 100.651, 6.991, 7.38, 12.702, , , 1, 4, 0.078, 0, 12.5, 4.416, 180, 0, 0, 0, 72, 17.795, 18.169, 114.8, 99.344, 100, 0, 0, 33.154, 32.154, 85.888, 3.839, 100.173, 0, 0, 101.846, 106.019, 0, 0, 0.078, 0, 0, 14, 0, 12.5, 0, 4.416, 180, 0, 0, 0, 72, 1, 0.018, 0.018, 114.8, 99.344, 100, 0, 0, 141, 33.154, 32.154, 85.888, 3.839, 0, 100.173, 0, 0, 101.846, 106.019, 0, 0, 0, 0, 
3.95, 19.7, 100.293, 71.6, 72.307, , 12.704, 0.985, 493.136, 493.136, 4.429, 304.912, 304.912, 304.912, 42.416, 84.175, 34.893, 35.819, 7.38, 12.736, 0, 0, 84.085, 85.386, 84.085, 85.386, 1, 105.006, 105.006, 0.025, 0.133, 99.148, 100.682, 99.148, 100.682, 7.036, 7.38, 12.736, , , 1, 4.051, 0.069, 0, 12.5, 4.429, 180, 0, 0, 0, 72, 17.781, 18.203, 114.8, 99.421, 100, 0, 0, 33.258, 32.258, 86.825, 3.873, 100.121, 0, 0, 101.742, 106.278, 0, 0, 0.069, 0, 0, 14, 0, 12.5, 0, 4.429, 180, 0, 0, 0, 72, 1, 0.018, 0.018, 114.8, 99.421, 100, 0, 0, 141, 33.258, 32.258, 86.825, 3.873, 0, 100.121, 0, 0, 101.742, 106.278, 0, 0, 0, 0, 
4, 19.7, 100.293, 71.6, 72.307, , 12.707, 0.985, 502.325, 502.325, 4.442, 305.003, 305.003, 305.003, 42.405, 84.89, 34.749, 35.387, 7.38, 12.767, 0, 0, 84.717, 86.028, 84.717, 86.028, 1, 105.682, 105.682, 0.025, 0.133, 99.207, 100.742, 99.207, 100.742, 7.081, 7.38, 12.767, , , 1, 4.101, 0.061, 0, 12.5, 4.442, 180, 0, 0, 0, 72, 17.768, 18.236, 114.8, 99.498, 100, 0, 0, 33.362, 32.362, 87.762, 3.906, 100.069, 0, 0, 101.638, 106.538, 0, 0, 0.061, 0, 0, 14, 0, 12.5, 0, 4.442, 180, 0, 0, 0, 72, 1, 0.018, 0.018, 114.8, 99.498, 100, 0, 0, 141, 33.362, 32.362, 87.762, 3.906, 0, 100.069, 0, 0, 101.638, 106.538, 0, 0, 0, 0, 
4.05, 19.7, 100.293, 71.6, 72.308, , 12.699, 0.985, 510.685, 510.685, 4.455, 304.83, 304.83, 304.83, 42.393, 85.606, 34.771, 35.169, 7.38, 12.79, 0, 0, 85.218, 86.537, 85.218, 86.537, 1, 106.455, 106.455, 0.025, 0.133, 99.177, 100.711, 99.177, 100.711, 7.126, 7.38, 12.79, , , 1, 4.151, 0.053, 0, 12.5, 4.455, 180, 0, 0, 0, 72, 17.754, 18.269, 114.8, 99.575, 100, 0, 0, 33.467, 32.467, 88.7, 3.939, 100.017, 0, 0, 101.533, 106.797, 0, 0, 0.053, 0, 0, 14, 0, 12.5, 0, 4.455, 180, 0, 0, 0, 72, 1, 0.018, 0.018, 114.8, 99.575, 100, 0, 0, 141, 33.467, 32.467, 88.7, 3.939, 0, 100.017, 0, 0, 101.533, 106.797, 0, 0, 0, 0, 
4.1, 19.7, 100.292, 71.6, 72.309, , 12.7, 0.985, 518.368, 518.368, 4.477, 304.883, 304.883, 304.883, 42.384, 86.322, 34.879, 35.061, 7.38, 12.808, 0, 0, 85.728, 87.054, 85.728, 87.054, 1, 107.073, 107.073, 0.025, 0.133, 99.218, 100.751, 99.218, 100.751, 7.168, 7.38, 12.808, , , 1, 4.201, 0.068, 0, 12.5, 4.477, 180, 0, 0, 0, 72, 17.806, 18.285, 114.565, 99.648, 100, 0, 0, 33.565, 32.565, 90.438, 4.004, 100.131, 0, 0, 101.565, 107.366, 0, 0, 0.068, 0, 0, 13.987, 0, 12.5, 0, 4.477, 180, 0, 0, 0, 72, 1, 0.018, 0.018, 114.565, 99.648, 100, 0, 0, 141, 33.565, 32.565, 90.438, 4.004, 0, 100.131, 0, 0, 101.565, 107.366, 0, 0, 0, 0, 
4.15, 19.7, 100.292, 71.6, 72.31, , 12.662, 0.985, 526.152, 526.152, 4.502, 304.006, 304.006, 304.006, 42.379, 87.038, 34.987, 34.953, 7.38, 12.805, 0, 0, 85.98, 87.311, 85.98, 87.311, 1, 107.7, 107.7, 0.025, 0.133, 98.944, 100.473, 98.944, 100.473, 7.208, 7.38, 12.805, , , 1, 4.251, 0.095, 0, 12.5, 4.502, 180, 0, 0, 0, 72, 17.889, 18.293, 114.218, 99.72, 100, 0, 0, 33.662, 32.662, 92.554, 4.082, 100.323, 0, 0, 101.662, 108.082, 0, 0, 0.095, 0, 0, 13.968, 0, 12.5, 0, 4.502, 180, 0, 0, 0, 72, 1, 0.018, 0.018, 114.218, 99.72, 100, 0, 0, 141, 33.662, 32.662, 92.554, 4.082, 0, 100.323, 0, 0, 101.662, 108.082, 0, 0, 0, 0, 
4.2, 19.7, 100.292, 71.6, 72.31, , 12.646, 0.985, 533.935, 533.935, 4.528, 303.648, 303.648, 303.648, 42.381, 87.754, 35.095, 34.845, 7.38, 12.8, 0, 0, 86.372, 87.707, 86.372, 87.707, 1, 108.322, 108.322, 0.025, 0.134, 98.826, 100.351, 98.826, 100.351, 7.248, 7.38, 12.8, , , 1, 4.3, 0.122, 0, 12.5, 4.528, 180, 0, 0, 0, 72, 17.972, 18.301, 113.872, 99.791, 100, 0, 0, 33.758, 32.758, 94.669, 4.161, 100.515, 0, 0, 101.758, 108.797, 0, 0, 0.122, 0, 0, 13.948, 0, 12.5, 0, 4.528, 180, 0, 0, 0, 72, 1, 0.018, 0.018, 113.872, 99.791, 100, 0, 0, 141, 33.758, 32.758, 94.669, 4.161, 0, 100.515, 0, 0, 101.758, 108.797, 0, 0, 0, 0, 
4.25, 19.7, 100.291, 71.6, 72.311, , 12.599, 0.985, 541.874, 541.874, 4.554, 302.557, 302.557, 302.557, 42.387, 88.47, 35.203, 34.737, 7.38, 12.78, 0, 0, 86.559, 87.897, 86.559, 87.897, 1, 108.951, 108.951, 0.025, 0.134, 98.454, 99.973, 98.454, 99.973, 7.288, 7.38, 12.78, , , 1, 4.35, 0.149, 0, 12.5, 4.554, 180, 0, 0, 0, 72, 18.054, 18.308, 113.526, 99.862, 100, 0, 0, 33.854, 32.854, 96.785, 4.24, 100.708, 0, 0, 101.854, 109.513, 0, 0, 0.149, 0, 0, 13.929, 0, 12.5, 0, 4.554, 180, 0, 0, 0, 72, 1, 0.018, 0.018, 113.526, 99.862, 100, 0, 0, 141, 33.854, 32.854, 96.785, 4.24, 0, 100.708, 0, 0, 101.854, 109.513, 0, 0, 0, 0, 
4.3, 19.7, 100.291, 71.6, 72.312, , 12.547, 0.985, 549.771, 549.771, 4.58, 301.343, 301.343, 301.343, 42.4, 89.186, 35.124, 34.747, 7.379, 12.759, 0, 0, 86.704, 88.044, 86.704, 88.044, 1, 109.564, 109.564, 0.025, 0.134, 98.028, 99.541, 98.028, 99.541, 7.315, 7.379, 12.759, , , 1, 4.4, 0.176, 0, 12.5, 4.58, 180, 0, 0, 0, 72, 18.137, 18.316, 113.18, 99.933, 100, 0, 0, 33.95, 32.95, 98.9, 4.319, 100.9, 0, 0, 101.95, 110.228, 0, 0, 0.176, 0, 0, 13.91, 0, 12.5, 0, 4.58, 180, 0, 0, 0, 72, 1, 0.018, 0.018, 113.18, 99.933, 100, 0, 0, 141, 33.95, 32.95, 98.9, 4.319, 0, 100.9, 0, 0, 101.95, 110.228, 0, 0, 0, 0, 
4.35, 19.7, 100.29, 71.6, 72.313, , 12.494, 0.985, 557.662, 557.662, 4.607, 300.117, 300.117, 300.117, 42.418, 89.902, 34.947, 34.817, 7.379, 12.728, 0, 0, 86.834, 88.175, 86.834, 88.175, 1, 110.191, 110.191, 0.025, 0.135, 97.587, 99.094, 97.587, 99.094, 7.331, 7.379, 12.728, , , 1, 4.45, 0.171, 0, 12.5, 4.607, 180, 0, 0, 0, 72, 18.198, 18.343, 113, 99.897, 100, 0, 0, 34, 33, 100, 4.365, 101.248, 0, 0, 102.248, 110.908, 0, 0, 0.171, 0, 0, 13.91, 0, 12.5, 0, 4.607, 180, 0, 0, 0, 72, 1, 0.018, 0.018, 113, 99.897, 100, 0, 0, 141, 34, 33, 100, 4.365, 0, 101.248, 0, 0, 102.248, 110.908, 0, 0, 0, 0, 
4.4, 19.7, 100.29, 71.6, 72.313, , 12.443, 0.985, 565.713, 565.713, 4.636, 298.927, 298.927, 298.927, 42.434, 90.617, 34.771, 34.888, 7.378, 12.699, 0, 0, 86.977, 88.32, 86.977, 88.32, 1, 110.798, 110.798, 0.025, 0.135, 97.162, 98.662, 97.162, 98.662, 7.346, 7.378, 12.699, , , 1, 4.501, 0.132, 0, 12.5, 4.636, 180, 0, 0, 0, 72, 18.235, 18.39, 113, 99.744, 100, 0, 0, 34, 33, 100, 4.375, 101.764, 0, 0, 102.764, 111.551, 0, 0, 0.132, 0, 0, 13.931, 0, 12.5, 0, 4.636, 180, 0, 0, 0, 72, 1, 0.018, 0.018, 113, 99.744, 100, 0, 0, 141, 34, 33, 100, 4.375, 0, 101.764, 0, 0, 102.764, 111.551, 0, 0, 0, 0, 
4.45, 19.7, 100.29, 71.6, 72.314, , 12.394, 0.985, 573.765, 573.765, 4.665, 297.789, 297.789, 297.789, 42.445, 91.333, 34.594, 34.958, 7.378, 12.672, 0, 0, 87.13, 88.474, 87.13, 88.474, 1, 111.411, 111.411, 0.025, 0.136, 96.765, 98.259, 96.765, 98.259, 7.362, 7.378, 12.672, , , 1, 4.551, 0.093, 0, 12.5, 4.665, 180, 0, 0, 0, 72, 18.272, 18.438, 113, 99.591, 100, 0, 0, 34, 33, 100, 4.386, 102.281, 0, 0, 103.281, 112.194, 0, 0, 0.093, 0, 0, 13.951, 0, 12.5, 0, 4.665, 180, 0, 0, 0, 72, 1, 0.018, 0.019, 113, 99.591, 100, 0, 0, 141, 34, 33, 100, 4.386, 0, 102.281, 0, 0, 103.281, 112.194, 0, 0, 0, 0, 
4.5, 19.7, 100.291, 71.6, 72.315, , 12.37, 0.985, 581.817, 581.817, 4.694, 297.241, 297.241, 297.241, 42.451, 92.049, 34.418, 35.029, 7.378, 12.645, 0, 0, 87.445, 88.795, 87.445, 88.795, 1, 112.022, 112.022, 0.025, 0.136, 96.573, 98.065, 96.573, 98.065, 7.382, 7.378, 12.645, , , 1, 4.601, 0.053, 0, 12.5, 4.694, 180, 0, 0, 0, 72, 18.309, 18.485, 113, 99.438, 100, 0, 0, 34, 33, 100, 4.396, 102.798, 0, 0, 103.798, 112.836, 0, 0, 0.053, 0, 0, 13.972, 0, 12.5, 0, 4.694, 180, 0, 0, 0, 72, 1, 0.018, 0.019, 113, 99.438, 100, 0, 0, 141, 34, 33, 100, 4.396, 0, 102.798, 0, 0, 103.798, 112.836, 0, 0, 0, 0, 
4.55, 19.7, 100.291, 71.6, 72.316, , 12.326, 0.985, 589.92, 589.92, 4.723, 296.236, 296.236, 296.236, 42.452, 92.765, 34.381, 35.08, 7.379, 12.618, 0, 0, 87.624, 88.976, 87.624, 88.976, 1, 112.637, 112.637, 0.025, 0.136, 96.243, 97.731, 96.243, 97.731, 7.413, 7.379, 12.618, , , 1, 4.651, 0.014, 0, 12.5, 4.723, 180, 0, 0, 0, 72, 18.347, 18.533, 113, 99.285, 100, 0, 0, 34, 33, 100, 4.406, 103.314, 0, 0, 104.314, 113.479, 0, 0, 0.014, 0, 0, 13.993, 0, 12.5, 0, 4.723, 180, 0, 0, 0, 72, 1, 0.018, 0.019, 113, 99.285, 100, 0, 0, 141, 34, 33, 100, 4.406, 0, 103.314, 0, 0, 104.314, 113.479, 0, 0, 0, 0, 
4.6, 19.7, 100.291, 71.6, 72.316, , 12.309, 0.985, 598.092, 598.092, 4.749, 295.852, 295.852, 295.852, 42.449, 93.481, 34.454, 35.117, 7.379, 12.591, 0, 0, 87.982, 89.34, 87.982, 89.34, 1, 113.244, 113.244, 0.025, 0.136, 96.126, 97.613, 96.126, 97.613, 7.443, 7.379, 12.591, , , 1, 4.701, 0, 0, 12.5, 4.749, 180, 0, 0, 0, 72, 18.419, 18.596, 112.768, 99.182, 100, 0, 0, 33.935, 33, 100, 4.41, 103.887, 0, 0, 104.823, 114.111, 0, 0, 0, 0, 0, 13.987, 0, 12.5, 0, 4.749, 180, 0, 0, 0, 72, 1, 0.018, 0.019, 112.768, 99.182, 100, 0, 0, 141, 33.935, 33, 100, 4.41, 0, 103.887, 0, 0, 104.823, 114.111, 0, 0, 0, 0, 
4.65, 19.7, 100.292, 71.6, 72.317, , 12.276, 0.985, 606.294, 606.294, 4.775, 295.086, 295.086, 295.086, 42.445, 94.197, 34.527, 35.154, 7.38, 12.566, 0, 0, 88.223, 89.586, 88.223, 89.586, 1, 113.848, 113.848, 0.025, 0.136, 95.885, 97.368, 95.885, 97.368, 7.474, 7.38, 12.566, , , 1, 4.751, 0, 0, 12.5, 4.775, 180, 0, 0, 0, 72, 18.512, 18.669, 112.405, 99.108, 100, 0, 0, 33.835, 33, 100, 4.41, 104.492, 0, 0, 105.327, 114.738, 0, 0, 0, 0, 0, 13.967, 0, 12.5, 0, 4.775, 180, 0, 0, 0, 72, 1, 0.018, 0.019, 112.405, 99.108, 100, 0, 0, 141, 33.835, 33, 100, 4.41, 0, 104.492, 0, 0, 105.327, 114.738, 0, 0, 0, 0, 
4.7, 19.7, 100.292, 71.6, 72.318, , 12.239, 0.985, 614.604, 614.604, 4.801, 294.23, 294.23, 294.23, 42.442, 94.913, 34.6, 35.19, 7.38, 12.539, 0, 0, 88.437, 89.803, 88.437, 89.803, 1, 114.46, 114.46, 0.025, 0.136, 95.614, 97.092, 95.614, 97.092, 7.504, 7.38, 12.539, , , 1, 4.801, 0, 0, 12.5, 4.801, 180, 0, 0, 0, 72, 18.605, 18.742, 112.042, 99.033, 100, 0, 0, 33.734, 33, 100, 4.41, 105.097, 0, 0, 105.831, 115.365, 0, 0, 0, 0, 0, 13.947, 0, 12.5, 0, 4.801, 180, 0, 0, 0, 72, 1, 0.019, 0.019, 112.042, 99.033, 100, 0, 0, 141, 33.734, 33, 100, 4.41, 0, 105.097, 0, 0, 105.831, 115.365, 0, 0, 0, 0, 
4.75, 19.7, 100.293, 71.6, 72.319, , 12.228, 0.985, 622.943, 622.943, 4.826, 294.006, 294.006, 294.006, 42.44, 90.426, 34.674, 35.227, 7.38, 12.498, 0, 0, 88.841, 90.213, 88.841, 90.213, 1, 115.066, 115.066, 0.025, 0.136, 95.544, 97.021, 95.544, 97.021, 7.535, 7.38, 12.498, , , 1, 4.85, 0, 0, 12.5, 4.826, 180, 0, 0, 0, 72, 18.698, 18.814, 111.679, 98.958, 100, 0, 0, 33.633, 33, 100, 4.41, 105.702, 0, 0, 106.335, 115.992, 0, 0, 0, 0, 0, 13.927, 0, 12.5, 0, 4.826, 180, 0, 0, 0, 72, 1, 0.019, 0.019, 111.679, 98.958, 100, 0, 0, 141, 33.633, 33, 100, 4.41, 0, 105.702, 0, 0, 106.335, 115.992, 0, 0, 0, 0, 
4.8, 19.7, 100.293, 71.6, 72.32, , 12.204, 0.985, 631.282, 631.282, 4.852, 293.439, 293.439, 293.439, 42.44, 85.487, 34.746, 35.171, 7.379, 12.457, 0, 0, 89.134, 90.511, 89.134, 90.511, 1, 115.669, 115.669, 0.025, 0.136, 95.362, 96.834, 95.362, 96.834, 7.565, 7.379, 12.457, , , 1, 4.9, 0, 0, 12.5, 4.852, 180, 0, 0, 0, 72, 18.79, 18.887, 111.316, 98.884, 100, 0, 0, 33.532, 33, 100, 4.41, 106.306, 0, 0, 106.839, 116.619, 0, 0, 0, 0, 0, 13.906, 0, 12.5, 0, 4.852, 180, 0, 0, 0, 72, 1, 0.019, 0.019, 111.316, 98.884, 100, 0, 0, 141, 33.532, 33, 100, 4.41, 0, 106.306, 0, 0, 106.839, 116.619, 0, 0, 0, 0, 
4.85, 19.7, 100.293, 71.6, 72.321, , 12.175, 0.985, 639.621, 639.621, 4.878, 292.792, 292.792, 292.792, 42.442, 80.548, 34.819, 35.062, 7.379, 12.404, 0, 0, 89.397, 90.778, 89.397, 90.778, 1, 116.267, 116.267, 0.025, 0.135, 95.149, 96.617, 95.149, 96.617, 7.596, 7.379, 12.404, , , 1, 4.95, 0, 0, 12.5, 4.878, 180.131, 0, 0, 0, 72, 18.846, 18.924, 111.2, 98.86, 100, 0, 0, 33.5, 33, 100, 4.41, 106.762, 0, 0, 107.262, 117.225, 0, 0, 0, 0, 0, 13.9, 0, 12.5, 0, 4.878, 180.131, 0, 0, 0, 72, 1, 0.019, 0.019, 111.2, 98.86, 100, 0, 0, 141, 33.5, 33, 100, 4.41, 0, 106.762, 0, 0, 107.262, 117.225, 0, 0, 0, 0, 
4.9, 19.7, 100.294, 71.6, 72.322, , 12.173, 0.985, 648.091, 648.091, 4.904, 292.773, 292.773, 292.773, 42.444, 75.61, 34.891, 34.954, 7.378, 12.352, 0, 0, 89.855, 91.244, 89.855, 91.244, 1, 116.873, 116.873, 0.025, 0.135, 95.137, 96.606, 95.137, 96.606, 7.627, 7.378, 12.352, , , 1, 5.001, 0, 0, 12.5, 4.904, 180.323, 0, 0, 0, 72, 18.885, 18.946, 111.2, 98.86, 100, 0, 0, 33.5, 33, 100, 4.41, 107.146, 0, 0, 107.646, 117.822, 0, 0, 0, 0, 0, 13.9, 0, 12.5, 0, 4.904, 180.323, 0, 0, 0, 72, 1, 0.019, 0.019, 111.2, 98.86, 100, 0, 0, 141, 33.5, 33, 100, 4.41, 0, 107.146, 0, 0, 107.646, 117.822, 0, 0, 0, 0, 
4.95, 19.7, 100.294, 71.6, 72.324, , 12.157, 0.985, 656.566, 656.566, 4.93, 292.401, 292.401, 292.401, 42.447, 70.671, 34.963, 34.845, 7.378, 12.3, 0, 0, 90.199, 91.593, 90.199, 91.593, 1, 117.475, 117.475, 0.025, 0.135, 95.01, 96.478, 95.01, 96.478, 7.653, 7.378, 12.3, , , 1, 5.051, 0, 0, 12.5, 4.93, 180.515, 0, 0, 0, 72, 18.923, 18.967, 111.2, 98.86, 100, 0, 0, 33.5, 33, 100, 4.41, 107.531, 0, 0, 108.031, 118.418, 0, 0, 0, 0, 0, 13.9, 0, 12.5, 0, 4.93, 180.515, 0, 0, 0, 72, 1, 0.019, 0.019, 111.2, 98.86, 100, 0, 0, 141, 33.5, 33, 100, 4.41, 0, 107.531, 0, 0, 108.031, 118.418, 0, 0, 0, 0, 
5, 19.7, 100.295, 71.6, 72.325, , 12.099, 0.985, 665.042, 665.042, 4.956, 291.065, 291.065, 291.065, 42.452, 65.732, 35.035, 34.737, 7.377, 12.247, 0, 0, 90.248, 91.643, 90.248, 91.643, 1, 118.073, 118.073, 0.024, 0.135, 94.566, 96.028, 94.566, 96.028, 7.679, 7.377, 12.247, , , 1, 5.101, 0, 0, 12.5, 4.956, 180.708, 0, 0, 0, 72, 18.962, 18.988, 111.2, 98.86, 100, 0, 0, 33.5, 33, 100, 4.41, 107.915, 0, 0, 108.415, 119.014, 0, 0, 0, 0, 0, 13.9, 0, 12.5, 0, 4.956, 180.708, 0, 0, 0, 72, 1, 0.019, 0.019, 111.2, 98.86, 100, 0, 0, 141, 33.5, 33, 100, 4.41, 0, 107.915, 0, 0, 108.415, 119.014, 0, 0, 0, 0, 
5.05, 19.7, 100.295, 71.6, 72.327, , 12.071, 0.985, 673.69, 673.69, 4.982, 290.418, 290.418, 290.418, 42.459, 60.793, 35.012, 34.819, 7.378, 12.215, 0, 0, 90.5, 91.899, 90.5, 91.899, 1, 118.666, 118.666, 0.024, 0.134, 94.341, 95.8, 94.341, 95.8, 7.705, 7.378, 12.215, , , 1, 5.151, 0, 0, 12.5, 4.982, 180.9, 0, 0, 0, 72, 19, 19.009, 111.2, 98.86, 100, 0, 0, 33.5, 33, 100, 4.41, 108.3, 0, 0, 108.8, 119.61, 0, 0, 0, 0, 0, 13.9, 0, 12.5, 0, 4.982, 180.9, 0, 0, 0, 72, 1, 0.019, 0.019, 111.2, 98.86, 100, 0, 0, 141, 33.5, 33, 100, 4.41, 0, 108.3, 0, 0, 108.8, 119.61, 0, 0, 0, 0, 
5.1, 19.7, 100.295, 71.6, 72.328, , 12.034, 0.985, 684.673, 684.673, 5.014, 289.575, 289.575, 289.575, 42.468, 55.854, 34.94, 34.999, 7.378, 12.185, 0, 0, 90.813, 92.216, 90.813, 92.216, 1, 119.42, 119.42, 0.024, 0.134, 94.046, 95.5, 94.046, 95.5, 7.73, 7.378, 12.185, , , 1, 5.201, 0, 0, 12.5, 5.014, 180.908, 0, 0, 0, 72, 18.928, 18.941, 110.951, 98.758, 100, 0, 0, 33.546, 32.977, 100, 4.41, 108.108, 0, 0, 108.585, 120.351, 0, 0, 0, 0, 0, 13.9, 0, 12.5, 0, 5.014, 180.908, 0, 0, 0, 72, 1, 0.019, 0.019, 110.951, 98.758, 100, 0, 0, 141, 33.546, 32.977, 100, 4.41, 0, 108.108, 0, 0, 108.585, 120.351, 0, 0, 0, 0, 
5.15, 19.7, 100.296, 71.6, 72.33, , 11.971, 0.985, 693.321, 693.321, 5.053, 288.096, 288.096, 288.096, 42.478, 50.915, 34.868, 35.179, 7.379, 12.188, 0, 0, 90.8, 92.203, 90.8, 92.203, 1, 120.018, 120.018, 0.024, 0.134, 93.545, 94.991, 93.545, 94.991, 7.768, 7.379, 12.188, , , 1, 5.251, 0, 0, 12.5, 5.053, 180.715, 0, 0, 0, 72, 18.735, 18.775, 110.432, 98.544, 100, 0, 0, 33.642, 32.929, 100, 4.41, 107.29, 0, 0, 107.719, 121.248, 0, 0, 0, 0, 0, 13.9, 0, 12.5, 0, 5.053, 180.715, 0, 0, 0, 72, 1, 0.019, 0.019, 110.432, 98.544, 100, 0, 0, 141, 33.642, 32.929, 100, 4.41, 0, 107.29, 0, 0, 107.719, 121.248, 0, 0, 0, 0, 
5.2, 19.7, 100.296, 71.6, 72.331, , 11.957, 0.985, 701.97, 701.97, 5.092, 287.784, 287.784, 287.784, 42.489, 68.219, 34.796, 35.359, 7.379, 12.192, 0, 0, 91.145, 92.553, 91.145, 92.553, 1, 120.611, 120.611, 0.024, 0.134, 93.419, 94.861, 93.419, 94.861, 7.808, 7.379, 12.192, , , 1, 5.3, 0, 0, 12.5, 5.092, 180.523, 0, 0, 0, 72, 18.543, 18.61, 109.912, 98.331, 100, 0, 0, 33.738, 32.881, 100, 4.41, 106.473, 0, 0, 106.854, 122.145, 0, 0, 0, 0, 0, 13.9, 0, 12.5, 0, 5.092, 180.523, 0, 0, 0, 72, 1, 0.019, 0.019, 109.912, 98.331, 100, 0, 0, 141, 33.738, 32.881, 100, 4.41, 0, 106.473, 0, 0, 106.854, 122.145, 0, 0, 0, 0, 
5.25, 19.7, 100.296, 71.6, 72.333, , 11.939, 0.985, 710.79, 710.79, 5.131, 287.381, 287.381, 287.381, 42.5, 69.276, 34.724, 35.539, 7.38, 12.222, 0, 0, 91.465, 92.878, 91.465, 92.878, 1, 121.195, 121.195, 0.024, 0.134, 93.26, 94.7, 93.26, 94.7, 7.848, 7.38, 12.222, , , 1, 5.351, 0, 0, 12.5, 5.131, 180.331, 0, 0, 0, 72, 18.351, 18.444, 109.393, 98.117, 100, 0, 0, 33.835, 32.833, 100, 4.41, 105.656, 0, 0, 105.988, 123.042, 0, 0, 0, 0, 0, 13.9, 0, 12.5, 0, 5.131, 180.331, 0, 0, 0, 72, 1, 0.018, 0.018, 109.393, 98.117, 100, 0, 0, 141, 33.835, 32.833, 100, 4.41, 0, 105.656, 0, 0, 105.988, 123.042, 0, 0, 0, 0, 
5.3, 19.7, 100.297, 71.6, 72.334, , 11.934, 0.985, 719.611, 719.611, 5.17, 287.293, 287.293, 287.293, 42.514, 70.332, 34.948, 35.6, 7.38, 12.253, 0, 0, 91.884, 93.305, 91.884, 93.305, 1, 121.785, 121.785, 0.025, 0.134, 93.203, 94.641, 93.203, 94.641, 7.889, 7.38, 12.253, , , 1, 5.401, 0, 0, 12.5, 5.17, 180.138, 0, 0, 0, 72, 18.158, 18.279, 108.874, 97.904, 100, 0, 0, 33.931, 32.785, 100, 4.41, 104.838, 0, 0, 105.123, 123.939, 0, 0, 0, 0, 0, 13.9, 0, 12.5, 0, 5.17, 180.138, 0, 0, 0, 72, 1, 0.018, 0.018, 108.874, 97.904, 100, 0, 0, 141, 33.931, 32.785, 100, 4.41, 0, 104.838, 0, 0, 105.123, 123.939, 0, 0, 0, 0, 
5.35, 19.7, 100.297, 71.6, 72.336, , 11.896, 0.985, 728.432, 728.432, 5.202, 286.419, 286.419, 286.419, 42.528, 71.389, 35.325, 35.6, 7.38, 12.308, 0, 0, 92.045, 93.469, 92.045, 93.469, 1, 122.372, 122.372, 0.025, 0.134, 92.887, 94.32, 92.887, 94.32, 7.936, 7.38, 12.308, , , 1, 5.451, 0, 0, 12.5, 5.202, 180, 0, 0, 0, 72, 18.001, 18.145, 108.448, 97.75, 100, 0, 0, 34, 32.735, 100, 4.41, 104.177, 0, 0, 104.412, 124.676, 0, 0, 0, 0, 0, 13.9, 0, 12.5, 0, 5.202, 180, 0, 0, 0, 72, 1, 0.018, 0.018, 108.448, 97.75, 100, 0, 0, 141, 34, 32.735, 100, 4.41, 0, 104.177, 0, 0, 104.412, 124.676, 0, 0, 0, 0, 
5.4, 19.7, 100.298, 71.6, 72.337, , 11.879, 0.985, 737.32, 737.32, 5.216, 286.032, 286.032, 286.032, 42.539, 72.446, 35.701, 35.6, 7.38, 12.366, 0, 0, 92.362, 93.79, 92.362, 93.79, 1, 122.964, 122.964, 0.025, 0.134, 92.736, 94.167, 92.736, 94.167, 7.987, 7.38, 12.366, , , 1, 5.5, 0, 0, 12.5, 5.216, 180, 0, 0, 0, 72, 17.932, 18.091, 108.26, 97.75, 100, 0, 0, 34, 32.683, 100, 4.41, 103.917, 0, 0, 104.1, 125, 0, 0, 0, 0, 0, 13.9, 0, 12.5, 0, 5.216, 180, 0, 0, 0, 72, 1, 0.018, 0.018, 108.26, 97.75, 100, 0, 0, 141, 34, 32.683, 100, 4.41, 0, 103.917, 0, 0, 104.1, 125, 0, 0, 0, 0, 
5.45, 19.7, 100.298, 71.6, 72.339, , 11.851, 0.985, 746.3, 746.3, 5.23, 285.391, 285.391, 285.391, 42.546, 73.502, 36.078, 35.6, 7.38, 12.426, 0, 0, 92.596, 94.027, 92.596, 94.027, 1, 123.554, 123.554, 0.025, 0.135, 92.512, 93.941, 92.512, 93.941, 8.039, 7.38, 12.426, , , 1, 5.551, 0, 0, 12.5, 5.23, 180, 0, 0, 0, 72, 17.863, 18.036, 108.072, 97.75, 100, 0, 0, 34, 32.631, 100, 4.41, 103.656, 0, 0, 103.788, 125.324, 0, 0, 0, 0, 0, 13.9, 0, 12.5, 0, 5.23, 180, 0, 0, 0, 72, 1, 0.018, 0.018, 108.072, 97.75, 100, 0, 0, 141, 34, 32.631, 100, 4.41, 0, 103.656, 0, 0, 103.788, 125.324, 0, 0, 0, 0, 
5.5, 19.7, 100.298, 71.6, 72.34, , 11.801, 0.985, 755.281, 755.281, 5.243, 284.247, 284.247, 284.247, 42.55, 74.559, 36.454, 35.6, 7.38, 12.485, 0, 0, 92.66, 94.092, 92.66, 94.092, 1, 124.139, 124.139, 0.025, 0.135, 92.135, 93.559, 92.135, 93.559, 8.09, 7.38, 12.485, , , 1, 5.601, 0, 0, 12.5, 5.243, 180, 0, 0, 0, 72, 17.795, 17.982, 107.885, 97.75, 100, 0, 0, 34, 32.579, 100, 4.41, 103.396, 0, 0, 103.475, 125.648, 0, 0, 0, 0, 0, 13.9, 0, 12.5, 0, 5.243, 180, 0, 0, 0, 72, 1, 0.018, 0.018, 107.885, 97.75, 100, 0, 0, 141, 34, 32.579, 100, 4.41, 0, 103.396, 0, 0, 103.475, 125.648, 0, 0, 0, 0, 
5.55, 19.7, 100.299, 71.6, 72.342, , 11.752, 0.985, 764.262, 764.262, 5.257, 283.102, 283.102, 283.102, 42.549, 75.615, 36.634, 35.585, 7.38, 12.545, 0, 0, 92.72, 94.154, 92.72, 94.154, 1, 124.72, 124.72, 0.025, 0.135, 91.766, 93.185, 91.766, 93.185, 8.134, 7.38, 12.545, , , 1, 5.651, 0, 0, 12.5, 5.257, 180, 0, 0, 0, 72, 17.726, 17.928, 107.697, 97.75, 100, 0, 0, 34, 32.527, 100, 4.41, 103.135, 0, 0, 103.162, 125.972, 0, 0, 0, 0, 0, 13.9, 0, 12.5, 0, 5.257, 180, 0, 0, 0, 72, 1, 0.018, 0.018, 107.697, 97.75, 100, 0, 0, 141, 34, 32.527, 100, 4.41, 0, 103.135, 0, 0, 103.162, 125.972, 0, 0, 0, 0, 
5.6, 19.7, 100.299, 71.6, 72.343, , 11.738, 0.985, 773.257, 773.257, 5.282, 282.793, 282.793, 282.793, 42.543, 76.672, 36.521, 35.547, 7.38, 12.605, 0, 0, 93.048, 94.486, 93.048, 94.486, 1, 125.296, 125.296, 0.025, 0.135, 91.679, 93.096, 91.679, 93.096, 8.171, 7.38, 12.605, , , 1, 5.701, 0, 0, 12.5, 5.282, 180.046, 0, 0, 0, 72, 17.631, 17.838, 107.517, 97.631, 100, 0, 0, 34.023, 32.5, 100, 4.41, 102.631, 0, 0, 102.631, 126.57, 0, 0, 0, 0, 0, 13.905, 0, 12.5, 0, 5.282, 180.046, 0, 0, 0, 72, 1, 0.018, 0.018, 107.517, 97.631, 100, 0, 0, 141, 34.023, 32.5, 100, 4.41, 0, 102.631, 0, 0, 102.631, 126.57, 0, 0, 0, 0, 
5.65, 19.7, 100.299, 71.6, 72.345, , 11.731, 0.985, 782.404, 782.404, 5.319, 282.65, 282.65, 282.65, 42.54, 77.728, 36.407, 35.509, 7.38, 12.661, 0, 0, 93.435, 94.88, 93.435, 94.88, 1, 125.881, 125.881, 0.025, 0.135, 91.641, 93.059, 91.641, 93.059, 8.208, 7.38, 12.661, , , 1, 5.75, 0, 0, 12.5, 5.319, 180.142, 0, 0, 0, 72, 17.509, 17.709, 107.344, 97.384, 100, 0, 0, 34.071, 32.5, 100, 4.41, 101.862, 0, 0, 101.862, 127.466, 0, 0, 0, 0, 0, 13.914, 0, 12.5, 0, 5.319, 180.142, 0, 0, 0, 72, 1, 0.018, 0.018, 107.344, 97.384, 100, 0, 0, 141, 34.071, 32.5, 100, 4.41, 0, 101.862, 0, 0, 101.862, 127.466, 0, 0, 0, 0, 
5.7, 19.7, 100.3, 71.6, 72.347, , 11.687, 0.985, 791.564, 791.564, 5.356, 281.639, 281.639, 281.639, 42.543, 78.785, 36.293, 35.471, 7.379, 12.715, 0, 0, 93.53, 94.975, 93.53, 94.975, 1, 126.46, 126.46, 0.025, 0.136, 91.309, 92.72, 91.309, 92.72, 8.245, 7.379, 12.715, , , 1, 5.8, 0, 0, 12.5, 5.356, 180.238, 0, 0, 0, 72, 17.387, 17.58, 107.171, 97.137, 100, 0, 0, 34.119, 32.5, 100, 4.41, 101.092, 0, 0, 101.092, 128.362, 0, 0, 0, 0, 0, 13.924, 0, 12.5, 0, 5.356, 180.238, 0, 0, 0, 72, 1, 0.018, 0.018, 107.171, 97.137, 100, 0, 0, 141, 34.119, 32.5, 100, 4.41, 0, 101.092, 0, 0, 101.092, 128.362, 0, 0, 0, 0, 
5.75, 19.7, 100.3, 71.6, 72.348, , 11.667, 0.985, 800.725, 800.725, 5.392, 281.183, 281.183, 281.183, 42.552, 79.841, 36.179, 35.433, 7.379, 12.77, 0, 0, 93.802, 95.251, 93.802, 95.251, 1, 127.035, 127.035, 0.025, 0.136, 91.142, 92.55, 91.142, 92.55, 8.275, 7.379, 12.77, , , 1, 5.851, 0, 0, 12.5, 5.392, 180.335, 0, 0, 0, 72, 17.265, 17.452, 106.998, 96.89, 100, 0, 0, 34.167, 32.5, 100, 4.41, 100.323, 0, 0, 100.323, 129.259, 0, 0, 0, 0, 0, 13.933, 0, 12.5, 0, 5.392, 180.335, 0, 0, 0, 72, 1, 0.017, 0.017, 106.998, 96.89, 100, 0, 0, 141, 34.167, 32.5, 100, 4.41, 0, 100.323, 0, 0, 100.323, 129.259, 0, 0, 0, 0, 
5.8, 19.7, 100.3, 71.6, 72.35, , 11.621, 0.985, 810.057, 810.057, 5.429, 280.129, 280.129, 280.129, 42.567, 80.898, 35.951, 35.538, 7.378, 12.825, 0, 0, 93.879, 95.328, 93.879, 95.328, 1, 127.613, 127.613, 0.025, 0.135, 90.767, 92.17, 90.767, 92.17, 8.285, 7.378, 12.825, , , 1, 5.901, 0, 0, 12.5, 5.429, 180.431, 0, 0, 0, 72, 17.143, 17.323, 106.825, 96.643, 100, 0, 0, 34.215, 32.5, 100, 4.41, 99.554, 0, 0, 99.554, 130.155, 0, 0, 0, 0, 0, 13.943, 0, 12.5, 0, 5.429, 180.431, 0, 0, 0, 72, 1, 0.017, 0.017, 106.825, 96.643, 100, 0, 0, 141, 34.215, 32.5, 100, 4.41, 0, 99.554, 0, 0, 99.554, 130.155, 0, 0, 0, 0, 
5.85, 19.7, 100.3, 71.6, 72.351, , 11.572, 0.985, 819.211, 819.211, 5.46, 278.993, 278.993, 278.993, 42.588, 81.954, 35.664, 35.718, 7.378, 12.875, 0, 0, 93.913, 95.362, 93.913, 95.362, 1, 128.189, 128.189, 0.025, 0.135, 90.353, 91.749, 90.353, 91.749, 8.294, 7.378, 12.875, , , 1, 5.95, 0, 0, 12.5, 5.46, 180.529, 0, 0, 0, 72, 17.052, 17.224, 106.648, 96.454, 100, 0, 0, 34.265, 32.5, 100, 4.41, 98.942, 0, 0, 98.942, 130.89, 0, 0, 0, 0, 0, 13.953, 0, 12.5, 0, 5.46, 180.529, 0, 0, 0, 72, 1, 0.017, 0.017, 106.648, 96.454, 100, 0, 0, 141, 34.265, 32.5, 100, 4.41, 0, 98.942, 0, 0, 98.942, 130.89, 0, 0, 0, 0, 
5.9, 19.7, 100.3, 71.6, 72.353, , 11.519, 0.985, 828.55, 828.55, 5.474, 277.756, 277.756, 277.756, 42.594, 83.011, 35.377, 35.897, 7.377, 12.923, 0, 0, 93.917, 95.366, 93.917, 95.366, 1, 128.761, 128.761, 0.025, 0.135, 89.939, 91.329, 89.939, 91.329, 8.304, 7.377, 12.923, , , 1, 6.001, 0, 0, 12.5, 5.474, 180.633, 0, 0, 0, 72, 17.04, 17.203, 106.46, 96.416, 100, 0, 0, 34.317, 32.5, 100, 4.41, 98.733, 0, 0, 98.733, 131.213, 0, 0, 0, 0, 0, 13.963, 0, 12.5, 0, 5.474, 180.633, 0, 0, 0, 72, 1, 0.017, 0.017, 106.46, 96.416, 100, 0, 0, 141, 34.317, 32.5, 100, 4.41, 0, 98.733, 0, 0, 98.733, 131.213, 0, 0, 0, 0, 
5.95, 19.7, 100.3, 71.6, 72.354, , 11.468, 0.985, 837.891, 837.891, 5.488, 276.567, 276.567, 276.567, 42.573, 84.067, 35.09, 36.076, 7.377, 12.958, 0, 0, 93.924, 95.373, 93.924, 95.373, 1, 129.33, 129.33, 0.025, 0.135, 89.597, 90.982, 89.597, 90.982, 8.319, 7.377, 12.958, , , 1, 6.05, 0, 0, 12.5, 5.488, 180.738, 0, 0, 0, 72, 17.029, 17.182, 106.272, 96.377, 100, 0, 0, 34.369, 32.5, 100, 4.41, 98.525, 0, 0, 98.525, 131.536, 0, 0, 0, 0, 0, 13.974, 0, 12.5, 0, 5.488, 180.738, 0, 0, 0, 72, 1, 0.017, 0.017, 106.272, 96.377, 100, 0, 0, 141, 34.369, 32.5, 100, 4.41, 0, 98.525, 0, 0, 98.525, 131.536, 0, 0, 0, 0, 
6, 19.7, 100.3, 71.6, 72.356, , 11.404, 0.985, 847.409, 847.409, 5.502, 275.059, 275.059, 275.059, 42.524, 85.124, 34.803, 36.255, 7.378, 12.988, 0, 0, 93.824, 95.272, 93.824, 95.272, 1, 129.893, 129.893, 0.025, 0.135, 89.21, 90.588, 89.21, 90.588, 8.35, 7.378, 12.988, , , 1, 6.1, 0, 0, 12.5, 5.502, 180.842, 0, 0, 0, 72, 17.017, 17.162, 106.085, 96.339, 100, 0, 0, 34.421, 32.5, 100, 4.41, 98.317, 0, 0, 98.317, 131.859, 0, 0, 0, 0, 0, 13.984, 0, 12.5, 0, 5.502, 180.842, 0, 0, 0, 72, 1, 0.017, 0.017, 106.085, 96.339, 100, 0, 0, 141, 34.421, 32.5, 100, 4.41, 0, 98.317, 0, 0, 98.317, 131.859, 0, 0, 0, 0, 
6.05, 19.7, 100.3, 71.6, 72.357, , 11.345, 0.985, 856.757, 856.757, 5.516, 273.704, 273.704, 273.704, 42.448, 86.181, 34.793, 36.181, 7.379, 13.001, 0, 0, 93.764, 95.211, 93.764, 95.211, 1, 130.461, 130.461, 0.025, 0.134, 88.928, 90.301, 88.928, 90.301, 8.381, 7.379, 13.001, , , 1, 6.15, 0, 0, 12.5, 5.516, 180.946, 0, 0, 0, 72, 17.006, 17.141, 105.898, 96.3, 100, 0, 0, 34.473, 32.5, 100, 4.41, 98.108, 0, 0, 98.108, 132.182, 0, 0, 0, 0, 0, 13.995, 0, 12.5, 0, 5.516, 180.946, 0, 0, 0, 72, 1, 0.017, 0.017, 105.898, 96.3, 100, 0, 0, 141, 34.473, 32.5, 100, 4.41, 0, 98.108, 0, 0, 98.108, 132.182, 0, 0, 0, 0, 
6.1, 19.7, 100.3, 71.6, 72.359, , 11.302, 0.985, 866.283, 866.283, 5.533, 272.706, 272.706, 272.706, 42.347, 87.237, 34.937, 35.964, 7.381, 13.007, 0, 0, 93.826, 95.274, 93.826, 95.274, 1, 131.02, 131.02, 0.024, 0.134, 88.819, 90.191, 88.819, 90.191, 8.412, 7.381, 13.007, , , 1, 6.2, 0, 0, 12.5, 5.533, 181, 0, 0, 0, 72, 16.998, 17.127, 105.765, 96.214, 100, 0, 0, 34.53, 32.53, 100, 4.41, 98.069, 0, 0, 98.079, 132.668, 0, 0, 0, 0, 0, 13.996, 0, 12.5, 0, 5.533, 181, 0, 0, 0, 72, 1, 0.017, 0.017, 105.765, 96.214, 100, 0, 0, 141, 34.53, 32.53, 100, 4.41, 0, 98.069, 0, 0, 98.079, 132.668, 0, 0, 0, 0, 
6.15, 19.7, 100.3, 71.6, 72.36, , 11.224, 0.985, 875.818, 875.818, 5.554, 270.876, 270.876, 270.876, 42.238, 88.294, 35.082, 35.747, 7.383, 13.003, 0, 0, 93.594, 95.038, 93.594, 95.038, 1, 131.577, 131.577, 0.024, 0.134, 88.45, 89.817, 88.45, 89.817, 8.443, 7.383, 13.003, , , 1, 6.25, 0, 0, 12.5, 5.554, 181, 0, 0, 0, 72, 16.995, 17.122, 105.691, 96.078, 100, 0, 0, 34.591, 32.591, 100, 4.41, 98.212, 0, 0, 98.243, 133.33, 0, 0, 0, 0, 0, 13.988, 0, 12.5, 0, 5.554, 181, 0, 0, 0, 72, 1, 0.017, 0.017, 105.691, 96.078, 100, 0, 0, 141, 34.591, 32.591, 100, 4.41, 0, 98.212, 0, 0, 98.243, 133.33, 0, 0, 0, 0, 
6.2, 19.701, 100.3, 71.6, 72.358, , 11.194, 0.985, 885.352, 885.352, 5.575, 270.188, 270.188, 270.188, 42.132, 89.35, 35.226, 35.531, 7.385, 12.995, 0, 0, 93.75, 95.197, 93.75, 95.197, 1, 132.13, 132.13, 0.024, 0.133, 88.449, 89.816, 88.449, 89.816, 8.486, 7.385, 12.995, , , 1, 6.301, 0, 0, 12.5, 5.575, 181, 0, 0, 0, 72, 16.991, 17.116, 105.617, 95.942, 100, 0, 0, 34.652, 32.652, 100, 4.41, 98.356, 0, 0, 98.407, 133.992, 0, 0, 0, 0, 0, 13.98, 0, 12.5, 0, 5.575, 181, 0, 0, 0, 72, 1, 0.017, 0.017, 105.617, 95.941, 100, 0, 0, 141, 34.652, 32.652, 100, 4.41, 0, 98.356, 0, 0, 98.407, 133.992, 0, 0, 0, 0, 
6.25, 19.702, 100.3, 71.6, 72.357, , 11.147, 0.985, 897.386, 897.386, 5.596, 269.106, 269.106, 269.106, 42, 90.407, 35.371, 35.314, 7.387, 12.982, 0, 0, 93.862, 95.311, 93.862, 95.311, 1, 132.822, 132.822, 0.025, 0.133, 88.37, 89.736, 88.37, 89.736, 8.529, 7.387, 12.982, , , 1, 6.351, 0, 0, 12.5, 5.596, 181, 0, 0, 0, 72, 16.987, 17.11, 105.543, 95.805, 100, 0, 0, 34.714, 32.714, 100, 4.41, 98.499, 0, 0, 98.57, 134.655, 0, 0, 0, 0, 0, 13.971, 0, 12.5, 0, 5.596, 181, 0, 0, 0, 72, 1, 0.017, 0.017, 105.543, 95.804, 100, 0, 0, 141, 34.714, 32.714, 100, 4.41, 0, 98.499, 0, 0, 98.57, 134.655, 0, 0, 0, 0, 
6.3, 19.702, 100.3, 71.6, 72.355, , 11.085, 0.985, 906.952, 906.952, 5.616, 267.667, 267.667, 267.667, 41.898, 91.463, 35.42, 35.216, 7.389, 12.967, 0, 0, 93.742, 95.189, 93.742, 95.189, 1, 133.365, 133.365, 0.025, 0.133, 88.112, 89.473, 88.112, 89.473, 8.571, 7.389, 12.967, , , 1, 6.4, 0, 0, 12.5, 5.616, 181, 0, 0, 0, 72, 16.983, 17.104, 105.47, 95.669, 100, 0, 0, 34.775, 32.775, 100, 4.41, 98.643, 0, 0, 98.734, 135.317, 0, 0, 0, 0, 0, 13.963, 0, 12.5, 0, 5.616, 181, 0, 0, 0, 72, 1, 0.017, 0.017, 105.47, 95.668, 100, 0, 0, 141, 34.775, 32.775, 100, 4.41, 0, 98.643, 0, 0, 98.734, 135.317, 0, 0, 0, 0, 
6.35, 19.703, 100.3, 71.6, 72.354, , 11.026, 0.985, 916.682, 916.682, 5.637, 266.293, 266.293, 266.293, 41.796, 92.52, 35.42, 35.18, 7.39, 12.953, 0, 0, 93.642, 95.089, 93.642, 95.089, 1, 133.914, 133.914, 0.025, 0.133, 87.872, 89.229, 87.872, 89.229, 8.614, 7.39, 12.953, , , 1, 6.451, 0, 0, 12.5, 5.637, 181, 0, 0, 0, 72, 16.98, 17.099, 105.396, 95.532, 100, 0, 0, 34.837, 32.837, 100, 4.41, 98.786, 0, 0, 98.898, 135.979, 0, 0, 0, 0, 0, 13.955, 0, 12.5, 0, 5.637, 181, 0, 0, 0, 72, 1, 0.017, 0.017, 105.396, 95.531, 100, 0, 0, 141, 34.837, 32.837, 100, 4.41, 0, 98.786, 0, 0, 98.898, 135.979, 0, 0, 0, 0, 
6.4, 19.704, 100.3, 71.6, 72.352, , 10.965, 0.985, 926.41, 926.41, 5.658, 264.855, 264.855, 264.855, 41.696, 93.576, 35.42, 35.144, 7.39, 12.941, 0, 0, 93.514, 94.959, 93.514, 94.959, 1, 134.459, 134.459, 0.025, 0.133, 87.607, 88.96, 87.607, 88.96, 8.636, 7.39, 12.941, , , 1, 6.501, 0, 0, 12.5, 5.658, 181, 0, 0, 0, 72, 16.976, 17.093, 105.322, 95.396, 100, 0, 0, 34.898, 32.898, 100, 4.41, 98.93, 0, 0, 99.062, 136.642, 0, 0, 0, 0, 0, 13.947, 0, 12.5, 0, 5.658, 181, 0, 0, 0, 72, 1, 0.017, 0.017, 105.322, 95.394, 100, 0, 0, 141, 34.898, 32.898, 100, 4.41, 0, 98.93, 0, 0, 99.062, 136.642, 0, 0, 0, 0, 
6.45, 19.705, 100.3, 71.6, 72.351, , 10.89, 0.985, 936.14, 936.14, 5.679, 263.116, 263.116, 263.116, 41.599, 94.633, 35.42, 35.108, 7.389, 12.921, 0, 0, 93.272, 94.712, 93.272, 94.712, 1, 134.997, 134.997, 0.025, 0.133, 87.227, 88.574, 87.227, 88.574, 8.657, 7.389, 12.921, , , 1, 6.551, 0, 0, 12.5, 5.679, 181, 0, 0, 0, 72, 16.972, 17.087, 105.248, 95.259, 100, 0, 0, 34.96, 32.96, 100, 4.41, 99.073, 0, 0, 99.226, 137.304, 0, 0, 0, 0, 0, 13.939, 0, 12.5, 0, 5.679, 181, 0, 0, 0, 72, 1, 0.017, 0.017, 105.248, 95.257, 100, 0, 0, 141, 34.96, 32.96, 100, 4.41, 0, 99.073, 0, 0, 99.226, 137.304, 0, 0, 0, 0, 
6.5, 19.705, 100.3, 71.6, 72.349, , 10.832, 0.985, 946.063, 946.063, 5.7, 261.757, 261.757, 261.757, 41.559, 95.689, 35.42, 35.072, 7.387, 12.897, 0, 0, 93.165, 94.603, 93.165, 94.603, 1, 135.542, 135.542, 0.025, 0.133, 86.866, 88.206, 86.866, 88.206, 8.678, 7.387, 12.897, , , 1, 6.6, 0, 0, 12.5, 5.7, 181, 0, 0, 0, 72, 16.969, 17.081, 105.174, 95.123, 100, 0, 0, 35.021, 33.021, 100, 4.41, 99.216, 0, 0, 99.39, 137.966, 0, 0, 0, 0, 0, 13.93, 0, 12.5, 0, 5.7, 181, 0, 0, 0, 72, 1, 0.017, 0.017, 105.174, 95.121, 100, 0, 0, 141, 35.021, 33.021, 100, 4.41, 0, 99.216, 0, 0, 99.39, 137.966, 0, 0, 0, 0, 
6.55, 19.706, 100.3, 71.6, 72.348, , 10.748, 0.985, 955.928, 955.928, 5.721, 259.776, 259.776, 259.776, 41.593, 96.746, 35.444, 35.369, 7.385, 12.873, 0, 0, 92.824, 94.257, 92.824, 94.257, 1, 136.071, 136.071, 0.025, 0.133, 86.141, 87.47, 86.141, 87.47, 8.699, 7.385, 12.873, , , 1, 6.65, 0, 0, 12.5, 5.721, 181, 0, 0, 0, 72, 16.965, 17.076, 105.101, 94.986, 100, 0, 0, 35.083, 33.083, 100, 4.41, 99.36, 0, 0, 99.554, 138.629, 0, 0, 0, 0, 0, 13.922, 0, 12.5, 0, 5.721, 181, 0, 0, 0, 72, 1, 0.017, 0.017, 105.101, 94.984, 100, 0, 0, 141, 35.083, 33.083, 100, 4.41, 0, 99.36, 0, 0, 99.554, 138.629, 0, 0, 0, 0, 
6.6, 19.707, 100.3, 71.6, 72.346, , 10.701, 0.985, 965.715, 965.715, 5.742, 258.691, 258.691, 258.691, 41.706, 97.802, 35.48, 35.837, 7.382, 12.848, 0, 0, 92.795, 94.227, 92.795, 94.227, 1, 136.605, 136.605, 0.025, 0.133, 85.561, 86.881, 85.561, 86.881, 8.707, 7.382, 12.848, , , 1, 6.7, 0, 0, 12.5, 5.742, 181, 0, 0, 0, 72, 16.961, 17.07, 105.027, 94.85, 100, 0, 0, 35.144, 33.144, 100, 4.41, 99.503, 0, 0, 99.718, 139.291, 0, 0, 0, 0, 0, 13.914, 0, 12.5, 0, 5.742, 181, 0, 0, 0, 72, 1, 0.017, 0.017, 105.027, 94.847, 100, 0, 0, 141, 35.144, 33.144, 100, 4.41, 0, 99.503, 0, 0, 99.718, 139.291, 0, 0, 0, 0, 
6.65, 19.708, 100.3, 71.6, 72.345, , 10.659, 0.985, 975.639, 975.639, 5.762, 257.724, 257.724, 257.724, 41.894, 98.859, 35.516, 36.305, 7.38, 12.819, 0, 0, 92.808, 94.24, 92.808, 94.24, 1, 137.134, 137.134, 0.025, 0.133, 84.866, 86.177, 84.866, 86.177, 8.709, 7.38, 12.819, , , 1, 6.75, 0, 0, 12.5, 5.762, 181, 0, 0, 0, 72, 16.958, 17.064, 104.953, 94.713, 100, 0, 0, 35.206, 33.206, 100, 4.41, 99.647, 0, 0, 99.882, 139.953, 0, 0, 0, 0, 0, 13.906, 0, 12.5, 0, 5.762, 181, 0, 0, 0, 72, 1, 0.017, 0.017, 104.953, 94.711, 100, 0, 0, 141, 35.206, 33.206, 100, 4.41, 0, 99.647, 0, 0, 99.882, 139.953, 0, 0, 0, 0, 
6.7, 19.709, 100.3, 71.6, 72.343, , 10.605, 0.985, 985.757, 985.757, 5.786, 256.455, 256.455, 256.455, 42.135, 99.915, 35.552, 36.773, 7.379, 12.786, 0, 0, 92.71, 94.14, 92.71, 94.14, 1, 137.659, 137.659, 0.025, 0.133, 83.955, 85.251, 83.955, 85.251, 8.711, 7.379, 12.786, , , 1, 6.801, 0, 0, 12.5, 5.786, 181, 0, 0, 0, 72, 16.955, 17.066, 104.843, 94.556, 100, 0, 0, 35.298, 33.298, 100, 4.41, 99.798, 0, 0, 100.064, 140.509, 0, 0, 0, 0, 0, 13.9, 0, 12.5, 0, 5.786, 181, 0, 0, 0, 72, 1, 0.017, 0.017, 104.843, 94.552, 100, 0, 0, 141, 35.298, 33.298, 100, 4.41, 0, 99.798, 0, 0, 100.064, 140.509, 0, 0, 0, 0, 
6.75, 19.709, 100.3, 71.6, 72.341, , 10.531, 0.985, 995.724, 995.724, 5.818, 254.73, 254.73, 254.73, 42.353, , 35.588, 37.241, 7.38, 12.761, 0, 0, 92.437, 93.864, 92.437, 93.864, 1, 138.182, 138.182, 0.025, 0.133, 82.958, 84.239, 82.958, 84.239, 8.713, 7.38, 12.761, , , 1, 6.851, 0, 0, 12.5, 5.818, 181, 0, 0, 0, 72, 16.954, 17.089, 104.638, 94.345, 100, 0, 0, 35.468, 33.468, 100, 4.41, 99.968, 0, 0, 100.291, 140.791, 0, 0, 0, 0, 0, 13.9, 0, 12.5, 0, 5.818, 181, 0, 0, 0, 72, 1, 0.017, 0.017, 104.638, 94.342, 100, 0, 0, 141, 35.468, 33.468, 100, 4.41, 0, 99.968, 0, 0, 100.291, 140.791, 0, 0, 0, 0, 
6.8, 19.71, 100.3, 71.6, 72.34, , 10.484, 0.985, 1005.8, 1005.8, 5.85, 253.657, 253.657, 253.657, 42.508, , 35.457, 36.996, 7.381, 12.74, 0, 0, 92.393, 93.82, 92.393, 93.82, 1, 138.705, 138.705, 0.025, 0.133, 82.306, 83.577, 82.306, 83.577, 8.711, 7.381, 12.74, , , 1, 6.9, 0, 0, 12.5, 5.85, 181, 0, 0, 0, 72, 16.952, 17.112, 104.434, 94.133, 100, 0, 0, 35.639, 33.639, 100, 4.41, 100.139, 0, 0, 100.518, 141.073, 0, 0, 0, 0, 0, 13.9, 0, 12.5, 0, 5.85, 181, 0, 0, 0, 72, 1, 0.017, 0.017, 104.434, 94.131, 100, 0, 0, 141, 35.639, 33.639, 100, 4.41, 0, 100.139, 0, 0, 100.518, 141.073, 0, 0, 0, 0, 
6.85, 19.711, 100.3, 71.6, 72.338, , 10.422, 0.985, 1015.826, 1015.826, 5.882, 252.203, 252.203, 252.203, 42.6, , 35.241, 36.384, 7.382, 12.722, 0, 0, 92.206, 93.629, 92.206, 93.629, 1, 139.226, 139.226, 0.025, 0.133, 81.658, 82.919, 81.658, 82.919, 8.706, 7.382, 12.722, , , 1, 6.95, 0, 0, 12.5, 5.882, 181, 0, 0, 0, 72, 16.951, 17.135, 104.229, 93.922, 100, 0, 0, 35.809, 33.809, 100, 4.41, 100.309, 0, 0, 100.745, 141.354, 0, 0, 0, 0, 0, 13.9, 0, 12.5, 0, 5.882, 181, 0, 0, 0, 72, 1, 0.017, 0.017, 104.229, 93.921, 100, 0, 0, 141, 35.809, 33.809, 100, 4.41, 0, 100.309, 0, 0, 100.745, 141.354, 0, 0, 0, 0, 
6.9, 19.712, 100.3, 71.6, 72.337, , 10.366, 0.985, 1025.978, 1025.978, 5.914, 250.883, 250.883, 250.883, 42.625, , 35.025, 35.772, 7.383, 12.706, 0, 0, 92.063, 93.485, 92.063, 93.485, 1, 139.743, 139.743, 0.025, 0.133, 81.179, 82.432, 81.179, 82.432, 8.7, 7.383, 12.706, , , 1, 7.001, 0, 0, 12.5, 5.914, 181, 0, 0, 0, 72, 16.95, 17.157, 104.025, 93.711, 100, 0, 0, 35.98, 33.98, 100, 4.41, 100.48, 0, 0, 100.973, 141.636, 0, 0, 0, 0, 0, 13.9, 0, 12.5, 0, 5.914, 181, 0, 0, 0, 72, 1, 0.017, 0.017, 104.025, 93.711, 100, 0, 0, 141, 35.98, 33.98, 100, 4.41, 0, 100.48, 0, 0, 100.973, 141.636, 0, 0, 0, 0, 
6.95, 19.712, 100.3, 71.6, 72.335, , 10.33, 0.985, 1036.13, 1036.13, 5.944, 250.054, 250.054, 250.054, 42.604, , 34.809, 35.16, 7.384, 12.7, 0, 0, 92.094, 93.517, 92.094, 93.517, 1, 140.255, 140.255, 0.025, 0.133, 80.953, 82.204, 80.953, 82.204, 8.695, 7.384, 12.7, , , 1, 7.051, 0, 0, 12.5, 5.944, 181, 0, 0, 0, 72, 16.813, 17.033, 103.853, 93.599, 100, 0, 0, 36.041, 34.041, 100, 4.41, 99.97, 0, 0, 100.552, 142.278, 0, 0, 0, 0, 0, 13.9, 0, 12.5, 0, 5.944, 181, 0, 0, 0, 72, 1, 0.017, 0.017, 103.853, 93.598, 100, 0, 0, 141, 36.041, 34.041, 100, 4.41, 0, 99.97, 0, 0, 100.552, 142.278, 0, 0, 0, 0, 
7, 19.713, 100.3, 71.6, 72.334, , 10.289, 0.985, 1046.485, 1046.485, 5.973, 249.111, 249.111, 249.111, 42.586, , 34.593, 34.548, 7.384, 12.702, 0, 0, 92.085, 93.508, 92.085, 93.508, 1, 140.764, 140.764, 0.025, 0.133, 80.683, 81.928, 80.683, 81.928, 8.705, 7.384, 12.702, , , 1, 7.101, 0, 0, 12.5, 5.973, 181, 0, 0, 0, 72, 16.658, 16.888, 103.687, 93.497, 100, 0, 0, 36.087, 34.087, 100, 4.41, 99.369, 0, 0, 100.043, 142.969, 0, 0, 0, 0, 0, 13.9, 0, 12.5, 0, 5.973, 181, 0, 0, 0, 72, 1, 0.017, 0.017, 103.687, 93.496, 100, 0, 0, 141, 36.087, 34.087, 100, 4.41, 0, 99.369, 0, 0, 100.043, 142.969, 0, 0, 0, 0, 
7.05, 19.714, , , 72.332, , 10.265, , 1056.637, 1056.637, 6.003, 248.567, 248.567, 248.567, 42.579, , 34.639, 34.459, 7.383, 12.71, 0, 0, 92.215, 93.638, 92.215, 93.638, 1, 141.276, 141.276, 0.025, 0.132, 80.52, 81.763, 80.52, 81.763, 8.73, 7.383, 12.71, , , 1, 7.151, 0, 0, 12.5, 6.003, 181, 0, 0, 0, 72, 16.502, 16.744, 103.52, 93.396, 100, 0, 0, 36.133, 34.133, 100, 4.41, 98.767, 0, 0, 99.533, 143.659, 0, 0, 0, 0, 0, 13.9, 0, 12.5, 0, 6.003, 181, 0, 0, 0, 72, 1, 0.017, 0.017, 103.52, 93.395, 100, 0, 0, 141, 36.133, 34.133, 100, 4.41, 0, 98.767, 0, 0, 99.533, 143.659, 0, 0, 0, 0, 
7.1, 19.715, , , 72.331, , 10.225, , 1066.992, 1066.992, 6.033, 247.639, 247.639, 247.639, 42.583, , 34.819, 34.639, 7.382, 12.724, 0, 0, 92.202, 93.626, 92.202, 93.626, 1, 141.78, 141.78, 0.025, 0.132, 80.211, 81.45, 80.211, 81.45, 8.756, 7.382, 12.724, , , 1, 7.201, 0, 0, 12.5, 6.033, 181, 0, 0, 0, 72, 16.346, 16.6, 103.353, 93.294, 100, 0, 0, 36.18, 34.18, 100, 4.41, 98.165, 0, 0, 99.024, 144.35, 0, 0, 0, 0, 0, 13.9, 0, 12.5, 0, 6.033, 181, 0, 0, 0, 72, 1, 0.017, 0.017, 103.353, 93.293, 100, 0, 0, 141, 36.18, 34.18, 100, 4.41, 0, 98.165, 0, 0, 99.024, 144.35, 0, 0, 0, 0, 
7.15, 19.715, , , 72.329, , 10.175, , 1077.283, 1077.283, 6.063, 246.477, 246.477, 246.477, 42.599, , 34.999, 34.819, 7.381, 12.747, 0, 0, 92.094, 93.516, 92.094, 93.516, 1, 142.287, 142.287, 0.025, 0.132, 79.805, 81.038, 79.805, 81.038, 8.781, 7.381, 12.747, , , 1, 7.25, 0, 0, 12.5, 6.063, 181, 0, 0, 0, 72, 16.191, 16.455, 103.187, 93.193, 100, 0, 0, 36.226, 34.226, 100, 4.41, 97.563, 0, 0, 98.515, 145.041, 0, 0, 0, 0, 0, 13.9, 0, 12.5, 0, 6.063, 181, 0, 0, 0, 72, 1, 0.017, 0.017, 103.187, 93.191, 100, 0, 0, 141, 36.226, 34.226, 100, 4.41, 0, 97.563, 0, 0, 98.515, 145.041, 0, 0, 0, 0, 
7.2, 19.716, , , 72.328, , 9.2, , 1087.684, 1087.684, 6.085, 223.375, 223.375, 223.375, 42.627, , 35.179, 34.999, 7.38, 12.78, 0, 0, 83.694, 84.985, 83.694, 84.985, 1, 142.774, 142.774, 0.025, 0.132, 72.289, 73.405, 72.289, 73.405, 8.807, 7.38, 12.78, , , 1, 7.3, 0, 0, 12.5, 6.085, 181, 0, 0, 0, 72, 15.283, 16.351, 103.01, 92.973, 100, 0, 0, 36.3, 34.3, 100, 4.41, 97.025, 0, 0, 98.025, 145.493, 0, 0, 0, 0, 0, 13.905, 0, 12.5, 0, 6.085, 181, 0, 0, 0, 72, 1, 0.016, 0.016, 103.01, 92.967, 100, 0, 0, 141, 36.3, 34.3, 100, 4.41, 0, 97.025, 0, 0, 98.025, 145.493, 0, 0, 0, 0, 
7.25, 19.717, , , 72.326, , 7.594, , 1098.057, 1098.057, 6.099, 185.297, 185.297, 185.297, 42.654, , 35.359, 35.179, 7.379, 12.828, 0, 0, 69.58, 70.653, 69.58, 70.653, 1, 143.194, 143.194, 0.025, 0.132, 59.939, 60.865, 59.939, 60.865, 8.835, 7.379, 12.828, , , 1, 7.351, 0, 0, 12.5, 6.099, 181, 0, 0, 0, 72, 13.56, 16.289, 102.822, 92.626, 100, 0, 0, 36.404, 34.404, 100, 4.41, 96.556, 0, 0, 97.556, 145.687, 0, 0, 0, 0, 0, 13.915, 0, 12.5, 0, 6.099, 181, 0, 0, 0, 72, 1, 0.014, 0.016, 102.822, 92.621, 100, 0, 0, 141, 36.404, 34.404, 100, 4.41, 0, 96.556, 0, 0, 97.556, 145.687, 0, 0, 0, 0, 
7.3, 19.718, , , 72.325, , 6.015, , 1108.487, 1108.487, 6.113, 147.842, 147.842, 147.842, 42.67, , 35.396, 35.216, 7.379, 12.894, 0, 0, 55.636, 56.496, 55.636, 56.496, 1, 143.532, 143.532, 0.025, 0.132, 47.803, 48.543, 47.803, 48.543, 8.863, 7.379, 12.894, , , 1, 7.401, 0, 0, 12.5, 6.113, 181, 0, 0, 0, 72, 11.837, 16.228, 102.635, 92.279, 100, 0, 0, 36.508, 34.508, 100, 4.41, 96.088, 0, 0, 97.088, 145.88, 0, 0, 0, 0, 0, 13.926, 0, 12.5, 0, 6.113, 181, 0, 0, 0, 72, 1, 0.012, 0.016, 102.635, 92.275, 100, 0, 0, 141, 36.508, 34.508, 100, 4.41, 0, 96.088, 0, 0, 97.088, 145.88, 0, 0, 0, 0, 
7.35, 19.718, , , 72.323, , 4.485, , 1118.888, 1118.888, 6.127, 111.566, 111.566, 111.566, 42.676, , 35.36, 35.18, 7.379, 13.147, 0, 0, 42.076, 42.727, 42.076, 42.727, 1, 143.792, 143.792, 0.025, 0.131, 36.062, 36.621, 36.062, 36.621, 8.892, 7.379, 13.147, , , 1, 7.45, 0, 0, 12.5, 6.127, 181, 0, 0, 0, 72, 10.114, 16.166, 102.448, 91.931, 100, 0, 0, 36.612, 34.612, 100, 4.41, 95.619, 0, 0, 96.619, 146.074, 0, 0, 0, 0, 0, 13.936, 0, 12.5, 0, 6.127, 181, 0, 0, 0, 72, 1, 0.01, 0.016, 102.448, 91.93, 100, 0, 0, 141, 36.612, 34.612, 100, 4.41, 0, 95.619, 0, 0, 96.619, 146.074, 0, 0, 0, 0, 
7.4, 19.719, , , 72.322, , 2.93, , 1129.502, 1129.502, 6.141, 74.681, 74.681, 74.681, 42.671, , 35.325, 35.145, 7.38, 13.62, 0, 0, 28.226, 28.664, 28.226, 28.664, 1, 143.976, 143.976, 0.025, 0.131, 24.139, 24.512, 24.139, 24.512, 8.92, 7.38, 13.62, , , 1, 7.5, 0, 0, 12.5, 6.141, 181, 0, 0, 0, 72, 8.391, 16.105, 102.26, 91.584, 100, 0, 0, 36.717, 34.717, 100, 4.41, 95.15, 0, 0, 96.15, 146.268, 0, 0, 0, 0, 0, 13.947, 0, 12.5, 0, 6.141, 181, 0, 0, 0, 72, 1, 0.009, 0.016, 102.26, 91.584, 100, 0, 0, 141, 36.717, 34.717, 100, 4.41, 0, 95.15, 0, 0, 96.15, 146.268, 0, 0, 0, 0, 
7.45, 19.72, , , 72.32, , 2.261, , 1139.903, 1139.903, 6.146, 58.818, 58.818, 58.818, 42.662, , 35.289, 35.109, 7.38, 14.256, 0, 0, 22.255, 22.601, 22.255, 22.601, 1, 144.1, 144.1, 0.025, 0.131, 20.388, 20.704, 20.388, 20.704, 8.929, 7.38, 14.256, , , 1, 7.551, 0, 0, 12.5, 6.146, 181, 0, 0, 0, 72, 6.681, 16.101, 102.2, 91.255, 100, 0, 0, 36.787, 34.787, 100, 4.41, 95, 0, 0, 96, 146.284, 0, 0, 0, 0, 0, 13.958, 0, 12.5, 0, 6.146, 181, 0, 0, 0, 72, 1, 0.007, 0.016, 102.2, 91.255, 100, 0, 0, 141, 36.787, 34.787, 100, 4.41, 0, 95, 0, 0, 96, 146.284, 0, 0, 0, 0, 
7.5, , , , , , 1.777, , 1150.518, 1150.518, 6.147, 47.346, 47.346, 47.346, 42.651, , 35.253, 35.073, 7.379, 15.097, 0, 0, 17.921, 18.2, 17.921, 18.2, 1, 144.201, 144.201, 0.025, 0.131, 20.849, 21.172, 20.849, 21.172, 8.937, 7.379, 15.097, , , 1, 7.594, 0, 0, 12.5, 6.147, 181, 0, 0, 0, 72, 4.977, 16.123, 102.2, 90.933, 100, 0, 0, 36.841, 34.841, 100, 4.41, 95, 0, 0, 96, 146.217, 0, 0, 0, 0, 0, 13.968, 0, 12.5, 0, 6.147, 181, 0, 0, 0, 72, 1, 0.005, 0.016, 102.2, 90.933, 100, 0, 0, 141, 36.841, 34.841, 100, 4.41, 0, 95, 0, 0, 96, 146.217, 0, 0, 0, 0, 
7.55, , , , , , 1.587, , 1157.31, 1157.31, 6.148, 42.83, 42.83, 42.83, 42.639, , , , 7.379, 15.84, 0, 0, 16.219, 16.471, 16.219, 16.471, 1, 144.259, 144.259, 0.025, 0.131, 20.942, 21.266, 20.942, 21.266, 8.945, 7.379, 15.84, , , 1, 7.619, 0, 0, 12.5, 6.148, 181, 0, 0, 0, 72, 3.272, 16.146, 102.2, 90.611, 100, 0, 0, 36.896, 34.896, 100, 4.41, 95, 0, 0, 96, 146.149, 0, 0, 0, 0, 0, 13.979, 0, 12.5, 0, 6.148, 181, 0, 0, 0, 72, 1, 0.003, 0.016, 102.2, 90.611, 100, 0, 0, 141, 36.896, 34.896, 100, 4.41, 0, 95, 0, 0, 96, 146.149, 0, 0, 0, 0, 
7.6, , , , , , 1.247, , 1162.525, 1162.525, 6.149, 34.78, 34.78, 34.78, 42.628, , , , 7.379, 16.448, 0, 0, 13.177, 13.382, 13.177, 13.382, 1, 144.308, 144.308, 0.025, 0.131, 20.906, 21.225, 20.906, 21.225, 8.953, 7.379, 16.448, , , 1, 7.644, 0, 0, 12.5, 6.149, 181, 0, 0, 0, 72, 1.568, 16.169, 102.2, 90.29, 100, 0, 0, 36.95, 34.95, 100, 4.41, 95, 0, 0, 96, 146.082, 0, 0, 0, 0, 0, 13.99, 0, 12.5, 0, 6.149, 181, 0, 0, 0, 72, 1, 0.002, 0.016, 102.2, 90.29, 100, 0, 0, 141, 36.95, 34.95, 100, 4.41, 0, 95, 0, 0, 96, 146.082, 0, 0, 0, 0, 
7.65, , , , , , 0.513, , 1167.817, 1167.817, , 17.362, 17.362, 17.362, , , , , 7.378, 17.044, 0, 0, 6.582, 6.682, 6.582, 6.682, 1, 144.346, 144.346, , , , , , , , 7.378, 17.044, , , 1, 7.669, , , , , , , , , , , , , , , , , , , , , , , , , , , , , , , , , , , , , , , , , , , , , , , , , , , , , , , , , , , , , , , , 
7.7, , , , , , -0.573, , 1173.124, 1173.124, , -8.408, -8.408, -8.408, , , , , 7.378, 17.62, , , -3.186, -3.24, -3.186, -3.24, , 144.35, 144.35, , , , , , , , 7.378, 17.62, , , , , , , , , , , , , , , , , , , , , , , , , , , , , , , , , , , , , , , , , , , , , , , , , , , , , , , , , , , , , , , , , , , , 
