Time, (DWRT ATMO) Humidity, (DWRT ATMO) Pressure, (DWRT ATMO) Temperature 1, (DWRT ATMO) Temperature 2, (DWRT CPU) ????????????????????????????????????????????????????????????????, (DWRT CPU) Acceleration, (DWRT CPU) Correction Factor, (DWRT CPU) Distance, (DWRT CPU) Distance 1, (DWRT CPU) Engine RPM, (DWRT CPU) Force, (DWRT CPU) Force 1, (DWRT CPU) Force Drum 1, (DWRT CPU) Gear Ratio, (DWRT CPU) Inductive 1 Signal Strength, (DWRT CPU) Internal Temp 1, (DWRT CPU) Internal Temp 2, (DWRT CPU) LC1 Volts Petrol AFR, (DWRT CPU) LC2 Volts Petrol AFR2, (DWRT CPU) Link 0 Status, (DWRT CPU) Link 1 Status, (DWRT CPU) Power, (DWRT CPU) Power (uncorrected), (DWRT CPU) Power Drum 1, (DWRT CPU) Power Drum 1 (uncorrected), (DWRT CPU) Sampling, (DWRT CPU) Speed, (DWRT CPU) Speed 1, (DWRT CPU) TCP RX kB/s, (DWRT CPU) TCP TX kB/s, (DWRT CPU) Torque, (DWRT CPU) Torque (uncorrected), (DWRT CPU) Torque Drum 1, (DWRT CPU) Torque Drum 1 (uncorrected), (DWRT CPU) UDP RX kB/s, (DWRT CPU) User Analog 1, (DWRT CPU) User Analog 2, (DWRT CPU) User Analog 3, (DWRT CPU) User Analog 4, (Gen) Sampling, (Gen) Sampling Duration, (Harley - ECU Type 14 SW Level 141) Accel Enrichment, (Harley - ECU Type 14 SW Level 141) Decel Enleanment, (Harley - ECU Type 14 SW Level 141) Desired Air/Fuel, (Harley - ECU Type 14 SW Level 141) Engine Speed, (Harley - ECU Type 14 SW Level 141) Engine Temperature, (Harley - ECU Type 14 SW Level 141) Front Adaptive Fuel Factor, (Harley - ECU Type 14 SW Level 141) Front Closed Loop Integrator, (Harley - ECU Type 14 SW Level 141) Front Spark Knock Retard, (Harley - ECU Type 14 SW Level 141) Idle Air Control Motor Position, (Harley - ECU Type 14 SW Level 141) Injector Time Front, (Harley - ECU Type 14 SW Level 141) Injector Time Rear, (Harley - ECU Type 14 SW Level 141) Intake Air Temperature, (Harley - ECU Type 14 SW Level 141) Manifold Absolute Pressure, (Harley - ECU Type 14 SW Level 141) Rear Adaptive Fuel Factor, (Harley - ECU Type 14 SW Level 141) Rear Closed Loop Integrator, (Harley - ECU Type 14 SW Level 141) Rear Spark Knock Retard, (Harley - ECU Type 14 SW Level 141) Spark Advance Front, (Harley - ECU Type 14 SW Level 141) Spark Advance Rear, (Harley - ECU Type 14 SW Level 141) Throttle Position, (Harley - ECU Type 14 SW Level 141) Throttle Position Sensor Voltage, (Harley - ECU Type 14 SW Level 141) VE Front, (Harley - ECU Type 14 SW Level 141) VE New Front, (Harley - ECU Type 14 SW Level 141) VE New Rear, (Harley - ECU Type 14 SW Level 141) VE Rear, (Harley - ECU Type 14 SW Level 141) Vehicle Speed, (Harley - ECU Type 14 SW Level 141) WBO2 AFR Front, (Harley - ECU Type 14 SW Level 141) WBO2 AFR Rear, (PV) Accel Enrichment, (PV) AT Lambda 1, (PV) AT Lambda 2, (PV) Battery Voltage, (PV) Decel Enleanment, (PV) Desired Air/Fuel, (PV) Desired Lambda, (PV) Engine Speed, (PV) Engine Temperature, (PV) Front Adaptive Fuel Factor, (PV) Front Closed Loop Integrator, (PV) Front Spark Knock Retard, (PV) Idle Air Control Motor Position, (PV) Idle Set Speed, (PV) Injector Time Front, (PV) Injector Time Rear, (PV) Intake Air Temperature, (PV) Manifold Absolute Pressure, (PV) Rear Adaptive Fuel Factor, (PV) Rear Closed Loop Integrator, (PV) Rear Spark Knock Retard, (PV) Software Level, (PV) Spark Advance Front, (PV) Spark Advance Rear, (PV) Throttle Position, (PV) Throttle Position Sensor, (PV) Twistgrip Position, (PV) VE Front, (PV) VE New Front, (PV) VE New Rear, (PV) VE Rear, (PV) Vehicle Speed, (PV) Warm-up Fuel AFR (Lambda), (PV) Warm-up Fuel AFR (Ratio), (PV) WBO2 AFR Front, (PV) WBO2 AFR Rear, 
0, , , , , , -1.854, , , , , -42.45, -42.45, -42.45, , , , , , , , , , , , , , , , , , , , , , , , , , , , , , , , , , , , , , , , , , , , , , , , , , , , , , , , , , , , , , , , , , , , , , , , , , , , , , , , , , , , , , , , , , , , 
0.05, , , , , , -1.712, , , , , -39.07, -39.07, -39.07, , , , , , , , , , , , , , , , , , , , , , , , , , , 1, 0.042, , , , , , , , , , , , , , , , , , , , , , , , , , , , , , , , , , , , , , , , , , , , , , , , , , , , , , , , , , , , , , , , 
0.1, , , , , , -1.569, , , , , -35.69, -35.69, -35.69, , 80.456, , , , , 0, 0, , , , , 1, 24.624, 24.624, 0.025, 0.278, , , , , 4.239, , , , , 1, 0.117, , , , , , , , , , , , , , , , , , , , , , , , , , , , , , , , , , , , , , , , , , , , , , , , , , , , , , , , , , , , , , , , 
0.15, , , , , , -1.481, , 3.843, 3.843, , -33.599, -33.599, -33.599, , 64.116, , , 7.379, 13.895, 0, 0, -1.668, -1.721, -1.668, -1.721, 1, 24.531, 24.531, 0.025, 0.278, , , , , 4.273, 7.379, 13.895, , , 1, 0.192, , , , , , , , , , , , , , , , , , , , , , , , , , , , , , , , , , , , , , , , , , , , , , , , , , , , , , , , , , , , , , , , 
0.2, , , , , , -1.468, , 7.435, 7.435, , -33.288, -33.288, -33.288, , 47.775, , , 7.377, 13.696, 0, 0, -1.855, -1.913, -1.855, -1.913, 1, 24.441, 24.441, 0.025, 0.278, , , , , 4.306, 7.377, 13.696, , , 1, 0.266, , , , , , , , , , , , , , , , , , , , , , , , , , , , , , , , , , , , , , , , , , , , , , , , , , , , , , , , , , , , , , , , 
0.25, , , , , , -1.454, , 11.027, 11.027, 1.647, -32.976, -32.976, -32.976, , 50.77, 35.572, 35.684, 7.377, 13.426, 0, 0, -2.041, -2.105, -2.041, -2.105, 1, 24.368, 24.368, 0.025, 0.278, , , , , 4.34, 7.377, 13.426, , , 1, 0.328, 0, 0, 14.4, 1.647, 167, 0, 0, 0, 38.072, 4.239, 4.147, 114.8, 32.385, 100, 0, 0, 18.892, 18.892, 2, 0.639, 90, 0, 0, 97.5, 24.761, 0, 0, 0, 0, 0, 14, 0, 14.4, 0, 1.647, 167, 0, 0, 0, 38.072, 1, 0.004, 0.004, 114.8, 32.385, 100, 0, 0, 141, 18.892, 18.892, 2, 0.639, 0, 90, 0, 0, 97.5, 24.761, 0, 0, 0, 0, 
0.3, , , , , , -1.424, , 13.147, 13.147, 1.65, -32.258, -32.258, -32.258, , 58.966, 35.464, 36.008, 7.377, 13.132, 0, 0, -2.028, -2.091, -2.028, -2.091, 1, 24.295, 24.295, 0.025, 0.277, -6.443, -6.639, -6.443, -6.639, 4.348, 7.377, 13.132, , , 1, 0.378, 0, 0, 14.4, 1.65, 167, 0, 0, 0, 38.172, 4.279, 4.171, 114.8, 32.311, 100, 0, 0, 18.742, 18.742, 2, 0.637, 90, 0, 0, 97.5, 24.637, 0, 0, 0, 0, 0, 14, 0, 14.4, 0, 1.65, 167, 0, 0, 0, 38.172, 1, 0.004, 0.004, 114.8, 32.311, 100, 0, 0, 141, 18.742, 18.742, 2, 0.637, 0, 90, 0, 0, 97.5, 24.637, 0, 0, 0, 0, 
0.35, , , , , , -1.39, , 14.943, 14.943, 1.653, -31.451, -31.451, -31.451, 68.001, 59.825, 35.356, 36.332, 7.377, 12.919, 0, 0, -1.971, -2.032, -1.971, -2.032, 1, 24.224, 24.224, 0.025, 0.277, -6.258, -6.448, -6.258, -6.448, 4.336, 7.377, 12.919, , , 1, 0.428, 0, 0, 14.4, 1.653, 167, 0, 0, 0, 38.272, 4.319, 4.195, 114.8, 32.237, 100, 0, 0, 18.592, 18.592, 2, 0.635, 90, 0, 0, 97.5, 24.513, 0, 0, 0, 0, 0, 14, 0, 14.4, 0, 1.653, 167, 0, 0, 0, 38.272, 1, 0.004, 0.004, 114.8, 32.237, 100, 0, 0, 141, 18.592, 18.592, 2, 0.635, 0, 90, 0, 0, 97.5, 24.513, 0, 0, 0, 0, 
0.4, , , , , , -1.261, , 16.733, 16.733, 1.656, -28.39, -28.39, -28.39, 68.348, 60.684, 35.248, 36.656, 7.377, 12.738, 0, 0, -1.774, -1.829, -1.774, -1.829, 1, 24.156, 24.156, 0.025, 0.276, -5.631, -5.801, -5.631, -5.801, 4.325, 7.377, 12.738, , , 1, 0.478, 0, 0, 14.4, 1.656, 167, 0, 0, 0, 38.372, 4.359, 4.219, 114.8, 32.163, 100, 0, 0, 18.442, 18.442, 2, 0.633, 90, 0, 0, 97.5, 24.389, 0, 0, 0, 0, 0, 14, 0, 14.4, 0, 1.656, 167, 0, 0, 0, 38.372, 1, 0.004, 0.004, 114.8, 32.163, 100, 0, 0, 141, 18.442, 18.442, 2, 0.633, 0, 90, 0, 0, 97.5, 24.389, 0, 0, 0, 0, 
0.45, , , , , , -0.752, , 18.502, 18.502, 1.659, -16.313, -16.313, -16.313, 68.695, 61.543, 35.14, 36.98, 7.377, 12.584, 0, 0, -1.018, -1.051, -1.018, -1.051, 1, 24.087, 24.087, 0.025, 0.275, -3.236, -3.334, -3.236, -3.334, 4.313, 7.377, 12.584, , , 1, 0.528, 0, 0, 14.4, 1.659, 167, 0, 0, 0, 38.472, 4.399, 4.243, 114.8, 32.089, 100, 0, 0, 18.292, 18.292, 2, 0.631, 90, 0, 0, 97.5, 24.265, 0, 0, 0, 0, 0, 14, 0, 14.4, 0, 1.659, 167, 0, 0, 0, 38.472, 1, 0.004, 0.004, 114.8, 32.089, 100, 0, 0, 141, 18.292, 18.292, 2, 0.631, 0, 90, 0, 0, 97.5, 24.265, 0, 0, 0, 0, 
0.5, , , , , , -0.243, , 20.271, 20.271, 1.661, -4.237, -4.237, -4.237, 68.81, 62.403, 35.023, 37.145, 7.377, 12.443, 0, 0, -0.262, -0.272, -0.262, -0.272, 1, 24.078, 24.078, 0.025, 0.274, -0.841, -0.866, -0.841, -0.866, 4.31, 7.377, 12.443, , , 1, 0.578, 0.521, 0, 14.248, 1.661, 167, 0, 0, 0, 40.691, 5.924, 5.523, 114.8, 37.567, 100, 0, 0, 18.524, 18.72, 6.485, 0.854, 89.519, 0, 0, 96.179, 24.376, 0, 0, 0.521, 0, 0, 14, 0, 14.248, 0, 1.661, 167, 0, 0, 0, 40.691, 1, 0.006, 0.005, 114.8, 37.567, 100, 0, 0, 141, 18.524, 18.72, 6.485, 0.854, 0, 89.519, 0, 0, 96.179, 24.376, 0, 0, 0, 0, 
0.55, , , , , , 1.912, , 22.032, 22.032, 1.663, 46.875, 46.875, 46.875, 68.898, 63.262, 34.879, 36.857, 7.377, 12.358, 0, 0, 3.049, 3.139, 3.049, 3.139, 1, 24.076, 24.076, 0.025, 0.274, 9.607, 9.897, 9.607, 9.897, 4.314, 7.377, 12.358, , , 1, 0.629, 1.224, 0, 14.042, 1.663, 167, 0, 0, 0, 43.735, 8.026, 7.29, 114.8, 44.996, 100, 0, 0, 18.904, 19.372, 12.545, 1.165, 88.87, 0, 0, 94.393, 24.58, 0, 0, 1.224, 0, 0, 14, 0, 14.042, 0, 1.663, 167, 0, 0, 0, 43.735, 1, 0.008, 0.007, 114.8, 44.996, 100, 0, 0, 141, 18.904, 19.372, 12.545, 1.165, 0, 88.87, 0, 0, 94.393, 24.58, 0, 0, 0, 0, 
0.6, , , , , , 5.257, , 23.788, 23.788, 1.664, 126.255, 126.255, 126.255, 68.714, 64.121, 34.735, 36.569, 7.377, 12.3, 0, 0, 8.21, 8.457, 8.21, 8.457, 1, 24.177, 24.177, 0.025, 0.273, 25.888, 26.668, 25.888, 26.668, 4.317, 7.377, 12.3, , , 1, 0.679, 1.927, 0, 13.837, 1.664, 167, 0, 0, 0, 46.778, 10.128, 9.057, 114.8, 52.424, 100, 0, 0, 19.285, 20.024, 18.606, 1.476, 88.221, 0, 0, 92.607, 24.783, 0, 0, 1.927, 0, 0, 14, 0, 13.837, 0, 1.664, 167, 0, 0, 0, 46.778, 1, 0.01, 0.009, 114.8, 52.424, 100, 0, 0, 141, 19.285, 20.024, 18.606, 1.476, 0, 88.221, 0, 0, 92.607, 24.783, 0, 0, 0, 0, 
0.65, , 100.58, 62.469, , , 8.603, 0.971, 25.544, 25.544, 1.666, 205.635, 205.635, 205.635, 67.669, 64.98, 34.591, 36.281, 7.377, 12.251, 0, 0, 13.372, 13.775, 13.372, 13.775, 1, 24.603, 24.603, 0.025, 0.273, 42.168, 43.438, 42.168, 43.438, 4.321, 7.377, 12.251, , , 1, 0.729, 2.631, 0, 13.631, 1.666, 167, 0, 0, 0, 49.822, 12.23, 10.825, 114.8, 59.853, 100, 0, 0, 19.665, 20.676, 24.667, 1.786, 87.571, 0, 0, 90.821, 24.986, 0, 0, 2.631, 0, 0, 14, 0, 13.631, 0, 1.666, 167, 0, 0, 0, 49.822, 1, 0.012, 0.01, 114.8, 59.853, 100, 0, 0, 141, 19.665, 20.676, 24.667, 1.786, 0, 87.571, 0, 0, 90.821, 24.986, 0, 0, 0, 0, 
0.7, , 100.58, 62.466, , , 11.81, 0.971, 28.125, 28.125, 1.67, 281.723, 281.723, 281.723, 66.623, 65.839, 34.447, 35.993, 7.377, 12.208, 0, 0, 19.124, 19.7, 19.124, 19.7, 1, 25.03, 25.03, 0.025, 0.272, 59.577, 61.374, 59.577, 61.374, 4.324, 7.377, 12.208, , , 1, 0.779, 3.269, 0, 13.424, 1.67, 167, 0, 0, 0, 52.87, 14.281, 12.586, 114.8, 67.315, 100, 0, 0, 20.062, 21.339, 31.342, 2.112, 87.034, 0, 0, 89.147, 25.25, 0, 0, 3.269, 0, 0, 14, 0, 13.424, 0, 1.67, 167, 0, 0, 0, 52.87, 1, 0.014, 0.012, 114.8, 67.315, 100, 0, 0, 141, 20.062, 21.339, 31.342, 2.112, 0, 87.034, 0, 0, 89.147, 25.25, 0, 0, 0, 0, 
0.75, , 100.579, 62.462, , , 15.004, 0.971, 30.779, 30.779, 1.694, 357.524, 357.524, 357.524, 65.087, 66.698, 34.387, 35.705, 7.377, 12.144, 0, 0, 24.927, 25.678, 24.927, 25.678, 1, 25.915, 25.915, 0.025, 0.272, 77.085, 79.412, 77.085, 79.412, 4.327, 7.377, 12.144, , , 1, 0.829, 3.424, 0, 13.207, 1.694, 167, 0, 0, 0, 55.952, 15.957, 14.302, 114.8, 75.024, 100, 0, 0, 20.575, 22.081, 42.53, 2.545, 87.32, 0, 0, 88.291, 25.96, 0, 0, 3.424, 0, 0, 14, 0, 13.207, 0, 1.694, 167, 0, 0, 0, 55.952, 1, 0.016, 0.014, 114.8, 75.024, 100, 0, 0, 141, 20.575, 22.081, 42.53, 2.545, 0, 87.32, 0, 0, 88.291, 25.96, 0, 0, 0, 0, 
0.8, , 100.579, 62.458, , , 17.168, 0.971, 33.229, 33.229, 1.718, 408.853, 408.853, 408.853, 63.224, 67.557, 34.567, 35.417, 7.377, 12.069, 0, 0, 29.141, 30.02, 29.141, 30.02, 1, 27.107, 27.107, 0.025, 0.272, 89.352, 92.05, 89.352, 92.05, 4.33, 7.377, 12.069, , , 1, 0.879, 3.579, 0, 12.99, 1.718, 167, 0, 0, 0, 59.034, 17.633, 16.017, 114.8, 82.733, 100, 0, 0, 21.089, 22.823, 53.717, 2.977, 87.605, 0, 0, 87.435, 26.67, 0, 0, 3.579, 0, 0, 14, 0, 12.99, 0, 1.718, 167, 0, 0, 0, 59.034, 1, 0.018, 0.016, 114.8, 82.733, 100, 0, 0, 141, 21.089, 22.823, 53.717, 2.977, 0, 87.605, 0, 0, 87.435, 26.67, 0, 0, 0, 0, 
0.85, , 100.578, 62.454, , , 17.328, 0.971, 35.159, 35.159, 1.742, 412.675, 412.675, 412.675, 61.437, 68.416, 34.747, 35.129, 7.377, 11.974, 0, 0, 30.272, 31.185, 30.272, 31.185, 1, 28.276, 28.276, 0.025, 0.272, 91.444, 94.205, 91.444, 94.205, 4.332, 7.377, 11.974, , , 1, 0.928, 3.734, 0, 12.773, 1.742, 167, 0, 0, 0, 62.116, 19.308, 17.733, 114.8, 90.442, 100, 0, 0, 21.603, 23.565, 64.904, 3.41, 87.89, 0, 0, 86.579, 27.38, 0, 0, 3.734, 0, 0, 14, 0, 12.773, 0, 1.742, 167, 0, 0, 0, 62.116, 1, 0.019, 0.017, 114.8, 90.442, 100, 0, 0, 141, 21.603, 23.565, 64.904, 3.41, 0, 87.89, 0, 0, 86.579, 27.38, 0, 0, 0, 0, 
0.9, , 100.578, 62.45, , , 17.489, 0.971, 37.088, 37.088, 1.766, 416.498, 416.498, 416.498, 60.839, 69.275, 34.927, 34.841, 7.377, 11.865, 0, 0, 31.404, 32.35, 31.404, 32.35, 1, 29.095, 29.095, 0.025, 0.273, 93.537, 96.361, 93.537, 96.361, 4.336, 7.377, 11.865, , , 1, 0.978, 3.89, 0, 12.556, 1.766, 167, 0, 0, 0, 65.199, 20.984, 19.449, 114.8, 98.151, 100, 0, 0, 22.116, 24.307, 76.091, 3.843, 88.176, 0, 0, 85.723, 28.09, 0, 0, 3.89, 0, 0, 14, 0, 12.556, 0, 1.766, 167, 0, 0, 0, 65.199, 1, 0.021, 0.019, 114.8, 98.151, 100, 0, 0, 141, 22.116, 24.307, 76.091, 3.843, 0, 88.176, 0, 0, 85.723, 28.09, 0, 0, 0, 0, 
0.95, , 100.578, 62.447, , , 17.589, 0.971, 39.135, 39.135, 1.787, 418.891, 418.891, 418.891, 60.241, 70.135, 35.107, 34.553, 7.377, 11.819, 0, 0, 32.474, 33.454, 32.474, 33.454, 1, 29.914, 29.914, 0.025, 0.273, 94.611, 97.466, 94.611, 97.466, 4.342, 7.377, 11.819, , , 1, 1.028, 3.517, 0, 12.5, 1.787, 167, 0, 0, 0, 66, 21.05, 19.802, 114.8, 100.066, 100, 0, 0, 22.29, 24.5, 82.378, 4.031, 88.934, 0, 0, 86.224, 28.625, 0, 0, 3.517, 0, 0, 14, 0, 12.5, 0, 1.787, 167, 0, 0, 0, 66, 1, 0.021, 0.019, 114.8, 100.066, 100, 0, 0, 141, 22.29, 24.5, 82.378, 4.031, 0, 88.934, 0, 0, 86.224, 28.625, 0, 0, 0, 0, 
1, , 100.577, 62.443, , , 17.683, 0.971, 41.202, 41.202, 1.808, 421.126, 421.126, 421.126, 59.928, 70.994, 35.259, 34.406, 7.377, 11.82, 0, 0, 33.537, 34.552, 33.537, 34.552, 1, 30.746, 30.746, 0.025, 0.274, 95.571, 98.454, 95.571, 98.454, 4.347, 7.377, 11.82, , , 1, 1.078, 2.958, 0, 12.5, 1.808, 167, 0, 0, 0, 66, 20.55, 19.677, 114.8, 99.945, 100, 0, 0, 22.345, 24.5, 86.943, 4.135, 89.858, 0, 0, 87.202, 29.098, 0, 0, 2.958, 0, 0, 14, 0, 12.5, 0, 1.808, 167, 0, 0, 0, 66, 1, 0.021, 0.019, 114.8, 99.945, 100, 0, 0, 141, 22.345, 24.5, 86.943, 4.135, 0, 89.858, 0, 0, 87.202, 29.098, 0, 0, 0, 0, 
1.05, , 100.577, 62.439, , , 17.304, 0.971, 43.35, 43.35, 1.829, 412.152, 412.152, 412.152, 59.726, 71.853, 35.331, 34.658, 7.377, 11.914, 0, 0, 33.615, 34.633, 33.615, 34.633, 1, 31.582, 31.582, 0.025, 0.274, 93.776, 96.605, 93.776, 96.605, 4.352, 7.377, 11.914, , , 1, 1.128, 2.399, 0, 12.5, 1.829, 167, 0, 0, 0, 66, 20.05, 19.552, 114.8, 99.824, 100, 0, 0, 22.399, 24.5, 91.509, 4.238, 90.782, 0, 0, 88.18, 29.571, 0, 0, 2.399, 0, 0, 14, 0, 12.5, 0, 1.829, 167, 0, 0, 0, 66, 1, 0.02, 0.019, 114.8, 99.824, 100, 0, 0, 141, 22.399, 24.5, 91.509, 4.238, 0, 90.782, 0, 0, 88.18, 29.571, 0, 0, 0, 0, 
1.1, 23.639, 100.577, 62.435, 63.119, , 16.66, 0.971, 45.552, 45.552, 1.85, 396.874, 396.874, 396.874, 59.658, 72.712, 35.403, 34.91, 7.377, 12.081, 0, 0, 33.139, 34.142, 33.139, 34.142, 1, 32.39, 32.39, 0.025, 0.275, 90.432, 93.16, 90.432, 93.16, 4.358, 7.377, 12.081, , , 1, 1.178, 1.84, 0, 12.5, 1.85, 167, 0, 0, 0, 66, 19.55, 19.427, 114.8, 99.704, 100, 0, 0, 22.453, 24.5, 96.074, 4.341, 91.705, 0, 0, 89.159, 30.043, 0, 0, 1.84, 0, 0, 14, 0, 12.5, 0, 1.85, 167, 0, 0, 0, 66, 1, 0.019, 0.019, 114.8, 99.704, 100, 0, 0, 141, 22.453, 24.5, 96.074, 4.341, 0, 91.705, 0, 0, 89.159, 30.043, 0, 0, 0, 0, 
1.15, 23.638, 100.576, 62.431, 63.117, , 15.101, 0.971, 47.83, 47.83, 1.879, 359.91, 359.91, 359.91, 59.704, 73.571, 35.475, 35.162, 7.377, 12.278, 0, 0, 30.599, 31.526, 30.599, 31.526, 1, 33.175, 33.175, 0.025, 0.275, 82.019, 84.494, 82.019, 84.494, 4.364, 7.377, 12.278, , , 1, 1.228, 1.322, 0.037, 12.521, 1.879, 167, 0, 0, 0, 65.888, 18.851, 19.036, 114.8, 98.526, 100, 0, 0, 22.563, 24.521, 98.6, 4.43, 92.353, 0, 0, 89.972, 30.572, 0, 0, 1.322, 0, 0, 14, 0.037, 12.521, 0, 1.879, 167, 0, 0, 0, 65.888, 1, 0.019, 0.019, 114.8, 98.526, 100, 0, 0, 141, 22.563, 24.521, 98.6, 4.43, 0, 92.353, 0, 0, 89.972, 30.572, 0, 0, 0, 0, 
1.2, 23.637, 100.576, 62.428, 63.115, , 12.699, 0.971, 50.189, 50.189, 1.954, 302.928, 302.928, 302.928, 59.962, 74.43, 35.547, 35.414, 7.377, 12.5, 0, 0, 26.154, 26.948, 26.154, 26.948, 1, 33.849, 33.849, 0.025, 0.275, 68.927, 71.007, 68.927, 71.007, 4.37, 7.377, 12.5, , , 1, 1.278, 1.05, 0.298, 12.671, 1.954, 167, 0, 0, 0, 65.088, 16.929, 17.011, 114.8, 90.85, 100, 0, 0, 23.013, 24.671, 88.6, 4.43, 91.303, 0, 0, 89.772, 31.442, 0, 0, 1.05, 0, 0, 14, 0.298, 12.671, 0, 1.954, 167, 0, 0, 0, 65.088, 1, 0.017, 0.017, 114.8, 90.85, 100, 0, 0, 141, 23.013, 24.671, 88.6, 4.43, 0, 91.303, 0, 0, 89.772, 31.442, 0, 0, 0, 0, 
1.25, 23.636, 100.575, 62.424, 63.113, , 9.487, 0.971, 52.597, 52.597, 2.03, 226.74, 226.74, 226.74, 60.433, 75.289, 35.581, 35.6, 7.377, 12.64, 0, 0, 19.806, 20.408, 19.806, 20.408, 1, 34.415, 34.415, 0.025, 0.276, 51.638, 53.196, 51.638, 53.196, 4.376, 7.377, 12.64, , , 1, 1.328, 0.778, 0.559, 12.821, 2.03, 167, 0, 0, 0, 64.288, 15.007, 14.986, 114.8, 83.176, 100, 0, 0, 23.463, 24.821, 78.6, 4.43, 90.253, 0, 0, 89.572, 32.312, 0, 0, 0.778, 0, 0, 14, 0.559, 12.821, 0, 2.03, 167, 0, 0, 0, 64.288, 1, 0.015, 0.015, 114.8, 83.176, 100, 0, 0, 141, 23.463, 24.821, 78.6, 4.43, 0, 90.253, 0, 0, 89.572, 32.312, 0, 0, 0, 0, 
1.3, 23.635, 100.575, 62.42, 63.111, , 5.528, 0.971, 55.055, 55.055, 2.105, 132.825, 132.825, 132.825, 61.225, 76.148, 35.509, 35.6, 7.377, 12.703, 0, 0, 11.703, 12.059, 11.703, 12.059, 1, 34.777, 34.777, 0.025, 0.276, 30.475, 31.395, 30.475, 31.395, 4.383, 7.377, 12.703, , , 1, 1.378, 0.506, 0.82, 12.971, 2.105, 167, 0, 0, 0, 63.488, 13.085, 12.961, 114.8, 75.5, 100, 0, 0, 23.913, 24.971, 68.6, 4.43, 89.203, 0, 0, 89.372, 33.182, 0, 0, 0.506, 0, 0, 14, 0.82, 12.971, 0, 2.105, 167, 0, 0, 0, 63.488, 1, 0.013, 0.013, 114.8, 75.5, 100, 0, 0, 141, 23.913, 24.971, 68.6, 4.43, 0, 89.203, 0, 0, 89.372, 33.182, 0, 0, 0, 0, 
1.35, 23.634, 100.575, 62.416, 63.109, , 2.143, 0.971, 57.577, 57.577, 2.181, 52.516, 52.516, 52.516, 62.27, 77.007, 35.437, 35.6, 7.377, 12.645, 0, 0, 4.647, 4.79, 4.647, 4.79, 1, 34.979, 34.979, 0.025, 0.276, 12.498, 12.874, 12.498, 12.874, 4.397, 7.377, 12.645, , , 1, 1.428, 0.234, 1.081, 13.121, 2.181, 167, 0, 0, 0, 62.688, 11.163, 10.936, 114.8, 67.826, 100, 0, 0, 24.363, 25.121, 58.6, 4.43, 88.153, 0, 0, 89.172, 34.052, 0, 0, 0.234, 0, 0, 14, 1.081, 13.121, 0, 2.181, 167, 0, 0, 0, 62.688, 1, 0.011, 0.011, 114.8, 67.826, 100, 0, 0, 141, 24.363, 25.121, 58.6, 4.43, 0, 88.153, 0, 0, 89.172, 34.052, 0, 0, 0, 0, 
1.4, 23.632, 100.574, 62.412, 63.107, , -0.891, 0.971, 60.144, 60.144, 2.249, -19.453, -19.453, -19.453, 63.599, 77.866, 35.365, 35.6, 7.377, 12.468, 0, 0, -1.766, -1.816, -1.766, -1.816, 1, 34.985, 34.985, 0.025, 0.276, -3.528, -3.635, -3.528, -3.635, 4.413, 7.377, 12.468, , , 1, 1.478, 0, 1.298, 13.272, 2.249, 167, 0, 0, 0, 61.883, 9.271, 8.972, 114.8, 60.084, 100, 0, 0, 24.743, 25.228, 48.542, 4.317, 87.039, 0, 0, 88.869, 34.8, 0, 0, 0, 0, 0, 14, 1.298, 13.272, 0, 2.249, 167, 0, 0, 0, 61.883, 1, 0.009, 0.009, 114.8, 60.084, 100, 0, 0, 141, 24.743, 25.228, 48.542, 4.317, 0, 87.039, 0, 0, 88.869, 34.8, 0, 0, 0, 0, 
1.45, 23.631, 100.574, 62.409, 63.105, , -2.601, 0.971, 62.732, 62.732, 2.272, -60.039, -60.039, -60.039, 65.049, 78.726, 35.293, 35.6, 7.377, 12.231, 0, 0, -5.401, -5.564, -5.401, -5.564, 1, 34.906, 34.906, 0.025, 0.276, -12.24, -12.61, -12.24, -12.61, 4.428, 7.377, 12.231, , , 1, 1.528, 0, 1.244, 13.428, 2.272, 167, 0, 0, 0, 61.05, 7.562, 7.382, 114.8, 51.935, 100, 0, 0, 24.691, 25.072, 38.125, 3.512, 85.528, 0, 0, 87.931, 34.8, 0, 0, 0, 0, 0, 14, 1.244, 13.428, 0, 2.272, 167, 0, 0, 0, 61.05, 1, 0.007, 0.008, 114.8, 51.935, 100, 0, 0, 141, 24.691, 25.072, 38.125, 3.512, 0, 85.528, 0, 0, 87.931, 34.8, 0, 0, 0, 0, 
1.5, 23.63, 100.573, 62.405, 63.103, , -3.939, 0.971, 65.327, 65.327, 2.295, -91.772, -91.772, -91.772, 66.292, 79.585, 35.24, 35.6, 7.377, 11.93, 0, 0, -8.253, -8.505, -8.253, -8.505, 1, 34.719, 34.719, 0.025, 0.276, -18.89, -19.46, -18.89, -19.46, 4.444, 7.377, 11.93, , , 1, 1.579, 0, 1.191, 13.584, 2.295, 167, 0, 0, 0, 60.217, 5.854, 5.791, 114.8, 43.786, 100, 0, 0, 24.639, 24.916, 27.708, 2.707, 84.018, 0, 0, 86.994, 34.8, 0, 0, 0, 0, 0, 14, 1.191, 13.584, 0, 2.295, 167, 0, 0, 0, 60.217, 1, 0.006, 0.006, 114.8, 43.786, 100, 0, 0, 141, 24.639, 24.916, 27.708, 2.707, 0, 84.018, 0, 0, 86.994, 34.8, 0, 0, 0, 0, 
1.55, 23.629, 100.573, 62.401, 63.102, , -3.694, 0.971, 67.894, 67.894, 2.317, -85.96, -85.96, -85.96, 67.477, 80.444, 35.24, 35.6, 7.377, 11.71, 0, 0, -7.689, -7.924, -7.689, -7.924, 1, 34.519, 34.519, 0.025, 0.276, -17.422, -17.947, -17.422, -17.947, 4.454, 7.377, 11.71, , , 1, 1.629, 0, 1.138, 13.741, 2.317, 167, 0, 0, 0, 59.383, 4.146, 4.2, 114.8, 35.637, 100, 0, 0, 24.586, 24.759, 17.292, 1.902, 82.507, 0, 0, 86.056, 34.8, 0, 0, 0, 0, 0, 14, 1.138, 13.741, 0, 2.317, 167, 0, 0, 0, 59.383, 1, 0.004, 0.005, 114.8, 35.637, 100, 0, 0, 141, 24.586, 24.759, 17.292, 1.902, 0, 82.507, 0, 0, 86.056, 34.8, 0, 0, 0, 0, 
1.6, 23.628, 100.573, 62.397, 63.1, , -3.487, 0.971, 70.451, 70.451, 2.34, -81.047, -81.047, -81.047, 68.211, 81.303, 35.24, 35.6, 7.377, 11.584, 0, 0, -7.203, -7.425, -7.203, -7.425, 1, 34.344, 34.344, 0.025, 0.276, -16.145, -16.633, -16.145, -16.633, 4.463, 7.377, 11.584, , , 1, 1.679, 0, 1.085, 13.897, 2.34, 167, 0, 0, 0, 58.55, 2.437, 2.61, 114.8, 27.488, 100, 0, 0, 24.534, 24.603, 6.875, 1.097, 80.997, 0, 0, 85.119, 34.8, 0, 0, 0, 0, 0, 14, 1.085, 13.897, 0, 2.34, 167, 0, 0, 0, 58.55, 1, 0.002, 0.003, 114.8, 27.488, 100, 0, 0, 141, 24.534, 24.603, 6.875, 1.097, 0, 80.997, 0, 0, 85.119, 34.8, 0, 0, 0, 0, 
1.65, 23.627, 100.572, 62.393, 63.098, , -3.711, 0.971, 72.963, 72.963, 2.351, -86.361, -86.361, -86.361, 68.849, 82.162, 35.24, 35.6, 7.377, 11.642, 0, 0, -7.631, -7.865, -7.631, -7.865, 1, 34.164, 34.164, 0.025, 0.276, -17.064, -17.58, -17.064, -17.58, 4.472, 7.377, 11.642, , , 1, 1.729, 0, 0.983, 13.98, 2.351, 167, 0, 0, 0, 56.742, 1.372, 1.602, 114.678, 21.959, 100, 0, 0, 24.398, 24.398, 0, 0.55, 79.983, 0, 0, 84.5, 34.74, 0, 0, 0, 0, 0, 14, 0.983, 13.98, 0, 2.351, 167, 0, 0, 0, 56.742, 1, 0.001, 0.002, 114.678, 21.959, 100, 0, 0, 141, 24.398, 24.398, 0, 0.55, 0, 79.983, 0, 0, 84.5, 34.736, 0, 0, 0, 0, 
1.7, 23.626, 100.572, 62.39, 63.096, , -3.856, 0.971, 75.473, 75.473, 2.341, -89.824, -89.824, -89.824, 69.148, 83.021, 35.24, 35.6, 7.377, 11.934, 0, 0, -7.895, -8.136, -7.895, -8.136, 1, 33.968, 33.968, 0.025, 0.277, -17.641, -18.176, -17.641, -18.176, 4.481, 7.377, 11.934, , , 1, 1.778, 0, 0.785, 13.92, 2.341, 167, 0, 0, 0, 53.042, 1.554, 1.726, 114.318, 21.516, 100, 0, 0, 24.098, 24.098, 0, 0.55, 79.933, 0, 0, 84.5, 34.552, 0, 0, 0, 0, 0, 14, 0.785, 13.92, 0, 2.341, 167, 0, 0, 0, 53.042, 1, 0.001, 0.002, 114.318, 21.516, 100, 0, 0, 141, 24.098, 24.098, 0, 0.55, 0, 79.933, 0, 0, 84.5, 34.549, 0, 0, 0, 0, 
1.75, 23.624, 100.572, 62.386, 63.094, , -3.82, 0.971, 77.984, 77.984, 2.331, -88.969, -88.969, -88.969, 69.373, 83.88, 35.244, 35.591, 7.377, 12.468, 0, 0, -7.776, -8.013, -7.776, -8.013, 1, 33.775, 33.775, 0.025, 0.277, -17.422, -17.952, -17.422, -17.952, 4.49, 7.377, 12.468, , , 1, 1.829, 0, 0.587, 13.86, 2.331, 167, 0, 0, 0, 49.342, 1.736, 1.85, 113.958, 21.073, 100, 0, 0, 23.798, 23.798, 0, 0.55, 79.883, 0, 0, 84.5, 34.364, 0, 0, 0, 0, 0, 14, 0.587, 13.86, 0, 2.331, 167, 0, 0, 0, 49.342, 1, 0.001, 0.002, 113.958, 21.073, 100, 0, 0, 141, 23.798, 23.798, 0, 0.55, 0, 79.883, 0, 0, 84.5, 34.362, 0, 0, 0, 0, 
1.8, 23.623, 100.571, 62.382, 63.092, , -3.828, 0.971, 80.483, 80.483, 2.32, -89.168, -89.168, -89.168, 69.478, 84.739, 35.281, 35.517, 7.377, 13.334, 0, 0, -7.751, -7.985, -7.751, -7.985, 1, 33.585, 33.585, 0.025, 0.277, -17.432, -17.962, -17.432, -17.962, 4.498, 7.377, 13.334, , , 1, 1.879, 0, 0.389, 13.8, 2.32, 167, 0, 0, 0, 45.642, 1.918, 1.974, 113.598, 20.63, 100, 0, 0, 23.498, 23.498, 0, 0.55, 79.833, 0, 0, 84.5, 34.177, 0, 0, 0, 0, 0, 14, 0.389, 13.8, 0, 2.32, 167, 0, 0, 0, 45.642, 1, 0.002, 0.002, 113.598, 20.63, 100, 0, 0, 141, 23.498, 23.498, 0, 0.55, 0, 79.833, 0, 0, 84.5, 34.175, 0, 0, 0, 0, 
1.85, 23.622, 100.571, 62.378, 63.09, , -3.893, 0.971, 82.967, 82.967, 2.31, -90.709, -90.709, -90.709, 69.495, 85.598, 35.319, 35.443, 7.377, 14.36, 0, 0, -7.843, -8.079, -7.843, -8.079, 1, 33.391, 33.391, 0.025, 0.278, -17.731, -18.271, -17.731, -18.271, 4.506, 7.377, 14.36, , , 1, 1.928, 0, 0.191, 13.74, 2.31, 167, 0, 0, 0, 41.942, 2.1, 2.098, 113.238, 20.187, 100, 0, 0, 23.198, 23.198, 0, 0.55, 79.783, 0, 0, 84.5, 33.989, 0, 0, 0, 0, 0, 14, 0.191, 13.74, 0, 2.31, 167, 0, 0, 0, 41.942, 1, 0.002, 0.002, 113.238, 20.187, 100, 0, 0, 141, 23.198, 23.198, 0, 0.55, 0, 79.783, 0, 0, 84.5, 33.988, 0, 0, 0, 0, 
1.9, 23.621, 100.57, 62.374, 63.088, , -3.869, 0.971, 85.436, 85.436, 2.3, -90.129, -90.129, -90.129, 69.426, 86.458, 35.356, 35.369, 7.377, 15.648, 0, 0, -7.748, -7.98, -7.748, -7.98, 1, 33.192, 33.192, 0.025, 0.278, -17.638, -18.175, -17.638, -18.175, 4.514, 7.377, 15.648, , , 1, 1.979, 0, 0.056, 13.7, 2.3, 167, 0, 0, 0, 39.252, 2.219, 2.186, 113, 19.738, 100, 0, 0, 22.823, 22.823, 0, 0.55, 79.732, 0, 0, 84.5, 33.843, 0, 0, 0, 0, 0, 14, 0.056, 13.7, 0, 2.3, 167, 0, 0, 0, 39.252, 1, 0.002, 0.002, 113, 19.738, 100, 0, 0, 141, 22.823, 22.823, 0, 0.55, 0, 79.732, 0, 0, 84.5, 33.843, 0, 0, 0, 0, 
1.95, 23.62, 100.57, 62.371, 63.086, , -3.774, 0.971, 87.893, 87.893, 2.29, -87.884, -87.884, -87.884, 69.324, 87.317, 35.393, 35.295, 7.377, 16.96, 0, 0, -7.506, -7.731, -7.506, -7.731, 1, 32.999, 32.999, 0.025, 0.278, -17.237, -17.761, -17.237, -17.761, 4.52, 7.377, 16.96, , , 1, 2.029, 0, 0.043, 13.7, 2.29, 167, 0, 0, 0, 38.523, 2.217, 2.202, 113, 19.277, 100, 0, 0, 22.302, 22.302, 0, 0.55, 79.68, 0, 0, 84.5, 33.777, 0, 0, 0, 0, 0, 14, 0.043, 13.7, 0, 2.29, 167, 0, 0, 0, 38.523, 1, 0.002, 0.002, 113, 19.277, 100, 0, 0, 141, 22.302, 22.302, 0, 0.55, 0, 79.68, 0, 0, 84.5, 33.777, 0, 0, 0, 0, 
2, 23.619, 100.57, 62.373, 63.084, , -3.708, 0.971, 90.334, 90.334, 2.28, -86.316, -86.316, -86.316, 69.2, 88.176, 35.42, 35.231, 7.377, 18.317, 0, 0, -7.329, -7.55, -7.329, -7.55, 1, 32.81, 32.81, 0.025, 0.278, -16.956, -17.47, -16.956, -17.47, 4.525, 7.377, 18.317, , , 1, 2.078, 0, 0.031, 13.7, 2.28, 167, 0, 0, 0, 37.794, 2.215, 2.219, 113, 18.815, 100, 0, 0, 21.781, 21.781, 0, 0.55, 79.628, 0, 0, 84.5, 33.711, 0, 0, 0, 0, 0, 14, 0.031, 13.7, 0, 2.28, 167, 0, 0, 0, 37.794, 1, 0.002, 0.002, 113, 18.815, 100, 0, 0, 141, 21.781, 21.781, 0, 0.55, 0, 79.628, 0, 0, 84.5, 33.711, 0, 0, 0, 0, 
2.05, 23.618, 100.571, 62.377, 63.083, , -3.656, 0.971, 92.767, 92.767, 2.27, -85.098, -85.098, -85.098, 69.132, 89.035, 35.42, 35.195, 7.377, 19.546, 0, 0, -7.187, -7.404, -7.187, -7.404, 1, 32.625, 32.625, 0.025, 0.278, -16.738, -17.244, -16.738, -17.244, 4.53, 7.377, 19.546, , , 1, 2.128, 0, 0.018, 13.7, 2.27, 167, 0, 0, 0, 37.065, 2.213, 2.236, 113, 18.354, 100, 0, 0, 21.26, 21.26, 0, 0.55, 79.576, 0, 0, 84.5, 33.646, 0, 0, 0, 0, 0, 14, 0.018, 13.7, 0, 2.27, 167, 0, 0, 0, 37.065, 1, 0.002, 0.002, 113, 18.354, 100, 0, 0, 141, 21.26, 21.26, 0, 0.55, 0, 79.576, 0, 0, 84.5, 33.646, 0, 0, 0, 0, 
2.1, 23.616, 100.571, 62.381, 63.081, , -1.347, 0.971, 95.162, 95.162, 2.261, -30.315, -30.315, -30.315, 69.087, 88.033, 35.42, 35.159, 7.377, 20.526, 0, 0, -2.525, -2.603, -2.525, -2.603, 1, 32.441, 32.441, 0.025, 0.278, -5.739, -5.912, -5.739, -5.912, 4.535, 7.377, 20.526, , , 1, 2.178, 0, 0.006, 13.7, 2.261, 167, 0, 0, 0, 36.335, 2.211, 2.252, 113, 17.892, 100, 0, 0, 20.74, 20.74, 0, 0.55, 79.524, 0, 0, 84.5, 33.58, 0, 0, 0, 0, 0, 14, 0.006, 13.7, 0, 2.261, 167, 0, 0, 0, 36.335, 1, 0.002, 0.002, 113, 17.892, 100, 0, 0, 141, 20.74, 20.74, 0, 0.55, 0, 79.524, 0, 0, 84.5, 33.58, 0, 0, 0, 0, 
2.15, 23.615, 100.571, 62.385, 63.079, , 1.84, 0.971, 97.545, 97.545, 2.27, 45.298, 45.298, 45.298, 68.867, 85.445, 35.42, 35.123, 7.377, 21.344, 0, 0, 3.894, 4.009, 3.894, 4.009, 1, 32.491, 32.491, 0.025, 0.277, 9.451, 9.737, 9.451, 9.737, 4.533, 7.377, 21.344, , , 1, 2.228, 0.084, 0, 13.635, 2.27, 167, 0, 0, 0, 37.62, 3.113, 3.101, 113, 22.243, 100, 0, 0, 20.77, 20.797, 5.4, 0.76, 80.067, 0, 0, 84.851, 33.618, 0, 0, 0.084, 0, 0, 14, 0, 13.635, 0, 2.27, 167, 0, 0, 0, 37.62, 1, 0.003, 0.003, 113, 22.243, 100, 0, 0, 141, 20.77, 20.797, 5.4, 0.76, 0, 80.067, 0, 0, 84.851, 33.618, 0, 0, 0, 0, 
2.2, 23.614, 100.572, 62.389, 63.077, , 5.437, 0.971, 99.927, 99.927, 2.296, 130.645, 130.645, 130.645, 68.592, 82.858, 35.42, 35.087, 7.377, 21.818, 0, 0, 11.356, 11.695, 11.356, 11.695, 1, 32.615, 32.615, 0.025, 0.277, 26.499, 27.3, 26.499, 27.3, 4.522, 7.377, 21.818, , , 1, 2.279, 0.24, 0, 13.515, 2.296, 167, 0, 0, 0, 40.62, 4.786, 4.659, 113, 30.693, 100, 0, 0, 21.27, 21.347, 15.4, 1.148, 81.117, 0, 0, 85.501, 33.742, 0, 0, 0.24, 0, 0, 14, 0, 13.515, 0, 2.296, 167, 0, 0, 0, 40.62, 1, 0.005, 0.004, 113, 30.693, 100, 0, 0, 141, 21.27, 21.347, 15.4, 1.148, 0, 81.117, 0, 0, 85.501, 33.742, 0, 0, 0, 0, 
2.25, 23.613, 100.572, 62.392, 63.075, , 9.15, 0.971, 102.31, 102.31, 2.321, 218.737, 218.737, 218.737, 68.467, 80.271, 35.439, 35.135, 7.377, 22.085, 0, 0, 19.111, 19.685, 19.111, 19.685, 1, 33.014, 33.014, 0.025, 0.276, 44.07, 45.402, 44.07, 45.402, 4.511, 7.377, 22.085, , , 1, 2.329, 0.396, 0, 13.395, 2.321, 167, 0, 0, 0, 43.62, 6.459, 6.217, 113, 39.143, 100, 0, 0, 21.77, 21.897, 25.4, 1.536, 82.167, 0, 0, 86.151, 33.868, 0, 0, 0.396, 0, 0, 14, 0, 13.395, 0, 2.321, 167, 0, 0, 0, 43.62, 1, 0.006, 0.006, 113, 39.143, 100, 0, 0, 141, 21.77, 21.897, 25.4, 1.536, 0, 82.167, 0, 0, 86.151, 33.868, 0, 0, 0, 0, 
2.3, 23.612, 100.573, 62.396, 63.073, , 12.677, 0.971, 104.673, 104.673, 2.347, 302.415, 302.415, 302.415, 68.379, 77.683, 35.511, 35.423, 7.377, 21.87, 0, 0, 26.707, 27.51, 26.707, 27.51, 1, 33.482, 33.482, 0.025, 0.276, 60.567, 62.394, 60.567, 62.394, 4.5, 7.377, 21.87, , , 1, 2.378, 0.552, 0, 13.275, 2.347, 167, 0, 0, 0, 46.62, 8.132, 7.775, 113, 47.593, 100, 0, 0, 22.27, 22.447, 35.4, 1.924, 83.217, 0, 0, 86.801, 33.992, 0, 0, 0.552, 0, 0, 14, 0, 13.275, 0, 2.347, 167, 0, 0, 0, 46.62, 1, 0.008, 0.008, 113, 47.593, 100, 0, 0, 141, 22.27, 22.447, 35.4, 1.924, 0, 83.217, 0, 0, 86.801, 33.992, 0, 0, 0, 0, 
2.35, 23.611, 100.573, 62.4, 63.071, , 16.163, 0.971, 107.031, 107.031, 2.373, 385.124, 385.124, 385.124, 68.451, 75.096, 35.583, 35.711, 7.377, 21.448, 0, 0, 34.268, 35.3, 34.268, 35.3, 1, 34.219, 34.219, 0.025, 0.275, 76.827, 79.142, 76.827, 79.142, 4.488, 7.377, 21.448, , , 1, 2.428, 0.708, 0, 13.155, 2.373, 167, 0, 0, 0, 49.62, 9.805, 9.333, 113, 56.043, 100, 0, 0, 22.77, 22.997, 45.4, 2.312, 84.267, 0, 0, 87.451, 34.118, 0, 0, 0.708, 0, 0, 14, 0, 13.155, 0, 2.373, 167, 0, 0, 0, 49.62, 1, 0.01, 0.009, 113, 56.043, 100, 0, 0, 141, 22.77, 22.997, 45.4, 2.312, 0, 84.267, 0, 0, 87.451, 34.118, 0, 0, 0, 0, 
2.4, 23.61, 100.573, 62.404, 63.07, , 17.02, 0.971, 109.452, 109.452, 2.407, 405.457, 405.457, 405.457, 68.557, 72.509, 35.655, 35.999, 7.377, 20.495, 0, 0, 36.817, 37.926, 36.817, 37.926, 1, 35.015, 35.015, 0.025, 0.274, 80.656, 83.086, 80.656, 83.086, 4.478, 7.377, 20.495, , , 1, 2.478, 0.876, 0, 13.026, 2.407, 167, 0, 0, 0, 52.841, 11.595, 11.006, 113, 65.07, 100, 0, 0, 23.307, 23.588, 56.136, 2.728, 85.394, 0, 0, 88.149, 34.404, 0, 0, 0.876, 0, 0, 14, 0, 13.026, 0, 2.407, 167, 0, 0, 0, 52.841, 1, 0.012, 0.011, 113, 65.07, 100, 0, 0, 141, 23.307, 23.588, 56.136, 2.728, 0, 85.394, 0, 0, 88.149, 34.404, 0, 0, 0, 0, 
2.45, 23.612, 100.574, 62.408, 63.072, , 17.448, 0.971, 111.885, 111.885, 2.448, 415.636, 415.636, 415.636, 68.51, 69.921, 35.727, 36.287, 7.377, 19.391, 0, 0, 38.551, 39.712, 38.551, 39.712, 1, 35.846, 35.846, 0.025, 0.273, 82.461, 84.946, 82.461, 84.946, 4.467, 7.377, 19.391, , , 1, 2.528, 1.053, 0, 12.89, 2.448, 167, 0, 0, 0, 56.25, 13.485, 12.777, 113, 74.588, 100, 0, 0, 23.875, 24.212, 67.5, 3.169, 86.588, 0, 0, 88.888, 34.828, 0, 0, 1.053, 0, 0, 14, 0, 12.89, 0, 2.448, 167, 0, 0, 0, 56.25, 1, 0.013, 0.013, 113, 74.588, 100, 0, 0, 141, 23.875, 24.212, 67.5, 3.169, 0, 86.588, 0, 0, 88.888, 34.828, 0, 0, 0, 0, 
2.5, 23.613, 100.574, 62.411, 63.073, , 17.247, 0.971, 114.466, 114.466, 2.49, 410.874, 410.874, 410.874, 68.428, 67.334, 35.771, 36.64, 7.377, 17.854, 0, 0, 38.98, 40.154, 38.98, 40.154, 1, 36.683, 36.683, 0.025, 0.273, 81.992, 84.463, 81.992, 84.463, 4.456, 7.377, 17.854, , , 1, 2.579, 1.23, 0, 12.754, 2.49, 167, 0, 0, 0, 59.659, 15.375, 14.547, 113, 84.106, 100, 0, 0, 24.443, 24.838, 78.864, 3.61, 87.781, 0, 0, 89.626, 35.252, 0, 0, 1.23, 0, 0, 14, 0, 12.754, 0, 2.49, 167, 0, 0, 0, 59.659, 1, 0.015, 0.015, 113, 84.106, 100, 0, 0, 141, 24.443, 24.838, 78.864, 3.61, 0, 87.781, 0, 0, 89.626, 35.252, 0, 0, 0, 0, 
2.55, 23.614, 100.575, 62.415, 63.074, , 17.04, 0.971, 117.071, 117.071, 2.531, 405.968, 405.968, 405.968, 67.647, 64.747, 35.735, 37.18, 7.377, 16.339, 0, 0, 39.396, 40.582, 39.396, 40.582, 1, 37.501, 37.501, 0.025, 0.272, 81.65, 84.111, 81.65, 84.111, 4.445, 7.377, 16.339, , , 1, 2.628, 1.408, 0, 12.617, 2.531, 167, 0, 0, 0, 63.068, 17.265, 16.317, 113, 93.624, 100, 0, 0, 25.011, 25.462, 90.227, 4.051, 88.974, 0, 0, 90.365, 35.675, 0, 0, 1.408, 0, 0, 14, 0, 12.617, 0, 2.531, 167, 0, 0, 0, 63.068, 1, 0.017, 0.016, 113, 93.624, 100, 0, 0, 141, 25.011, 25.462, 90.227, 4.051, 0, 88.974, 0, 0, 90.365, 35.675, 0, 0, 0, 0, 
2.6, 23.615, 100.575, 62.419, 63.075, , 16.956, 0.971, 119.755, 119.755, 2.566, 403.998, 403.998, 403.998, 66.579, 62.159, 35.699, 37.72, 7.378, 14.892, 0, 0, 40.055, 41.262, 40.055, 41.262, 1, 38.413, 38.413, 0.024, 0.272, 82.671, 85.164, 82.671, 85.164, 4.478, 7.378, 14.892, , , 1, 2.678, 1.523, 0, 12.5, 2.566, 167, 0, 0, 0, 66, 18.844, 17.845, 113, 101.8, 100, 0, 0, 25.539, 26.039, 100, 4.43, 89.987, 0, 0, 91.013, 36.169, 0, 0, 1.523, 0, 0, 14, 0, 12.5, 0, 2.566, 167, 0, 0, 0, 66, 1, 0.019, 0.018, 113, 101.8, 100, 0, 0, 141, 25.539, 26.039, 100, 4.43, 0, 89.987, 0, 0, 91.013, 36.169, 0, 0, 0, 0, 
2.65, 23.616, 100.575, 62.423, 63.076, , 16.908, 0.971, 123.023, 123.023, 2.559, 402.867, 402.867, 402.867, 64.6, 59.572, 35.663, 38.26, 7.378, 13.59, 0, 0, 40.965, 42.201, 40.965, 42.201, 1, 39.622, 39.622, 0.024, 0.272, 84.225, 86.767, 84.225, 86.767, 4.512, 7.378, 13.59, , , 1, 2.728, 1.26, 0, 12.5, 2.559, 167, 0, 0, 0, 66, 18.516, 17.878, 113, 101.732, 100, 0, 0, 25.817, 26.317, 100, 4.43, 89.894, 0, 0, 91.106, 37.089, 0, 0, 1.26, 0, 0, 14, 0, 12.5, 0, 2.559, 167, 0, 0, 0, 66, 1, 0.019, 0.018, 113, 101.732, 100, 0, 0, 141, 25.817, 26.317, 100, 4.43, 0, 89.894, 0, 0, 91.106, 37.089, 0, 0, 0, 0, 
2.7, 23.617, 100.576, 62.427, 63.077, , 16.912, 0.971, 127.242, 127.242, 2.553, 402.992, 402.992, 402.992, 63.233, 56.984, 35.627, 38.8, 7.38, 12.798, 0, 0, 42.254, 43.528, 42.254, 43.528, 1, 40.612, 40.612, 0.024, 0.272, 86.581, 89.193, 86.581, 89.193, 4.546, 7.38, 12.798, , , 1, 2.778, 0.997, 0, 12.5, 2.553, 167, 0, 0, 0, 66, 18.189, 17.911, 113, 101.663, 100, 0, 0, 26.094, 26.594, 100, 4.43, 89.802, 0, 0, 91.198, 38.01, 0, 0, 0.997, 0, 0, 14, 0, 12.5, 0, 2.553, 167, 0, 0, 0, 66, 1, 0.018, 0.018, 113, 101.663, 100, 0, 0, 141, 26.094, 26.594, 100, 4.43, 0, 89.802, 0, 0, 91.198, 38.01, 0, 0, 0, 0, 
2.75, 23.618, 100.576, 62.43, 63.078, , 16.979, 0.971, 130.5, 130.5, 2.546, 404.59, 404.59, 404.59, 62.387, 54.397, 35.488, 39.041, 7.381, 12.121, 0, 0, 43.399, 44.708, 43.399, 44.708, 1, 41.417, 41.417, 0.024, 0.272, 88.213, 90.875, 88.213, 90.875, 4.58, 7.381, 12.121, , , 1, 2.828, 0.734, 0, 12.5, 2.546, 167, 0, 0, 0, 66, 17.861, 17.945, 113, 101.595, 100, 0, 0, 26.372, 26.872, 100, 4.43, 89.709, 0, 0, 91.291, 38.93, 0, 0, 0.734, 0, 0, 14, 0, 12.5, 0, 2.546, 167, 0, 0, 0, 66, 1, 0.018, 0.018, 113, 101.595, 100, 0, 0, 141, 26.372, 26.872, 100, 4.43, 0, 89.709, 0, 0, 91.291, 38.93, 0, 0, 0, 0, 
2.8, 23.62, 100.576, 62.434, 63.08, , 17.073, 0.971, 133.393, 133.393, 2.539, 406.83, 406.83, 406.83, 61.901, 51.81, 35.056, 38.429, 7.383, 11.909, 0, 0, 44.498, 45.839, 44.498, 45.839, 1, 42.232, 42.232, 0.024, 0.272, 89.518, 92.219, 89.518, 92.219, 4.636, 7.383, 11.909, , , 1, 2.878, 0.471, 0, 12.5, 2.539, 167, 0, 0, 0, 66, 17.533, 17.978, 113, 101.526, 100, 0, 0, 26.65, 27.15, 100, 4.43, 89.617, 0, 0, 91.383, 39.85, 0, 0, 0.471, 0, 0, 14, 0, 12.5, 0, 2.539, 167, 0, 0, 0, 66, 1, 0.017, 0.018, 113, 101.526, 100, 0, 0, 141, 26.65, 27.15, 100, 4.43, 0, 89.617, 0, 0, 91.383, 39.85, 0, 0, 0, 0, 
2.85, 23.621, 100.577, 62.438, 63.081, , 17.188, 0.971, 136.387, 136.387, 2.533, 409.582, 409.582, 409.582, 61.577, 49.222, 34.624, 37.817, 7.384, 11.734, 0, 0, 45.664, 47.041, 45.664, 47.041, 1, 43.051, 43.051, 0.024, 0.272, 90.481, 93.211, 90.481, 93.211, 4.692, 7.384, 11.734, , , 1, 2.928, 0.208, 0, 12.5, 2.533, 167, 0, 0, 0, 66, 17.205, 18.011, 113, 101.458, 100, 0, 0, 26.928, 27.428, 100, 4.43, 89.524, 0, 0, 91.476, 40.771, 0, 0, 0.208, 0, 0, 14, 0, 12.5, 0, 2.533, 167, 0, 0, 0, 66, 1, 0.017, 0.018, 113, 101.458, 100, 0, 0, 141, 26.928, 27.428, 100, 4.43, 0, 89.524, 0, 0, 91.476, 40.771, 0, 0, 0, 0, 
2.9, 23.622, 100.577, 62.442, 63.082, , 17.295, 0.971, 139.423, 139.423, 2.573, 412.131, 412.131, 412.131, 61.514, 55.329, 34.192, 37.205, 7.385, 11.751, 0, 0, 46.829, 48.241, 46.829, 48.241, 1, 43.874, 43.874, 0.024, 0.272, 91.118, 93.867, 91.118, 93.867, 4.749, 7.385, 11.751, , , 1, 2.978, 0.121, 0, 12.5, 2.573, 167, 0, 0, 0, 66, 17.199, 18.067, 113, 101.541, 100, 0, 0, 27.069, 27.637, 100, 4.43, 89.98, 0, 0, 92.185, 41.606, 0, 0, 0.121, 0, 0, 14, 0, 12.5, 0, 2.573, 167, 0, 0, 0, 66, 1, 0.017, 0.018, 113, 101.541, 100, 0, 0, 141, 27.069, 27.637, 100, 4.43, 0, 89.98, 0, 0, 92.185, 41.606, 0, 0, 0, 0, 
2.95, 23.623, 100.578, 62.446, 63.083, , 17.397, 0.971, 142.498, 142.498, 2.63, 414.581, 414.581, 414.581, 61.595, , 33.76, 36.593, 7.386, 11.763, 0, 0, 48, 49.449, 48, 49.449, 1, 44.709, 44.709, 0.024, 0.272, 91.508, 94.269, 91.508, 94.269, 4.806, 7.386, 11.763, , , 1, 3.029, 0.095, 0, 12.5, 2.63, 167, 0, 0, 0, 66, 17.307, 18.13, 113, 101.678, 100, 0, 0, 27.161, 27.822, 100, 4.43, 90.628, 0, 0, 93.111, 42.412, 0, 0, 0.095, 0, 0, 14, 0, 12.5, 0, 2.63, 167, 0, 0, 0, 66, 1, 0.017, 0.018, 113, 101.678, 100, 0, 0, 141, 27.161, 27.822, 100, 4.43, 0, 90.628, 0, 0, 93.111, 42.412, 0, 0, 0, 0, 
3, 23.624, 100.578, 62.449, 63.084, , 17.561, 0.971, 145.696, 145.696, 2.686, 418.489, 418.489, 418.489, 61.729, , 33.562, 36.112, 7.385, 11.738, 0, 0, 49.373, 50.865, 49.373, 50.865, 1, 45.547, 45.547, 0.024, 0.272, 92.154, 94.933, 92.154, 94.933, 4.837, 7.385, 11.738, , , 1, 3.078, 0.069, 0, 12.5, 2.686, 167, 0, 0, 0, 66, 17.414, 18.193, 113, 101.815, 100, 0, 0, 27.254, 28.007, 100, 4.43, 91.276, 0, 0, 94.037, 43.217, 0, 0, 0.069, 0, 0, 14, 0, 12.5, 0, 2.686, 167, 0, 0, 0, 66, 1, 0.018, 0.018, 113, 101.815, 100, 0, 0, 141, 27.254, 28.007, 100, 4.43, 0, 91.276, 0, 0, 94.037, 43.217, 0, 0, 0, 0, 
3.05, 23.625, 100.578, 62.453, 63.085, , 17.737, 0.971, 148.945, 148.945, 2.743, 422.676, 422.676, 422.676, 61.891, , 34.03, 36.004, 7.384, 11.713, 0, 0, 50.798, 52.333, 50.798, 52.333, 1, 46.386, 46.386, 0.024, 0.271, 92.826, 95.625, 92.826, 95.625, 4.866, 7.384, 11.713, , , 1, 3.128, 0.043, 0, 12.5, 2.743, 167, 0, 0, 0, 66, 17.522, 18.255, 113, 101.953, 100, 0, 0, 27.346, 28.193, 100, 4.43, 91.924, 0, 0, 94.963, 44.023, 0, 0, 0.043, 0, 0, 14, 0, 12.5, 0, 2.743, 167, 0, 0, 0, 66, 1, 0.018, 0.018, 113, 101.953, 100, 0, 0, 141, 27.346, 28.193, 100, 4.43, 0, 91.924, 0, 0, 94.963, 44.023, 0, 0, 0, 0, 
3.1, 23.626, 100.579, 62.457, 63.086, , 17.929, 0.971, 152.24, 152.24, 2.8, 427.247, 427.247, 427.247, 62.086, , 34.498, 35.896, 7.383, 11.694, 0, 0, 52.29, 53.869, 52.29, 53.869, 1, 47.246, 47.246, 0.025, 0.271, 93.548, 96.369, 93.548, 96.369, 4.895, 7.383, 11.694, , , 1, 3.179, 0.017, 0, 12.5, 2.8, 167, 0, 0, 0, 66, 17.629, 18.318, 113, 102.09, 100, 0, 0, 27.439, 28.378, 100, 4.43, 92.572, 0, 0, 95.889, 44.828, 0, 0, 0.017, 0, 0, 14, 0, 12.5, 0, 2.8, 167, 0, 0, 0, 66, 1, 0.018, 0.018, 113, 102.09, 100, 0, 0, 141, 27.439, 28.378, 100, 4.43, 0, 92.572, 0, 0, 95.889, 44.828, 0, 0, 0, 0, 
3.15, 23.628, 100.579, 62.461, 63.088, , 18.169, 0.971, 155.576, 155.576, 2.871, 432.943, 432.943, 432.943, 62.299, , 34.966, 35.788, 7.382, 11.676, 0, 0, 53.967, 55.598, 53.967, 55.598, 1, 48.118, 48.118, 0.025, 0.271, 94.461, 97.309, 94.461, 97.309, 4.925, 7.382, 11.676, , , 1, 3.229, 0, 0, 12.5, 2.871, 167, 0, 0, 0, 66, 17.766, 18.429, 112.81, 102.206, 100, 0, 0, 27.588, 28.535, 100, 4.43, 93.37, 0, 0, 96.87, 45.864, 0, 0, 0, 0, 0, 14, 0, 12.5, 0, 2.871, 167, 0, 0, 0, 66, 1, 0.018, 0.018, 112.81, 102.206, 100, 0, 0, 141, 27.588, 28.535, 100, 4.43, 0, 93.37, 0, 0, 96.87, 45.864, 0, 0, 0, 0, 
3.2, 23.629, 100.579, 62.465, 63.089, , 18.407, 0.971, 159.022, 159.022, 2.97, 438.609, 438.609, 438.609, 62.526, , 35.434, 35.68, 7.381, 11.668, 0, 0, 55.675, 57.356, 55.675, 57.356, 1, 49.001, 49.001, 0.025, 0.271, 95.381, 98.257, 95.381, 98.257, 4.942, 7.381, 11.668, , , 1, 3.279, 0, 0, 12.5, 2.97, 167, 0, 0, 0, 66, 17.961, 18.634, 112.249, 102.283, 100, 0, 0, 27.848, 28.639, 100, 4.43, 94.46, 0, 0, 97.96, 47.346, 0, 0, 0, 0, 0, 14, 0, 12.5, 0, 2.97, 167, 0, 0, 0, 66, 1, 0.018, 0.018, 112.249, 102.283, 100, 0, 0, 141, 27.848, 28.639, 100, 4.43, 0, 94.46, 0, 0, 97.96, 47.346, 0, 0, 0, 0, 
3.25, 23.63, 100.58, 62.468, 63.09, , 18.642, 0.971, 162.528, 162.528, 3.07, 444.199, 444.199, 444.199, 62.7, , 35.724, 35.581, 7.38, 11.662, 0, 0, 57.403, 59.136, 57.403, 59.136, 1, 49.893, 49.893, 0.025, 0.271, 96.324, 99.228, 96.324, 99.228, 4.955, 7.38, 11.662, , , 1, 3.329, 0, 0, 12.5, 3.07, 167, 0, 0, 0, 66, 18.156, 18.838, 111.689, 102.36, 100, 0, 0, 28.107, 28.743, 100, 4.43, 95.549, 0, 0, 99.049, 48.829, 0, 0, 0, 0, 0, 14, 0, 12.5, 0, 3.07, 167, 0, 0, 0, 66, 1, 0.018, 0.019, 111.689, 102.36, 100, 0, 0, 141, 28.107, 28.743, 100, 4.43, 0, 95.549, 0, 0, 99.049, 48.829, 0, 0, 0, 0, 
3.3, 23.631, 100.58, 62.468, 63.091, , 18.868, 0.971, 166.07, 166.07, 3.17, 449.586, 449.586, 449.586, 62.83, , 35.508, 35.509, 7.38, 11.675, 0, 0, 59.137, 60.921, 59.137, 60.921, 1, 50.8, 50.8, 0.025, 0.271, 97.279, 100.214, 97.279, 100.214, 4.968, 7.38, 11.675, , , 1, 3.378, 0, 0, 12.5, 3.17, 167, 0, 0, 0, 66, 18.351, 19.043, 111.129, 102.436, 100, 0, 0, 28.366, 28.846, 100, 4.43, 96.638, 0, 0, 100.138, 50.311, 0, 0, 0, 0, 0, 14, 0, 12.5, 0, 3.17, 167, 0, 0, 0, 66, 1, 0.018, 0.019, 111.129, 102.436, 100, 0, 0, 141, 28.366, 28.846, 100, 4.43, 0, 96.638, 0, 0, 100.138, 50.311, 0, 0, 0, 0, 
3.35, 23.632, 100.58, 62.464, 63.092, , 19.044, 0.971, 169.663, 169.663, 3.269, 453.787, 453.787, 453.787, 62.925, , 35.292, 35.437, 7.38, 11.689, 0, 0, 60.758, 62.591, 60.758, 62.591, 1, 51.911, 51.911, 0.025, 0.272, 98.053, 101.011, 98.053, 101.011, 4.981, 7.38, 11.689, , , 1, 3.429, 0, 0, 12.5, 3.269, 167, 0, 0, 0, 66, 18.546, 19.247, 110.569, 102.513, 100, 0, 0, 28.626, 28.95, 100, 4.43, 97.727, 0, 0, 101.227, 51.793, 0, 0, 0, 0, 0, 14, 0, 12.5, 0, 3.269, 167, 0, 0, 0, 66, 1, 0.018, 0.019, 110.569, 102.513, 100, 0, 0, 141, 28.626, 28.95, 100, 4.43, 0, 97.727, 0, 0, 101.227, 51.793, 0, 0, 0, 0, 
3.4, 23.633, 100.58, 62.46, 63.093, , 19.26, 0.971, 174.86, 174.86, 3.333, 458.939, 458.939, 458.939, 62.985, , 35.076, 35.365, 7.38, 11.721, 0, 0, 62.984, 64.885, 62.984, 64.885, 1, 53.207, 53.207, 0.025, 0.272, 99.081, 102.072, 99.081, 102.072, 4.992, 7.38, 11.721, , , 1, 3.479, 0, 0, 12.5, 3.333, 167, 0, 0, 0, 66, 18.67, 19.369, 110.202, 102.55, 100, 0, 0, 28.777, 29, 100, 4.43, 98.44, 0, 0, 101.94, 52.809, 0, 0, 0, 0, 0, 14, 0, 12.5, 0, 3.333, 167, 0, 0, 0, 66, 1, 0.019, 0.02, 110.202, 102.55, 100, 0, 0, 141, 28.777, 29, 100, 4.43, 0, 98.44, 0, 0, 101.94, 52.809, 0, 0, 0, 0, 
3.45, 23.634, 100.58, 62.456, 63.094, , 19.43, 0.971, 179.492, 179.492, 3.364, 462.999, 462.999, 462.999, 63.006, , 34.86, 35.293, 7.38, 11.753, 0, 0, 64.907, 66.865, 64.907, 66.865, 1, 54.136, 54.136, 0.025, 0.272, 99.908, 102.924, 99.908, 102.924, 5.002, 7.38, 11.753, , , 1, 3.529, 0, 0, 12.5, 3.364, 167, 0, 0, 0, 66, 18.729, 19.417, 110.014, 102.55, 100, 0, 0, 28.829, 29, 100, 4.43, 98.806, 0, 0, 102.306, 53.394, 0, 0, 0, 0, 0, 14, 0, 12.5, 0, 3.364, 167, 0, 0, 0, 66, 1, 0.019, 0.02, 110.014, 102.55, 100, 0, 0, 141, 28.829, 29, 100, 4.43, 0, 98.806, 0, 0, 102.306, 53.394, 0, 0, 0, 0, 
3.5, 23.636, 100.58, 62.452, 63.096, , 19.54, 0.971, 183.297, 183.297, 3.395, 465.617, 465.617, 465.617, 63.025, , 34.653, 35.268, 7.38, 11.805, 0, 0, 66.403, 68.407, 66.403, 68.407, 1, 55.067, 55.067, 0.025, 0.272, 100.442, 103.474, 100.442, 103.474, 5.013, 7.38, 11.805, , , 1, 3.578, 0, 0, 12.5, 3.395, 167, 0, 0, 0, 66, 18.788, 19.464, 109.826, 102.55, 100, 0, 0, 28.882, 29, 100, 4.43, 99.173, 0, 0, 102.673, 53.979, 0, 0, 0, 0, 0, 14, 0, 12.5, 0, 3.395, 167, 0, 0, 0, 66, 1, 0.019, 0.02, 109.826, 102.55, 100, 0, 0, 141, 28.882, 29, 100, 4.43, 0, 99.173, 0, 0, 102.673, 53.979, 0, 0, 0, 0, 
3.55, 23.637, 100.58, 62.449, 63.097, , 19.624, 0.971, 187.195, 187.195, 3.426, 467.631, 467.631, 467.631, 63.041, , 34.473, 35.376, 7.38, 11.858, 0, 0, 67.827, 69.874, 67.827, 69.874, 1, 56.009, 56.009, 0.025, 0.272, 100.849, 103.893, 100.849, 103.893, 5.023, 7.38, 11.858, , , 1, 3.628, 0, 0, 12.5, 3.426, 167, 0, 0, 0, 66, 18.846, 19.511, 109.637, 102.55, 100, 0, 0, 28.934, 29, 100, 4.43, 99.539, 0, 0, 103.039, 54.563, 0, 0, 0, 0, 0, 14, 0, 12.5, 0, 3.426, 167, 0, 0, 0, 66, 1, 0.019, 0.02, 109.637, 102.55, 100, 0, 0, 141, 28.934, 29, 100, 4.43, 0, 99.539, 0, 0, 103.039, 54.563, 0, 0, 0, 0, 
3.6, 23.638, 100.58, 62.445, 63.098, , 19.725, 0.971, 191.153, 191.153, 3.457, 470.043, 470.043, 470.043, 63.057, , 34.293, 35.484, 7.38, 11.905, 0, 0, 69.317, 71.41, 69.317, 71.41, 1, 56.959, 56.959, 0.025, 0.271, 101.342, 104.401, 101.342, 104.401, 5.046, 7.38, 11.905, , , 1, 3.679, 0, 0, 12.5, 3.457, 167, 0, 0, 0, 66, 18.905, 19.558, 109.449, 102.55, 100, 0, 0, 28.986, 29, 100, 4.43, 99.905, 0, 0, 103.405, 55.148, 0, 0, 0, 0, 0, 14, 0, 12.5, 0, 3.457, 167, 0, 0, 0, 66, 1, 0.019, 0.02, 109.449, 102.55, 100, 0, 0, 141, 28.986, 29, 100, 4.43, 0, 99.905, 0, 0, 103.405, 55.148, 0, 0, 0, 0, 
3.65, 23.639, 100.58, 62.441, 63.099, , 19.773, 0.971, 195.239, 195.239, 3.512, 471.211, 471.211, 471.211, 63.079, , 34.113, 35.592, 7.38, 11.952, 0, 0, 70.638, 72.769, 70.638, 72.769, 1, 57.911, 57.911, 0.025, 0.271, 101.562, 104.626, 101.562, 104.626, 5.073, 7.38, 11.952, , , 1, 3.728, 0, 0, 12.5, 3.512, 167, 0, 0, 0, 66, 19.064, 19.661, 109.144, 102.445, 100, 0, 0, 29.213, 29.071, 100, 4.427, 100.783, 0, 0, 103.998, 56.007, 0, 0, 0, 0, 0, 14, 0, 12.5, 0, 3.512, 167, 0, 0, 0, 66, 1, 0.019, 0.02, 109.144, 102.445, 100, 0, 0, 141, 29.213, 29.071, 100, 4.427, 0, 100.783, 0, 0, 103.998, 56.007, 0, 0, 0, 0, 
3.7, 23.64, 100.58, 62.437, 63.1, , 19.817, 0.971, 199.392, 199.392, 3.575, 472.275, 472.275, 472.275, 63.115, , 33.933, 35.7, 7.38, 11.991, 0, 0, 71.962, 74.134, 71.962, 74.134, 1, 58.864, 58.864, 0.025, 0.27, 101.733, 104.803, 101.733, 104.803, 5.101, 7.38, 11.991, , , 1, 3.778, 0, 0, 12.5, 3.575, 167, 0, 0, 0, 66, 19.258, 19.784, 108.798, 102.302, 100, 0, 0, 29.502, 29.167, 100, 4.423, 101.84, 0, 0, 104.671, 56.963, 0, 0, 0, 0, 0, 14, 0, 12.5, 0, 3.575, 167, 0, 0, 0, 66, 1, 0.019, 0.02, 108.798, 102.302, 100, 0, 0, 141, 29.502, 29.167, 100, 4.423, 0, 101.84, 0, 0, 104.671, 56.963, 0, 0, 0, 0, 
3.75, 23.64, 100.58, 62.433, 63.099, , 19.776, 0.971, 203.561, 203.561, 3.638, 471.339, 471.339, 471.339, 63.167, , 33.866, 35.817, 7.38, 12.031, 0, 0, 72.964, 75.167, 72.964, 75.167, 1, 59.817, 59.817, 0.025, 0.27, 101.445, 104.508, 101.445, 104.508, 5.128, 7.38, 12.031, , , 1, 3.828, 0, 0, 12.5, 3.638, 167, 0, 0, 0, 66, 19.452, 19.907, 108.452, 102.16, 100, 0, 0, 29.79, 29.263, 100, 4.419, 102.898, 0, 0, 105.344, 57.919, 0, 0, 0, 0, 0, 14, 0, 12.5, 0, 3.638, 167, 0, 0, 0, 66, 1, 0.02, 0.02, 108.452, 102.16, 100, 0, 0, 141, 29.79, 29.263, 100, 4.419, 0, 102.898, 0, 0, 105.344, 57.919, 0, 0, 0, 0, 
3.8, 23.64, 100.58, 62.43, 63.098, , 19.331, 0.971, 207.814, 207.814, 3.702, 460.795, 460.795, 460.795, 63.242, , 34.118, 35.961, 7.38, 12.057, 0, 0, 72.388, 74.573, 72.388, 74.573, 1, 60.766, 60.766, 0.025, 0.27, 99.058, 102.049, 99.058, 102.049, 5.161, 7.38, 12.057, , , 1, 3.878, 0, 0, 12.5, 3.702, 167, 0, 0, 0, 66, 19.646, 20.03, 108.105, 102.018, 100, 0, 0, 30.079, 29.36, 100, 4.416, 103.956, 0, 0, 106.017, 58.875, 0, 0, 0, 0, 0, 14, 0, 12.5, 0, 3.702, 167, 0, 0, 0, 66, 1, 0.02, 0.02, 108.105, 102.018, 100, 0, 0, 141, 30.079, 29.36, 100, 4.416, 0, 103.956, 0, 0, 106.017, 58.875, 0, 0, 0, 0, 
3.85, 23.64, 100.58, 62.426, 63.096, , 17.815, 0.971, 212.176, 212.176, 3.765, 424.861, 424.861, 424.861, 63.372, , 34.37, 36.105, 7.379, 12.084, 0, 0, 67.574, 69.613, 67.574, 69.613, 1, 61.679, 61.679, 0.025, 0.27, 91.192, 93.945, 91.192, 93.945, 5.198, 7.379, 12.084, , , 1, 3.929, 0, 0, 12.5, 3.765, 167, 0, 0, 0, 66, 19.841, 20.153, 107.759, 101.875, 100, 0, 0, 30.367, 29.456, 100, 4.412, 105.013, 0, 0, 106.69, 59.83, 0, 0, 0, 0, 0, 14, 0, 12.5, 0, 3.765, 167, 0, 0, 0, 66, 1, 0.02, 0.02, 107.759, 101.875, 100, 0, 0, 141, 30.367, 29.456, 100, 4.412, 0, 105.013, 0, 0, 106.69, 59.83, 0, 0, 0, 0, 
3.9, 23.64, 100.58, 62.422, 63.095, , 14.823, 0.971, 216.581, 216.581, 3.832, 353.892, 353.892, 353.892, 63.63, , 34.622, 36.249, 7.379, 12.094, 0, 0, 56.818, 58.533, 56.818, 58.533, 1, 62.483, 62.483, 0.025, 0.27, 75.842, 78.131, 75.842, 78.131, 5.234, 7.379, 12.094, , , 1, 3.979, 0, 0.015, 12.5, 3.832, 167, 0, 0, 0, 66, 19.857, 20.145, 107.6, 101.73, 100, 0, 0, 30.608, 29.608, 100, 4.412, 106.04, 0, 0, 107.486, 60.738, 0, 0, 0, 0, 0, 14, 0.015, 12.5, 0, 3.832, 167, 0, 0, 0, 66, 1, 0.02, 0.02, 107.6, 101.73, 100, 0, 0, 141, 30.608, 29.608, 100, 4.412, 0, 106.04, 0, 0, 107.486, 60.738, 0, 0, 0, 0, 
3.95, 23.64, 100.58, 62.418, 63.094, , 10.377, 0.971, 221.046, 221.046, 3.902, 248.431, 248.431, 248.431, 63.951, , 34.874, 36.393, 7.378, 12.103, 0, 0, 40.149, 41.361, 40.149, 41.361, 1, 63.112, 63.112, 0.025, 0.27, 53.245, 54.851, 53.245, 54.851, 5.27, 7.378, 12.103, , , 1, 4.028, 0, 0.043, 12.5, 3.902, 167, 0, 0, 0, 66, 19.721, 20.026, 107.6, 101.582, 100, 0, 0, 30.807, 29.807, 100, 4.416, 107.04, 0, 0, 108.386, 61.604, 0, 0, 0, 0, 0, 14, 0.043, 12.5, 0, 3.902, 167, 0, 0, 0, 66, 1, 0.02, 0.02, 107.6, 101.582, 100, 0, 0, 141, 30.807, 29.807, 100, 4.416, 0, 107.04, 0, 0, 108.386, 61.604, 0, 0, 0, 0, 
4, 23.64, 100.58, 62.414, 63.093, , 4.723, 0.971, 225.624, 225.624, 3.973, 114.299, 114.299, 114.299, 64.346, , 35.023, 36.453, 7.378, 12.065, 0, 0, 18.545, 19.105, 18.545, 19.105, 1, 63.49, 63.49, 0.025, 0.27, 24.724, 25.469, 24.724, 25.469, 5.305, 7.378, 12.065, , , 1, 4.079, 0, 0.071, 12.5, 3.973, 167, 0, 0, 0, 66, 19.586, 19.906, 107.6, 101.434, 100, 0, 0, 31.006, 30.006, 100, 4.42, 108.04, 0, 0, 109.286, 62.471, 0, 0, 0, 0, 0, 14, 0.071, 12.5, 0, 3.973, 167, 0, 0, 0, 66, 1, 0.019, 0.02, 107.6, 101.434, 100, 0, 0, 141, 31.006, 30.006, 100, 4.42, 0, 108.04, 0, 0, 109.286, 62.471, 0, 0, 0, 0, 
4.05, 23.64, 100.58, 62.411, 63.092, , -0.693, 0.971, 230.23, 230.23, 4.043, -14.181, -14.181, -14.181, 64.836, , 34.879, 36.273, 7.377, 12.023, 0, 0, -2.322, -2.39, -2.322, -2.39, 1, 63.582, 63.582, 0.025, 0.271, -2.47, -2.547, -2.47, -2.547, 5.338, 7.377, 12.023, , , 1, 4.128, 0, 0.099, 12.5, 4.043, 167, 0, 0, 0, 66, 19.45, 19.787, 107.6, 101.286, 100, 0, 0, 31.205, 30.205, 100, 4.424, 109.04, 0, 0, 110.186, 63.338, 0, 0, 0, 0, 0, 14, 0.099, 12.5, 0, 4.043, 167, 0, 0, 0, 66, 1, 0.019, 0.02, 107.6, 101.286, 100, 0, 0, 141, 31.205, 30.205, 100, 4.424, 0, 109.04, 0, 0, 110.186, 63.338, 0, 0, 0, 0, 
4.1, 23.64, 100.58, 62.407, 63.091, , -4.573, 0.971, 234.9, 234.9, 4.114, -106.235, -106.235, -106.235, 65.364, , 34.735, 36.093, 7.377, 11.958, 0, 0, -17.361, -17.883, -17.361, -17.883, 1, 63.434, 63.434, 0.025, 0.271, -21.862, -22.523, -21.862, -22.523, 5.371, 7.377, 11.958, , , 1, 4.179, 0, 0.127, 12.5, 4.114, 167, 0, 0, 0, 66, 19.315, 19.667, 107.6, 101.138, 100, 0, 0, 31.404, 30.404, 100, 4.428, 110.04, 0, 0, 111.086, 64.204, 0, 0, 0, 0, 0, 14, 0.127, 12.5, 0, 4.114, 167, 0, 0, 0, 66, 1, 0.019, 0.02, 107.6, 101.138, 100, 0, 0, 141, 31.404, 30.404, 100, 4.428, 0, 110.04, 0, 0, 111.086, 64.204, 0, 0, 0, 0, 
4.15, 23.64, 100.58, 62.403, 63.09, , -6.663, 0.971, 239.57, 239.57, 4.148, -155.83, -155.83, -155.83, 65.836, , 34.591, 35.913, 7.377, 11.89, 0, 0, -25.454, -26.22, -25.454, -26.22, 1, 63.14, 63.14, 0.025, 0.272, -32.154, -33.125, -32.154, -33.125, 5.404, 7.377, 11.89, , , 1, 4.229, 0, 0.128, 12.5, 4.148, 167.108, 0, 0, 0, 64.218, 17.531, 17.826, 107.308, 91.745, 100, 0, 0, 31.865, 30.97, 89.2, 4.025, 109.231, 0, 0, 110.447, 64.393, 0, 0, 0, 0, 0, 14, 0.128, 12.5, 0, 4.148, 167.108, 0, 0, 0, 64.218, 1, 0.017, 0.018, 107.308, 91.745, 100, 0, 0, 141, 31.865, 30.97, 89.2, 4.025, 0, 109.231, 0, 0, 110.447, 64.393, 0, 0, 0, 0, 
4.2, 23.64, 100.58, 62.399, 63.088, , -7.257, 0.971, 244.24, 244.24, 4.152, -169.923, -169.923, -169.923, 66.288, , 34.447, 35.733, 7.377, 12.209, 0, 0, -27.663, -28.495, -27.663, -28.495, 1, 62.777, 62.777, 0.025, 0.273, -34.926, -35.979, -34.926, -35.979, 5.441, 7.377, 12.209, , , 1, 4.279, 0, 0.105, 12.5, 4.152, 167.308, 0, 0, 0, 60.918, 14.225, 14.395, 106.768, 74.476, 100, 0, 0, 32.568, 31.873, 69.2, 3.246, 106.881, 0, 0, 108.497, 63.958, 0, 0, 0, 0, 0, 14, 0.105, 12.5, 0, 4.152, 167.308, 0, 0, 0, 60.918, 1, 0.014, 0.015, 106.768, 74.476, 100, 0, 0, 141, 32.568, 31.873, 69.2, 3.246, 0, 106.881, 0, 0, 108.497, 63.958, 0, 0, 0, 0, 
4.25, 23.64, 100.58, 62.395, 63.087, , -6.686, 0.971, 248.882, 248.882, 4.156, -156.385, -156.385, -156.385, 66.709, , 34.387, 35.544, 7.377, 12.581, 0, 0, -25.305, -26.066, -25.305, -26.066, 1, 62.419, 62.419, 0.025, 0.273, -31.924, -32.885, -31.924, -32.885, 5.484, 7.377, 12.581, , , 1, 4.329, 0, 0.082, 12.5, 4.156, 167.508, 0, 0, 0, 57.618, 10.918, 10.965, 106.228, 57.207, 100, 0, 0, 33.271, 32.777, 49.2, 2.467, 104.531, 0, 0, 106.547, 63.522, 0, 0, 0, 0, 0, 14, 0.082, 12.5, 0, 4.156, 167.508, 0, 0, 0, 57.618, 1, 0.011, 0.011, 106.228, 57.207, 100, 0, 0, 141, 33.271, 32.777, 49.2, 2.467, 0, 104.531, 0, 0, 106.547, 63.522, 0, 0, 0, 0, 
4.3, 23.64, 100.58, 62.392, 63.086, , -6.088, 0.971, 253.461, 253.461, 4.16, -142.223, -142.223, -142.223, 67.076, , 34.567, 35.328, 7.377, 13.507, 0, 0, -22.864, -23.553, -22.864, -23.553, 1, 62.103, 62.103, 0.025, 0.273, -28.829, -29.698, -28.829, -29.698, 5.527, 7.377, 13.507, , , 1, 4.378, 0, 0.059, 12.5, 4.16, 167.708, 0, 0, 0, 54.318, 7.612, 7.534, 105.688, 39.938, 100, 0, 0, 33.974, 33.681, 29.2, 1.688, 102.181, 0, 0, 104.597, 63.086, 0, 0, 0, 0, 0, 14, 0.059, 12.5, 0, 4.16, 167.708, 0, 0, 0, 54.318, 1, 0.008, 0.008, 105.688, 39.938, 100, 0, 0, 141, 33.974, 33.681, 29.2, 1.688, 0, 102.181, 0, 0, 104.597, 63.086, 0, 0, 0, 0, 
4.35, 23.64, 100.58, 62.388, 63.085, , -6.002, 0.971, 258.039, 258.039, 4.164, -140.19, -140.19, -140.19, 67.419, , 34.747, 35.112, 7.377, 14.524, 0, 0, -22.425, -23.101, -22.425, -23.101, 1, 61.799, 61.799, 0.025, 0.273, -28.271, -29.123, -28.271, -29.123, 5.569, 7.377, 14.524, , , 1, 4.428, 0, 0.036, 12.5, 4.164, 167.908, 0, 0, 0, 51.018, 4.306, 4.103, 105.148, 22.669, 100, 0, 0, 34.677, 34.584, 9.2, 0.908, 99.831, 0, 0, 102.647, 62.65, 0, 0, 0, 0, 0, 14, 0.036, 12.5, 0, 4.164, 167.908, 0, 0, 0, 51.018, 1, 0.004, 0.005, 105.148, 22.669, 100, 0, 0, 141, 34.677, 34.584, 9.2, 0.908, 0, 99.831, 0, 0, 102.647, 62.65, 0, 0, 0, 0, 
4.4, 23.64, 100.58, 62.384, 63.084, , -5.877, 0.971, 262.618, 262.618, 4.166, -137.216, -137.216, -137.216, 67.738, , 34.927, 34.896, 7.377, 16.037, 0, 0, -21.854, -22.513, -21.854, -22.513, 1, 61.498, 61.498, 0.025, 0.273, -27.555, -28.387, -27.555, -28.387, 5.604, 7.377, 16.037, , , 1, 4.479, 0, 0.026, 12.5, 4.166, 168.112, 0, 0, 0, 48.656, 2.78, 2.524, 104.799, 14.891, 100, 0, 0, 35, 35, 0, 0.55, 98.778, 0, 0, 101.778, 62.345, 0, 0, 0, 0, 0, 14, 0.026, 12.5, 0, 4.166, 168.112, 0, 0, 0, 48.656, 1, 0.003, 0.003, 104.799, 14.891, 100, 0, 0, 141, 35, 35, 0, 0.55, 0, 98.778, 0, 0, 101.778, 62.345, 0, 0, 0, 0, 
4.45, 23.64, 100.58, 62.38, 63.083, , -5.667, 0.971, 267.176, 267.176, 4.165, -132.243, -132.243, -132.243, 68.004, , 35.107, 34.68, 7.377, 17.645, 0, 0, -20.969, -21.602, -20.969, -21.602, 1, 61.211, 61.211, 0.025, 0.272, -26.457, -27.257, -26.457, -27.257, 5.626, 7.377, 17.645, , , 1, 4.529, 0, 0.027, 12.5, 4.165, 168.321, 0, 0, 0, 47.094, 2.771, 2.523, 104.611, 15.198, 100, 0, 0, 35, 35, 0, 0.55, 98.83, 0, 0, 101.83, 62.152, 0, 0, 0, 0, 0, 14, 0.027, 12.5, 0, 4.165, 168.321, 0, 0, 0, 47.094, 1, 0.003, 0.003, 104.611, 15.198, 100, 0, 0, 141, 35, 35, 0, 0.55, 0, 98.83, 0, 0, 101.83, 62.152, 0, 0, 0, 0, 
4.5, 23.64, 100.58, 62.376, 63.082, , -5.581, 0.971, 271.683, 271.683, 4.165, -130.224, -130.224, -130.224, 68.218, , 35.259, 34.67, 7.377, 19.024, 0, 0, -20.547, -21.166, -20.547, -21.166, 1, 60.931, 60.931, 0.025, 0.272, -25.963, -26.75, -25.963, -26.75, 5.648, 7.377, 19.024, , , 1, 4.578, 0, 0.028, 12.5, 4.165, 168.529, 0, 0, 0, 45.531, 2.761, 2.522, 104.424, 15.506, 100, 0, 0, 35, 35, 0, 0.55, 98.882, 0, 0, 101.882, 61.958, 0, 0, 0, 0, 0, 14, 0.028, 12.5, 0, 4.165, 168.529, 0, 0, 0, 45.531, 1, 0.003, 0.003, 104.424, 15.506, 100, 0, 0, 141, 35, 35, 0, 0.55, 0, 98.882, 0, 0, 101.882, 61.958, 0, 0, 0, 0, 
4.55, 23.64, 100.58, 62.373, 63.08, , -5.577, 0.971, 276.233, 276.233, 4.165, -130.133, -130.133, -130.133, 68.389, , 35.331, 35.246, 7.378, 20.353, 0, 0, -20.427, -21.042, -20.427, -21.042, 1, 60.649, 60.649, 0.025, 0.271, -25.871, -26.655, -25.871, -26.655, 5.67, 7.378, 20.353, , , 1, 4.629, 0, 0.029, 12.5, 4.165, 168.738, 0, 0, 0, 43.969, 2.752, 2.521, 104.236, 15.813, 100, 0, 0, 35, 35, 0, 0.55, 98.934, 0, 0, 101.934, 61.764, 0, 0, 0, 0, 0, 14, 0.029, 12.5, 0, 4.165, 168.738, 0, 0, 0, 43.969, 1, 0.003, 0.003, 104.236, 15.813, 100, 0, 0, 141, 35, 35, 0, 0.55, 0, 98.934, 0, 0, 101.934, 61.764, 0, 0, 0, 0, 
4.6, 23.64, , , 63.079, , -5.605, , 280.647, 280.647, 4.164, -130.805, -130.805, -130.805, 68.517, , 35.403, 35.822, 7.378, 21.2, 0, 0, -20.427, -21.041, -20.427, -21.041, 1, 60.366, 60.366, 0.025, 0.27, -25.949, -26.735, -25.949, -26.735, 5.69, 7.378, 21.2, , , 1, 4.679, 0, 0.03, 12.5, 4.164, 168.946, 0, 0, 0, 42.406, 2.742, 2.52, 104.049, 16.12, 100, 0, 0, 35, 35, 0, 0.55, 98.986, 0, 0, 101.986, 61.57, 0, 0, 0, 0, 0, 14, 0.03, 12.5, 0, 4.164, 168.946, 0, 0, 0, 42.406, 1, 0.003, 0.003, 104.049, 16.12, 100, 0, 0, 141, 35, 35, 0, 0.55, 0, 98.986, 0, 0, 101.986, 61.57, 0, 0, 0, 0, 
4.65, 23.64, , , 63.078, , -5.804, , 285.132, 285.132, 4.144, -135.528, -135.528, -135.528, 68.605, , 35.475, 36.398, 7.379, 21.926, 0, 0, -21.064, -21.696, -21.064, -21.696, 1, 60.074, 60.074, 0.025, 0.27, -26.849, -27.662, -26.849, -27.662, 5.694, 7.379, 21.926, , , 1, 4.729, 0, 0.026, 12.5, 4.144, 169, 0, 0, 0, 41.112, 2.334, 2.147, 104, 15.873, 100, 0, 0, 33.483, 33.483, 0, 0.55, 98.889, 0, 0, 101.926, 61.243, 0, 0, 0, 0, 0, 14, 0.026, 12.5, 0, 4.144, 169, 0, 0, 0, 41.112, 1, 0.003, 0.003, 104, 15.873, 100, 0, 0, 141, 33.483, 33.483, 0, 0.55, 0, 98.889, 0, 0, 101.926, 61.243, 0, 0, 0, 0, 
4.7, 23.64, , , 63.077, , -6.104, , 289.538, 289.538, 4.118, -142.658, -142.658, -142.658, 68.669, , 35.547, 36.974, 7.379, 22.203, 0, 0, -22.072, -22.734, -22.072, -22.734, 1, 59.772, 59.772, 0.025, 0.27, -28.24, -29.092, -28.24, -29.092, 5.698, 7.379, 22.203, , , 1, 4.779, 0, 0.02, 12.5, 4.118, 169, 0, 0, 0, 39.912, 1.786, 1.643, 104, 15.431, 100, 0, 0, 31.433, 31.433, 0, 0.55, 98.739, 0, 0, 101.826, 60.869, 0, 0, 0, 0, 0, 14, 0.02, 12.5, 0, 4.118, 169, 0, 0, 0, 39.912, 1, 0.002, 0.002, 104, 15.431, 100, 0, 0, 141, 31.433, 31.433, 0, 0.55, 0, 98.739, 0, 0, 101.826, 60.869, 0, 0, 0, 0, 
4.75, 23.64, , , 63.076, , -6.209, , 294.029, 294.029, 4.091, -145.141, -145.141, -145.141, 68.712, , 35.508, 37.29, 7.38, 22.354, 0, 0, -22.344, -23.013, -22.344, -23.013, 1, 59.461, 59.461, 0.025, 0.27, -28.715, -29.581, -28.715, -29.581, 5.703, 7.38, 22.354, , , 1, 4.829, 0, 0.014, 12.5, 4.091, 169, 0, 0, 0, 38.712, 1.238, 1.139, 104, 14.989, 100, 0, 0, 29.383, 29.383, 0, 0.55, 98.589, 0, 0, 101.726, 60.495, 0, 0, 0, 0, 0, 14, 0.014, 12.5, 0, 4.091, 169, 0, 0, 0, 38.712, 1, 0.001, 0.001, 104, 14.989, 100, 0, 0, 141, 29.383, 29.383, 0, 0.55, 0, 98.589, 0, 0, 101.726, 60.495, 0, 0, 0, 0, 
4.8, 23.64, , , 63.075, , -6.2, , 298.36, 298.36, 4.065, -144.953, -144.953, -144.953, 68.728, , 35.155, 36.866, 7.38, 22.39, 0, 0, -22.197, -22.862, -22.197, -22.862, 1, 59.146, 59.146, 0.025, 0.27, -28.671, -29.536, -28.671, -29.536, 5.707, 7.38, 22.39, , , 1, 4.879, 0, 0.008, 12.5, 4.065, 169, 0, 0, 0, 37.512, 0.69, 0.635, 104, 14.547, 100, 0, 0, 27.333, 27.333, 0, 0.55, 98.439, 0, 0, 101.626, 60.121, 0, 0, 0, 0, 0, 14, 0.008, 12.5, 0, 4.065, 169, 0, 0, 0, 37.512, 1, 0.001, 0.001, 104, 14.547, 100, 0, 0, 141, 27.333, 27.333, 0, 0.55, 0, 98.439, 0, 0, 101.626, 60.121, 0, 0, 0, 0, 
4.85, 23.64, , , 63.074, , -6.201, , 302.756, 302.756, 4.038, -144.981, -144.981, -144.981, 68.714, , 34.802, 36.443, 7.379, 22.39, 0, 0, -22.081, -22.744, -22.081, -22.744, 1, 58.832, 58.832, 0.025, 0.27, -28.684, -29.548, -28.684, -29.548, 5.712, 7.379, 22.39, , , 1, 4.928, 0, 0.002, 12.5, 4.038, 169, 0, 0, 0, 36.312, 0.142, 0.131, 104, 14.105, 100, 0, 0, 25.283, 25.283, 0, 0.55, 98.289, 0, 0, 101.526, 59.747, 0, 0, 0, 0, 0, 14, 0.002, 12.5, 0, 4.038, 169, 0, 0, 0, 36.312, 1, 0, 0, 104, 14.105, 100, 0, 0, 141, 25.283, 25.283, 0, 0.55, 0, 98.289, 0, 0, 101.526, 59.747, 0, 0, 0, 0, 
4.9, 23.64, , , 63.072, , -6.215, , 307.095, 307.095, 4.022, -145.299, -145.299, -145.299, 68.683, , 34.449, 36.019, 7.379, 22.39, 0, 0, -22.06, -22.723, -22.06, -22.723, 1, 58.564, 58.564, 0.025, 0.271, -28.756, -29.623, -28.756, -29.623, 5.718, 7.379, 22.39, , , 1, 4.979, 0, 0, 12.5, 4.022, 169, 0, 0, 0, 36, 0, 0, 104, 13.99, 100, 0, 0, 24.711, 24.711, 0, 0.55, 98.211, 0, 0, 101.5, 59.554, 0, 0, 0, 0, 0, 14, 0, 12.5, 0, 4.022, 169, 0, 0, 0, 36, 1, 0, 0, 104, 13.99, 100, 0, 0, 141, 24.711, 24.711, 0, 0.55, 0, 98.211, 0, 0, 101.5, 59.554, 0, 0, 0, 0, 
4.95, 23.64, , , 63.071, , -6.217, , 309.82, 309.82, 4.01, -145.366, -145.366, -145.366, 68.657, , 34.096, 35.596, 7.379, 22.39, 0, 0, -22.012, -22.673, -22.012, -22.673, 1, 58.409, 58.409, 0.025, 0.271, -28.779, -29.648, -28.779, -29.648, 5.723, 7.379, 22.39, , , 1, 5.006, 0, 0, 12.5, 4.01, 169, 0, 0, 0, 36, 0, 0, 104, 13.99, 100, 0, 0, 24.659, 24.659, 0, 0.55, 98.159, 0, 0, 101.5, 59.425, 0, 0, 0, 0, 0, 14, 0, 12.5, 0, 4.01, 169, 0, 0, 0, 36, 1, 0, 0, 104, 13.99, 100, 0, 0, 141, 24.659, 24.659, 0, 0.55, 0, 98.159, 0, 0, 101.5, 59.425, 0, 0, 0, 0, 
5, 23.64, , , 63.07, , -6.216, , 311.982, 311.982, 3.998, -145.333, -145.333, -145.333, 68.63, , , , 7.378, 22.39, 0, 0, -21.947, -22.607, -21.947, -22.607, 1, 58.251, 58.251, 0.025, 0.272, -28.783, -29.653, -28.783, -29.653, 5.729, 7.378, 22.39, , , 1, 5.031, 0, 0, 12.5, 3.998, 169, 0, 0, 0, 36, 0, 0, 104, 13.99, 100, 0, 0, 24.607, 24.607, 0, 0.55, 98.107, 0, 0, 101.5, 59.296, 0, 0, 0, 0, 0, 14, 0, 12.5, 0, 3.998, 169, 0, 0, 0, 36, 1, 0, 0, 104, 13.99, 100, 0, 0, 141, 24.607, 24.607, 0, 0.55, 0, 98.107, 0, 0, 101.5, 59.296, 0, 0, 0, 0, 
5.05, , , , , , -6.226, , 314.121, 314.121, 3.986, -145.584, -145.584, -145.584, 68.605, , , , 7.377, 22.39, 0, 0, -21.925, -22.585, -21.925, -22.585, 1, 58.097, 58.097, , , -28.846, -29.716, -28.846, -29.716, , 7.377, 22.39, , , 1, 5.057, 0, 0, 12.5, 3.986, 169, 0, 0, 0, 36, 0, 0, 104, 13.99, 100, 0, 0, 24.555, 24.555, 0, 0.55, 98.055, 0, 0, 101.5, 59.167, 0, 0, 0, 0, 0, 14, 0, 12.5, 0, 3.986, 169, 0, 0, 0, 36, 1, 0, 0, 104, 13.99, 100, 0, 0, 141, 24.555, 24.555, 0, 0.55, 0, 98.055, 0, 0, 101.5, 59.167, 0, 0, 0, 0, 
5.1, , , , , , , , 316.243, 316.243, 3.974, , , , 68.581, , , , , , 0, 0, , , , , 1, 57.939, 57.939, , , , , , , , , , , , 1, 5.082, 0, 0, 12.5, 3.974, 169, 0, 0, 0, 36, 0, 0, 104, 13.99, 100, 0, 0, 24.503, 24.503, 0, 0.55, 98.003, 0, 0, 101.5, 59.038, 0, 0, 0, 0, 0, 14, 0, 12.5, 0, 3.974, 169, 0, 0, 0, 36, 1, 0, 0, 104, 13.99, 100, 0, 0, 141, 24.503, 24.503, 0, 0.55, 0, 98.003, 0, 0, 101.5, 59.038, 0, 0, 0, 0, 
