Time, (DWRT ATMO) Humidity, (DWRT ATMO) Pressure, (DWRT ATMO) Temperature 1, (DWRT ATMO) Temperature 2, (DWRT CPU) ????????????????????????????????????????????????????????????????, (DWRT CPU) Acceleration, (DWRT CPU) Correction Factor, (DWRT CPU) Distance, (DWRT CPU) Distance 1, (DWRT CPU) Engine RPM, (DWRT CPU) Force, (DWRT CPU) Force 1, (DWRT CPU) Force Drum 1, (DWRT CPU) Gear Ratio, (DWRT CPU) Inductive 1 Signal Strength, (DWRT CPU) Internal Temp 1, (DWRT CPU) Internal Temp 2, (DWRT CPU) LC1 Volts Petrol AFR, (DWRT CPU) LC2 Volts Petrol AFR2, (DWRT CPU) Link 0 Status, (DWRT CPU) Link 1 Status, (DWRT CPU) Power, (DWRT CPU) Power (uncorrected), (DWRT CPU) Power Drum 1, (DWRT CPU) Power Drum 1 (uncorrected), (DWRT CPU) Sampling, (DWRT CPU) Speed, (DWRT CPU) Speed 1, (DWRT CPU) TCP RX kB/s, (DWRT CPU) TCP TX kB/s, (DWRT CPU) Torque, (DWRT CPU) Torque (uncorrected), (DWRT CPU) Torque Drum 1, (DWRT CPU) Torque Drum 1 (uncorrected), (DWRT CPU) UDP RX kB/s, (DWRT CPU) User Analog 1, (DWRT CPU) User Analog 2, (DWRT CPU) User Analog 3, (DWRT CPU) User Analog 4, (Gen) Sampling, (Gen) Sampling Duration, (Harley - ECU Type 14 SW Level 141) Accel Enrichment, (Harley - ECU Type 14 SW Level 141) Decel Enleanment, (Harley - ECU Type 14 SW Level 141) Desired Air/Fuel, (Harley - ECU Type 14 SW Level 141) Engine Speed, (Harley - ECU Type 14 SW Level 141) Engine Temperature, (Harley - ECU Type 14 SW Level 141) Front Adaptive Fuel Factor, (Harley - ECU Type 14 SW Level 141) Front Closed Loop Integrator, (Harley - ECU Type 14 SW Level 141) Front Spark Knock Retard, (Harley - ECU Type 14 SW Level 141) Idle Air Control Motor Position, (Harley - ECU Type 14 SW Level 141) Injector Time Front, (Harley - ECU Type 14 SW Level 141) Injector Time Rear, (Harley - ECU Type 14 SW Level 141) Intake Air Temperature, (Harley - ECU Type 14 SW Level 141) Manifold Absolute Pressure, (Harley - ECU Type 14 SW Level 141) Rear Adaptive Fuel Factor, (Harley - ECU Type 14 SW Level 141) Rear Closed Loop Integrator, (Harley - ECU Type 14 SW Level 141) Rear Spark Knock Retard, (Harley - ECU Type 14 SW Level 141) Spark Advance Front, (Harley - ECU Type 14 SW Level 141) Spark Advance Rear, (Harley - ECU Type 14 SW Level 141) Throttle Position, (Harley - ECU Type 14 SW Level 141) Throttle Position Sensor Voltage, (Harley - ECU Type 14 SW Level 141) VE Front, (Harley - ECU Type 14 SW Level 141) VE New Front, (Harley - ECU Type 14 SW Level 141) VE New Rear, (Harley - ECU Type 14 SW Level 141) VE Rear, (Harley - ECU Type 14 SW Level 141) Vehicle Speed, (Harley - ECU Type 14 SW Level 141) WBO2 AFR Front, (Harley - ECU Type 14 SW Level 141) WBO2 AFR Rear, (PV) Accel Enrichment, (PV) AT Lambda 1, (PV) AT Lambda 2, (PV) Battery Voltage, (PV) Decel Enleanment, (PV) Desired Air/Fuel, (PV) Desired Lambda, (PV) Engine Speed, (PV) Engine Temperature, (PV) Front Adaptive Fuel Factor, (PV) Front Closed Loop Integrator, (PV) Front Spark Knock Retard, (PV) Idle Air Control Motor Position, (PV) Idle Set Speed, (PV) Injector Time Front, (PV) Injector Time Rear, (PV) Intake Air Temperature, (PV) Manifold Absolute Pressure, (PV) Rear Adaptive Fuel Factor, (PV) Rear Closed Loop Integrator, (PV) Rear Spark Knock Retard, (PV) Software Level, (PV) Spark Advance Front, (PV) Spark Advance Rear, (PV) Throttle Position, (PV) Throttle Position Sensor, (PV) Twistgrip Position, (PV) VE Front, (PV) VE New Front, (PV) VE New Rear, (PV) VE Rear, (PV) Vehicle Speed, (PV) Warm-up Fuel AFR (Lambda), (PV) Warm-up Fuel AFR (Ratio), (PV) WBO2 AFR Front, (PV) WBO2 AFR Rear, 
0, , , , , , 0.97, , , , , 24.73, 24.73, 24.73, , , , , , , , , , , , , , , , , , , , , , , , , , , , , , , , , , , , , , , , , , , , , , , , , , , , , , , , , , , , , , , , , , , , , , , , , , , , , , , , , , , , , , , , , , , , 
0.05, , , , , , 0.884, , , , 1.97, 22.685, 22.685, 22.685, 52.151, , , , , , , , , , , , , 37.75, 37.75, , , , , , , , , , , , 1, 0.068, 0.195, 0, 14.446, 1.97, 167, 0, 0, 0, 58.485, 8.641, 8.324, 111.2, 50.575, 100, 0, 0, 29.338, 29.433, 10.538, 0.985, 106.067, 0, 0, 115.271, 37.984, 0, 0, 0.195, 0, 0, 14, 0, 14.446, 0, 1.97, 167, 0, 0, 0, 58.485, 1, 0.008, 0.008, 111.2, 50.575, 100, 0, 0, 141, 29.338, 29.433, 10.538, 0.985, 0, 106.067, 0, 0, 115.271, 37.984, 0, 0, 0, 0, 
0.1, , , , , , 1.149, , 4.093, 4.093, 1.978, 28.991, 28.991, 28.991, 52.157, , , , 7.377, 13.133, , , 2.787, 2.834, 2.787, 2.834, , 37.812, 37.812, 0.025, 0.139, 7.406, 7.532, 7.406, 7.532, 4.403, 7.377, 13.133, , , 1, 0.121, 0.891, 0, 14.254, 1.978, 167, 0, 0, 0, 60.215, 10.359, 9.55, 111.2, 53.414, 100, 0, 0, 28.762, 29.192, 12.462, 1.074, 106.308, 0, 0, 114.454, 38.284, 0, 0, 0.891, 0, 0, 14, 0, 14.254, 0, 1.978, 167, 0, 0, 0, 60.215, 1, 0.01, 0.01, 111.2, 53.414, 100, 0, 0, 141, 28.762, 29.192, 12.462, 1.074, 0, 106.308, 0, 0, 114.454, 38.284, 0, 0, 0, 0, 
0.15, , , , , , 2.163, , 9.588, 9.588, 1.985, 53.043, 53.043, 53.043, 52.084, 94.601, , , 7.377, 13.127, 0, 0, 5.965, 6.067, 5.965, 6.067, 1, 37.959, 37.959, 0.025, 0.139, 15.8, 16.069, 15.8, 16.069, 4.402, 7.377, 13.127, , , 1, 0.215, 1.587, 0, 14.062, 1.985, 167, 0, 0, 0, 61.946, 12.078, 10.777, 111.2, 56.254, 100, 0, 0, 28.185, 28.952, 14.385, 1.164, 106.548, 0, 0, 113.637, 38.584, 0, 0, 1.587, 0, 0, 14, 0, 14.062, 0, 1.985, 167, 0, 0, 0, 61.946, 1, 0.012, 0.011, 111.2, 56.254, 100, 0, 0, 141, 28.185, 28.952, 14.385, 1.164, 0, 106.548, 0, 0, 113.637, 38.584, 0, 0, 0, 0, 
0.2, , , , , , 3.963, , 14.262, 14.262, 1.993, 95.76, 95.76, 95.76, 51.92, 88.839, 35.42, 36.807, 7.377, 13.116, 0, 0, 10.259, 10.434, 10.259, 10.434, 1, 38.206, 38.206, 0.025, 0.138, 27.064, 27.523, 27.064, 27.523, 4.401, 7.377, 13.116, , , 1, 0.292, 2.283, 0, 13.869, 1.993, 167, 0, 0, 0, 63.677, 13.796, 12.004, 111.2, 59.093, 100, 0, 0, 27.608, 28.712, 16.308, 1.253, 106.788, 0, 0, 112.819, 38.884, 0, 0, 2.283, 0, 0, 14, 0, 13.869, 0, 1.993, 167, 0, 0, 0, 63.677, 1, 0.014, 0.012, 111.2, 59.093, 100, 0, 0, 141, 27.608, 28.712, 16.308, 1.253, 0, 106.788, 0, 0, 112.819, 38.884, 0, 0, 0, 0, 
0.25, , , , , , 6.246, , 18.432, 18.432, 2, 149.917, 149.917, 149.917, 51.727, 83.078, 35.42, 36.483, 7.377, 13.087, 0, 0, 15.238, 15.496, 15.238, 15.496, 1, 38.505, 38.505, 0.025, 0.138, 40.085, 40.765, 40.085, 40.765, 4.401, 7.377, 13.087, , , 1, 0.346, 2.98, 0, 13.677, 2, 167, 0, 0, 0, 65.408, 15.514, 13.231, 111.2, 61.933, 100, 0, 0, 27.031, 28.471, 18.231, 1.343, 107.029, 0, 0, 112.002, 39.184, 0, 0, 2.98, 0, 0, 14, 0, 13.677, 0, 2, 167, 0, 0, 0, 65.408, 1, 0.015, 0.013, 111.2, 61.933, 100, 0, 0, 141, 27.031, 28.471, 18.231, 1.343, 0, 107.029, 0, 0, 112.002, 39.184, 0, 0, 0, 0, 
0.3, , , , , , 7.614, , 21.326, 21.326, 2.007, 182.38, 182.38, 182.38, 51.517, 77.316, 35.42, 36.159, 7.377, 13.059, 0, 0, 18.661, 18.977, 18.661, 18.977, 1, 38.853, 38.853, 0.025, 0.137, 48.862, 49.69, 48.862, 49.69, 4.4, 7.377, 13.059, , , 1, 0.396, 3.669, 0, 13.483, 2.007, 167, 0, 0, 0, 67.122, 17.232, 14.452, 111.2, 64.79, 100, 0, 0, 26.448, 28.228, 20.175, 1.433, 107.272, 0, 0, 111.167, 39.476, 0, 0, 3.669, 0, 0, 14, 0, 13.483, 0, 2.007, 167, 0, 0, 0, 67.122, 1, 0.017, 0.015, 111.2, 64.79, 100, 0, 0, 141, 26.448, 28.228, 20.175, 1.433, 0, 107.272, 0, 0, 111.167, 39.476, 0, 0, 0, 0, 
0.35, , , , , , 8.768, , 24.533, 24.533, 2.013, 209.752, 209.752, 209.752, 51.217, 71.555, 35.42, 35.835, 7.377, 13.042, 0, 0, 21.681, 22.048, 21.681, 22.048, 1, 39.517, 39.517, 0.025, 0.137, 56.404, 57.357, 56.404, 57.357, 4.406, 7.377, 13.042, , , 1, 0.446, 4.276, 0, 13.264, 2.013, 167, 0, 0, 0, 68.651, 18.945, 15.596, 111.2, 67.852, 100, 0, 0, 25.793, 27.955, 22.358, 1.53, 107.545, 0, 0, 110.13, 39.679, 0, 0, 4.276, 0, 0, 14, 0, 13.264, 0, 2.013, 167, 0, 0, 0, 68.651, 1, 0.019, 0.016, 111.2, 67.852, 100, 0, 0, 141, 25.793, 27.955, 22.358, 1.53, 0, 107.545, 0, 0, 110.13, 39.679, 0, 0, 0, 0, 
0.4, , , , , , 9.519, , 28.753, 28.753, 2.019, 227.59, 227.59, 227.59, 50.996, 65.794, 35.42, 35.511, 7.377, 13.021, 0, 0, 23.921, 24.325, 23.921, 24.325, 1, 40.092, 40.092, 0.025, 0.137, 61.465, 62.503, 61.465, 62.503, 4.414, 7.377, 13.021, , , 1, 0.496, 4.883, 0, 13.046, 2.019, 167, 0, 0, 0, 70.179, 20.658, 16.74, 111.2, 70.914, 100, 0, 0, 25.138, 27.682, 24.541, 1.627, 107.818, 0, 0, 109.093, 39.882, 0, 0, 4.883, 0, 0, 14, 0, 13.046, 0, 2.019, 167, 0, 0, 0, 70.179, 1, 0.021, 0.017, 111.2, 70.914, 100, 0, 0, 141, 25.138, 27.682, 24.541, 1.627, 0, 107.818, 0, 0, 109.093, 39.882, 0, 0, 0, 0, 
0.45, , , , , , 9.907, , 32.166, 32.166, 2.025, 236.796, 236.796, 236.796, 50.868, 60.032, 35.446, 35.446, 7.377, 12.985, 0, 0, 25.212, 25.638, 25.212, 25.638, 1, 40.563, 40.563, 0.025, 0.137, 64.109, 65.191, 64.109, 65.191, 4.421, 7.377, 12.985, , , 1, 0.547, 5.49, 0, 12.828, 2.025, 167, 0, 0, 0, 71.707, 22.371, 17.884, 111.2, 73.977, 100, 0, 0, 24.483, 27.409, 26.725, 1.724, 108.091, 0, 0, 108.056, 40.085, 0, 0, 5.49, 0, 0, 14, 0, 12.828, 0, 2.025, 167, 0, 0, 0, 71.707, 1, 0.022, 0.018, 111.2, 73.977, 100, 0, 0, 141, 24.483, 27.409, 26.725, 1.724, 0, 108.091, 0, 0, 108.056, 40.085, 0, 0, 0, 0, 
0.5, , , , , , 10.089, , 35.085, 35.085, 2.031, 241.12, 241.12, 241.12, 50.801, 54.271, 35.482, 35.482, 7.377, 12.94, 0, 0, 25.968, 26.406, 25.968, 26.406, 1, 41.049, 41.049, 0.025, 0.137, 65.385, 66.488, 65.385, 66.488, 4.429, 7.377, 12.94, , , 1, 0.596, 6.097, 0, 12.609, 2.031, 167, 0, 0, 0, 73.236, 24.084, 19.028, 111.2, 77.039, 100, 0, 0, 23.828, 27.136, 28.908, 1.821, 108.364, 0, 0, 107.019, 40.288, 0, 0, 6.097, 0, 0, 14, 0, 12.609, 0, 2.031, 167, 0, 0, 0, 73.236, 1, 0.024, 0.019, 111.2, 77.039, 100, 0, 0, 141, 23.828, 27.136, 28.908, 1.821, 0, 108.364, 0, 0, 107.019, 40.288, 0, 0, 0, 0, 
0.55, , , , , , 10.22, , 38.041, 38.041, 2.047, 244.248, 244.248, 244.248, 50.759, 49.718, 35.518, 35.518, 7.377, 12.836, 0, 0, 26.623, 27.072, 26.623, 27.072, 1, 41.54, 41.54, 0.025, 0.137, 66.258, 67.377, 66.258, 67.377, 4.436, 7.377, 12.836, , , 1, 0.647, 5.821, 0, 12.5, 2.047, 167, 0, 0, 0, 74, 24.367, 19.516, 111.2, 80.931, 100, 0, 0, 23.6, 26.9, 32.6, 1.964, 107.5, 0, 0, 105.75, 40.638, 0, 0, 5.821, 0, 0, 13.99, 0, 12.5, 0, 2.047, 167, 0, 0, 0, 74, 1, 0.024, 0.02, 111.2, 80.931, 100, 0, 0, 141, 23.6, 26.9, 32.6, 1.964, 0, 107.5, 0, 0, 105.75, 40.638, 0, 0, 0, 0, 
0.6, , , , , , 10.298, , 41.013, 41.013, 2.074, 246.117, 246.117, 246.117, 50.754, 64.095, 35.554, 35.554, 7.377, 12.726, 0, 0, 27.144, 27.602, 27.144, 27.602, 1, 42.042, 42.042, 0.025, 0.138, 66.787, 67.915, 66.787, 67.915, 4.443, 7.377, 12.726, , , 1, 0.697, 4.663, 0, 12.5, 2.074, 167, 0, 0, 0, 74, 23.221, 19.348, 111.2, 85.653, 100, 0, 0, 23.8, 26.7, 37.8, 2.152, 105.5, 0, 0, 104.25, 41.134, 0, 0, 4.663, 0, 0, 13.97, 0, 12.5, 0, 2.074, 167, 0, 0, 0, 74, 1, 0.023, 0.02, 111.2, 85.653, 100, 0, 0, 141, 23.8, 26.7, 37.8, 2.152, 0, 105.5, 0, 0, 104.25, 41.134, 0, 0, 0, 0, 
0.65, , , , , , 10.309, , 44.007, 44.007, 2.1, 246.383, 246.383, 246.383, 50.739, 65.589, 35.59, 35.59, 7.377, 12.557, 0, 0, 27.493, 27.957, 27.493, 27.957, 1, 42.542, 42.542, 0.025, 0.138, 66.877, 68.007, 66.877, 68.007, 4.45, 7.377, 12.557, , , 1, 0.747, 3.505, 0, 12.5, 2.1, 167, 0, 0, 0, 74, 22.075, 19.18, 111.2, 90.375, 100, 0, 0, 24, 26.5, 43, 2.34, 103.5, 0, 0, 102.75, 41.63, 0, 0, 3.505, 0, 0, 13.95, 0, 12.5, 0, 2.1, 167, 0, 0, 0, 74, 1, 0.022, 0.02, 111.2, 90.375, 100, 0, 0, 141, 24, 26.5, 43, 2.34, 0, 103.5, 0, 0, 102.75, 41.63, 0, 0, 0, 0, 
0.7, , 100.37, 71.37, , , 10.377, 0.983, 47.07, 47.07, 2.127, 247.994, 247.994, 247.994, 50.714, 66.546, 35.548, 35.574, 7.377, 12.392, 0, 0, 28, 28.472, 28, 28.472, 1, 43.043, 43.043, 0.025, 0.138, 67.358, 68.495, 67.358, 68.495, 4.456, 7.377, 12.392, , , 1, 0.797, 2.347, 0, 12.5, 2.127, 167, 0, 0, 0, 74, 20.929, 19.012, 111.2, 95.097, 100, 0, 0, 24.2, 26.3, 48.2, 2.528, 101.5, 0, 0, 101.25, 42.126, 0, 0, 2.347, 0, 0, 13.93, 0, 12.5, 0, 2.127, 167, 0, 0, 0, 74, 1, 0.021, 0.019, 111.2, 95.097, 100, 0, 0, 141, 24.2, 26.3, 48.2, 2.528, 0, 101.5, 0, 0, 101.25, 42.126, 0, 0, 0, 0, 
0.75, , 100.37, 71.37, , , 10.418, 0.983, 50.157, 50.157, 2.154, 248.987, 248.987, 248.987, 50.668, 67.503, 35.476, 35.538, 7.377, 12.256, 0, 0, 28.436, 28.916, 28.436, 28.916, 1, 43.548, 43.548, 0.025, 0.138, 67.684, 68.826, 67.684, 68.826, 4.465, 7.377, 12.256, , , 1, 0.846, 1.189, 0, 12.5, 2.154, 167, 0, 0, 0, 74, 19.783, 18.844, 111.2, 99.819, 100, 0, 0, 24.4, 26.1, 53.4, 2.716, 99.5, 0, 0, 99.75, 42.622, 0, 0, 1.189, 0, 0, 13.91, 0, 12.5, 0, 2.154, 167, 0, 0, 0, 74, 1, 0.02, 0.019, 111.2, 99.819, 100, 0, 0, 141, 24.4, 26.1, 53.4, 2.716, 0, 99.5, 0, 0, 99.75, 42.622, 0, 0, 0, 0, 
0.8, , 100.37, 71.37, , , 10.4, 0.983, 53.27, 53.27, 2.179, 248.555, 248.555, 248.555, 50.621, 68.46, 35.404, 35.502, 7.377, 12.126, 0, 0, 28.712, 29.196, 28.712, 29.196, 1, 44.055, 44.055, 0.025, 0.139, 67.639, 68.781, 67.639, 68.781, 4.473, 7.377, 12.126, , , 1, 0.896, 0.593, 0, 12.5, 2.179, 167, 0, 0, 0, 74, 19.052, 18.638, 111.2, 102.106, 100, 0, 0, 24.6, 26, 59.4, 2.939, 97.85, 0, 0, 98.25, 43.181, 0, 0, 0.593, 0, 0, 13.9, 0, 12.5, 0, 2.179, 167, 0, 0, 0, 74, 1, 0.019, 0.019, 111.2, 102.106, 100, 0, 0, 141, 24.6, 26, 59.4, 2.939, 0, 97.85, 0, 0, 98.25, 43.181, 0, 0, 0, 0, 
0.85, , 100.37, 71.37, , , 10.371, 0.983, 56.42, 56.42, 2.202, 247.893, 247.893, 247.893, 50.575, 69.418, 35.332, 35.466, 7.377, 12.078, 0, 0, 28.966, 29.454, 28.966, 29.454, 1, 44.563, 44.563, 0.025, 0.139, 67.509, 68.648, 67.509, 68.648, 4.482, 7.377, 12.078, , , 1, 0.947, 0.559, 0, 12.5, 2.202, 167, 0, 0, 0, 74, 18.736, 18.394, 111.2, 101.958, 100, 0, 0, 24.8, 26, 66.2, 3.197, 96.55, 0, 0, 96.75, 43.803, 0, 0, 0.559, 0, 0, 13.9, 0, 12.5, 0, 2.202, 167, 0, 0, 0, 74, 1, 0.019, 0.019, 111.2, 101.958, 100, 0, 0, 141, 24.8, 26, 66.2, 3.197, 0, 96.55, 0, 0, 96.75, 43.803, 0, 0, 0, 0, 
0.9, , 100.37, 71.37, , , 10.362, 0.983, 59.608, 59.608, 2.226, 247.69, 247.69, 247.69, 50.558, 70.375, 35.26, 35.43, 7.377, 12.034, 0, 0, 29.275, 29.768, 29.275, 29.768, 1, 45.068, 45.068, 0.025, 0.139, 67.484, 68.622, 67.484, 68.622, 4.491, 7.377, 12.034, , , 1, 0.996, 0.525, 0, 12.5, 2.226, 167, 0, 0, 0, 74, 18.42, 18.15, 111.2, 101.81, 100, 0, 0, 25, 26, 73, 3.455, 95.25, 0, 0, 95.25, 44.425, 0, 0, 0.525, 0, 0, 13.9, 0, 12.5, 0, 2.226, 167, 0, 0, 0, 74, 1, 0.018, 0.018, 111.2, 101.81, 100, 0, 0, 141, 25, 26, 73, 3.455, 0, 95.25, 0, 0, 95.25, 44.425, 0, 0, 0, 0, 
0.95, , 100.37, 71.37, , , 10.385, 0.983, 62.851, 62.851, 2.249, 248.233, 248.233, 248.233, 50.558, 71.332, 35.214, 35.394, 7.377, 12.079, 0, 0, 29.669, 30.169, 29.669, 30.169, 1, 45.578, 45.578, 0.025, 0.139, 67.636, 68.779, 67.636, 68.779, 4.508, 7.377, 12.079, , , 1, 1.047, 0.491, 0, 12.5, 2.249, 167, 0, 0, 0, 74, 18.104, 17.906, 111.2, 101.662, 100, 0, 0, 25.2, 26, 79.8, 3.713, 93.95, 0, 0, 93.75, 45.047, 0, 0, 0.491, 0, 0, 13.9, 0, 12.5, 0, 2.249, 167, 0, 0, 0, 74, 1, 0.018, 0.018, 111.2, 101.662, 100, 0, 0, 141, 25.2, 26, 79.8, 3.713, 0, 93.95, 0, 0, 93.75, 45.047, 0, 0, 0, 0, 
1, , 100.37, 71.37, , , 10.29, 0.983, 66.137, 66.137, 2.272, 245.99, 245.99, 245.99, 50.576, 72.289, 35.178, 35.358, 7.377, 12.124, 0, 0, 29.724, 30.226, 29.724, 30.226, 1, 46.087, 46.087, 0.025, 0.139, 66.988, 68.122, 66.988, 68.122, 4.533, 7.377, 12.124, , , 1, 1.096, 0.457, 0, 12.5, 2.272, 167, 0, 0, 0, 74, 17.788, 17.662, 111.2, 101.514, 100, 0, 0, 25.4, 26, 86.6, 3.971, 92.65, 0, 0, 92.25, 45.669, 0, 0, 0.457, 0, 0, 13.9, 0, 12.5, 0, 2.272, 167, 0, 0, 0, 74, 1, 0.018, 0.018, 111.2, 101.514, 100, 0, 0, 141, 25.4, 26, 86.6, 3.971, 0, 92.65, 0, 0, 92.25, 45.669, 0, 0, 0, 0, 
1.05, , 100.37, 71.37, , , 10.245, 0.983, 69.451, 69.451, 2.298, 244.941, 244.941, 244.941, 50.624, 73.246, 35.142, 35.322, 7.378, 12.193, 0, 0, 29.921, 30.426, 29.921, 30.426, 1, 46.583, 46.583, 0.025, 0.139, 66.645, 67.774, 66.645, 67.774, 4.557, 7.378, 12.193, , , 1, 1.146, 0.396, 0, 12.5, 2.298, 167, 0, 0, 0, 74, 17.497, 17.451, 111.02, 101.44, 100, 0, 0, 25.6, 26.05, 91, 4.133, 91.45, 0, 0, 91.15, 46.229, 0, 0, 0.396, 0, 0, 13.9, 0, 12.5, 0, 2.298, 167, 0, 0, 0, 74, 1, 0.018, 0.018, 111.02, 101.44, 100, 0, 0, 141, 25.6, 26.05, 91, 4.133, 0, 91.45, 0, 0, 91.15, 46.229, 0, 0, 0, 0, 
1.1, , 100.37, 71.37, , , 10.232, 0.983, 72.798, 72.798, 2.327, 244.644, 244.644, 244.644, 50.67, 74.203, 35.106, 35.286, 7.378, 12.261, 0, 0, 30.205, 30.715, 30.205, 30.715, 1, 47.085, 47.085, 0.025, 0.138, 66.494, 67.62, 66.494, 67.62, 4.582, 7.378, 12.261, , , 1, 1.196, 0.308, 0, 12.5, 2.327, 167, 0, 0, 0, 74, 17.231, 17.273, 110.66, 101.44, 100, 0, 0, 25.8, 26.15, 93, 4.199, 90.35, 0, 0, 90.45, 46.727, 0, 0, 0.308, 0, 0, 13.9, 0, 12.5, 0, 2.327, 167, 0, 0, 0, 74, 1, 0.017, 0.018, 110.66, 101.44, 100, 0, 0, 141, 25.8, 26.15, 93, 4.199, 0, 90.35, 0, 0, 90.45, 46.727, 0, 0, 0, 0, 
1.15, 18.741, 100.37, 71.37, 72.1, , 10.126, 0.983, 76.232, 76.232, 2.356, 242.119, 242.119, 242.119, 50.709, 75.16, 35.07, 35.25, 7.379, 12.316, 0, 0, 30.205, 30.715, 30.205, 30.715, 1, 47.586, 47.586, 0.025, 0.138, 65.757, 66.872, 65.757, 66.872, 4.6, 7.379, 12.316, , , 1, 1.247, 0.22, 0, 12.5, 2.356, 167, 0, 0, 0, 74, 16.965, 17.095, 110.3, 101.44, 100, 0, 0, 26, 26.25, 95, 4.265, 89.25, 0, 0, 89.75, 47.225, 0, 0, 0.22, 0, 0, 13.9, 0, 12.5, 0, 2.356, 167, 0, 0, 0, 74, 1, 0.017, 0.018, 110.3, 101.44, 100, 0, 0, 141, 26, 26.25, 95, 4.265, 0, 89.25, 0, 0, 89.75, 47.225, 0, 0, 0, 0, 
1.2, 18.741, 100.37, 71.37, 72.1, , 10.047, 0.983, 79.666, 79.666, 2.386, 240.265, 240.265, 240.265, 50.739, 76.118, 34.879, 35.396, 7.379, 12.371, 0, 0, 30.287, 30.797, 30.287, 30.797, 1, 48.082, 48.082, 0.025, 0.138, 65.218, 66.325, 65.218, 66.325, 4.613, 7.379, 12.371, , , 1, 1.296, 0.132, 0, 12.5, 2.386, 167, 0, 0, 0, 74, 16.699, 16.917, 109.94, 101.44, 100, 0, 0, 26.2, 26.35, 97, 4.331, 88.15, 0, 0, 89.05, 47.723, 0, 0, 0.132, 0, 0, 13.9, 0, 12.5, 0, 2.386, 167, 0, 0, 0, 74, 1, 0.017, 0.017, 109.94, 101.44, 100, 0, 0, 141, 26.2, 26.35, 97, 4.331, 0, 88.15, 0, 0, 89.05, 47.723, 0, 0, 0, 0, 
1.25, 18.742, 100.37, 71.37, 72.1, , 10.001, 0.983, 83.12, 83.12, 2.414, 239.19, 239.19, 239.19, 50.756, 77.075, 34.627, 35.612, 7.38, 12.401, 0, 0, 30.462, 30.974, 30.462, 30.974, 1, 48.574, 48.574, 0.025, 0.139, 64.906, 66.008, 64.906, 66.008, 4.625, 7.38, 12.401, , , 1, 1.346, 0.044, 0, 12.5, 2.414, 167, 0, 0, 0, 74, 16.433, 16.739, 109.58, 101.44, 100, 0, 0, 26.4, 26.45, 99, 4.397, 87.05, 0, 0, 88.35, 48.221, 0, 0, 0.044, 0, 0, 13.9, 0, 12.5, 0, 2.414, 167, 0, 0, 0, 74, 1, 0.016, 0.017, 109.58, 101.44, 100, 0, 0, 141, 26.4, 26.45, 99, 4.397, 0, 87.05, 0, 0, 88.35, 48.221, 0, 0, 0, 0, 
1.3, 18.743, 100.37, 71.37, 72.1, , 9.987, 0.983, 86.608, 86.608, 2.441, 238.853, 238.853, 238.853, 50.754, 78.032, 34.375, 35.828, 7.38, 12.429, 0, 0, 30.722, 31.24, 30.722, 31.24, 1, 49.061, 49.061, 0.025, 0.139, 64.812, 65.911, 64.812, 65.911, 4.638, 7.38, 12.429, , , 1, 1.396, 0, 0, 12.5, 2.441, 167, 0, 0, 0, 74, 16.269, 16.628, 109.4, 101.511, 100, 0, 0, 26.548, 26.548, 100, 4.43, 86.26, 0, 0, 87.76, 48.708, 0, 0, 0, 0, 0, 13.9, 0, 12.5, 0, 2.441, 167, 0, 0, 0, 74, 1, 0.016, 0.017, 109.4, 101.511, 100, 0, 0, 141, 26.548, 26.548, 100, 4.43, 0, 86.26, 0, 0, 87.76, 48.708, 0, 0, 0, 0, 
1.35, 18.744, 100.37, 71.37, 72.1, , 9.899, 0.983, 90.145, 90.145, 2.466, 236.782, 236.782, 236.782, 50.754, 78.989, 34.123, 36.044, 7.38, 12.433, 0, 0, 30.763, 31.282, 30.763, 31.282, 1, 49.547, 49.547, 0.025, 0.139, 64.254, 65.344, 64.254, 65.344, 4.646, 7.38, 12.433, , , 1, 1.446, 0, 0, 12.5, 2.466, 167, 0, 0, 0, 74, 16.208, 16.584, 109.4, 101.653, 100, 0, 0, 26.644, 26.644, 100, 4.43, 85.779, 0, 0, 87.279, 49.185, 0, 0, 0, 0, 0, 13.9, 0, 12.5, 0, 2.466, 167, 0, 0, 0, 74, 1, 0.016, 0.017, 109.4, 101.653, 100, 0, 0, 141, 26.644, 26.644, 100, 4.43, 0, 85.779, 0, 0, 87.279, 49.185, 0, 0, 0, 0, 
1.4, 18.744, 100.37, 71.37, 72.1, , 9.927, 0.983, 93.723, 93.723, 2.491, 237.463, 237.463, 237.463, 50.765, 79.946, 33.871, 36.26, 7.379, 12.435, 0, 0, 31.158, 31.686, 31.158, 31.686, 1, 50.033, 50.033, 0.024, 0.138, 64.424, 65.516, 64.424, 65.516, 4.643, 7.379, 12.435, , , 1, 1.496, 0, 0, 12.5, 2.491, 167, 0, 0, 0, 74, 16.146, 16.539, 109.4, 101.796, 100, 0, 0, 26.74, 26.74, 100, 4.43, 85.298, 0, 0, 86.798, 49.662, 0, 0, 0, 0, 0, 13.9, 0, 12.5, 0, 2.491, 167, 0, 0, 0, 74, 1, 0.016, 0.017, 109.4, 101.796, 100, 0, 0, 141, 26.74, 26.74, 100, 4.43, 0, 85.298, 0, 0, 86.798, 49.662, 0, 0, 0, 0, 
1.45, 18.745, 100.37, 71.37, 72.1, , 9.925, 0.983, 97.34, 97.34, 2.516, 237.412, 237.412, 237.412, 50.788, 80.903, 33.926, 36.22, 7.379, 12.424, 0, 0, 31.45, 31.984, 31.45, 31.984, 1, 50.518, 50.518, 0.024, 0.138, 64.38, 65.47, 64.38, 65.47, 4.639, 7.379, 12.424, , , 1, 1.546, 0, 0, 12.5, 2.516, 167, 0, 0, 0, 74, 16.085, 16.495, 109.4, 101.938, 100, 0, 0, 26.837, 26.837, 100, 4.43, 84.817, 0, 0, 86.317, 50.139, 0, 0, 0, 0, 0, 13.9, 0, 12.5, 0, 2.516, 167, 0, 0, 0, 74, 1, 0.016, 0.016, 109.4, 101.938, 100, 0, 0, 141, 26.837, 26.837, 100, 4.43, 0, 84.817, 0, 0, 86.317, 50.139, 0, 0, 0, 0, 
1.5, 18.746, 100.37, 71.37, 72.1, , 9.856, 0.983, 100.998, 100.998, 2.541, 235.798, 235.798, 235.798, 50.829, 81.861, 34.1, 36.08, 7.378, 12.413, 0, 0, 31.532, 32.068, 31.532, 32.068, 1, 51.005, 51.005, 0.024, 0.138, 63.896, 64.976, 63.896, 64.976, 4.636, 7.378, 12.413, , , 1, 1.596, 0, 0, 12.5, 2.541, 167, 0, 0, 0, 74, 16.023, 16.451, 109.4, 102.08, 100, 0, 0, 26.933, 26.933, 100, 4.43, 84.337, 0, 0, 85.837, 50.616, 0, 0, 0, 0, 0, 13.9, 0, 12.5, 0, 2.541, 167, 0, 0, 0, 74, 1, 0.016, 0.016, 109.4, 102.08, 100, 0, 0, 141, 26.933, 26.933, 100, 4.43, 0, 84.337, 0, 0, 85.837, 50.616, 0, 0, 0, 0, 
1.55, 18.747, 100.37, 71.37, 72.1, , 9.858, 0.983, 104.704, 104.704, 2.567, 235.848, 235.848, 235.848, 50.884, 82.818, 34.274, 35.94, 7.378, 12.389, 0, 0, 31.842, 32.381, 31.842, 32.381, 1, 51.491, 51.491, 0.024, 0.138, 63.841, 64.918, 63.841, 64.918, 4.633, 7.378, 12.389, , , 1, 1.646, 0, 0, 12.5, 2.567, 167, 0, 0, 0, 74, 15.972, 16.412, 109.293, 102.202, 100, 0, 0, 27, 27.06, 100, 4.43, 83.94, 0, 0, 85.44, 51.098, 0, 0, 0, 0, 0, 13.9, 0, 12.5, 0, 2.567, 167, 0, 0, 0, 74, 1, 0.016, 0.016, 109.293, 102.202, 100, 0, 0, 141, 27, 27.06, 100, 4.43, 0, 83.94, 0, 0, 85.44, 51.098, 0, 0, 0, 0, 
1.6, 18.747, 100.37, 71.37, 72.1, , 9.892, 0.983, 108.411, 108.411, 2.595, 236.663, 236.663, 236.663, 50.943, 83.775, 34.449, 35.801, 7.377, 12.364, 0, 0, 32.251, 32.796, 32.251, 32.796, 1, 51.974, 51.974, 0.024, 0.138, 63.985, 65.066, 63.985, 65.066, 4.632, 7.377, 12.364, , , 1, 1.697, 0, 0, 12.5, 2.595, 167, 0, 0, 0, 74, 15.946, 16.386, 108.936, 102.275, 100, 0, 0, 27, 27.258, 100, 4.43, 83.742, 0, 0, 85.242, 51.592, 0, 0, 0, 0, 0, 13.9, 0, 12.5, 0, 2.595, 167, 0, 0, 0, 74, 1, 0.016, 0.016, 108.936, 102.276, 100, 0, 0, 141, 27, 27.258, 100, 4.43, 0, 83.742, 0, 0, 85.242, 51.592, 0, 0, 0, 0, 
1.65, 18.748, 100.37, 71.37, 72.1, , 9.885, 0.983, 113.36, 113.36, 2.624, 236.508, 236.508, 236.508, 50.99, 84.732, 34.623, 35.661, 7.377, 12.35, 0, 0, 32.535, 33.084, 32.535, 33.084, 1, 52.46, 52.46, 0.024, 0.138, 63.884, 64.962, 63.884, 64.962, 4.631, 7.377, 12.35, , , 1, 1.746, 0, 0, 12.5, 2.624, 167, 0, 0, 0, 74, 15.921, 16.361, 108.579, 102.349, 100, 0, 0, 27, 27.456, 100, 4.43, 83.544, 0, 0, 85.044, 52.086, 0, 0, 0, 0, 0, 13.9, 0, 12.5, 0, 2.624, 167, 0, 0, 0, 74, 1, 0.016, 0.016, 108.579, 102.35, 100, 0, 0, 141, 27, 27.456, 100, 4.43, 0, 83.544, 0, 0, 85.044, 52.086, 0, 0, 0, 0, 
1.7, 18.749, 100.37, 71.37, 72.1, , 9.905, 0.983, 118.281, 118.281, 2.652, 237.005, 237.005, 237.005, 51.013, 85.689, 34.596, 35.621, 7.377, 12.336, 0, 0, 32.976, 33.532, 32.976, 33.532, 1, 53.193, 53.193, 0.025, 0.138, 63.986, 65.066, 63.986, 65.066, 4.629, 7.377, 12.336, , , 1, 1.796, 0, 0, 12.5, 2.652, 167, 0, 0, 0, 74, 15.895, 16.335, 108.221, 102.422, 100, 0, 0, 27, 27.655, 100, 4.43, 83.345, 0, 0, 84.845, 52.58, 0, 0, 0, 0, 0, 13.9, 0, 12.5, 0, 2.652, 167, 0, 0, 0, 74, 1, 0.016, 0.016, 108.221, 102.424, 100, 0, 0, 141, 27, 27.655, 100, 4.43, 0, 83.345, 0, 0, 84.845, 52.58, 0, 0, 0, 0, 
1.75, 18.75, 100.37, 71.37, 72.1, , 9.991, 0.983, 122.121, 122.121, 2.681, 239.061, 239.061, 239.061, 51.017, 86.646, 34.41, 35.658, 7.377, 12.333, 0, 0, 33.689, 34.257, 33.689, 34.257, 1, 53.73, 53.73, 0.025, 0.138, 64.539, 65.628, 64.539, 65.628, 4.633, 7.377, 12.333, , , 1, 1.846, 0, 0, 12.5, 2.681, 167, 0, 0, 0, 74, 15.869, 16.309, 107.864, 102.496, 100, 0, 0, 27, 27.853, 100, 4.43, 83.147, 0, 0, 84.647, 53.074, 0, 0, 0, 0, 0, 13.9, 0, 12.5, 0, 2.681, 167, 0, 0, 0, 74, 1, 0.016, 0.016, 107.864, 102.498, 100, 0, 0, 141, 27, 27.853, 100, 4.43, 0, 83.147, 0, 0, 84.647, 53.074, 0, 0, 0, 0, 
1.8, 18.75, 100.37, 71.37, 72.1, , 10.05, 0.983, 126.013, 126.013, 2.712, 240.468, 240.468, 240.468, 51.008, 87.604, 34.224, 35.695, 7.377, 12.332, 0, 0, 34.196, 34.772, 34.196, 34.772, 1, 54.219, 54.219, 0.025, 0.138, 64.932, 66.028, 64.932, 66.028, 4.653, 7.377, 12.332, , , 1, 1.896, 0, 0, 12.5, 2.712, 167, 0, 0, 0, 74, 15.867, 16.314, 107.6, 102.559, 100, 0, 0, 27.038, 28.038, 100, 4.429, 83.05, 0, 0, 84.626, 53.643, 0, 0, 0, 0, 0, 13.903, 0, 12.5, 0, 2.712, 167, 0, 0, 0, 74, 1, 0.016, 0.016, 107.6, 102.561, 100, 0, 0, 141, 27.038, 28.038, 100, 4.429, 0, 83.05, 0, 0, 84.626, 53.643, 0, 0, 0, 0, 
1.85, 18.751, 100.37, 71.37, 72.1, , 10.082, 0.983, 129.905, 129.905, 2.75, 241.224, 241.224, 241.224, 51.001, 88.561, 34.038, 35.732, 7.377, 12.344, 0, 0, 34.613, 35.197, 34.613, 35.197, 1, 54.713, 54.713, 0.025, 0.138, 65.147, 66.245, 65.147, 66.245, 4.673, 7.377, 12.344, , , 1, 1.947, 0, 0, 12.5, 2.75, 167, 0, 0, 0, 74, 15.934, 16.407, 107.6, 102.595, 100, 0, 0, 27.182, 28.182, 100, 4.428, 83.244, 0, 0, 85.11, 54.421, 0, 0, 0, 0, 0, 13.912, 0, 12.5, 0, 2.75, 167, 0, 0, 0, 74, 1, 0.016, 0.016, 107.6, 102.596, 100, 0, 0, 141, 27.182, 28.182, 100, 4.428, 0, 83.244, 0, 0, 85.11, 54.421, 0, 0, 0, 0, 
1.9, 18.752, 100.37, 71.37, 72.1, , 10.131, 0.983, 133.848, 133.848, 2.789, 242.409, 242.409, 242.409, 51.008, 89.518, 33.852, 35.77, 7.377, 12.359, 0, 0, 35.097, 35.691, 35.097, 35.691, 1, 55.211, 55.211, 0.025, 0.137, 65.457, 66.56, 65.457, 66.56, 4.693, 7.377, 12.359, , , 1, 1.996, 0, 0, 12.5, 2.789, 167, 0, 0, 0, 74, 16.001, 16.499, 107.6, 102.631, 100, 0, 0, 27.327, 28.327, 100, 4.426, 83.438, 0, 0, 85.595, 55.2, 0, 0, 0, 0, 0, 13.922, 0, 12.5, 0, 2.789, 167, 0, 0, 0, 74, 1, 0.016, 0.016, 107.6, 102.632, 100, 0, 0, 141, 27.327, 28.327, 100, 4.426, 0, 83.438, 0, 0, 85.595, 55.2, 0, 0, 0, 0, 
1.95, 18.753, 100.37, 71.37, 72.1, , 10.187, 0.983, 137.847, 137.847, 2.827, 243.748, 243.748, 243.748, 51.031, 90.475, 33.878, 35.884, 7.377, 12.373, 0, 0, 35.612, 36.216, 35.612, 36.216, 1, 55.706, 55.706, 0.025, 0.137, 65.789, 66.898, 65.789, 66.898, 4.713, 7.377, 12.373, , , 1, 2.046, 0, 0, 12.5, 2.827, 167, 0, 0, 0, 74, 16.067, 16.592, 107.6, 102.667, 100, 0, 0, 27.472, 28.472, 100, 4.424, 83.632, 0, 0, 86.079, 55.979, 0, 0, 0, 0, 0, 13.932, 0, 12.5, 0, 2.827, 167, 0, 0, 0, 74, 1, 0.016, 0.017, 107.6, 102.667, 100, 0, 0, 141, 27.472, 28.472, 100, 4.424, 0, 83.632, 0, 0, 86.079, 55.979, 0, 0, 0, 0, 
2, 18.753, 100.37, 71.37, 72.1, , 10.256, 0.983, 141.873, 141.873, 2.865, 245.388, 245.388, 245.388, 51.07, 91.432, 33.986, 36.028, 7.377, 12.388, 0, 0, 36.175, 36.788, 36.175, 36.788, 1, 56.208, 56.208, 0.025, 0.137, 66.182, 67.297, 66.182, 67.297, 4.75, 7.377, 12.388, , , 1, 2.096, 0, 0, 12.5, 2.865, 167, 0, 0, 0, 74, 16.134, 16.685, 107.6, 102.703, 100, 0, 0, 27.617, 28.617, 100, 4.422, 83.826, 0, 0, 86.564, 56.758, 0, 0, 0, 0, 0, 13.941, 0, 12.5, 0, 2.865, 167, 0, 0, 0, 74, 1, 0.016, 0.017, 107.6, 102.703, 100, 0, 0, 141, 27.617, 28.617, 100, 4.422, 0, 83.826, 0, 0, 86.564, 56.758, 0, 0, 0, 0, 
2.05, 18.754, 100.37, 71.37, 72.1, , 10.334, 0.983, 145.918, 145.918, 2.902, 247.253, 247.253, 247.253, 51.122, 92.389, 34.094, 36.172, 7.377, 12.395, 0, 0, 36.773, 37.396, 36.773, 37.396, 1, 56.708, 56.708, 0.025, 0.137, 66.62, 67.742, 66.62, 67.742, 4.787, 7.377, 12.395, , , 1, 2.146, 0, 0, 12.5, 2.902, 167, 0, 0, 0, 74, 16.197, 16.773, 107.6, 102.739, 100, 0, 0, 27.754, 28.754, 100, 4.42, 84.01, 0, 0, 87.021, 57.501, 0, 0, 0, 0, 0, 13.951, 0, 12.5, 0, 2.902, 167, 0, 0, 0, 74, 1, 0.016, 0.017, 107.6, 102.739, 100, 0, 0, 141, 27.754, 28.754, 100, 4.42, 0, 84.01, 0, 0, 87.021, 57.501, 0, 0, 0, 0, 
2.1, 18.755, 100.37, 71.37, 72.1, , 10.395, 0.983, 150.015, 150.015, 2.917, 248.709, 248.709, 248.709, 51.174, 93.347, 34.202, 36.316, 7.377, 12.4, 0, 0, 37.324, 37.955, 37.324, 37.955, 1, 57.213, 57.213, 0.025, 0.137, 66.939, 68.068, 66.939, 68.068, 4.824, 7.377, 12.4, , , 1, 2.196, 0, 0, 12.5, 2.917, 167, 0, 0, 0, 74, 16.216, 16.813, 107.6, 102.777, 100, 0, 0, 27.806, 28.806, 100, 4.422, 84.115, 0, 0, 87.229, 57.826, 0, 0, 0, 0, 0, 13.961, 0, 12.5, 0, 2.917, 167, 0, 0, 0, 74, 1, 0.016, 0.017, 107.6, 102.777, 100, 0, 0, 141, 27.806, 28.806, 100, 4.422, 0, 84.115, 0, 0, 87.229, 57.826, 0, 0, 0, 0, 
2.15, 18.756, 100.37, 71.37, 72.1, , 10.438, 0.983, 154.111, 154.111, 2.932, 249.734, 249.734, 249.734, 51.214, 93.386, 34.31, 36.46, 7.377, 12.402, 0, 0, 37.806, 38.444, 37.806, 38.444, 1, 57.724, 57.724, 0.025, 0.137, 67.16, 68.294, 67.16, 68.294, 4.861, 7.377, 12.402, , , 1, 2.247, 0, 0, 12.5, 2.932, 167, 0, 0, 0, 74, 16.236, 16.853, 107.6, 102.816, 100, 0, 0, 27.859, 28.859, 100, 4.424, 84.219, 0, 0, 87.438, 58.152, 0, 0, 0, 0, 0, 13.972, 0, 12.5, 0, 2.932, 167, 0, 0, 0, 74, 1, 0.016, 0.017, 107.6, 102.816, 100, 0, 0, 141, 27.859, 28.859, 100, 4.424, 0, 84.219, 0, 0, 87.438, 58.152, 0, 0, 0, 0, 
2.2, 18.757, 100.37, 71.37, 72.1, , 10.5, 0.983, 158.281, 158.281, 2.947, 251.232, 251.232, 251.232, 51.238, 91.929, 34.47, 36.448, 7.377, 12.403, 0, 0, 38.37, 39.017, 38.37, 39.017, 1, 58.238, 58.238, 0.024, 0.137, 67.531, 68.673, 67.531, 68.673, 4.884, 7.377, 12.403, , , 1, 2.296, 0, 0, 12.5, 2.947, 167, 0, 0, 0, 74, 16.256, 16.892, 107.6, 102.854, 100, 0, 0, 27.911, 28.911, 100, 4.426, 84.323, 0, 0, 87.646, 58.477, 0, 0, 0, 0, 0, 13.982, 0, 12.5, 0, 2.947, 167, 0, 0, 0, 74, 1, 0.016, 0.017, 107.6, 102.854, 100, 0, 0, 141, 27.911, 28.911, 100, 4.426, 0, 84.323, 0, 0, 87.646, 58.477, 0, 0, 0, 0, 
2.25, 18.757, 100.37, 71.37, 72.1, , 10.567, 0.983, 162.517, 162.517, 2.962, 252.822, 252.822, 252.822, 51.247, 90.471, 34.65, 36.376, 7.377, 12.403, 0, 0, 38.963, 39.62, 38.963, 39.62, 1, 58.752, 58.752, 0.024, 0.137, 67.949, 69.097, 67.949, 69.097, 4.901, 7.377, 12.403, , , 1, 2.346, 0, 0, 12.5, 2.962, 167, 0, 0, 0, 74, 16.276, 16.932, 107.6, 102.893, 100, 0, 0, 27.963, 28.963, 100, 4.429, 84.427, 0, 0, 87.854, 58.802, 0, 0, 0, 0, 0, 13.993, 0, 12.5, 0, 2.962, 167, 0, 0, 0, 74, 1, 0.016, 0.017, 107.6, 102.893, 100, 0, 0, 141, 27.963, 28.963, 100, 4.429, 0, 84.427, 0, 0, 87.854, 58.802, 0, 0, 0, 0, 
2.3, 18.758, 100.37, 71.37, 72.1, , 10.65, 0.983, 166.762, 166.762, 2.985, 254.811, 254.811, 254.811, 51.24, 89.014, 34.83, 36.304, 7.378, 12.403, 0, 0, 39.619, 40.287, 39.619, 40.287, 1, 59.272, 59.272, 0.024, 0.137, 68.494, 69.653, 68.494, 69.653, 4.919, 7.378, 12.403, , , 1, 2.397, 0, 0, 12.5, 2.985, 167.056, 0, 0, 0, 74, 16.287, 16.952, 107.45, 102.92, 100, 0, 0, 28.014, 29, 100, 4.43, 84.486, 0, 0, 87.958, 59.272, 0, 0, 0, 0, 0, 13.994, 0, 12.5, 0, 2.985, 167.056, 0, 0, 0, 74, 1, 0.016, 0.017, 107.45, 102.92, 100, 0, 0, 141, 28.014, 29, 100, 4.43, 0, 84.486, 0, 0, 87.958, 59.272, 0, 0, 0, 0, 
2.35, 18.759, 100.37, 71.37, 72.1, , 10.744, 0.983, 171.008, 171.008, 3.026, 257.046, 257.046, 257.046, 51.224, 87.556, 35.01, 36.232, 7.378, 12.414, 0, 0, 40.321, 41.002, 40.321, 41.002, 1, 59.794, 59.794, 0.024, 0.137, 69.11, 70.278, 69.11, 70.278, 4.937, 7.378, 12.414, , , 1, 2.447, 0, 0, 12.5, 3.026, 167.241, 0, 0, 0, 74, 16.278, 16.925, 106.95, 102.92, 100, 0, 0, 28.06, 29, 100, 4.43, 84.44, 0, 0, 87.819, 60.077, 0, 0, 0, 0, 0, 13.976, 0, 12.5, 0, 3.026, 167.241, 0, 0, 0, 74, 1, 0.016, 0.017, 106.95, 102.92, 100, 0, 0, 141, 28.06, 29, 100, 4.43, 0, 84.44, 0, 0, 87.819, 60.077, 0, 0, 0, 0, 
2.4, 18.76, 100.37, 71.37, 72.1, , 10.862, 0.983, 175.299, 175.299, 3.066, 259.865, 259.865, 259.865, 51.225, 86.099, 35.19, 36.16, 7.379, 12.428, 0, 0, 41.126, 41.821, 41.126, 41.821, 1, 60.326, 60.326, 0.024, 0.137, 69.866, 71.046, 69.866, 71.046, 4.948, 7.379, 12.428, , , 1, 2.497, 0, 0, 12.5, 3.066, 167.426, 0, 0, 0, 74, 16.269, 16.898, 106.45, 102.92, 100, 0, 0, 28.106, 29, 100, 4.43, 84.394, 0, 0, 87.681, 60.883, 0, 0, 0, 0, 0, 13.957, 0, 12.5, 0, 3.066, 167.426, 0, 0, 0, 74, 1, 0.016, 0.017, 106.45, 102.92, 100, 0, 0, 141, 28.106, 29, 100, 4.43, 0, 84.394, 0, 0, 87.681, 60.883, 0, 0, 0, 0, 
2.45, 18.76, 100.37, 71.37, 72.1, , 11.009, 0.983, 179.664, 179.664, 3.107, 263.357, 263.357, 263.357, 51.244, 84.641, 35.292, 35.881, 7.379, 12.45, 0, 0, 42.05, 42.76, 42.05, 42.76, 1, 60.867, 60.867, 0.024, 0.137, 70.779, 71.973, 70.779, 71.973, 4.952, 7.379, 12.45, , , 1, 2.546, 0, 0, 12.5, 3.107, 167.611, 0, 0, 0, 74, 16.259, 16.871, 105.95, 102.92, 100, 0, 0, 28.153, 29, 100, 4.43, 84.347, 0, 0, 87.542, 61.688, 0, 0, 0, 0, 0, 13.939, 0, 12.5, 0, 3.107, 167.611, 0, 0, 0, 74, 1, 0.016, 0.017, 105.95, 102.92, 100, 0, 0, 141, 28.153, 29, 100, 4.43, 0, 84.347, 0, 0, 87.542, 61.688, 0, 0, 0, 0, 
2.5, 18.76, 100.37, 71.37, 72.101, , 11.144, 0.983, 184.069, 184.069, 3.147, 266.581, 266.581, 266.581, 51.279, 83.184, 35.364, 35.521, 7.38, 12.475, 0, 0, 42.942, 43.667, 42.942, 43.667, 1, 61.412, 61.412, 0.024, 0.137, 71.595, 72.804, 71.595, 72.804, 4.957, 7.38, 12.475, , , 1, 2.596, 0, 0, 12.5, 3.147, 167.796, 0, 0, 0, 74, 16.25, 16.845, 105.45, 102.92, 100, 0, 0, 28.199, 29, 100, 4.43, 84.301, 0, 0, 87.403, 62.494, 0, 0, 0, 0, 0, 13.92, 0, 12.5, 0, 3.147, 167.796, 0, 0, 0, 74, 1, 0.016, 0.017, 105.45, 102.92, 100, 0, 0, 141, 28.199, 29, 100, 4.43, 0, 84.301, 0, 0, 87.403, 62.494, 0, 0, 0, 0, 
2.55, 18.76, 100.37, 71.37, 72.102, , 11.262, 0.983, 188.507, 188.507, 3.187, 269.388, 269.388, 269.388, 51.331, 81.726, 35.436, 35.161, 7.38, 12.512, 0, 0, 43.781, 44.519, 43.781, 44.519, 1, 61.959, 61.959, 0.024, 0.137, 72.274, 73.495, 72.274, 73.495, 4.961, 7.38, 12.512, , , 1, 2.647, 0, 0, 12.5, 3.187, 167.981, 0, 0, 0, 74, 16.241, 16.818, 104.95, 102.92, 100, 0, 0, 28.245, 29, 100, 4.43, 84.255, 0, 0, 87.264, 63.299, 0, 0, 0, 0, 0, 13.902, 0, 12.5, 0, 3.187, 167.981, 0, 0, 0, 74, 1, 0.016, 0.017, 104.95, 102.92, 100, 0, 0, 141, 28.245, 29, 100, 4.43, 0, 84.255, 0, 0, 87.264, 63.299, 0, 0, 0, 0, 
2.6, 18.76, 100.37, 71.37, 72.103, , 11.404, 0.983, 192.998, 192.998, 3.22, 272.761, 272.761, 272.761, 51.391, 80.269, 35.508, 34.801, 7.379, 12.553, 0, 0, 44.725, 45.481, 44.725, 45.481, 1, 62.517, 62.517, 0.024, 0.137, 73.097, 74.331, 73.097, 74.331, 4.966, 7.379, 12.553, , , 1, 2.697, 0, 0, 12.5, 3.22, 167.804, 0, 0, 0, 74, 16.224, 16.791, 104.724, 102.92, 100, 0, 0, 28.348, 29, 100, 4.428, 84.201, 0, 0, 87.152, 63.927, 0, 0, 0, 0, 0, 13.9, 0, 12.5, 0, 3.22, 167.804, 0, 0, 0, 74, 1, 0.016, 0.017, 104.724, 102.92, 100, 0, 0, 141, 28.348, 29, 100, 4.428, 0, 84.201, 0, 0, 87.152, 63.927, 0, 0, 0, 0, 
2.65, 18.76, 100.37, 71.37, 72.103, , 11.54, 0.983, 197.514, 197.514, 3.251, 276.02, 276.02, 276.02, 51.432, 78.811, 35.58, 34.441, 7.379, 12.606, 0, 0, 45.668, 46.439, 45.668, 46.439, 1, 63.077, 63.077, 0.025, 0.137, 73.912, 75.159, 73.912, 75.159, 4.974, 7.379, 12.606, , , 1, 2.747, 0, 0, 12.5, 3.251, 167.587, 0, 0, 0, 74, 16.207, 16.763, 104.528, 102.92, 100, 0, 0, 28.457, 29, 100, 4.426, 84.147, 0, 0, 87.043, 64.534, 0, 0, 0, 0, 0, 13.9, 0, 12.5, 0, 3.251, 167.587, 0, 0, 0, 74, 1, 0.016, 0.017, 104.528, 102.92, 100, 0, 0, 141, 28.457, 29, 100, 4.426, 0, 84.147, 0, 0, 87.043, 64.534, 0, 0, 0, 0, 
2.7, 18.76, 100.37, 71.37, 72.104, , 11.649, 0.983, 202.093, 202.093, 3.282, 278.621, 278.621, 278.621, 51.451, 77.354, 35.444, 34.677, 7.378, 12.665, 0, 0, 46.512, 47.297, 46.512, 47.297, 1, 63.645, 63.645, 0.025, 0.138, 74.584, 75.842, 74.584, 75.842, 4.981, 7.378, 12.665, , , 1, 2.797, 0, 0, 12.5, 3.282, 167.37, 0, 0, 0, 74, 16.19, 16.736, 104.333, 102.92, 100, 0, 0, 28.565, 29, 100, 4.424, 84.092, 0, 0, 86.935, 65.142, 0, 0, 0, 0, 0, 13.9, 0, 12.5, 0, 3.282, 167.37, 0, 0, 0, 74, 1, 0.016, 0.017, 104.333, 102.92, 100, 0, 0, 141, 28.565, 29, 100, 4.424, 0, 84.092, 0, 0, 86.935, 65.142, 0, 0, 0, 0, 
2.75, 18.76, 100.37, 71.37, 72.105, , 11.776, 0.983, 206.671, 206.671, 3.314, 281.642, 281.642, 281.642, 51.445, 75.896, 35.228, 35.145, 7.378, 12.737, 0, 0, 47.445, 48.246, 47.445, 48.246, 1, 64.226, 64.226, 0.025, 0.138, 75.401, 76.673, 75.401, 76.673, 4.989, 7.378, 12.737, , , 1, 2.846, 0, 0, 12.5, 3.314, 167.152, 0, 0, 0, 74, 16.172, 16.709, 104.137, 102.92, 100, 0, 0, 28.674, 29, 100, 4.422, 84.038, 0, 0, 86.826, 65.75, 0, 0, 0, 0, 0, 13.9, 0, 12.5, 0, 3.314, 167.152, 0, 0, 0, 74, 1, 0.016, 0.017, 104.137, 102.92, 100, 0, 0, 141, 28.674, 29, 100, 4.422, 0, 84.038, 0, 0, 86.826, 65.75, 0, 0, 0, 0, 
2.8, 18.76, 100.37, 71.37, 72.106, , 11.905, 0.983, 211.271, 211.271, 3.34, 284.703, 284.703, 284.703, 51.418, 74.439, 35.012, 35.613, 7.377, 12.816, 0, 0, 48.396, 49.214, 48.396, 49.214, 1, 64.801, 64.801, 0.025, 0.138, 76.263, 77.549, 76.263, 77.549, 5.006, 7.377, 12.816, , , 1, 2.896, 0, 0, 12.5, 3.34, 167, 0, 0, 0, 74, 16.158, 16.685, 104, 102.92, 100, 0, 0, 28.766, 29, 100, 4.419, 84, 0, 0, 86.734, 66.272, 0, 0, 0, 0, 0, 13.9, 0, 12.5, 0, 3.34, 167, 0, 0, 0, 74, 1, 0.016, 0.017, 104, 102.92, 100, 0, 0, 141, 28.766, 29, 100, 4.419, 0, 84, 0, 0, 86.734, 66.272, 0, 0, 0, 0, 
2.85, 18.76, 100.37, 71.37, 72.106, , 12.028, 0.983, 215.964, 215.964, 3.354, 287.637, 287.637, 287.637, 51.38, 72.981, 34.796, 36.081, 7.377, 12.906, 0, 0, 49.336, 50.17, 49.336, 50.17, 1, 65.392, 65.392, 0.025, 0.137, 77.111, 78.412, 77.111, 78.412, 5.055, 7.377, 12.906, , , 1, 2.947, 0, 0, 12.5, 3.354, 167, 0, 0, 0, 74, 16.152, 16.668, 104, 102.92, 100, 0, 0, 28.818, 29, 100, 4.417, 84, 0, 0, 86.682, 66.596, 0, 0, 0, 0, 0, 13.9, 0, 12.5, 0, 3.354, 167, 0, 0, 0, 74, 1, 0.016, 0.017, 104, 102.92, 100, 0, 0, 141, 28.818, 29, 100, 4.417, 0, 84, 0, 0, 86.682, 66.596, 0, 0, 0, 0, 
2.9, 18.76, 100.37, 71.37, 72.107, , 12.141, 0.983, 221.348, 221.348, 3.367, 290.354, 290.354, 290.354, 51.337, 71.524, 34.58, 36.549, 7.377, 13.001, 0, 0, 50.315, 51.165, 50.315, 51.165, 1, 66.203, 66.203, 0.025, 0.137, 77.897, 79.213, 77.897, 79.213, 5.104, 7.377, 13.001, , , 1, 2.997, 0, 0, 12.5, 3.367, 167, 0, 0, 0, 74, 16.146, 16.652, 104, 102.92, 100, 0, 0, 28.87, 29, 100, 4.415, 84, 0, 0, 86.63, 66.92, 0, 0, 0, 0, 0, 13.9, 0, 12.5, 0, 3.367, 167, 0, 0, 0, 74, 1, 0.016, 0.017, 104, 102.92, 100, 0, 0, 141, 28.87, 29, 100, 4.415, 0, 84, 0, 0, 86.63, 66.92, 0, 0, 0, 0, 
2.95, 18.76, 100.37, 71.37, 72.108, , 12.273, 0.983, 227.829, 227.829, 3.381, 293.492, 293.492, 293.492, 51.306, 70.066, 34.494, 36.499, 7.377, 13.093, 0, 0, 51.479, 52.348, 51.479, 52.348, 1, 66.878, 66.878, 0.025, 0.137, 78.792, 80.124, 78.792, 80.124, 5.153, 7.377, 13.093, , , 1, 3.046, 0, 0, 12.5, 3.381, 167, 0, 0, 0, 74, 16.139, 16.635, 104, 102.92, 100, 0, 0, 28.922, 29, 100, 4.413, 84, 0, 0, 86.578, 67.244, 0, 0, 0, 0, 0, 13.9, 0, 12.5, 0, 3.381, 167, 0, 0, 0, 74, 1, 0.016, 0.017, 104, 102.92, 100, 0, 0, 141, 28.922, 29, 100, 4.413, 0, 84, 0, 0, 86.578, 67.244, 0, 0, 0, 0, 
3, 18.76, 100.37, 71.37, 72.109, , 12.326, 0.983, 232.624, 232.624, 3.395, 294.762, 294.762, 294.762, 51.285, 68.609, 34.458, 36.247, 7.377, 13.183, 0, 0, 52.162, 53.043, 52.162, 53.043, 1, 67.475, 67.475, 0.025, 0.137, 79.166, 80.503, 79.166, 80.503, 5.202, 7.377, 13.183, , , 1, 3.096, 0, 0, 12.5, 3.395, 167, 0, 0, 0, 74, 16.133, 16.618, 104, 102.92, 100, 0, 0, 28.974, 29, 100, 4.411, 84, 0, 0, 86.526, 67.568, 0, 0, 0, 0, 0, 13.9, 0, 12.5, 0, 3.395, 167, 0, 0, 0, 74, 1, 0.016, 0.017, 104, 102.92, 100, 0, 0, 141, 28.974, 29, 100, 4.411, 0, 84, 0, 0, 86.526, 67.568, 0, 0, 0, 0, 
3.05, 18.76, 100.37, 71.37, 72.109, , 12.41, 0.983, 237.489, 237.489, 3.426, 296.787, 296.787, 296.787, 51.27, 67.151, 34.422, 35.995, 7.377, 13.267, 0, 0, 52.993, 53.886, 52.993, 53.886, 1, 68.079, 68.079, 0.025, 0.137, 79.73, 81.077, 79.73, 81.077, 5.257, 7.377, 13.267, , , 1, 3.146, 0, 0, 12.5, 3.426, 167, 0, 0, 0, 74, 16.182, 16.652, 103.917, 102.886, 100, 0, 0, 29.069, 29.023, 100, 4.41, 84.301, 0, 0, 86.755, 68.161, 0, 0, 0, 0, 0, 13.9, 0, 12.5, 0, 3.426, 167, 0, 0, 0, 74, 1, 0.016, 0.017, 103.917, 102.886, 100, 0, 0, 141, 29.069, 29.023, 100, 4.41, 0, 84.301, 0, 0, 86.755, 68.161, 0, 0, 0, 0, 
3.1, 18.76, 100.37, 71.37, 72.11, , 12.472, 0.983, 242.394, 242.394, 3.473, 298.271, 298.271, 298.271, 51.268, 65.694, 34.386, 35.743, 7.377, 13.347, 0, 0, 53.734, 54.639, 53.734, 54.639, 1, 68.694, 68.694, 0.025, 0.137, 80.129, 81.483, 80.129, 81.483, 5.312, 7.377, 13.347, , , 1, 3.196, 0, 0, 12.5, 3.473, 167, 0, 0, 0, 74, 16.287, 16.735, 103.75, 102.817, 100, 0, 0, 29.208, 29.069, 100, 4.41, 84.903, 0, 0, 87.264, 69.024, 0, 0, 0, 0, 0, 13.9, 0, 12.5, 0, 3.473, 167, 0, 0, 0, 74, 1, 0.016, 0.017, 103.75, 102.817, 100, 0, 0, 141, 29.208, 29.069, 100, 4.41, 0, 84.903, 0, 0, 87.264, 69.024, 0, 0, 0, 0, 
3.15, 18.76, 100.37, 71.37, 72.111, , 12.551, 0.983, 247.362, 247.362, 3.52, 300.155, 300.155, 300.155, 51.283, 59.465, 34.35, 35.491, 7.377, 13.42, 0, 0, 54.558, 55.476, 54.558, 55.476, 1, 69.308, 69.308, 0.025, 0.136, 80.612, 81.974, 80.612, 81.974, 5.367, 7.377, 13.42, , , 1, 3.247, 0, 0, 12.5, 3.52, 167, 0, 0, 0, 74, 16.392, 16.818, 103.583, 102.749, 100, 0, 0, 29.347, 29.116, 100, 4.41, 85.505, 0, 0, 87.773, 69.887, 0, 0, 0, 0, 0, 13.9, 0, 12.5, 0, 3.52, 167, 0, 0, 0, 74, 1, 0.016, 0.017, 103.583, 102.749, 100, 0, 0, 141, 29.347, 29.116, 100, 4.41, 0, 85.505, 0, 0, 87.773, 69.887, 0, 0, 0, 0, 
3.2, 18.76, 100.37, 71.37, 72.112, , 12.622, 0.983, 252.384, 252.384, 3.567, 301.855, 301.855, 301.855, 51.312, 58.707, 34.262, 35.394, 7.377, 13.487, 0, 0, 55.353, 56.286, 55.353, 56.286, 1, 69.923, 69.923, 0.025, 0.136, 81.021, 82.39, 81.021, 82.39, 5.423, 7.377, 13.487, , , 1, 3.297, 0, 0, 12.5, 3.567, 167, 0, 0, 0, 74, 16.496, 16.902, 103.417, 102.68, 100, 0, 0, 29.486, 29.162, 100, 4.41, 86.106, 0, 0, 88.282, 70.75, 0, 0, 0, 0, 0, 13.9, 0, 12.5, 0, 3.567, 167, 0, 0, 0, 74, 1, 0.016, 0.017, 103.417, 102.68, 100, 0, 0, 141, 29.486, 29.162, 100, 4.41, 0, 86.106, 0, 0, 88.282, 70.75, 0, 0, 0, 0, 
3.25, 18.76, 100.37, 71.37, 72.113, , 12.66, 0.983, 257.398, 257.398, 3.614, 302.769, 302.769, 302.769, 51.359, 67.266, 34.154, 35.358, 7.377, 13.549, 0, 0, 56.009, 56.954, 56.009, 56.954, 1, 70.534, 70.534, 0.025, 0.136, 81.194, 82.565, 81.194, 82.565, 5.426, 7.377, 13.549, , , 1, 3.346, 0, 0, 12.5, 3.614, 167, 0, 0, 0, 74, 16.601, 16.985, 103.25, 102.612, 100, 0, 0, 29.625, 29.208, 100, 4.41, 86.708, 0, 0, 88.792, 71.613, 0, 0, 0, 0, 0, 13.9, 0, 12.5, 0, 3.614, 167, 0, 0, 0, 74, 1, 0.016, 0.017, 103.25, 102.612, 100, 0, 0, 141, 29.625, 29.208, 100, 4.41, 0, 86.708, 0, 0, 88.792, 71.613, 0, 0, 0, 0, 
3.3, 18.76, 100.37, 71.37, 72.113, , 12.716, 0.983, 262.507, 262.507, 3.659, 304.112, 304.112, 304.112, 51.414, 68.098, 34.046, 35.322, 7.377, 13.607, 0, 0, 56.753, 57.712, 56.753, 57.712, 1, 71.157, 71.157, 0.025, 0.136, 81.471, 82.848, 81.471, 82.848, 5.427, 7.377, 13.607, , , 1, 3.396, 0, 0, 12.5, 3.659, 167, 0, 0, 0, 74, 16.702, 17.067, 103.08, 102.55, 100, 0, 0, 29.755, 29.255, 100, 4.41, 87.288, 0, 0, 89.277, 72.424, 0, 0, 0, 0, 0, 13.9, 0, 12.5, 0, 3.659, 167, 0, 0, 0, 74, 1, 0.017, 0.017, 103.08, 102.55, 100, 0, 0, 141, 29.755, 29.255, 100, 4.41, 0, 87.288, 0, 0, 89.277, 72.424, 0, 0, 0, 0, 
3.35, 18.76, 100.37, 71.37, 72.114, , 12.718, 0.983, 267.613, 267.613, 3.678, 304.187, 304.187, 304.187, 51.43, 68.931, 33.938, 35.286, 7.377, 13.653, 0, 0, 57.26, 58.227, 57.26, 58.227, 1, 71.787, 71.787, 0.025, 0.136, 81.461, 82.838, 81.461, 82.838, 5.427, 7.377, 13.653, , , 1, 3.446, 0, 0, 12.5, 3.678, 167, 0, 0, 0, 74, 16.77, 17.132, 102.885, 102.55, 100, 0, 0, 29.81, 29.31, 100, 4.41, 87.668, 0, 0, 89.549, 72.761, 0, 0, 0, 0, 0, 13.9, 0, 12.5, 0, 3.678, 167, 0, 0, 0, 74, 1, 0.017, 0.017, 102.885, 102.55, 100, 0, 0, 141, 29.81, 29.31, 100, 4.41, 0, 87.668, 0, 0, 89.549, 72.761, 0, 0, 0, 0, 
3.4, 18.76, 100.37, 71.37, 72.115, , 12.776, 0.983, 272.781, 272.781, 3.697, 305.584, 305.584, 305.584, 51.387, 69.763, 33.83, 35.25, 7.377, 13.689, 0, 0, 58.022, 59.002, 58.022, 59.002, 1, 72.412, 72.412, 0.025, 0.136, 81.899, 83.283, 81.899, 83.283, 5.428, 7.377, 13.689, , , 1, 3.496, 0, 0, 12.5, 3.697, 167, 0, 0, 0, 74, 16.839, 17.197, 102.689, 102.55, 100, 0, 0, 29.864, 29.364, 100, 4.41, 88.049, 0, 0, 89.821, 73.098, 0, 0, 0, 0, 0, 13.9, 0, 12.5, 0, 3.697, 167, 0, 0, 0, 74, 1, 0.017, 0.017, 102.689, 102.55, 100, 0, 0, 141, 29.864, 29.364, 100, 4.41, 0, 88.049, 0, 0, 89.821, 73.098, 0, 0, 0, 0, 
3.45, 18.76, 100.37, 71.37, 72.116, , 12.752, 0.983, 277.972, 277.972, 3.716, 305.031, 305.031, 305.031, 51.284, 70.596, 34.033, 35.266, 7.377, 13.711, 0, 0, 58.425, 59.414, 58.425, 59.414, 1, 73.033, 73.033, 0.025, 0.136, 81.918, 83.302, 81.918, 83.302, 5.441, 7.377, 13.711, , , 1, 3.547, 0, 0, 12.5, 3.716, 167, 0, 0, 0, 74, 16.907, 17.262, 102.493, 102.55, 100, 0, 0, 29.918, 29.418, 100, 4.41, 88.429, 0, 0, 90.092, 73.435, 0, 0, 0, 0, 0, 13.9, 0, 12.5, 0, 3.716, 167, 0, 0, 0, 74, 1, 0.017, 0.017, 102.493, 102.55, 100, 0, 0, 141, 29.918, 29.418, 100, 4.41, 0, 88.429, 0, 0, 90.092, 73.435, 0, 0, 0, 0, 
3.5, 18.76, 100.37, 71.37, 72.116, , 12.844, 0.983, 283.279, 283.279, 3.735, 307.23, 307.23, 307.23, 51.119, 71.428, 34.357, 35.302, 7.377, 13.719, 0, 0, 59.347, 60.352, 59.347, 60.352, 1, 73.657, 73.657, 0.025, 0.136, 82.78, 84.178, 82.78, 84.178, 5.457, 7.377, 13.719, , , 1, 3.597, 0, 0, 12.5, 3.735, 167, 0, 0, 0, 74, 16.976, 17.327, 102.298, 102.55, 100, 0, 0, 29.973, 29.473, 100, 4.41, 88.81, 0, 0, 90.364, 73.772, 0, 0, 0, 0, 0, 13.9, 0, 12.5, 0, 3.735, 167, 0, 0, 0, 74, 1, 0.017, 0.017, 102.298, 102.55, 100, 0, 0, 141, 29.973, 29.473, 100, 4.41, 0, 88.81, 0, 0, 90.364, 73.772, 0, 0, 0, 0, 
3.55, 18.76, 100.37, 71.37, 72.117, , 12.885, 0.983, 288.618, 288.618, 3.76, 308.204, 308.204, 308.204, 50.892, 72.26, 34.681, 35.338, 7.377, 13.712, 0, 0, 60.049, 61.066, 60.049, 61.066, 1, 74.287, 74.287, 0.025, 0.136, 83.416, 84.826, 83.416, 84.826, 5.474, 7.377, 13.712, , , 1, 3.646, 0, 0, 12.5, 3.76, 167.042, 0, 0, 0, 74, 17.037, 17.384, 102.125, 102.511, 100, 0, 0, 30.042, 29.531, 100, 4.41, 89.219, 0, 0, 90.708, 74.341, 0, 0, 0, 0, 0, 13.9, 0, 12.5, 0, 3.76, 167.042, 0, 0, 0, 74, 1, 0.017, 0.017, 102.125, 102.511, 100, 0, 0, 141, 30.042, 29.531, 100, 4.41, 0, 89.219, 0, 0, 90.708, 74.341, 0, 0, 0, 0, 
3.6, 18.76, 100.37, 71.37, 72.118, , 12.944, 0.983, 293.999, 293.999, 3.791, 309.634, 309.634, 309.634, 50.639, 73.093, 35.005, 35.374, 7.377, 13.687, 0, 0, 60.843, 61.874, 60.843, 61.874, 1, 74.926, 74.926, 0.025, 0.135, 84.226, 85.648, 84.226, 85.648, 5.49, 7.377, 13.687, , , 1, 3.696, 0, 0, 12.5, 3.791, 167.125, 0, 0, 0, 74, 17.091, 17.431, 101.975, 102.434, 100, 0, 0, 30.125, 29.594, 100, 4.409, 89.656, 0, 0, 91.125, 75.144, 0, 0, 0, 0, 0, 13.9, 0, 12.5, 0, 3.791, 167.125, 0, 0, 0, 74, 1, 0.017, 0.017, 101.975, 102.434, 100, 0, 0, 141, 30.125, 29.594, 100, 4.409, 0, 89.656, 0, 0, 91.125, 75.144, 0, 0, 0, 0, 
3.65, 18.76, 100.37, 71.37, 72.119, , 12.989, 0.983, 299.37, 299.37, 3.822, 310.715, 310.715, 310.715, 50.385, 73.925, 35.329, 35.41, 7.377, 13.656, 0, 0, 61.568, 62.611, 61.568, 62.611, 1, 75.565, 75.565, 0.025, 0.135, 84.938, 86.372, 84.938, 86.372, 5.533, 7.377, 13.656, , , 1, 3.746, 0, 0, 12.5, 3.822, 167.208, 0, 0, 0, 74, 17.144, 17.478, 101.825, 102.357, 100, 0, 0, 30.208, 29.656, 100, 4.408, 90.094, 0, 0, 91.542, 75.947, 0, 0, 0, 0, 0, 13.9, 0, 12.5, 0, 3.822, 167.208, 0, 0, 0, 74, 1, 0.017, 0.017, 101.825, 102.357, 100, 0, 0, 141, 30.208, 29.656, 100, 4.408, 0, 90.094, 0, 0, 91.542, 75.947, 0, 0, 0, 0, 
3.7, 18.76, 100.37, 71.37, 72.119, , 13.057, 0.983, 304.885, 304.885, 3.853, 312.339, 312.339, 312.339, 50.138, 74.757, 35.394, 35.524, 7.377, 13.617, 0, 0, 62.416, 63.474, 62.416, 63.474, 1, 76.201, 76.201, 0.025, 0.135, 85.808, 87.258, 85.808, 87.258, 5.583, 7.377, 13.617, , , 1, 3.797, 0, 0, 12.5, 3.853, 167.292, 0, 0, 0, 74, 17.198, 17.525, 101.675, 102.28, 100, 0, 0, 30.292, 29.719, 100, 4.407, 90.531, 0, 0, 91.958, 76.75, 0, 0, 0, 0, 0, 13.9, 0, 12.5, 0, 3.853, 167.292, 0, 0, 0, 74, 1, 0.017, 0.017, 101.675, 102.28, 100, 0, 0, 141, 30.292, 29.719, 100, 4.407, 0, 90.531, 0, 0, 91.958, 76.75, 0, 0, 0, 0, 
3.75, 18.76, 100.37, 71.37, 72.12, , 13.06, 0.983, 310.339, 310.339, 3.883, 312.421, 312.421, 312.421, 49.892, 75.59, 35.358, 35.668, 7.377, 13.576, 0, 0, 62.954, 64.019, 62.954, 64.019, 1, 76.84, 76.84, 0.025, 0.135, 86.251, 87.709, 86.251, 87.709, 5.634, 7.377, 13.576, , , 1, 3.847, 0, 0, 12.5, 3.883, 167.375, 0, 0, 0, 74, 17.252, 17.572, 101.525, 102.203, 100, 0, 0, 30.375, 29.781, 100, 4.406, 90.969, 0, 0, 92.375, 77.553, 0, 0, 0, 0, 0, 13.9, 0, 12.5, 0, 3.883, 167.375, 0, 0, 0, 74, 1, 0.017, 0.017, 101.525, 102.203, 100, 0, 0, 141, 30.375, 29.781, 100, 4.406, 0, 90.969, 0, 0, 92.375, 77.553, 0, 0, 0, 0, 
3.8, 18.761, 100.37, 71.37, 72.12, , 13.12, 0.983, 315.893, 315.893, 3.914, 313.87, 313.87, 313.87, 49.647, 76.422, 35.322, 35.812, 7.377, 13.533, 0, 0, 63.779, 64.859, 63.779, 64.859, 1, 77.484, 77.484, 0.025, 0.135, 87.081, 88.553, 87.081, 88.553, 5.685, 7.377, 13.533, , , 1, 3.897, 0, 0, 12.5, 3.914, 167.458, 0, 0, 0, 74, 17.306, 17.619, 101.375, 102.126, 100, 0, 0, 30.458, 29.844, 100, 4.405, 91.406, 0, 0, 92.792, 78.356, 0, 0, 0, 0, 0, 13.9, 0, 12.5, 0, 3.914, 167.458, 0, 0, 0, 74, 1, 0.017, 0.017, 101.375, 102.126, 100, 0, 0, 141, 30.458, 29.844, 100, 4.405, 0, 91.406, 0, 0, 92.792, 78.356, 0, 0, 0, 0, 
3.85, 18.763, 100.37, 71.37, 72.12, , 13.153, 0.983, 321.49, 321.49, 3.945, 314.684, 314.684, 314.684, 49.401, 77.255, 35.286, 35.956, 7.377, 13.496, 0, 0, 64.481, 65.574, 64.481, 65.574, 1, 78.135, 78.135, 0.024, 0.135, 87.737, 89.221, 87.737, 89.221, 5.738, 7.377, 13.496, , , 1, 3.947, 0, 0, 12.5, 3.945, 167.542, 0, 0, 0, 74, 17.359, 17.666, 101.225, 102.049, 100, 0, 0, 30.542, 29.906, 100, 4.405, 91.844, 0, 0, 93.208, 79.159, 0, 0, 0, 0, 0, 13.9, 0, 12.5, 0, 3.945, 167.542, 0, 0, 0, 74, 1, 0.017, 0.017, 101.225, 102.049, 100, 0, 0, 141, 30.542, 29.906, 100, 4.405, 0, 91.844, 0, 0, 93.208, 79.159, 0, 0, 0, 0, 
3.9, 18.764, 100.37, 71.37, 72.12, , 13.185, 0.983, 327.185, 327.185, 3.976, 315.451, 315.451, 315.451, 49.171, 78.087, 35.25, 36.1, 7.377, 13.469, 0, 0, 65.17, 66.274, 65.17, 66.274, 1, 78.787, 78.787, 0.024, 0.135, 88.374, 89.869, 88.374, 89.869, 5.793, 7.377, 13.469, , , 1, 3.997, 0, 0, 12.5, 3.976, 167.625, 0, 0, 0, 74, 17.413, 17.713, 101.075, 101.972, 100, 0, 0, 30.625, 29.969, 100, 4.404, 92.281, 0, 0, 93.625, 79.962, 0, 0, 0, 0, 0, 13.9, 0, 12.5, 0, 3.976, 167.625, 0, 0, 0, 74, 1, 0.017, 0.017, 101.075, 101.972, 100, 0, 0, 141, 30.625, 29.969, 100, 4.404, 0, 92.281, 0, 0, 93.625, 79.962, 0, 0, 0, 0, 
3.95, 18.765, 100.37, 71.37, 72.12, , 13.173, 0.983, 334.702, 334.702, 4.006, 315.206, 315.206, 315.206, 49.083, 78.919, 35.24, 36.062, 7.377, 13.447, 0, 0, 65.819, 66.934, 65.819, 66.934, 1, 79.686, 79.686, 0.024, 0.135, 88.466, 89.961, 88.466, 89.961, 5.847, 7.377, 13.447, , , 1, 4.047, 0, 0, 12.5, 4.006, 167.708, 0, 0, 0, 74, 17.467, 17.76, 100.925, 101.895, 100, 0, 0, 30.708, 30.031, 100, 4.403, 92.719, 0, 0, 94.042, 80.765, 0, 0, 0, 0, 0, 13.9, 0, 12.5, 0, 4.006, 167.708, 0, 0, 0, 74, 1, 0.017, 0.017, 100.925, 101.895, 100, 0, 0, 141, 30.708, 30.031, 100, 4.403, 0, 92.719, 0, 0, 94.042, 80.765, 0, 0, 0, 0, 
4, 18.766, 100.37, 71.37, 72.12, , 13.169, 0.983, 340.91, 340.91, 4.037, 315.129, 315.129, 315.129, 49.198, 79.752, 35.24, 35.954, 7.377, 13.432, 0, 0, 66.376, 67.5, 66.376, 67.5, 1, 80.335, 80.335, 0.024, 0.136, 88.267, 89.759, 88.267, 89.759, 5.902, 7.377, 13.432, , , 1, 4.096, 0, 0, 12.5, 4.037, 167.792, 0, 0, 0, 74, 17.521, 17.807, 100.775, 101.818, 100, 0, 0, 30.792, 30.094, 100, 4.402, 93.156, 0, 0, 94.458, 81.568, 0, 0, 0, 0, 0, 13.9, 0, 12.5, 0, 4.037, 167.792, 0, 0, 0, 74, 1, 0.017, 0.017, 100.775, 101.818, 100, 0, 0, 141, 30.792, 30.094, 100, 4.402, 0, 93.156, 0, 0, 94.458, 81.568, 0, 0, 0, 0, 
4.05, 18.767, 100.37, 71.37, 72.12, , 13.123, 0.983, 346.748, 346.748, 4.068, 314.045, 314.045, 314.045, 49.464, 80.584, 35.24, 35.846, 7.377, 13.419, 0, 0, 66.683, 67.812, 66.683, 67.812, 1, 80.978, 80.978, 0.024, 0.136, 87.482, 88.96, 87.482, 88.96, 5.945, 7.377, 13.419, , , 1, 4.146, 0, 0, 12.5, 4.068, 167.875, 0, 0, 0, 74, 17.574, 17.854, 100.625, 101.741, 100, 0, 0, 30.875, 30.156, 100, 4.401, 93.594, 0, 0, 94.875, 82.371, 0, 0, 0, 0, 0, 13.9, 0, 12.5, 0, 4.068, 167.875, 0, 0, 0, 74, 1, 0.017, 0.017, 100.625, 101.741, 100, 0, 0, 141, 30.875, 30.156, 100, 4.401, 0, 93.594, 0, 0, 94.875, 82.371, 0, 0, 0, 0, 
4.1, 18.768, 100.37, 71.37, 72.12, , 13.092, 0.983, 352.585, 352.585, 4.099, 313.334, 313.334, 313.334, 49.877, 81.416, 35.24, 35.738, 7.378, 13.41, 0, 0, 67.06, 68.194, 67.06, 68.194, 1, 81.621, 81.621, 0.024, 0.135, 86.554, 88.016, 86.554, 88.016, 5.975, 7.378, 13.41, , , 1, 4.196, 0, 0, 12.5, 4.099, 167.958, 0, 0, 0, 74, 17.628, 17.901, 100.475, 101.664, 100, 0, 0, 30.958, 30.219, 100, 4.4, 94.031, 0, 0, 95.292, 83.174, 0, 0, 0, 0, 0, 13.9, 0, 12.5, 0, 4.099, 167.958, 0, 0, 0, 74, 1, 0.017, 0.017, 100.475, 101.664, 100, 0, 0, 141, 30.958, 30.219, 100, 4.4, 0, 94.031, 0, 0, 95.292, 83.174, 0, 0, 0, 0, 
4.15, 18.769, 100.37, 71.37, 72.12, , 13.013, 0.983, 358.513, 358.513, 4.136, 311.478, 311.478, 311.478, 50.418, 82.249, 35.24, 35.63, 7.379, 13.402, 0, 0, 67.187, 68.324, 67.187, 68.324, 1, 82.259, 82.259, 0.024, 0.135, 85.116, 86.554, 85.116, 86.554, 6.005, 7.379, 13.402, , , 1, 4.246, 0, 0, 12.5, 4.136, 168.104, 0, 0, 0, 74, 17.722, 17.984, 100.212, 101.567, 100, 0, 0, 31.052, 30.276, 100, 4.399, 94.536, 0, 0, 95.76, 83.737, 0, 0, 0, 0, 0, 13.9, 0, 12.5, 0, 4.136, 168.104, 0, 0, 0, 74, 1, 0.018, 0.018, 100.212, 101.567, 100, 0, 0, 141, 31.052, 30.276, 100, 4.399, 0, 94.536, 0, 0, 95.76, 83.737, 0, 0, 0, 0, 
4.2, 18.771, 100.37, 71.37, 72.12, , 12.979, 0.983, 364.381, 364.381, 4.179, 310.678, 310.678, 310.678, 50.921, 83.081, 35.37, 35.756, 7.38, 13.395, 0, 0, 67.528, 68.671, 67.528, 68.671, 1, 82.902, 82.902, 0.024, 0.135, 84.058, 85.479, 84.058, 85.479, 6.035, 7.38, 13.395, , , 1, 4.296, 0, 0, 12.5, 4.179, 168.312, 0, 0, 0, 74, 17.857, 18.102, 99.838, 101.452, 100, 0, 0, 31.156, 30.328, 100, 4.397, 95.109, 0, 0, 96.281, 84.061, 0, 0, 0, 0, 0, 13.9, 0, 12.5, 0, 4.179, 168.312, 0, 0, 0, 74, 1, 0.018, 0.018, 99.838, 101.452, 100, 0, 0, 141, 31.156, 30.328, 100, 4.397, 0, 95.109, 0, 0, 96.281, 84.061, 0, 0, 0, 0, 
4.25, 18.772, 100.37, 71.37, 72.12, , 12.914, 0.983, 370.406, 370.406, 4.222, 309.162, 309.162, 309.162, 51.308, 83.914, 35.55, 35.972, 7.382, 13.388, 0, 0, 67.716, 68.862, 67.716, 68.862, 1, 83.538, 83.538, 0.024, 0.135, 83.017, 84.42, 83.017, 84.42, 6.062, 7.382, 13.388, , , 1, 4.346, 0, 0, 12.5, 4.222, 168.521, 0, 0, 0, 74, 17.991, 18.219, 99.462, 101.336, 100, 0, 0, 31.26, 30.38, 100, 4.395, 95.682, 0, 0, 96.802, 84.385, 0, 0, 0, 0, 0, 13.9, 0, 12.5, 0, 4.222, 168.521, 0, 0, 0, 74, 1, 0.018, 0.018, 99.462, 101.336, 100, 0, 0, 141, 31.26, 30.38, 100, 4.395, 0, 95.682, 0, 0, 96.802, 84.385, 0, 0, 0, 0, 
4.3, 18.773, 100.37, 71.37, 72.12, , 12.858, 0.983, 376.475, 376.475, 4.266, 307.85, 307.85, 307.85, 51.574, 84.746, 35.73, 36.188, 7.383, 13.377, 0, 0, 67.941, 69.091, 67.941, 69.091, 1, 84.168, 84.168, 0.024, 0.135, 82.226, 83.615, 82.226, 83.615, 6.078, 7.383, 13.377, , , 1, 4.396, 0, 0, 12.5, 4.266, 168.729, 0, 0, 0, 74, 18.125, 18.337, 99.087, 101.22, 100, 0, 0, 31.365, 30.432, 100, 4.393, 96.255, 0, 0, 97.323, 84.709, 0, 0, 0, 0, 0, 13.9, 0, 12.5, 0, 4.266, 168.729, 0, 0, 0, 74, 1, 0.018, 0.018, 99.087, 101.22, 100, 0, 0, 141, 31.365, 30.432, 100, 4.393, 0, 96.255, 0, 0, 97.323, 84.709, 0, 0, 0, 0, 
4.35, 18.774, 100.37, 71.37, 72.12, , 12.789, 0.983, 382.573, 382.573, 4.309, 306.239, 306.239, 306.239, 51.72, 85.578, 35.91, 36.404, 7.384, 13.367, 0, 0, 68.101, 69.254, 68.101, 69.254, 1, 84.804, 84.804, 0.024, 0.135, 81.542, 82.92, 81.542, 82.92, 6.093, 7.384, 13.367, , , 1, 4.447, 0, 0, 12.5, 4.309, 168.938, 0, 0, 0, 74, 18.26, 18.455, 98.712, 101.105, 100, 0, 0, 31.469, 30.484, 100, 4.391, 96.828, 0, 0, 97.844, 85.033, 0, 0, 0, 0, 0, 13.9, 0, 12.5, 0, 4.309, 168.938, 0, 0, 0, 74, 1, 0.018, 0.018, 98.712, 101.105, 100, 0, 0, 141, 31.469, 30.484, 100, 4.391, 0, 96.828, 0, 0, 97.844, 85.033, 0, 0, 0, 0, 
4.4, 18.775, 100.37, 71.37, 72.12, , 12.777, 0.983, 388.717, 388.717, 4.357, 305.981, 305.981, 305.981, 51.765, 86.411, 36.09, 36.62, 7.384, 13.359, 0, 0, 68.547, 69.707, 68.547, 69.707, 1, 85.433, 85.433, 0.024, 0.134, 81.41, 82.785, 81.41, 82.785, 6.109, 7.384, 13.359, , , 1, 4.497, 0, 0, 12.5, 4.357, 169, 0, 0, 0, 74, 18.378, 18.57, 98.474, 101.045, 100, 0, 0, 31.605, 30.605, 100, 4.393, 97.455, 0, 0, 98.455, 85.782, 0, 0, 0, 0, 0, 13.9, 0, 12.5, 0, 4.357, 169, 0, 0, 0, 74, 1, 0.018, 0.018, 98.474, 101.045, 100, 0, 0, 141, 31.605, 30.605, 100, 4.393, 0, 97.455, 0, 0, 98.455, 85.782, 0, 0, 0, 0, 
4.45, 18.776, 100.37, 71.37, 72.12, , 12.761, 0.983, 394.862, 394.862, 4.407, 305.611, 305.611, 305.611, 51.779, 87.243, 35.933, 36.395, 7.384, 13.347, 0, 0, 68.965, 70.131, 68.965, 70.131, 1, 86.058, 86.058, 0.024, 0.134, 81.287, 82.659, 81.287, 82.659, 6.124, 7.384, 13.347, , , 1, 4.547, 0, 0, 12.5, 4.407, 169, 0, 0, 0, 74, 18.49, 18.685, 98.294, 101.009, 100, 0, 0, 31.755, 30.755, 100, 4.397, 98.105, 0, 0, 99.105, 86.713, 0, 0, 0, 0, 0, 13.9, 0, 12.5, 0, 4.407, 169, 0, 0, 0, 74, 1, 0.018, 0.018, 98.294, 101.009, 100, 0, 0, 141, 31.755, 30.755, 100, 4.397, 0, 98.105, 0, 0, 99.105, 86.713, 0, 0, 0, 0, 
4.5, 18.777, 100.37, 71.37, 72.12, , 12.741, 0.983, 401.116, 401.116, 4.457, 305.163, 305.163, 305.163, 51.799, 88.075, 35.645, 35.999, 7.383, 13.328, 0, 0, 69.367, 70.54, 69.367, 70.54, 1, 86.681, 86.681, 0.024, 0.135, 81.137, 82.506, 81.137, 82.506, 6.154, 7.383, 13.328, , , 1, 4.597, 0, 0, 12.5, 4.457, 169, 0, 0, 0, 74, 18.602, 18.8, 98.114, 100.973, 100, 0, 0, 31.905, 30.905, 100, 4.401, 98.755, 0, 0, 99.755, 87.644, 0, 0, 0, 0, 0, 13.9, 0, 12.5, 0, 4.457, 169, 0, 0, 0, 74, 1, 0.018, 0.019, 98.114, 100.973, 100, 0, 0, 141, 31.905, 30.905, 100, 4.401, 0, 98.755, 0, 0, 99.755, 87.644, 0, 0, 0, 0, 
4.55, 18.779, 100.37, 71.37, 72.12, , 12.726, 0.983, 407.301, 407.301, 4.507, 304.833, 304.833, 304.833, 51.825, 88.908, 35.357, 35.603, 7.382, 13.306, 0, 0, 69.789, 70.969, 69.789, 70.969, 1, 87.31, 87.31, 0.024, 0.135, 81.011, 82.378, 81.011, 82.378, 6.184, 7.382, 13.306, , , 1, 4.646, 0, 0, 12.5, 4.507, 169, 0, 0, 0, 74, 18.714, 18.915, 97.934, 100.937, 100, 0, 0, 32.055, 31.055, 100, 4.405, 99.405, 0, 0, 100.405, 88.575, 0, 0, 0, 0, 0, 13.9, 0, 12.5, 0, 4.507, 169, 0, 0, 0, 74, 1, 0.018, 0.019, 97.934, 100.937, 100, 0, 0, 141, 32.055, 31.055, 100, 4.405, 0, 99.405, 0, 0, 100.405, 88.575, 0, 0, 0, 0, 
4.6, 18.78, 100.37, 71.37, 72.12, , 12.669, 0.983, 413.685, 413.685, 4.557, 303.487, 303.487, 303.487, 51.853, 89.74, 35.069, 35.207, 7.381, 13.28, 0, 0, 69.976, 71.159, 69.976, 71.159, 1, 87.936, 87.936, 0.024, 0.135, 80.608, 81.97, 80.608, 81.97, 6.215, 7.381, 13.28, , , 1, 4.697, 0, 0, 12.5, 4.557, 169, 0, 0, 0, 74, 18.826, 19.03, 97.754, 100.901, 100, 0, 0, 32.205, 31.205, 100, 4.409, 100.055, 0, 0, 101.055, 89.506, 0, 0, 0, 0, 0, 13.9, 0, 12.5, 0, 4.557, 169, 0, 0, 0, 74, 1, 0.018, 0.019, 97.754, 100.901, 100, 0, 0, 141, 32.205, 31.205, 100, 4.409, 0, 100.055, 0, 0, 101.055, 89.506, 0, 0, 0, 0, 
4.65, 18.781, 100.37, 71.37, 72.12, , 12.618, 0.983, 420.049, 420.049, 4.596, 302.292, 302.292, 302.292, 51.887, 90.573, 34.781, 34.811, 7.38, 13.249, 0, 0, 70.194, 71.381, 70.194, 71.381, 1, 88.557, 88.557, 0.025, 0.135, 80.239, 81.594, 80.239, 81.594, 6.245, 7.38, 13.249, , , 1, 4.746, 0, 0, 12.5, 4.596, 169, 0, 0, 0, 74, 18.95, 19.137, 97.557, 100.832, 100, 0, 0, 32.29, 31.329, 100, 4.41, 100.765, 0, 0, 101.765, 90.278, 0, 0, 0, 0, 0, 13.9, 0, 12.5, 0, 4.596, 169, 0, 0, 0, 74, 1, 0.019, 0.019, 97.557, 100.832, 100, 0, 0, 141, 32.29, 31.329, 100, 4.41, 0, 100.765, 0, 0, 101.765, 90.278, 0, 0, 0, 0, 
4.7, 18.782, 100.37, 71.37, 72.12, , 12.555, 0.983, 426.398, 426.398, 4.631, 300.83, 300.83, 300.83, 51.92, 91.405, 34.827, 34.801, 7.38, 13.202, 0, 0, 70.343, 71.532, 70.343, 71.532, 1, 89.173, 89.173, 0.025, 0.136, 79.799, 81.147, 79.799, 81.147, 6.264, 7.38, 13.202, , , 1, 4.796, 0, 0, 12.5, 4.631, 169, 0, 0, 0, 74, 19.079, 19.24, 97.354, 100.75, 100, 0, 0, 32.346, 31.442, 100, 4.41, 101.5, 0, 0, 102.5, 90.981, 0, 0, 0, 0, 0, 13.9, 0, 12.5, 0, 4.631, 169, 0, 0, 0, 74, 1, 0.019, 0.019, 97.354, 100.749, 100, 0, 0, 141, 32.346, 31.442, 100, 4.41, 0, 101.5, 0, 0, 102.5, 90.981, 0, 0, 0, 0, 
4.75, 18.783, 100.37, 71.37, 72.12, , 12.491, 0.983, 432.884, 432.884, 4.666, 299.328, 299.328, 299.328, 51.951, 92.237, 35.002, 34.942, 7.38, 13.152, 0, 0, 70.471, 71.663, 70.471, 71.663, 1, 89.79, 89.79, 0.025, 0.136, 79.354, 80.695, 79.354, 80.695, 6.278, 7.38, 13.152, , , 1, 4.846, 0, 0, 12.5, 4.666, 169, 0, 0, 0, 74, 19.208, 19.343, 97.15, 100.667, 100, 0, 0, 32.403, 31.555, 100, 4.41, 102.235, 0, 0, 103.235, 91.685, 0, 0, 0, 0, 0, 13.9, 0, 12.5, 0, 4.666, 169, 0, 0, 0, 74, 1, 0.019, 0.019, 97.15, 100.666, 100, 0, 0, 141, 32.403, 31.555, 100, 4.41, 0, 102.235, 0, 0, 103.235, 91.685, 0, 0, 0, 0, 
4.8, 18.784, 100.37, 71.37, 72.12, , 12.389, 0.983, 439.381, 439.381, 4.702, 296.915, 296.915, 296.915, 51.981, 93.07, 35.178, 35.082, 7.38, 13.084, 0, 0, 70.382, 71.573, 70.382, 71.573, 1, 90.402, 90.402, 0.025, 0.136, 78.669, 79.998, 78.669, 79.998, 6.292, 7.38, 13.084, , , 1, 4.896, 0, 0, 12.5, 4.702, 169, 0, 0, 0, 74, 19.337, 19.446, 96.947, 100.584, 100, 0, 0, 32.459, 31.669, 100, 4.41, 102.971, 0, 0, 103.971, 92.388, 0, 0, 0, 0, 0, 13.9, 0, 12.5, 0, 4.702, 169, 0, 0, 0, 74, 1, 0.019, 0.019, 96.947, 100.583, 100, 0, 0, 141, 32.459, 31.669, 100, 4.41, 0, 102.971, 0, 0, 103.971, 92.388, 0, 0, 0, 0, 
4.85, 18.785, 100.37, 71.37, 72.12, , 12.357, 0.983, 445.985, 445.985, 4.732, 296.187, 296.187, 296.187, 52.009, 93.902, 35.354, 35.223, 7.38, 13.012, 0, 0, 70.685, 71.879, 70.685, 71.879, 1, 91.019, 91.019, 0.025, 0.137, 78.436, 79.761, 78.436, 79.761, 6.306, 7.38, 13.012, , , 1, 4.946, 0, 0, 12.5, 4.732, 169, 0, 0, 0, 74, 19.443, 19.529, 96.8, 100.513, 100, 0, 0, 32.5, 31.766, 100, 4.41, 103.596, 0, 0, 104.596, 92.994, 0, 0, 0, 0, 0, 13.9, 0, 12.5, 0, 4.732, 169, 0, 0, 0, 74, 1, 0.02, 0.02, 96.8, 100.512, 100, 0, 0, 141, 32.5, 31.766, 100, 4.41, 0, 103.596, 0, 0, 104.596, 92.994, 0, 0, 0, 0, 
4.9, 18.787, 100.37, 71.37, 72.12, , 12.288, 0.983, 452.59, 452.59, 4.749, 294.564, 294.564, 294.564, 52.024, 94.734, 35.53, 35.364, 7.38, 12.922, 0, 0, 70.768, 71.963, 70.768, 71.963, 1, 91.621, 91.621, 0.025, 0.137, 77.982, 79.3, 77.982, 79.3, 6.314, 7.38, 12.922, , , 1, 4.996, 0, 0, 12.5, 4.749, 169, 0, 0, 0, 74, 19.491, 19.561, 96.8, 100.471, 100, 0, 0, 32.5, 31.823, 100, 4.41, 103.938, 0, 0, 104.938, 93.349, 0, 0, 0, 0, 0, 13.9, 0, 12.5, 0, 4.749, 169, 0, 0, 0, 74, 1, 0.02, 0.02, 96.8, 100.47, 100, 0, 0, 141, 32.5, 31.823, 100, 4.41, 0, 103.938, 0, 0, 104.938, 93.349, 0, 0, 0, 0, 
4.95, 18.788, 100.37, 71.37, 72.12, , 12.222, 0.983, 459.261, 459.261, 4.767, 293.017, 293.017, 293.017, 52.027, 95.567, 35.489, 35.376, 7.38, 12.83, 0, 0, 70.864, 72.06, 70.864, 72.06, 1, 92.229, 92.229, 0.025, 0.136, 77.569, 78.88, 77.569, 78.88, 6.316, 7.38, 12.83, , , 1, 5.046, 0, 0, 12.5, 4.767, 169, 0, 0, 0, 74, 19.539, 19.593, 96.8, 100.429, 100, 0, 0, 32.5, 31.88, 100, 4.41, 104.281, 0, 0, 105.281, 93.704, 0, 0, 0, 0, 0, 13.9, 0, 12.5, 0, 4.767, 169, 0, 0, 0, 74, 1, 0.02, 0.02, 96.8, 100.428, 100, 0, 0, 141, 32.5, 31.88, 100, 4.41, 0, 104.281, 0, 0, 105.281, 93.704, 0, 0, 0, 0, 
5, 18.789, 100.37, 71.37, 72.12, , 12.15, 0.983, 467.734, 467.734, 4.784, 291.337, 291.337, 291.337, 52.008, 96.399, 35.305, 35.302, 7.381, 12.731, 0, 0, 71.04, 72.238, 71.04, 72.238, 1, 93.035, 93.035, 0.025, 0.136, 77.149, 78.453, 77.149, 78.453, 6.318, 7.381, 12.731, , , 1, 5.096, 0, 0, 12.5, 4.784, 169, 0, 0, 0, 74, 19.587, 19.625, 96.8, 100.386, 100, 0, 0, 32.5, 31.937, 100, 4.41, 104.623, 0, 0, 105.623, 94.059, 0, 0, 0, 0, 0, 13.9, 0, 12.5, 0, 4.784, 169, 0, 0, 0, 74, 1, 0.02, 0.02, 96.8, 100.386, 100, 0, 0, 141, 32.5, 31.937, 100, 4.41, 0, 104.623, 0, 0, 105.623, 94.059, 0, 0, 0, 0, 
5.05, 18.79, 100.37, 71.37, 72.12, , 12.103, 0.983, 474.967, 474.967, 4.801, 290.241, 290.241, 290.241, 51.984, 97.232, 35.12, 35.228, 7.382, 12.634, 0, 0, 71.261, 72.463, 71.261, 72.463, 1, 93.635, 93.635, 0.025, 0.136, 76.895, 78.195, 76.895, 78.195, 6.32, 7.382, 12.634, , , 1, 5.147, 0, 0, 12.5, 4.801, 169, 0, 0, 0, 74, 19.635, 19.657, 96.8, 100.344, 100, 0, 0, 32.5, 31.994, 100, 4.41, 104.966, 0, 0, 105.966, 94.414, 0, 0, 0, 0, 0, 13.9, 0, 12.5, 0, 4.801, 169, 0, 0, 0, 74, 1, 0.02, 0.02, 96.8, 100.344, 100, 0, 0, 141, 32.5, 31.994, 100, 4.41, 0, 104.966, 0, 0, 105.966, 94.414, 0, 0, 0, 0, 
5.1, 18.79, 100.37, 71.37, 72.121, , 12.049, 0.983, 481.745, 481.745, 4.828, 288.983, 288.983, 288.983, 51.956, 98.064, 34.936, 35.154, 7.382, 12.546, 0, 0, 71.402, 72.608, 71.402, 72.608, 1, 94.225, 94.225, 0.025, 0.136, 76.604, 77.897, 76.604, 77.897, 6.329, 7.382, 12.546, , , 1, 5.197, 0, 0, 12.5, 4.828, 169, 0, 0, 0, 74, 19.712, 19.746, 96.476, 100.207, 100, 0, 0, 32.59, 32.09, 100, 4.41, 105.54, 0, 0, 106.45, 95.01, 0, 0, 0, 0, 0, 13.9, 0, 12.5, 0, 4.828, 169, 0, 0, 0, 74, 1, 0.02, 0.02, 96.476, 100.207, 100, 0, 0, 141, 32.59, 32.09, 100, 4.41, 0, 105.54, 0, 0, 106.45, 95.01, 0, 0, 0, 0, 
5.15, 18.79, 100.37, 71.37, 72.122, , 12.002, 0.983, 488.566, 488.566, 4.857, 287.901, 287.901, 287.901, 51.936, 96.958, 34.752, 35.081, 7.382, 12.461, 0, 0, 71.582, 72.791, 71.582, 72.791, 1, 94.821, 94.821, 0.025, 0.135, 76.348, 77.638, 76.348, 77.638, 6.357, 7.382, 12.461, , , 1, 5.247, 0, 0, 12.5, 4.857, 169, 0, 0, 0, 74, 19.792, 19.842, 96.116, 100.059, 100, 0, 0, 32.69, 32.19, 100, 4.41, 106.14, 0, 0, 106.95, 95.632, 0, 0, 0, 0, 0, 13.9, 0, 12.5, 0, 4.857, 169, 0, 0, 0, 74, 1, 0.02, 0.02, 96.116, 100.059, 100, 0, 0, 141, 32.69, 32.19, 100, 4.41, 0, 106.14, 0, 0, 106.95, 95.632, 0, 0, 0, 0, 
5.2, 18.79, 100.37, 71.37, 72.122, , 11.97, 0.983, 495.433, 495.433, 4.885, 287.153, 287.153, 287.153, 51.923, 92.688, 34.778, 35.06, 7.382, 12.392, 0, 0, 71.841, 73.054, 71.841, 73.054, 1, 95.411, 95.411, 0.025, 0.135, 76.169, 77.455, 76.169, 77.455, 6.384, 7.382, 12.392, , , 1, 5.297, 0, 0, 12.5, 4.885, 169, 0, 0, 0, 74, 19.872, 19.938, 95.756, 99.911, 100, 0, 0, 32.79, 32.29, 100, 4.41, 106.74, 0, 0, 107.45, 96.254, 0, 0, 0, 0, 0, 13.9, 0, 12.5, 0, 4.885, 169, 0, 0, 0, 74, 1, 0.02, 0.02, 95.756, 99.911, 100, 0, 0, 141, 32.79, 32.29, 100, 4.41, 0, 106.74, 0, 0, 107.45, 96.254, 0, 0, 0, 0, 
5.25, 18.79, 100.37, 71.37, 72.123, , 11.901, 0.983, 502.309, 502.309, 4.913, 285.542, 285.542, 285.542, 51.919, 88.419, 34.886, 35.06, 7.382, 12.326, 0, 0, 71.874, 73.089, 71.874, 73.089, 1, 95.996, 95.996, 0.025, 0.135, 75.749, 77.028, 75.749, 77.028, 6.412, 7.382, 12.326, , , 1, 5.346, 0, 0, 12.5, 4.913, 169, 0, 0, 0, 74, 19.952, 20.034, 95.396, 99.763, 100, 0, 0, 32.89, 32.39, 100, 4.41, 107.34, 0, 0, 107.95, 96.876, 0, 0, 0, 0, 0, 13.9, 0, 12.5, 0, 4.913, 169, 0, 0, 0, 74, 1, 0.02, 0.02, 95.396, 99.763, 100, 0, 0, 141, 32.89, 32.39, 100, 4.41, 0, 107.34, 0, 0, 107.95, 96.876, 0, 0, 0, 0, 
5.3, 18.79, 100.37, 71.37, 72.124, , 11.824, 0.983, 509.306, 509.306, 4.941, 283.733, 283.733, 283.733, 51.923, 84.149, 34.994, 35.06, 7.38, 12.288, 0, 0, 71.855, 73.069, 71.855, 73.069, 1, 96.586, 96.586, 0.025, 0.135, 75.262, 76.532, 75.262, 76.532, 6.442, 7.38, 12.288, , , 1, 5.396, 0, 0, 12.5, 4.941, 169, 0, 0, 0, 74, 20.032, 20.13, 95.036, 99.615, 100, 0, 0, 32.99, 32.49, 100, 4.41, 107.94, 0, 0, 108.45, 97.498, 0, 0, 0, 0, 0, 13.9, 0, 12.5, 0, 4.941, 169, 0, 0, 0, 74, 1, 0.02, 0.02, 95.036, 99.615, 100, 0, 0, 141, 32.99, 32.49, 100, 4.41, 0, 107.94, 0, 0, 108.45, 97.498, 0, 0, 0, 0, 
5.35, 18.79, 100.37, 71.37, 72.125, , 11.776, 0.983, 516.319, 516.319, 4.973, 282.606, 282.606, 282.606, 51.936, 79.879, 35.102, 35.06, 7.379, 12.251, 0, 0, 72.002, 73.218, 72.002, 73.218, 1, 97.167, 97.167, 0.025, 0.134, 74.944, 76.21, 74.944, 76.21, 6.48, 7.379, 12.251, , , 1, 5.446, 0, 0, 12.5, 4.973, 169, 0, 0, 0, 74, 19.912, 20.01, 95, 99.533, 100, 0, 0, 33, 32.5, 100, 4.41, 107.64, 0, 0, 108.14, 98.006, 0, 0, 0, 0, 0, 13.9, 0, 12.5, 0, 4.973, 169, 0, 0, 0, 74, 1, 0.02, 0.02, 95, 99.533, 100, 0, 0, 141, 33, 32.5, 100, 4.41, 0, 107.64, 0, 0, 108.14, 98.006, 0, 0, 0, 0, 
5.4, 18.79, 100.37, 71.37, 72.125, , 11.703, 0.983, 523.395, 523.395, 5.005, 280.9, 280.9, 280.9, 51.947, 75.61, 35.21, 35.06, 7.379, 12.239, 0, 0, 71.996, 73.213, 71.996, 73.213, 1, 97.744, 97.744, 0.025, 0.134, 74.477, 75.735, 74.477, 75.735, 6.518, 7.379, 12.239, , , 1, 5.496, 0, 0, 12.5, 5.005, 169, 0, 0, 0, 74, 19.77, 19.866, 95, 99.459, 100, 0, 0, 33, 32.5, 100, 4.41, 107.24, 0, 0, 107.74, 98.502, 0, 0, 0, 0, 0, 13.9, 0, 12.5, 0, 5.005, 169, 0, 0, 0, 74, 1, 0.02, 0.02, 95, 99.459, 100, 0, 0, 141, 33, 32.5, 100, 4.41, 0, 107.24, 0, 0, 107.74, 98.502, 0, 0, 0, 0, 
5.45, 18.79, 100.37, 71.37, 72.126, , 11.623, 0.983, 530.471, 530.471, 5.037, 279.025, 279.025, 279.025, 51.955, 71.34, 35.11, 35.164, 7.378, 12.229, 0, 0, 71.936, 73.154, 71.936, 73.154, 1, 98.318, 98.318, 0.025, 0.134, 73.966, 75.216, 73.966, 75.216, 6.556, 7.378, 12.229, , , 1, 5.546, 0, 0, 12.5, 5.037, 169, 0, 0, 0, 74, 19.628, 19.722, 95, 99.385, 100, 0, 0, 33, 32.5, 100, 4.41, 106.84, 0, 0, 107.34, 98.998, 0, 0, 0, 0, 0, 13.9, 0, 12.5, 0, 5.037, 169, 0, 0, 0, 74, 1, 0.019, 0.019, 95, 99.385, 100, 0, 0, 141, 33, 32.5, 100, 4.41, 0, 106.84, 0, 0, 107.34, 98.998, 0, 0, 0, 0, 
5.5, 18.79, 100.37, 71.37, 72.127, , 11.547, 0.983, 537.546, 537.546, 5.069, 277.225, 277.225, 277.225, 51.963, 67.071, 34.93, 35.308, 7.378, 12.247, 0, 0, 71.886, 73.102, 71.886, 73.102, 1, 98.895, 98.895, 0.025, 0.134, 73.477, 74.72, 73.477, 74.72, 6.593, 7.378, 12.247, , , 1, 5.596, 0, 0, 12.5, 5.069, 169, 0, 0, 0, 74, 19.486, 19.578, 95, 99.311, 100, 0, 0, 33, 32.5, 100, 4.41, 106.44, 0, 0, 106.94, 99.494, 0, 0, 0, 0, 0, 13.9, 0, 12.5, 0, 5.069, 169, 0, 0, 0, 74, 1, 0.019, 0.019, 95, 99.311, 100, 0, 0, 141, 33, 32.5, 100, 4.41, 0, 106.44, 0, 0, 106.94, 99.494, 0, 0, 0, 0, 
5.55, 18.79, 100.37, 71.37, 72.128, , 11.471, 0.983, 544.763, 544.763, 5.101, 275.455, 275.455, 275.455, 51.97, 62.801, 34.75, 35.452, 7.377, 12.266, 0, 0, 71.838, 73.054, 71.838, 73.054, 1, 99.455, 99.455, 0.025, 0.134, 72.999, 74.234, 72.999, 74.234, 6.664, 7.377, 12.266, , , 1, 5.646, 0, 0, 12.5, 5.101, 169, 0, 0, 0, 74, 19.344, 19.434, 95, 99.237, 100, 0, 0, 33, 32.5, 100, 4.41, 106.04, 0, 0, 106.54, 99.99, 0, 0, 0, 0, 0, 13.9, 0, 12.5, 0, 5.101, 169, 0, 0, 0, 74, 1, 0.019, 0.019, 95, 99.237, 100, 0, 0, 141, 33, 32.5, 100, 4.41, 0, 106.04, 0, 0, 106.54, 99.99, 0, 0, 0, 0, 
5.6, 18.79, 100.37, 71.37, 72.128, , 11.416, 0.983, 551.936, 551.936, 5.144, 274.18, 274.18, 274.18, 51.975, 58.532, 34.57, 35.596, 7.378, 12.296, 0, 0, 71.91, 73.127, 71.91, 73.127, 1, 100.023, 100.023, 0.025, 0.135, 72.654, 73.883, 72.654, 73.883, 6.735, 7.378, 12.296, , , 1, 5.697, 0, 0, 12.5, 5.144, 169, 0, 0, 0, 74, 19.161, 19.23, 94.844, 99.038, 100, 0, 0, 33.13, 32.5, 100, 4.41, 105.178, 0, 0, 105.591, 100.847, 0, 0, 0, 0, 0, 13.9, 0, 12.5, 0, 5.144, 169, 0, 0, 0, 74, 1, 0.019, 0.019, 94.844, 99.038, 100, 0, 0, 141, 33.13, 32.5, 100, 4.41, 0, 105.178, 0, 0, 105.591, 100.847, 0, 0, 0, 0, 
5.65, 18.79, 100.37, 71.37, 72.129, , 11.336, 0.983, 559.233, 559.233, 5.19, 272.292, 272.292, 272.292, 51.986, 54.262, 34.39, 35.74, 7.378, 12.327, 0, 0, 71.82, 73.035, 71.82, 73.035, 1, 100.587, 100.587, 0.025, 0.135, 72.137, 73.357, 72.137, 73.357, 6.807, 7.378, 12.327, , , 1, 5.747, 0, 0, 12.5, 5.19, 169, 0, 0, 0, 74, 18.974, 19.018, 94.671, 98.824, 100, 0, 0, 33.274, 32.5, 100, 4.41, 104.264, 0, 0, 104.582, 101.743, 0, 0, 0, 0, 0, 13.9, 0, 12.5, 0, 5.19, 169, 0, 0, 0, 74, 1, 0.019, 0.019, 94.671, 98.824, 100, 0, 0, 141, 33.274, 32.5, 100, 4.41, 0, 104.264, 0, 0, 104.582, 101.743, 0, 0, 0, 0, 
5.7, 18.79, 100.37, 71.37, 72.13, , 11.256, 0.983, 566.53, 566.53, 5.234, 270.414, 270.414, 270.414, 52.006, 49.993, 34.521, 35.702, 7.38, 12.369, 0, 0, 71.721, 72.932, 71.721, 72.932, 1, 101.144, 101.144, 0.025, 0.135, 71.612, 72.822, 71.612, 72.822, 6.878, 7.38, 12.369, , , 1, 5.797, 0, 0, 12.5, 5.234, 169, 0, 0, 0, 74, 18.786, 18.807, 94.498, 98.611, 100, 0, 0, 33.418, 32.5, 100, 4.41, 103.351, 0, 0, 103.572, 102.639, 0, 0, 0, 0, 0, 13.9, 0, 12.5, 0, 5.234, 169, 0, 0, 0, 74, 1, 0.019, 0.019, 94.498, 98.611, 100, 0, 0, 141, 33.418, 32.5, 100, 4.41, 0, 103.351, 0, 0, 103.572, 102.639, 0, 0, 0, 0, 
5.75, 18.79, 100.37, 71.37, 72.131, , 11.203, 0.983, 573.826, 573.826, 5.28, 269.187, 269.187, 269.187, 52.035, 45.723, 34.773, 35.594, 7.381, 12.411, 0, 0, 71.786, 72.999, 71.786, 72.999, 1, 101.696, 101.696, 0.025, 0.136, 71.248, 72.452, 71.248, 72.452, 6.934, 7.381, 12.411, , , 1, 5.846, 0, 0, 12.5, 5.28, 169, 0, 0, 0, 74, 18.599, 18.595, 94.325, 98.398, 100, 0, 0, 33.562, 32.5, 100, 4.41, 102.438, 0, 0, 102.562, 103.535, 0, 0, 0, 0, 0, 13.9, 0, 12.5, 0, 5.28, 169, 0, 0, 0, 74, 1, 0.019, 0.019, 94.325, 98.398, 100, 0, 0, 141, 33.562, 32.5, 100, 4.41, 0, 102.438, 0, 0, 102.562, 103.535, 0, 0, 0, 0, 
5.8, 18.79, 100.37, 71.37, 72.131, , 11.157, 0.983, 581.265, 581.265, 5.324, 268.095, 268.095, 268.095, 52.07, 55.78, 35.025, 35.486, 7.384, 12.458, 0, 0, 71.886, 73.102, 71.886, 73.102, 1, 102.253, 102.253, 0.025, 0.136, 70.911, 72.109, 70.911, 72.109, 6.99, 7.384, 12.458, , , 1, 5.896, 0, 0, 12.5, 5.324, 169, 0, 0, 0, 74, 18.411, 18.383, 94.152, 98.184, 100, 0, 0, 33.707, 32.5, 100, 4.41, 101.524, 0, 0, 101.553, 104.431, 0, 0, 0, 0, 0, 13.9, 0, 12.5, 0, 5.324, 169, 0, 0, 0, 74, 1, 0.019, 0.019, 94.152, 98.184, 100, 0, 0, 141, 33.707, 32.5, 100, 4.41, 0, 101.524, 0, 0, 101.553, 104.431, 0, 0, 0, 0, 
5.85, 18.79, 100.37, 71.37, 72.132, , 11.093, 0.983, 588.647, 588.647, 5.35, 266.615, 266.615, 266.615, 52.109, , 35.277, 35.378, 7.386, 12.506, 0, 0, 71.872, 73.087, 71.872, 73.087, 1, 102.804, 102.804, 0.025, 0.136, 70.469, 71.659, 70.469, 71.659, 7.046, 7.386, 12.506, , , 1, 5.946, 0, 0, 12.5, 5.35, 169, 0, 0, 0, 74, 18.312, 18.271, 93.963, 98.064, 100, 0, 0, 33.788, 32.5, 100, 4.41, 100.984, 0, 0, 100.984, 104.936, 0, 0, 0, 0, 0, 13.9, 0, 12.5, 0, 5.35, 169, 0, 0, 0, 74, 1, 0.018, 0.018, 93.963, 98.064, 100, 0, 0, 141, 33.788, 32.5, 100, 4.41, 0, 100.984, 0, 0, 100.984, 104.936, 0, 0, 0, 0, 
5.9, 18.79, 100.37, 71.37, 72.133, , 11.054, 0.983, 596.156, 596.156, 5.366, 265.697, 265.697, 265.697, 52.134, , 35.529, 35.27, 7.387, 12.562, 0, 0, 72.008, 73.227, 72.008, 73.227, 1, 103.346, 103.346, 0.025, 0.137, 70.192, 71.377, 70.192, 71.377, 7.101, 7.387, 12.562, , , 1, 5.997, 0, 0, 12.5, 5.366, 169, 0, 0, 0, 74, 18.25, 18.202, 93.767, 97.983, 100, 0, 0, 33.842, 32.5, 100, 4.41, 100.603, 0, 0, 100.603, 105.273, 0, 0, 0, 0, 0, 13.9, 0, 12.5, 0, 5.366, 169, 0, 0, 0, 74, 1, 0.018, 0.018, 93.767, 97.983, 100, 0, 0, 141, 33.842, 32.5, 100, 4.41, 0, 100.603, 0, 0, 100.603, 105.273, 0, 0, 0, 0, 
5.95, 18.79, 100.37, 71.37, 72.134, , 11.017, 0.983, 603.561, 603.561, 5.383, 264.836, 264.836, 264.836, 52.145, , 35.6, 35.24, 7.388, 12.619, 0, 0, 72.146, 73.368, 72.146, 73.368, 1, 103.893, 103.893, 0.025, 0.137, 69.951, 71.131, 69.951, 71.131, 7.146, 7.388, 12.619, , , 1, 6.046, 0, 0, 12.5, 5.383, 169, 0, 0, 0, 74, 18.188, 18.132, 93.572, 97.903, 100, 0, 0, 33.897, 32.5, 100, 4.41, 100.223, 0, 0, 100.223, 105.61, 0, 0, 0, 0, 0, 13.9, 0, 12.5, 0, 5.383, 169, 0, 0, 0, 74, 1, 0.018, 0.018, 93.572, 97.903, 100, 0, 0, 141, 33.897, 32.5, 100, 4.41, 0, 100.223, 0, 0, 100.223, 105.61, 0, 0, 0, 0, 
6, 18.79, 100.37, 71.37, 72.134, , 10.977, 0.983, 611.149, 611.149, 5.4, 263.916, 263.916, 263.916, 52.14, , 35.6, 35.24, 7.387, 12.674, 0, 0, 72.273, 73.496, 72.273, 73.496, 1, 104.437, 104.437, 0.025, 0.136, 69.714, 70.891, 69.714, 70.891, 7.186, 7.387, 12.674, , , 1, 6.097, 0, 0, 12.5, 5.4, 169, 0, 0, 0, 74, 18.126, 18.063, 93.376, 97.822, 100, 0, 0, 33.951, 32.5, 100, 4.41, 99.842, 0, 0, 99.842, 105.947, 0, 0, 0, 0, 0, 13.9, 0, 12.5, 0, 5.4, 169, 0, 0, 0, 74, 1, 0.018, 0.018, 93.376, 97.822, 100, 0, 0, 141, 33.951, 32.5, 100, 4.41, 0, 99.842, 0, 0, 99.842, 105.947, 0, 0, 0, 0, 
6.05, 18.79, 100.37, 71.37, 72.135, , 10.598, 0.983, 618.776, 618.776, 5.418, 254.943, 254.943, 254.943, 52.124, , 35.6, 35.24, 7.386, 12.73, 0, 0, 70.155, 71.34, 70.155, 71.34, 1, 104.973, 104.973, 0.024, 0.136, 67.36, 68.499, 67.36, 68.499, 7.227, 7.386, 12.73, , , 1, 6.146, 0, 0.003, 12.5, 5.418, 169, 0, 0, 0, 74, 18.066, 17.997, 93.2, 97.75, 100, 0, 0, 34.01, 32.5, 100, 4.41, 99.481, 0, 0, 99.481, 106.286, 0, 0, 0, 0, 0, 13.9, 0.003, 12.5, 0, 5.418, 169, 0, 0, 0, 74, 1, 0.018, 0.018, 93.2, 97.75, 100, 0, 0, 141, 34.01, 32.5, 100, 4.41, 0, 99.481, 0, 0, 99.481, 106.286, 0, 0, 0, 0, 
6.1, 18.79, 100.37, 71.37, 72.136, , 8.543, 0.983, 626.404, 626.404, 5.443, 206.21, 206.21, 206.21, 52.111, , 35.6, 35.24, 7.384, 12.737, 0, 0, 56.903, 57.864, 56.903, 57.864, 1, 105.456, 105.456, 0.024, 0.136, 54.495, 55.417, 54.495, 55.417, 7.267, 7.384, 12.737, , , 1, 6.196, 0, 0.03, 12.5, 5.443, 169, 0, 0, 0, 74, 18.021, 17.966, 93.2, 97.75, 100, 0, 0, 34.106, 32.5, 100, 4.41, 99.288, 0, 0, 99.288, 106.646, 0, 0, 0, 0, 0, 13.9, 0.03, 12.5, 0, 5.443, 169, 0, 0, 0, 74, 1, 0.018, 0.018, 93.2, 97.75, 100, 0, 0, 141, 34.106, 32.5, 100, 4.41, 0, 99.288, 0, 0, 99.288, 106.646, 0, 0, 0, 0, 
6.15, 18.79, 100.37, 71.37, 72.137, , 5.037, 0.983, 634.031, 634.031, 5.468, 123.055, 123.055, 123.055, 52.038, , 35.6, 35.24, 7.382, 12.739, 0, 0, 34.002, 34.574, 34.002, 34.574, 1, 105.798, 105.798, 0.024, 0.136, 32.474, 33.025, 32.474, 33.025, 7.295, 7.382, 12.739, , , 1, 6.246, 0, 0.057, 12.5, 5.468, 169, 0, 0, 0, 74, 17.977, 17.935, 93.2, 97.75, 100, 0, 0, 34.202, 32.5, 100, 4.41, 99.096, 0, 0, 99.096, 107.005, 0, 0, 0, 0, 0, 13.9, 0.057, 12.5, 0, 5.468, 169, 0, 0, 0, 74, 1, 0.018, 0.018, 93.2, 97.75, 100, 0, 0, 141, 34.202, 32.5, 100, 4.41, 0, 99.096, 0, 0, 99.096, 107.005, 0, 0, 0, 0, 
6.2, 18.79, 100.37, 71.37, 72.138, , 0.191, 0.983, 641.815, 641.815, 5.494, 8.076, 8.076, 8.076, 51.922, , 35.832, 35.292, 7.382, 12.63, 0, 0, 2.238, 2.273, 2.238, 2.273, 1, 105.929, 105.929, 0.024, 0.136, 1.919, 1.953, 1.919, 1.953, 7.311, 7.382, 12.63, , , 1, 6.297, 0, 0.083, 12.5, 5.494, 169, 0, 0, 0, 74, 17.933, 17.905, 93.2, 97.75, 100, 0, 0, 34.298, 32.5, 100, 4.41, 98.904, 0, 0, 98.904, 107.365, 0, 0, 0, 0, 0, 13.9, 0.083, 12.5, 0, 5.494, 169, 0, 0, 0, 74, 1, 0.018, 0.018, 93.2, 97.75, 100, 0, 0, 141, 34.298, 32.5, 100, 4.41, 0, 98.904, 0, 0, 98.904, 107.365, 0, 0, 0, 0, 
6.25, 18.79, 100.37, 71.37, 72.138, , -4.328, 0.983, 650.454, 650.454, 5.519, -99.141, -99.141, -99.141, 51.776, , 36.155, 35.363, 7.382, 12.509, 0, 0, -27.372, -27.836, -27.372, -27.836, 1, 105.833, 105.833, 0.024, 0.135, -26.629, -27.08, -26.629, -27.08, 7.327, 7.382, 12.509, , , 1, 6.346, 0, 0.11, 12.5, 5.519, 169, 0, 0, 0, 74, 17.889, 17.874, 93.2, 97.75, 100, 0, 0, 34.394, 32.5, 100, 4.41, 98.712, 0, 0, 98.712, 107.724, 0, 0, 0, 0, 0, 13.9, 0.11, 12.5, 0, 5.519, 169, 0, 0, 0, 74, 1, 0.018, 0.018, 93.2, 97.75, 100, 0, 0, 141, 34.394, 32.5, 100, 4.41, 0, 98.712, 0, 0, 98.712, 107.724, 0, 0, 0, 0, 
6.3, 18.79, 100.37, 71.37, 72.139, , -8.034, 0.983, 657.226, 657.226, 5.544, -187.072, -187.072, -187.072, 51.575, , 36.478, 35.435, 7.383, 12.299, 0, 0, -51.638, -52.511, -51.638, -52.511, 1, 105.51, 105.51, 0.024, 0.135, -50.111, -50.958, -50.111, -50.958, 7.343, 7.383, 12.299, , , 1, 6.397, 0, 0.137, 12.5, 5.544, 169, 0, 0, 0, 74, 17.844, 17.843, 93.2, 97.75, 100, 0, 0, 34.49, 32.5, 100, 4.41, 98.519, 0, 0, 98.519, 108.084, 0, 0, 0, 0, 0, 13.9, 0.137, 12.5, 0, 5.544, 169, 0, 0, 0, 74, 1, 0.018, 0.018, 93.2, 97.75, 100, 0, 0, 141, 34.49, 32.5, 100, 4.41, 0, 98.519, 0, 0, 98.519, 108.084, 0, 0, 0, 0, 
6.35, 18.79, 100.37, 71.37, 72.14, , -9.946, 0.983, 665.009, 665.009, 5.508, -232.446, -232.446, -232.446, 51.323, , 36.8, 35.507, 7.384, 12.078, 0, 0, -64.027, -65.109, -64.027, -65.109, 1, 105.047, 105.047, 0.024, 0.135, -62.388, -63.443, -62.388, -63.443, 7.356, 7.384, 12.078, , , 1, 6.447, 0, 0.119, 12.5, 5.508, 169, 0, 0, 0, 71.083, 15.113, 15.105, 92.9, 84.221, 100, 0, 0, 34.583, 32.917, 83.333, 3.767, 98.833, 0, 0, 99.333, 107.291, 0, 0, 0, 0, 0, 13.9, 0.119, 12.5, 0, 5.508, 169, 0, 0, 0, 71.083, 1, 0.015, 0.015, 92.9, 84.171, 100, 0, 0, 141, 34.583, 32.917, 83.333, 3.767, 0, 98.833, 0, 0, 99.333, 107.291, 0, 0, 0, 0, 
6.4, , 100.37, 71.37, , , -10.131, 0.983, 672.792, 672.792, 5.464, -236.844, -236.844, -236.844, 51.15, , 37.123, 35.578, 7.384, 11.899, 0, 0, -64.985, -66.083, -64.985, -66.083, 1, 104.53, 104.53, 0.024, 0.135, -63.724, -64.801, -63.724, -64.801, 7.359, 7.384, 11.899, , , 1, 6.496, 0, 0.096, 12.5, 5.464, 169, 0, 0, 0, 67.843, 12.082, 12.066, 92.567, 69.188, 100, 0, 0, 34.676, 33.38, 64.815, 3.052, 99.204, 0, 0, 100.259, 106.37, 0, 0, 0, 0, 0, 13.9, 0.096, 12.5, 0, 5.464, 169, 0, 0, 0, 67.843, 1, 0.012, 0.012, 92.567, 69.082, 100, 0, 0, 141, 34.676, 33.38, 64.815, 3.052, 0, 99.204, 0, 0, 100.259, 106.37, 0, 0, 0, 0, 
6.45, , 100.37, 71.37, , , -9.344, 0.983, 680.575, 680.575, 5.42, -218.192, -218.192, -218.192, 51.113, , 36.967, 35.549, 7.384, 11.728, 0, 0, -59.563, -60.569, -59.563, -60.569, 1, 104.035, 104.035, 0.024, 0.134, -58.784, -59.777, -58.784, -59.777, 7.361, 7.384, 11.728, , , 1, 6.547, 0, 0.073, 12.5, 5.42, 169, 0, 0, 0, 64.602, 9.051, 9.027, 92.233, 54.156, 100, 0, 0, 34.769, 33.843, 46.296, 2.337, 99.574, 0, 0, 101.185, 105.448, 0, 0, 0, 0, 0, 13.9, 0.073, 12.5, 0, 5.42, 169, 0, 0, 0, 64.602, 1, 0.009, 0.009, 92.233, 53.994, 100, 0, 0, 141, 34.769, 33.843, 46.296, 2.337, 0, 99.574, 0, 0, 101.185, 105.448, 0, 0, 0, 0, 
6.5, , 100.37, 71.37, , , -8.82, 0.983, 688.222, 688.222, 5.376, -205.779, -205.779, -205.779, 51.195, , 36.606, 35.477, 7.383, 11.783, 0, 0, -55.912, -56.857, -55.912, -56.857, 1, 103.581, 103.581, 0.024, 0.134, -55.375, -56.309, -55.375, -56.309, 7.364, 7.383, 11.783, , , 1, 6.596, 0, 0.05, 12.5, 5.376, 169, 0, 0, 0, 61.361, 6.021, 5.988, 91.9, 39.124, 100, 0, 0, 34.861, 34.306, 27.778, 1.622, 99.944, 0, 0, 102.111, 104.527, 0, 0, 0, 0, 0, 13.9, 0.05, 12.5, 0, 5.376, 169, 0, 0, 0, 61.361, 1, 0.006, 0.006, 91.9, 38.906, 100, 0, 0, 141, 34.861, 34.306, 27.778, 1.622, 0, 99.944, 0, 0, 102.111, 104.527, 0, 0, 0, 0, 
6.55, , 100.37, 71.37, , , -8.642, 0.983, 695.905, 695.905, 5.332, -201.573, -201.573, -201.573, 51.4, , 36.244, 35.405, 7.382, 11.888, 0, 0, -54.526, -55.449, -54.526, -55.449, 1, 103.142, 103.142, 0.024, 0.134, -54.016, -54.929, -54.016, -54.929, 7.37, 7.382, 11.888, , , 1, 6.646, 0, 0.027, 12.5, 5.332, 169, 0, 0, 0, 58.12, 2.99, 2.949, 91.567, 24.091, 100, 0, 0, 34.954, 34.769, 9.259, 0.907, 100.315, 0, 0, 103.037, 103.606, 0, 0, 0, 0, 0, 13.9, 0.027, 12.5, 0, 5.332, 169, 0, 0, 0, 58.12, 1, 0.003, 0.003, 91.567, 23.817, 100, 0, 0, 141, 34.954, 34.769, 9.259, 0.907, 0, 100.315, 0, 0, 103.037, 103.606, 0, 0, 0, 0, 
6.6, , 100.37, 71.37, , , -8.55, 0.983, 703.458, 703.458, 5.308, -199.41, -199.41, -199.41, 51.743, , 35.883, 35.333, 7.382, 12.271, 0, 0, -53.71, -54.619, -53.71, -54.619, 1, 102.704, 102.704, 0.024, 0.134, -53.085, -53.983, -53.085, -53.983, 7.39, 7.382, 12.271, , , 1, 6.697, 0, 0.013, 12.5, 5.308, 169, 0, 0, 0, 55.406, 1.321, 1.281, 91.4, 16.402, 100, 0, 0, 34.479, 34.479, 0, 0.55, 100.5, 0, 0, 103.5, 102.918, 0, 0, 0, 0, 0, 13.905, 0.013, 12.5, 0, 5.308, 169, 0, 0, 0, 55.406, 1, 0.001, 0.001, 91.4, 16.395, 100, 0, 0, 141, 34.479, 34.479, 0, 0.55, 0, 100.5, 0, 0, 103.5, 102.918, 0, 0, 0, 0, 
6.65, , 100.37, 71.37, , , -8.458, 0.983, 711.121, 711.121, 5.305, -197.23, -197.23, -197.23, 52.058, , 35.521, 35.26, 7.382, 12.724, 0, 0, -52.902, -53.799, -52.902, -53.799, 1, 102.279, 102.279, 0.024, 0.134, -52.184, -53.067, -52.184, -53.067, 7.411, 7.382, 12.724, , , 1, 6.747, 0, 0.01, 12.5, 5.305, 169, 0, 0, 0, 53.219, 1.014, 0.983, 91.4, 16.056, 100, 0, 0, 33.438, 33.438, 0, 0.55, 100.5, 0, 0, 103.5, 102.465, 0, 0, 0, 0, 0, 13.916, 0.01, 12.5, 0, 5.305, 169, 0, 0, 0, 53.219, 1, 0.001, 0.001, 91.4, 16.049, 100, 0, 0, 141, 33.438, 33.438, 0, 0.55, 0, 100.5, 0, 0, 103.5, 102.465, 0, 0, 0, 0, 
6.7, , 100.37, 71.37, , , -8.39, 0.983, 718.654, 718.654, 5.302, -195.649, -195.649, -195.649, 52.29, , 35.239, 35.214, 7.383, 13.409, 0, 0, -52.261, -53.146, -52.261, -53.146, 1, 101.855, 101.855, 0.024, 0.134, -51.535, -52.406, -51.535, -52.406, 7.431, 7.383, 13.409, , , 1, 6.797, 0, 0.007, 12.5, 5.302, 169, 0, 0, 0, 51.031, 0.707, 0.685, 91.4, 15.71, 100, 0, 0, 32.396, 32.396, 0, 0.55, 100.5, 0, 0, 103.5, 102.012, 0, 0, 0, 0, 0, 13.926, 0.007, 12.5, 0, 5.302, 169, 0, 0, 0, 51.031, 1, 0.001, 0.001, 91.4, 15.704, 100, 0, 0, 141, 32.396, 32.396, 0, 0.55, 0, 100.5, 0, 0, 103.5, 102.012, 0, 0, 0, 0, 
6.75, , 100.37, 71.37, , , -8.399, 0.983, 726.186, 726.186, 5.299, -195.867, -195.867, -195.867, 52.436, , 34.987, 35.178, 7.384, 14.159, 0, 0, -52.101, -52.982, -52.101, -52.982, 1, 101.431, 101.431, 0.024, 0.135, -51.442, -52.311, -51.442, -52.311, 7.447, 7.384, 14.159, , , 1, 6.847, 0, 0.004, 12.5, 5.299, 169, 0, 0, 0, 48.844, 0.399, 0.387, 91.4, 15.365, 100, 0, 0, 31.354, 31.354, 0, 0.55, 100.5, 0, 0, 103.5, 101.559, 0, 0, 0, 0, 0, 13.936, 0.004, 12.5, 0, 5.299, 169, 0, 0, 0, 48.844, 1, 0, 0, 91.4, 15.358, 100, 0, 0, 141, 31.354, 31.354, 0, 0.55, 0, 100.5, 0, 0, 103.5, 101.559, 0, 0, 0, 0, 
6.8, , 100.37, 71.37, , , -8.362, 0.983, 733.629, 733.629, 5.296, -195.013, -195.013, -195.013, 52.504, , 34.735, 35.142, 7.384, 15.012, 0, 0, -51.654, -52.528, -51.654, -52.528, 1, 101.006, 101.006, 0.024, 0.135, -51.158, -52.02, -51.158, -52.02, 7.438, 7.384, 15.012, , , 1, 6.896, 0, 0.001, 12.5, 5.296, 169, 0, 0, 0, 46.656, 0.092, 0.089, 91.4, 15.019, 100, 0, 0, 30.312, 30.312, 0, 0.55, 100.5, 0, 0, 103.5, 101.106, 0, 0, 0, 0, 0, 13.947, 0.001, 12.5, 0, 5.296, 169, 0, 0, 0, 46.656, 1, 0, 0, 91.4, 15.012, 100, 0, 0, 141, 30.312, 30.312, 0, 0.55, 0, 100.5, 0, 0, 103.5, 101.106, 0, 0, 0, 0, 
6.85, , 100.37, 71.37, , , -8.342, 0.983, 741.1, 741.1, 5.286, -194.541, -194.541, -194.541, 52.496, , 34.483, 35.106, 7.384, 15.897, 0, 0, -51.308, -52.176, -51.308, -52.176, 1, 100.587, 100.587, 0.025, 0.135, -51.043, -51.903, -51.043, -51.903, 7.428, 7.384, 15.897, , , 1, 6.946, 0, 0, 12.5, 5.286, 169, 0, 0, 0, 45.696, 0, 0, 91.4, 14.83, 100, 0, 0, 29.239, 29.239, 0, 0.55, 100.5, 0, 0, 103.5, 100.828, 0, 0, 0, 0, 0, 13.958, 0, 12.5, 0, 5.286, 169, 0, 0, 0, 45.696, 1, 0, 0, 91.4, 14.828, 100, 0, 0, 141, 29.239, 29.239, 0, 0.55, 0, 100.5, 0, 0, 103.5, 100.828, 0, 0, 0, 0, 
6.9, , 100.37, 71.37, , , -8.423, 0.983, 748.514, 748.514, 5.274, -196.495, -196.495, -196.495, 52.481, , 34.231, 35.07, 7.383, 16.786, 0, 0, -51.607, -52.479, -51.607, -52.479, 1, 100.163, 100.163, 0.025, 0.136, -51.57, -52.438, -51.57, -52.438, 7.419, 7.383, 16.786, , , 1, 6.996, 0, 0, 12.5, 5.274, 169, 0, 0, 0, 45.261, 0, 0, 91.4, 14.709, 100, 0, 0, 28.152, 28.152, 0, 0.55, 100.5, 0, 0, 103.5, 100.626, 0, 0, 0, 0, 0, 13.968, 0, 12.5, 0, 5.274, 169, 0, 0, 0, 45.261, 1, 0, 0, 91.4, 14.707, 100, 0, 0, 141, 28.152, 28.152, 0, 0.55, 0, 100.5, 0, 0, 103.5, 100.626, 0, 0, 0, 0, 
6.95, , 100.37, 71.37, , , -8.478, 0.983, 755.863, 755.863, 5.262, -197.797, -197.797, -197.797, 52.48, , 34.341, 35.216, 7.381, 17.675, 0, 0, -51.731, -52.607, -51.731, -52.607, 1, 99.734, 99.734, 0.025, 0.136, -51.912, -52.787, -51.912, -52.787, 7.41, 7.381, 17.675, , , 1, 7.046, 0, 0, 12.5, 5.262, 169, 0, 0, 0, 44.826, 0, 0, 91.4, 14.588, 100, 0, 0, 27.065, 27.065, 0, 0.55, 100.5, 0, 0, 103.5, 100.424, 0, 0, 0, 0, 0, 13.979, 0, 12.5, 0, 5.262, 169, 0, 0, 0, 44.826, 1, 0, 0, 91.4, 14.587, 100, 0, 0, 141, 27.065, 27.065, 0, 0.55, 0, 100.5, 0, 0, 103.5, 100.424, 0, 0, 0, 0, 
7, , 100.37, 71.37, , , -8.513, 0.983, 763.254, 763.254, 5.249, -198.653, -198.653, -198.653, 52.491, , 34.593, 35.432, 7.38, 18.509, 0, 0, -51.731, -52.607, -51.731, -52.607, 1, 99.308, 99.308, 0.025, 0.136, -52.126, -53.005, -52.126, -53.005, 7.422, 7.38, 18.509, , , 1, 7.096, 0, 0, 12.5, 5.249, 169, 0, 0, 0, 44.391, 0, 0, 91.4, 14.467, 100, 0, 0, 25.978, 25.978, 0, 0.55, 100.5, 0, 0, 103.5, 100.222, 0, 0, 0, 0, 0, 13.99, 0, 12.5, 0, 5.249, 169, 0, 0, 0, 44.391, 1, 0, 0, 91.4, 14.466, 100, 0, 0, 141, 25.978, 25.978, 0, 0.55, 0, 100.5, 0, 0, 103.5, 100.222, 0, 0, 0, 0, 
7.05, , 100.37, 71.37, , , -8.521, 0.983, 770.551, 770.551, 5.236, -198.864, -198.864, -198.864, 52.511, , 34.845, 35.648, 7.379, 19.321, 0, 0, -51.563, -52.436, -51.563, -52.436, 1, 98.879, 98.879, 0.025, 0.136, -52.159, -53.04, -52.159, -53.04, 7.435, 7.379, 19.321, , , 1, 7.146, 0, 0, 12.5, 5.236, 169, 0, 0, 0, 44, 0, 0, 91.433, 14.368, 100, 0, 0, 25, 25, 0, 0.55, 100.5, 0, 0, 103.5, 99.994, 0, 0, 0, 0, 0, 14, 0, 12.5, 0, 5.236, 169, 0, 0, 0, 44, 1, 0, 0, 91.433, 14.368, 100, 0, 0, 141, 25, 25, 0, 0.55, 0, 100.5, 0, 0, 103.5, 99.994, 0, 0, 0, 0, 
7.1, , 100.37, 71.37, , , -8.531, 0.983, 777.848, 777.848, 5.217, -199.114, -199.114, -199.114, 52.536, , 35.097, 35.864, 7.378, 20.017, 0, 0, -51.404, -52.274, -51.404, -52.274, 1, 98.448, 98.448, 0.025, 0.135, -52.181, -53.062, -52.181, -53.062, 7.448, 7.378, 20.017, , , 1, 7.196, 0, 0, 12.5, 5.217, 169, 0, 0, 0, 44, 0, 0, 91.767, 14.437, 100, 0, 0, 25, 25, 0, 0.55, 100.5, 0, 0, 103.5, 99.535, 0, 0, 0, 0, 0, 14, 0, 12.5, 0, 5.217, 169, 0, 0, 0, 44, 1, 0, 0, 91.767, 14.437, 100, 0, 0, 141, 25, 25, 0, 0.55, 0, 100.5, 0, 0, 103.5, 99.535, 0, 0, 0, 0, 
7.15, , 100.37, 71.37, , , -8.519, 0.983, 785.144, 785.144, 5.197, -198.843, -198.843, -198.843, 52.551, , 35.349, 36.08, 7.377, 20.662, 0, 0, -51.109, -51.974, -51.109, -51.974, 1, 98.017, 98.017, 0.024, 0.135, -52.126, -53.007, -52.126, -53.007, 7.461, 7.377, 20.662, , , 1, 7.246, 0, 0, 12.5, 5.197, 169, 0, 0, 0, 44, 0, 0, 92.1, 14.505, 100, 0, 0, 25, 25, 0, 0.55, 100.5, 0, 0, 103.5, 99.076, 0, 0, 0, 0, 0, 14, 0, 12.5, 0, 5.197, 169, 0, 0, 0, 44, 1, 0, 0, 92.1, 14.505, 100, 0, 0, 141, 25, 25, 0, 0.55, 0, 100.5, 0, 0, 103.5, 99.076, 0, 0, 0, 0, 
7.2, , 100.37, 71.37, , , -8.521, 0.983, 792.414, 792.414, 5.177, -198.901, -198.901, -198.901, 52.567, , 35.368, 35.881, 7.377, 21.179, 0, 0, -50.898, -51.759, -50.898, -51.759, 1, 97.583, 97.583, 0.024, 0.135, -52.183, -53.066, -52.183, -53.066, 7.478, 7.377, 21.179, , , 1, 7.297, 0, 0, 12.5, 5.177, 169, 0, 0, 0, 44, 0, 0, 92.433, 14.574, 100, 0, 0, 25, 25, 0, 0.55, 100.5, 0, 0, 103.5, 98.616, 0, 0, 0, 0, 0, 14, 0, 12.5, 0, 5.177, 169, 0, 0, 0, 44, 1, 0, 0, 92.433, 14.574, 100, 0, 0, 141, 25, 25, 0, 0.55, 0, 100.5, 0, 0, 103.5, 98.616, 0, 0, 0, 0, 
7.25, , 100.37, 71.37, , , -8.509, 0.983, 799.592, 799.592, 5.158, -198.62, -198.62, -198.62, 52.582, , 35.296, 35.521, 7.377, 21.634, 0, 0, -50.602, -51.458, -50.602, -51.458, 1, 97.157, 97.157, 0.024, 0.135, -51.969, -52.85, -51.969, -52.85, 7.498, 7.377, 21.634, , , 1, 7.346, 0, 0, 12.5, 5.158, 169, 0, 0, 0, 44, 0, 0, 92.767, 14.642, 100, 0, 0, 25, 25, 0, 0.55, 100.5, 0, 0, 103.5, 98.157, 0, 0, 0, 0, 0, 14, 0, 12.5, 0, 5.158, 169, 0, 0, 0, 44, 1, 0, 0, 92.767, 14.642, 100, 0, 0, 141, 25, 25, 0, 0.55, 0, 100.5, 0, 0, 103.5, 98.157, 0, 0, 0, 0, 
7.3, , , , , , -8.493, , 806.743, 806.743, 5.138, -198.254, -198.254, -198.254, 52.598, , 35.224, 35.161, 7.377, 21.935, 0, 0, -50.287, -51.138, -50.287, -51.138, 1, 96.728, 96.728, 0.024, 0.135, , , , , 7.517, 7.377, 21.935, , , 1, 7.396, 0, 0, 12.5, 5.138, 169, 0, 0, 0, 44, 0, 0, 93.1, 14.711, 100, 0, 0, 25, 25, 0, 0.55, 100.5, 0, 0, 103.5, 97.698, 0, 0, 0, 0, 0, 14, 0, 12.5, 0, 5.138, 169, 0, 0, 0, 44, 1, 0, 0, 93.1, 14.711, 100, 0, 0, 141, 25, 25, 0, 0.55, 0, 100.5, 0, 0, 103.5, 97.698, 0, 0, 0, 0, 
7.35, , , , , , -8.493, , 813.925, 813.925, , -198.287, -198.287, -198.287, , , 35.152, 34.801, 7.377, 22.155, 0, 0, -50.129, -50.977, -50.129, -50.977, 1, 96.339, 96.339, 0.024, 0.134, , , , , 7.536, 7.377, 22.155, , , 1, 7.425, , , , , , , , , , , , , , , , , , , , , , , , , , , , , , , , , , , , , , , , , , , , , , , , , , , , , , , , , , , , , , , , 
7.4, , , , , , -8.492, , 817.958, 817.958, , -198.254, -198.254, -198.254, , , 35.08, 34.441, 7.377, 22.283, 0, 0, -50.011, -50.855, -50.011, -50.855, 1, 96.124, 96.124, , , , , , , , 7.377, 22.283, , , 1, 7.45, , , , , , , , , , , , , , , , , , , , , , , , , , , , , , , , , , , , , , , , , , , , , , , , , , , , , , , , , , , , , , , , 
7.45, , , , , , -8.49, , 821.496, 821.496, , -198.227, -198.227, -198.227, , , , , 7.377, 22.36, 0, 0, -49.894, -50.737, -49.894, -50.737, 1, 95.911, 95.911, , , , , , , , 7.377, 22.36, , , 1, 7.475, , , , , , , , , , , , , , , , , , , , , , , , , , , , , , , , , , , , , , , , , , , , , , , , , , , , , , , , , , , , , , , , 
7.5, , , , , , -8.475, , 825.034, 825.034, , -197.872, -197.872, -197.872, , , , , 7.377, 22.39, , , -49.696, -50.534, -49.696, -50.534, , 95.698, 95.698, , , , , , , , 7.377, 22.39, , , 1, 7.5, , , , , , , , , , , , , , , , , , , , , , , , , , , , , , , , , , , , , , , , , , , , , , , , , , , , , , , , , , , , , , , , 
7.55, , , , , , -8.535, , 828.572, 828.572, , -199.299, -199.299, -199.299, , , , , 7.377, 22.39, , , -49.945, -50.785, -49.945, -50.785, , 95.487, 95.487, , , , , , , , 7.377, 22.39, , , , , , , , , , , , , , , , , , , , , , , , , , , , , , , , , , , , , , , , , , , , , , , , , , , , , , , , , , , , , , , , , , , , 
