Time, (DWRT ATMO) Humidity, (DWRT ATMO) Pressure, (DWRT ATMO) Temperature 1, (DWRT ATMO) Temperature 2, (DWRT CPU) ????????????????????????????????????????????????????????????????, (DWRT CPU) Acceleration, (DWRT CPU) Correction Factor, (DWRT CPU) Distance, (DWRT CPU) Distance 1, (DWRT CPU) Engine RPM, (DWRT CPU) Force, (DWRT CPU) Force 1, (DWRT CPU) Force Drum 1, (DWRT CPU) Gear Ratio, (DWRT CPU) Inductive 1 Signal Strength, (DWRT CPU) Internal Temp 1, (DWRT CPU) Internal Temp 2, (DWRT CPU) LC1 Volts Petrol AFR, (DWRT CPU) LC2 Volts Petrol AFR2, (DWRT CPU) Link 0 Status, (DWRT CPU) Link 1 Status, (DWRT CPU) Power, (DWRT CPU) Power (uncorrected), (DWRT CPU) Power Drum 1, (DWRT CPU) Power Drum 1 (uncorrected), (DWRT CPU) Sampling, (DWRT CPU) Speed, (DWRT CPU) Speed 1, (DWRT CPU) TCP RX kB/s, (DWRT CPU) TCP TX kB/s, (DWRT CPU) Torque, (DWRT CPU) Torque (uncorrected), (DWRT CPU) Torque Drum 1, (DWRT CPU) Torque Drum 1 (uncorrected), (DWRT CPU) UDP RX kB/s, (DWRT CPU) User Analog 1, (DWRT CPU) User Analog 2, (DWRT CPU) User Analog 3, (DWRT CPU) User Analog 4, (Gen) Sampling, (Gen) Sampling Duration, (Harley - ECU Type 14 SW Level 141) Accel Enrichment, (Harley - ECU Type 14 SW Level 141) Decel Enleanment, (Harley - ECU Type 14 SW Level 141) Desired Air/Fuel, (Harley - ECU Type 14 SW Level 141) Engine Speed, (Harley - ECU Type 14 SW Level 141) Engine Temperature, (Harley - ECU Type 14 SW Level 141) Front Adaptive Fuel Factor, (Harley - ECU Type 14 SW Level 141) Front Closed Loop Integrator, (Harley - ECU Type 14 SW Level 141) Front Spark Knock Retard, (Harley - ECU Type 14 SW Level 141) Idle Air Control Motor Position, (Harley - ECU Type 14 SW Level 141) Injector Time Front, (Harley - ECU Type 14 SW Level 141) Injector Time Rear, (Harley - ECU Type 14 SW Level 141) Intake Air Temperature, (Harley - ECU Type 14 SW Level 141) Manifold Absolute Pressure, (Harley - ECU Type 14 SW Level 141) Rear Adaptive Fuel Factor, (Harley - ECU Type 14 SW Level 141) Rear Closed Loop Integrator, (Harley - ECU Type 14 SW Level 141) Rear Spark Knock Retard, (Harley - ECU Type 14 SW Level 141) Spark Advance Front, (Harley - ECU Type 14 SW Level 141) Spark Advance Rear, (Harley - ECU Type 14 SW Level 141) Throttle Position, (Harley - ECU Type 14 SW Level 141) Throttle Position Sensor Voltage, (Harley - ECU Type 14 SW Level 141) VE Front, (Harley - ECU Type 14 SW Level 141) VE New Front, (Harley - ECU Type 14 SW Level 141) VE New Rear, (Harley - ECU Type 14 SW Level 141) VE Rear, (Harley - ECU Type 14 SW Level 141) Vehicle Speed, (Harley - ECU Type 14 SW Level 141) WBO2 AFR Front, (Harley - ECU Type 14 SW Level 141) WBO2 AFR Rear, (PV) Accel Enrichment, (PV) AT Lambda 1, (PV) AT Lambda 2, (PV) Battery Voltage, (PV) Decel Enleanment, (PV) Desired Air/Fuel, (PV) Desired Lambda, (PV) Engine Speed, (PV) Engine Temperature, (PV) Front Adaptive Fuel Factor, (PV) Front Closed Loop Integrator, (PV) Front Spark Knock Retard, (PV) Idle Air Control Motor Position, (PV) Idle Set Speed, (PV) Injector Time Front, (PV) Injector Time Rear, (PV) Intake Air Temperature, (PV) Manifold Absolute Pressure, (PV) Rear Adaptive Fuel Factor, (PV) Rear Closed Loop Integrator, (PV) Rear Spark Knock Retard, (PV) Software Level, (PV) Spark Advance Front, (PV) Spark Advance Rear, (PV) Throttle Position, (PV) Throttle Position Sensor, (PV) Twistgrip Position, (PV) VE Front, (PV) VE New Front, (PV) VE New Rear, (PV) VE Rear, (PV) Vehicle Speed, (PV) Warm-up Fuel AFR (Lambda), (PV) Warm-up Fuel AFR (Ratio), (PV) WBO2 AFR Front, (PV) WBO2 AFR Rear, 
0, , , , , , , , , , , , , , , 79.22, , , , , , , , , , , , , , , , , , , , , , , , , , , , , , , , , , , , , , , , , , , , , , , , , , , , , , , , , , , , , , , , , , , , , , , , , , , , , , , , , , , , , , , , , , 
0.05, , , , , , , , , , , , , , , 76.996, , , , , , , , , , , , , , , , , , , , , , , , , , , , , , , , , , , , , , , , , , , , , , , , , , , , , , , , , , , , , , , , , , , , , , , , , , , , , , , , , , , , , , , , , , 
0.1, , , , , , , , , , , , , , , 74.771, , , , , , , , , , , , , , , , , , , , , , , , , , , , , , , , , , , , , , , , , , , , , , , , , , , , , , , , , , , , , , , , , , , , , , , , , , , , , , , , , , , , , , , , , , 
0.15, , , , , , , , , , , , , , , 72.547, , , , , , , , , , , , , , , , , , , , , , , , , , , , , , , , , , , , , , , , , , , , , , , , , , , , , , , , , , , , , , , , , , , , , , , , , , , , , , , , , , , , , , , , , , 
0.2, , , , , , , , , , , , , , , 70.323, , , , , , , , , , , , , , , , , , , , , , , , , , , , , , , , , , , , , , , , , , , , , , , , , , , , , , , , , , , , , , , , , , , , , , , , , , , , , , , , , , , , , , , , , , 
0.25, , , , , , , , , , , , , , , 68.099, , , , , , , , , , , , , , , , , , , , , , , , , , , , , , , , , , , , , , , , , , , , , , , , , , , , , , , , , , , , , , , , , , , , , , , , , , , , , , , , , , , , , , , , , , 
0.3, , , , , , , , , , , , , , , 65.874, , , , , , , , , , , , , , , , , , , , , , , , , , , , , , , , , , , , , , , , , , , , , , , , , , , , , , , , , , , , , , , , , , , , , , , , , , , , , , , , , , , , , , , , , , 
0.35, , , , , , , , , , , , , , , 63.65, , , , , , , , , , , , , , , , , , , , , , , , , , , , , , , , , , , , , , , , , , , , , , , , , , , , , , , , , , , , , , , , , , , , , , , , , , , , , , , , , , , , , , , , , , 
0.4, , , , , , 3.665, , , , , 89.101, 89.101, 89.101, , 61.426, 35.06, 37.305, 7.377, 12.529, 0, 0, , , , , 1, 59.581, 59.581, , , , , , , , 7.377, 12.529, , , 1, 0.044, , , , , , , , , , , , , , , , , , , , , , , , , , , , , , , , , , , , , , , , , , , , , , , , , , , , , , , , , , , , , , , , 
0.45, , , , , , 7.45, , 10.09, 10.09, , 178.91, 178.91, 178.91, , 59.201, 35.06, 36.775, 7.377, 12.483, 0, 0, 28.369, 28.76, 28.369, 28.76, 1, 59.932, 59.932, 0.025, 0.137, , , , , 5.318, 7.377, 12.483, , , 1, 0.137, , , , , , , , , , , , , , , , , , , , , , , , , , , , , , , , , , , , , , , , , , , , , , , , , , , , , , , , , , , , , , , , 
0.5, , , , , , 11.287, , 17.095, 17.095, , 269.955, 269.955, 269.955, , 56.977, 35.06, 36.246, 7.377, 12.39, 0, 0, 43.355, 43.952, 43.355, 43.952, 1, 60.669, 60.669, 0.025, 0.136, 85.358, 86.533, 85.358, 86.533, 5.337, 7.377, 12.39, , , 1, 0.195, , , , , , , , , , , , , , , , , , , , , , , , , , , , , , , , , , , , , , , , , , , , , , , , , , , , , , , , , , , , , , , , 
0.55, , , , , , 13.548, , 23.703, 23.703, 3.12, 323.612, 323.612, 323.612, 51.563, 54.753, 35.06, 35.716, 7.377, 12.279, 0, 0, 52.709, 53.434, 52.709, 53.434, 1, 61.602, 61.602, 0.025, 0.136, 89.956, 91.196, 89.956, 91.196, 5.357, 7.377, 12.279, , , 1, 0.287, 1.085, 0, 14.233, 3.12, 183, 0, 0, 0, 60.32, 8, 7.364, 123.8, 41.912, 100, 0, 0, 43.504, 43.548, 13.08, 1.119, 102.532, 0, 0, 106.856, 60.598, 0, 0, 1.085, 0, 0, 14.091, 0, 14.233, 0, 3.12, 183, 0, 0, 0, 60.32, 1, 0.008, 0.007, 123.8, 41.912, 100, 0, 0, 141, 43.504, 43.548, 13.08, 1.119, 0, 102.532, 0, 0, 106.856, 60.598, 0, 0, 0, 0, 
0.6, , , , , , 14.438, , 30.401, 30.401, 3.142, 344.746, 344.746, 344.746, 51.288, 56.647, 35.06, 35.187, 7.377, 12.193, 0, 0, 56.802, 57.582, 56.802, 57.582, 1, 62.586, 62.586, 0.025, 0.135, 93.481, 94.77, 93.481, 94.77, 5.376, 7.377, 12.193, , , 1, 0.345, 1.209, 0, 13.853, 3.142, 183, 0, 0, 0, 63.32, 10.182, 9.964, 123.8, 50.03, 100, 0, 0, 40.104, 40.248, 20.08, 1.435, 100.332, 0, 0, 104.256, 61.344, 0, 0, 1.209, 0, 0, 14.071, 0, 13.853, 0, 3.142, 183, 0, 0, 0, 63.32, 1, 0.01, 0.01, 123.8, 50.03, 100, 0, 0, 141, 40.104, 40.248, 20.08, 1.435, 0, 100.332, 0, 0, 104.256, 61.344, 0, 0, 0, 0, 
0.65, , , , , , 14.761, , 35.654, 35.654, 3.165, 352.434, 352.434, 352.434, 50.952, 60.142, 35.144, 35.004, 7.377, 12.118, 0, 0, 58.701, 59.507, 58.701, 59.507, 1, 63.3, 63.3, 0.025, 0.135, 95.866, 97.187, 95.866, 97.187, 5.382, 7.377, 12.118, , , 1, 0.395, 1.333, 0, 13.473, 3.165, 183, 0, 0, 0, 66.32, 12.364, 12.564, 123.8, 58.148, 100, 0, 0, 36.704, 36.948, 27.08, 1.751, 98.132, 0, 0, 101.656, 62.09, 0, 0, 1.333, 0, 0, 14.051, 0, 13.473, 0, 3.165, 183, 0, 0, 0, 66.32, 1, 0.012, 0.012, 123.8, 58.148, 100, 0, 0, 141, 36.704, 36.948, 27.08, 1.751, 0, 98.132, 0, 0, 101.656, 62.09, 0, 0, 0, 0, 
0.7, , , , , , 14.875, , 40.199, 40.199, 3.187, 355.15, 355.15, 355.15, 50.693, 63.638, 35.254, 34.931, 7.377, 12.089, 0, 0, 59.818, 60.639, 59.818, 60.639, 1, 64.029, 64.029, 0.025, 0.136, 96.858, 98.191, 96.858, 98.191, 5.383, 7.377, 12.089, , , 1, 0.445, 1.457, 0, 13.093, 3.187, 183, 0, 0, 0, 69.32, 14.546, 15.164, 123.8, 66.266, 100, 0, 0, 33.304, 33.648, 34.08, 2.067, 95.932, 0, 0, 99.056, 62.836, 0, 0, 1.457, 0, 0, 14.031, 0, 13.093, 0, 3.187, 183, 0, 0, 0, 69.32, 1, 0.015, 0.015, 123.8, 66.266, 100, 0, 0, 141, 33.304, 33.648, 34.08, 2.067, 0, 95.932, 0, 0, 99.056, 62.836, 0, 0, 0, 0, 
0.75, 17.34, , , 74.73, , 14.959, , 44.832, 44.832, 3.209, 357.163, 357.163, 357.163, 50.558, 67.133, 35.364, 34.857, 7.377, 12.082, 0, 0, 60.838, 61.674, 60.838, 61.674, 1, 64.754, 64.754, 0.025, 0.136, 97.594, 98.939, 97.594, 98.939, 5.385, 7.377, 12.082, , , 1, 0.494, 1.581, 0, 12.713, 3.209, 183, 0, 0, 0, 72.32, 16.728, 17.764, 123.8, 74.384, 100, 0, 0, 29.904, 30.348, 41.08, 2.383, 93.732, 0, 0, 96.456, 63.582, 0, 0, 1.581, 0, 0, 14.011, 0, 12.713, 0, 3.209, 183, 0, 0, 0, 72.32, 1, 0.017, 0.018, 123.8, 74.384, 100, 0, 0, 141, 29.904, 30.348, 41.08, 2.383, 0, 93.732, 0, 0, 96.456, 63.582, 0, 0, 0, 0, 
0.8, 17.34, , , 74.73, , 15.054, , 49.502, 49.502, 3.238, 359.448, 359.448, 359.448, 50.495, 70.628, 35.474, 34.784, 7.377, 12.153, 0, 0, 61.928, 62.778, 61.928, 62.778, 1, 65.526, 65.526, 0.025, 0.136, 98.337, 99.692, 98.337, 99.692, 5.386, 7.377, 12.153, , , 1, 0.544, 1.51, 0, 12.5, 3.238, 183, 0, 0, 0, 74, 17.728, 18.924, 123.8, 80.929, 100, 0, 0, 28.042, 28.5, 49.654, 2.718, 91.781, 0, 0, 94.323, 64.316, 0, 0, 1.51, 0, 0, 14, 0, 12.5, 0, 3.238, 183, 0, 0, 0, 74, 1, 0.018, 0.019, 123.8, 80.929, 100, 0, 0, 141, 28.042, 28.5, 49.654, 2.718, 0, 91.781, 0, 0, 94.323, 64.316, 0, 0, 0, 0, 
0.85, 17.34, , , 74.73, , 15.193, , 55.659, 55.659, 3.273, 362.77, 362.77, 362.77, 50.448, 74.124, 35.585, 34.71, 7.378, 12.264, 0, 0, 63.431, 64.303, 63.431, 64.303, 1, 66.586, 66.586, 0.025, 0.136, 99.329, 100.697, 99.329, 100.697, 5.402, 7.378, 12.264, , , 1, 0.595, 1.193, 0, 12.5, 3.273, 183, 0, 0, 0, 74, 17.224, 18.251, 123.8, 85.471, 100, 0, 0, 28.138, 28.5, 60.231, 3.078, 90.146, 0, 0, 92.785, 65.033, 0, 0, 1.193, 0, 0, 14, 0, 12.5, 0, 3.273, 183, 0, 0, 0, 74, 1, 0.017, 0.018, 123.8, 85.471, 100, 0, 0, 141, 28.138, 28.5, 60.231, 3.078, 0, 90.146, 0, 0, 92.785, 65.033, 0, 0, 0, 0, 
0.9, 17.34, , , 74.73, , 15.308, , 61.329, 61.329, 3.308, 365.521, 365.521, 365.521, 50.431, 77.619, 35.6, 34.855, 7.378, 12.439, 0, 0, 64.759, 65.65, 64.759, 65.65, 1, 67.329, 67.329, 0.025, 0.135, 100.127, 101.507, 100.127, 101.507, 5.432, 7.378, 12.439, , , 1, 0.645, 0.876, 0, 12.5, 3.308, 183, 0, 0, 0, 74, 16.721, 17.578, 123.8, 90.013, 100, 0, 0, 28.235, 28.5, 70.808, 3.437, 88.512, 0, 0, 91.246, 65.75, 0, 0, 0.876, 0, 0, 14, 0, 12.5, 0, 3.308, 183, 0, 0, 0, 74, 1, 0.017, 0.018, 123.8, 90.013, 100, 0, 0, 141, 28.235, 28.5, 70.808, 3.437, 0, 88.512, 0, 0, 91.246, 65.75, 0, 0, 0, 0, 
0.95, 17.34, , , 74.73, , 15.395, , 66.158, 66.158, 3.344, 367.596, 367.596, 367.596, 50.426, 81.115, 35.6, 35.035, 7.379, 12.65, 0, 0, 65.842, 66.749, 65.842, 66.749, 1, 68.081, 68.081, 0.025, 0.135, 100.706, 102.094, 100.706, 102.094, 5.461, 7.379, 12.65, , , 1, 0.695, 0.558, 0, 12.5, 3.344, 183, 0, 0, 0, 74, 16.217, 16.905, 123.8, 94.556, 100, 0, 0, 28.331, 28.5, 81.385, 3.797, 86.877, 0, 0, 89.708, 66.468, 0, 0, 0.558, 0, 0, 14, 0, 12.5, 0, 3.344, 183, 0, 0, 0, 74, 1, 0.016, 0.017, 123.8, 94.556, 100, 0, 0, 141, 28.331, 28.5, 81.385, 3.797, 0, 86.877, 0, 0, 89.708, 66.468, 0, 0, 0, 0, 
1, 17.34, , , 74.73, , 15.494, , 71.023, 71.023, 3.379, 369.957, 369.957, 369.957, 50.431, 84.61, 35.6, 35.215, 7.379, 12.874, 0, 0, 66.986, 67.91, 66.986, 67.91, 1, 68.832, 68.832, 0.025, 0.135, 101.342, 102.74, 101.342, 102.74, 5.491, 7.379, 12.874, , , 1, 0.745, 0.241, 0, 12.5, 3.379, 183, 0, 0, 0, 74, 15.713, 16.232, 123.8, 99.098, 100, 0, 0, 28.427, 28.5, 91.962, 4.157, 85.242, 0, 0, 88.169, 67.185, 0, 0, 0.241, 0, 0, 14, 0, 12.5, 0, 3.379, 183, 0, 0, 0, 74, 1, 0.015, 0.016, 123.8, 99.098, 100, 0, 0, 141, 28.427, 28.5, 91.962, 4.157, 0, 85.242, 0, 0, 88.169, 67.185, 0, 0, 0, 0, 
1.05, 17.34, , , 74.73, , 15.496, , 75.962, 75.962, 3.416, 370.035, 370.035, 370.035, 50.448, 83.572, 35.6, 35.395, 7.38, 13.106, 0, 0, 67.73, 68.664, 67.73, 68.664, 1, 69.592, 69.592, 0.025, 0.135, 101.328, 102.725, 101.328, 102.725, 5.51, 7.38, 13.106, , , 1, 0.795, 0, 0, 12.5, 3.416, 183, 0, 0, 0, 74, 15.357, 15.743, 123.8, 102.533, 100, 0, 0, 28.547, 28.523, 100, 4.429, 84.116, 0, 0, 87.07, 67.932, 0, 0, 0, 0, 0, 14, 0, 12.5, 0, 3.416, 183, 0, 0, 0, 74, 1, 0.015, 0.016, 123.8, 102.533, 100, 0, 0, 141, 28.547, 28.523, 100, 4.429, 0, 84.116, 0, 0, 87.07, 67.932, 0, 0, 0, 0, 
1.1, 17.34, , , 74.73, , 15.547, , 80.93, 80.93, 3.457, 371.259, 371.259, 371.259, 50.478, 82.534, 35.6, 35.575, 7.38, 13.307, 0, 0, 68.692, 69.638, 68.692, 69.638, 1, 70.343, 70.343, 0.025, 0.135, 101.607, 103.006, 101.607, 103.006, 5.517, 7.38, 13.307, , , 1, 0.845, 0, 0, 12.5, 3.457, 183, 0, 0, 0, 74, 15.469, 15.838, 123.8, 102.461, 100, 0, 0, 28.74, 28.62, 100, 4.425, 84.601, 0, 0, 87.36, 68.775, 0, 0, 0, 0, 0, 14, 0, 12.5, 0, 3.457, 183, 0, 0, 0, 74, 1, 0.015, 0.016, 123.8, 102.461, 100, 0, 0, 141, 28.74, 28.62, 100, 4.425, 0, 84.601, 0, 0, 87.36, 68.775, 0, 0, 0, 0, 
1.15, 17.34, , , 74.73, , 15.56, , 85.988, 85.988, 3.498, 371.592, 371.592, 371.592, 50.508, 81.495, 35.507, 35.538, 7.38, 13.488, 0, 0, 69.498, 70.455, 69.498, 70.455, 1, 71.094, 71.094, 0.025, 0.135, 101.639, 103.037, 101.639, 103.037, 5.524, 7.38, 13.488, , , 1, 0.895, 0, 0, 12.5, 3.498, 183, 0, 0, 0, 74, 15.582, 15.933, 123.8, 102.389, 100, 0, 0, 28.934, 28.717, 100, 4.421, 85.085, 0, 0, 87.651, 69.618, 0, 0, 0, 0, 0, 14, 0, 12.5, 0, 3.498, 183, 0, 0, 0, 74, 1, 0.015, 0.016, 123.8, 102.389, 100, 0, 0, 141, 28.934, 28.717, 100, 4.421, 0, 85.085, 0, 0, 87.651, 69.618, 0, 0, 0, 0, 
1.2, 17.34, , , 74.73, , 15.604, , 91.166, 91.166, 3.539, 372.659, 372.659, 372.659, 50.54, 80.457, 35.399, 35.466, 7.381, 13.626, 0, 0, 70.451, 71.421, 70.451, 71.421, 1, 71.857, 71.857, 0.025, 0.135, 101.868, 103.27, 101.868, 103.27, 5.531, 7.381, 13.626, , , 1, 0.945, 0, 0, 12.5, 3.539, 183, 0, 0, 0, 74, 15.694, 16.028, 123.8, 102.318, 100, 0, 0, 29.128, 28.814, 100, 4.417, 85.57, 0, 0, 87.942, 70.461, 0, 0, 0, 0, 0, 14, 0, 12.5, 0, 3.539, 183, 0, 0, 0, 74, 1, 0.016, 0.016, 123.8, 102.317, 100, 0, 0, 141, 29.128, 28.814, 100, 4.417, 0, 85.57, 0, 0, 87.942, 70.461, 0, 0, 0, 0, 
1.25, 17.34, , , 74.73, , 15.67, , 96.265, 96.265, 3.58, 374.236, 374.236, 374.236, 50.574, 79.419, 35.291, 35.394, 7.382, 13.733, 0, 0, 71.493, 72.478, 71.493, 72.478, 1, 72.623, 72.623, 0.025, 0.135, 102.233, 103.64, 102.233, 103.64, 5.542, 7.382, 13.733, , , 1, 0.995, 0, 0, 12.5, 3.58, 183, 0, 0, 0, 74, 15.807, 16.123, 123.8, 102.246, 100, 0, 0, 29.322, 28.911, 100, 4.414, 86.054, 0, 0, 88.233, 71.304, 0, 0, 0, 0, 0, 14, 0, 12.5, 0, 3.58, 183, 0, 0, 0, 74, 1, 0.016, 0.016, 123.8, 102.245, 100, 0, 0, 141, 29.322, 28.911, 100, 4.414, 0, 86.054, 0, 0, 88.233, 71.304, 0, 0, 0, 0, 
1.3, 17.34, , , 74.73, , 15.713, , 101.546, 101.546, 3.621, 375.282, 375.282, 375.282, 50.608, 78.381, 35.183, 35.322, 7.383, 13.809, 0, 0, 72.457, 73.456, 72.457, 73.456, 1, 73.383, 73.383, 0.025, 0.135, 102.45, 103.861, 102.45, 103.861, 5.557, 7.383, 13.809, , , 1, 1.045, 0, 0, 12.5, 3.621, 183, 0, 0, 0, 74, 15.919, 16.219, 123.771, 102.174, 100, 0, 0, 29.508, 29.008, 100, 4.41, 86.564, 0, 0, 88.556, 72.14, 0, 0, 0, 0, 0, 14, 0, 12.5, 0, 3.621, 183, 0, 0, 0, 74, 1, 0.016, 0.016, 123.771, 102.173, 100, 0, 0, 141, 29.508, 29.008, 100, 4.41, 0, 86.564, 0, 0, 88.556, 72.14, 0, 0, 0, 0, 
1.35, 17.34, , , 74.73, , 15.783, , 106.772, 106.772, 3.664, 376.95, 376.95, 376.95, 50.641, 77.343, 35.075, 35.25, 7.385, 13.858, 0, 0, 73.532, 74.547, 73.532, 74.547, 1, 74.154, 74.154, 0.025, 0.135, 102.837, 104.255, 102.837, 104.255, 5.572, 7.385, 13.858, , , 1, 1.095, 0, 0, 12.5, 3.664, 183, 0, 0, 0, 74, 16.035, 16.329, 123.411, 102.1, 100, 0, 0, 29.608, 29.108, 100, 4.41, 87.364, 0, 0, 89.256, 72.886, 0, 0, 0, 0, 0, 14, 0, 12.5, 0, 3.664, 183, 0, 0, 0, 74, 1, 0.016, 0.016, 123.411, 102.099, 100, 0, 0, 141, 29.608, 29.108, 100, 4.41, 0, 87.364, 0, 0, 89.256, 72.886, 0, 0, 0, 0, 
1.4, 17.34, , , 74.73, , 15.804, , 112.134, 112.134, 3.706, 377.48, 377.48, 377.48, 50.677, 76.304, 35.091, 35.147, 7.387, 13.885, 0, 0, 74.404, 75.431, 74.404, 75.431, 1, 74.937, 74.937, 0.025, 0.135, 102.907, 104.325, 102.907, 104.325, 5.587, 7.387, 13.885, , , 1, 1.145, 0, 0, 12.5, 3.706, 183, 0, 0, 0, 74, 16.151, 16.439, 123.051, 102.026, 100, 0, 0, 29.708, 29.208, 100, 4.41, 88.164, 0, 0, 89.956, 73.632, 0, 0, 0, 0, 0, 14, 0, 12.5, 0, 3.706, 183, 0, 0, 0, 74, 1, 0.016, 0.016, 123.051, 102.025, 100, 0, 0, 141, 29.708, 29.208, 100, 4.41, 0, 88.164, 0, 0, 89.956, 73.632, 0, 0, 0, 0, 
1.45, 17.34, , , 74.73, , 15.86, , 117.565, 117.565, 3.749, 378.825, 378.825, 378.825, 50.717, 75.869, 35.127, 35.039, 7.388, 13.893, 0, 0, 75.442, 76.483, 75.442, 76.483, 1, 75.702, 75.702, 0.025, 0.135, 103.194, 104.615, 103.194, 104.615, 5.61, 7.388, 13.893, , , 1, 1.195, 0, 0, 12.5, 3.749, 183, 0, 0, 0, 74, 16.267, 16.549, 122.691, 101.952, 100, 0, 0, 29.808, 29.308, 100, 4.41, 88.964, 0, 0, 90.656, 74.378, 0, 0, 0, 0, 0, 14, 0, 12.5, 0, 3.749, 183, 0, 0, 0, 74, 1, 0.016, 0.017, 122.691, 101.951, 100, 0, 0, 141, 29.808, 29.308, 100, 4.41, 0, 88.964, 0, 0, 90.656, 74.378, 0, 0, 0, 0, 
1.5, 17.34, , , 74.73, , 15.872, , 122.995, 122.995, 3.791, 379.127, 379.127, 379.127, 50.757, 76.503, 35.163, 34.931, 7.388, 13.886, 0, 0, 76.273, 77.325, 76.273, 77.325, 1, 76.481, 76.481, 0.025, 0.135, 103.194, 104.616, 103.194, 104.616, 5.642, 7.388, 13.886, , , 1, 1.245, 0, 0, 12.5, 3.791, 183, 0, 0, 0, 74, 16.383, 16.659, 122.331, 101.878, 100, 0, 0, 29.908, 29.408, 100, 4.41, 89.764, 0, 0, 91.356, 75.124, 0, 0, 0, 0, 0, 14, 0, 12.5, 0, 3.791, 183, 0, 0, 0, 74, 1, 0.016, 0.017, 122.331, 101.877, 100, 0, 0, 141, 29.908, 29.408, 100, 4.41, 0, 89.764, 0, 0, 91.356, 75.124, 0, 0, 0, 0, 
1.55, 17.34, , , 74.73, , 15.917, , 128.537, 128.537, 3.835, 380.217, 380.217, 380.217, 50.799, 77.138, 35.199, 34.823, 7.387, 13.866, 0, 0, 77.277, 78.34, 77.277, 78.34, 1, 77.266, 77.266, 0.025, 0.135, 103.404, 104.827, 103.404, 104.827, 5.674, 7.387, 13.866, , , 1, 1.295, 0, 0, 12.5, 3.835, 183, 0, 0, 0, 74, 16.501, 16.769, 121.971, 101.801, 100, 0, 0, 30.024, 29.516, 100, 4.41, 90.572, 0, 0, 92.064, 75.909, 0, 0, 0, 0, 0, 14, 0, 12.5, 0, 3.835, 183, 0, 0, 0, 74, 1, 0.016, 0.017, 121.971, 101.799, 100, 0, 0, 141, 30.024, 29.516, 100, 4.41, 0, 90.572, 0, 0, 92.064, 75.909, 0, 0, 0, 0, 
1.6, 17.34, , , 74.73, , 15.878, , 134.097, 134.097, 3.9, 379.336, 379.336, 379.336, 50.845, 77.773, 35.235, 34.715, 7.385, 13.838, 0, 0, 77.871, 78.941, 77.871, 78.941, 1, 78.041, 78.041, 0.025, 0.135, 103.071, 104.488, 103.071, 104.488, 5.706, 7.385, 13.838, , , 1, 1.345, 0, 0, 12.5, 3.9, 183, 0, 0, 0, 74, 16.636, 16.879, 121.611, 101.69, 100, 0, 0, 30.324, 29.716, 100, 4.412, 91.472, 0, 0, 92.864, 77.152, 0, 0, 0, 0, 0, 14, 0, 12.5, 0, 3.9, 183, 0, 0, 0, 74, 1, 0.016, 0.017, 121.611, 101.688, 100, 0, 0, 141, 30.324, 29.716, 100, 4.412, 0, 91.472, 0, 0, 92.864, 77.152, 0, 0, 0, 0, 
1.65, 17.34, 100.36, 73.96, 74.73, , 15.909, 0.986, 139.702, 139.702, 3.965, 380.08, 380.08, 380.08, 50.888, 78.408, 35.24, 34.948, 7.382, 13.801, 0, 0, 78.798, 79.881, 78.798, 79.881, 1, 78.81, 78.81, 0.025, 0.134, 103.187, 104.606, 103.187, 104.606, 5.734, 7.382, 13.801, , , 1, 1.395, 0, 0, 12.5, 3.965, 183, 0, 0, 0, 74, 16.771, 16.989, 121.251, 101.578, 100, 0, 0, 30.624, 29.916, 100, 4.414, 92.372, 0, 0, 93.664, 78.395, 0, 0, 0, 0, 0, 14, 0, 12.5, 0, 3.965, 183, 0, 0, 0, 74, 1, 0.016, 0.017, 121.251, 101.577, 100, 0, 0, 141, 30.624, 29.916, 100, 4.414, 0, 92.372, 0, 0, 93.664, 78.395, 0, 0, 0, 0, 
1.7, 17.34, 100.36, 73.96, 74.73, , 15.901, 0.986, 146.878, 146.878, 4.029, 379.919, 379.919, 379.919, 50.939, 79.043, 35.24, 35.236, 7.38, 13.765, 0, 0, 79.745, 80.842, 79.745, 80.842, 1, 79.906, 79.906, 0.025, 0.134, 103.046, 104.465, 103.046, 104.465, 5.752, 7.38, 13.765, , , 1, 1.445, 0, 0, 12.5, 4.029, 183, 0, 0, 0, 74, 16.906, 17.099, 120.891, 101.467, 100, 0, 0, 30.924, 30.116, 100, 4.416, 93.272, 0, 0, 94.464, 79.638, 0, 0, 0, 0, 0, 14, 0, 12.5, 0, 4.029, 183, 0, 0, 0, 74, 1, 0.017, 0.017, 120.891, 101.466, 100, 0, 0, 141, 30.924, 30.116, 100, 4.416, 0, 93.272, 0, 0, 94.464, 79.638, 0, 0, 0, 0, 
1.75, 17.34, 100.36, 73.96, 74.73, , 15.888, 0.986, 153.427, 153.427, 4.094, 379.641, 379.641, 379.641, 50.975, 79.678, 35.24, 35.524, 7.379, 13.731, 0, 0, 80.569, 81.678, 80.569, 81.678, 1, 80.687, 80.687, 0.025, 0.134, 102.889, 104.305, 102.889, 104.305, 5.769, 7.379, 13.731, , , 1, 1.495, 0, 0, 12.5, 4.094, 183, 0, 0, 0, 74, 17.041, 17.209, 120.531, 101.355, 100, 0, 0, 31.224, 30.316, 100, 4.418, 94.172, 0, 0, 95.264, 80.881, 0, 0, 0, 0, 0, 14, 0, 12.5, 0, 4.094, 183, 0, 0, 0, 74, 1, 0.017, 0.017, 120.531, 101.355, 100, 0, 0, 141, 31.224, 30.316, 100, 4.418, 0, 94.172, 0, 0, 95.264, 80.881, 0, 0, 0, 0, 
1.8, 17.34, 100.36, 73.96, 74.73, , 15.869, 0.986, 159.247, 159.247, 4.155, 379.22, 379.22, 379.22, 51.008, 80.313, 35.24, 35.812, 7.378, 13.7, 0, 0, 81.257, 82.375, 81.257, 82.375, 1, 81.457, 81.457, 0.025, 0.134, 102.707, 104.119, 102.707, 104.119, 5.786, 7.378, 13.7, , , 1, 1.545, 0, 0, 12.5, 4.155, 183, 0, 0, 0, 74, 17.168, 17.314, 120.2, 101.251, 100, 0, 0, 31.508, 30.508, 100, 4.42, 95.017, 0, 0, 96.017, 82.056, 0, 0, 0, 0, 0, 14, 0, 12.5, 0, 4.155, 183, 0, 0, 0, 74, 1, 0.017, 0.018, 120.2, 101.251, 100, 0, 0, 141, 31.508, 30.508, 100, 4.42, 0, 95.017, 0, 0, 96.017, 82.056, 0, 0, 0, 0, 
1.85, 17.34, 100.36, 73.96, 74.73, , 15.864, 0.986, 165.126, 165.126, 4.177, 379.121, 379.121, 379.121, 51.036, 80.948, 35.24, 36.1, 7.378, 13.673, 0, 0, 82.006, 83.135, 82.006, 83.135, 1, 82.23, 82.23, 0.025, 0.134, 102.626, 104.037, 102.626, 104.037, 5.804, 7.378, 13.673, , , 1, 1.595, 0, 0, 12.5, 4.177, 183, 0, 0, 0, 74, 17.209, 17.362, 120.2, 101.213, 100, 0, 0, 31.612, 30.612, 100, 4.418, 95.225, 0, 0, 96.225, 82.445, 0, 0, 0, 0, 0, 14, 0, 12.5, 0, 4.177, 183, 0, 0, 0, 74, 1, 0.017, 0.018, 120.2, 101.213, 100, 0, 0, 141, 31.612, 30.612, 100, 4.418, 0, 95.225, 0, 0, 96.225, 82.445, 0, 0, 0, 0, 
1.9, 17.34, 100.36, 73.96, 74.73, , 15.834, 0.986, 171.039, 171.039, 4.198, 378.414, 378.414, 378.414, 51.059, 81.583, 35.147, 35.985, 7.378, 13.648, 0, 0, 82.625, 83.763, 82.625, 83.763, 1, 83.012, 83.012, 0.025, 0.135, 102.387, 103.796, 102.387, 103.796, 5.827, 7.378, 13.648, , , 1, 1.644, 0, 0, 12.5, 4.198, 183, 0, 0, 0, 74, 17.25, 17.41, 120.2, 101.174, 100, 0, 0, 31.717, 30.717, 100, 4.416, 95.433, 0, 0, 96.433, 82.833, 0, 0, 0, 0, 0, 14, 0, 12.5, 0, 4.198, 183, 0, 0, 0, 74, 1, 0.017, 0.018, 120.2, 101.174, 100, 0, 0, 141, 31.717, 30.717, 100, 4.416, 0, 95.433, 0, 0, 96.433, 82.833, 0, 0, 0, 0, 
1.95, 17.34, 100.36, 73.96, 74.73, , 15.795, 0.986, 176.981, 176.981, 4.22, 377.515, 377.515, 377.515, 51.078, 82.217, 35.039, 35.805, 7.379, 13.625, 0, 0, 83.191, 84.336, 83.191, 84.336, 1, 83.786, 83.786, 0.025, 0.135, 102.105, 103.51, 102.105, 103.51, 5.851, 7.379, 13.625, , , 1, 1.694, 0, 0, 12.5, 4.22, 183, 0, 0, 0, 74, 17.29, 17.458, 120.2, 101.136, 100, 0, 0, 31.821, 30.821, 100, 4.414, 95.642, 0, 0, 96.642, 83.222, 0, 0, 0, 0, 0, 14, 0, 12.5, 0, 4.22, 183, 0, 0, 0, 74, 1, 0.017, 0.018, 120.2, 101.136, 100, 0, 0, 141, 31.821, 30.821, 100, 4.414, 0, 95.642, 0, 0, 96.642, 83.222, 0, 0, 0, 0, 
2, 17.34, 100.36, 73.96, 74.73, , 15.736, 0.986, 183.088, 183.088, 4.241, 376.156, 376.156, 376.156, 51.094, 82.852, 34.931, 35.625, 7.38, 13.602, 0, 0, 83.662, 84.813, 83.662, 84.813, 1, 84.552, 84.552, 0.025, 0.136, 101.707, 103.106, 101.707, 103.106, 5.875, 7.38, 13.602, , , 1, 1.745, 0, 0, 12.5, 4.241, 183, 0, 0, 0, 74, 17.331, 17.506, 120.2, 101.097, 100, 0, 0, 31.925, 30.925, 100, 4.411, 95.85, 0, 0, 96.85, 83.61, 0, 0, 0, 0, 0, 14, 0, 12.5, 0, 4.241, 183, 0, 0, 0, 74, 1, 0.017, 0.018, 120.2, 101.097, 100, 0, 0, 141, 31.925, 30.925, 100, 4.411, 0, 95.85, 0, 0, 96.85, 83.61, 0, 0, 0, 0, 
2.05, 17.34, 100.36, 73.96, 74.73, , 15.677, 0.986, 189.135, 189.135, 4.268, 374.772, 374.772, 374.772, 51.107, 83.487, 34.823, 35.445, 7.381, 13.581, 0, 0, 84.107, 85.264, 84.107, 85.264, 1, 85.324, 85.324, 0.025, 0.136, 101.309, 102.703, 101.309, 102.703, 5.899, 7.381, 13.581, , , 1, 1.795, 0, 0, 12.5, 4.268, 183, 0, 0, 0, 74, 17.377, 17.557, 120.103, 101.049, 100, 0, 0, 32.054, 31.054, 100, 4.41, 96.135, 0, 0, 97.135, 84.124, 0, 0, 0, 0, 0, 14, 0, 12.5, 0, 4.268, 183, 0, 0, 0, 74, 1, 0.017, 0.018, 120.103, 101.049, 100, 0, 0, 141, 32.054, 31.054, 100, 4.41, 0, 96.135, 0, 0, 97.135, 84.124, 0, 0, 0, 0, 
2.1, 17.34, 100.36, 73.96, 74.73, , 15.637, 0.986, 195.279, 195.279, 4.309, 373.837, 373.837, 373.837, 51.117, 84.122, 34.715, 35.265, 7.382, 13.557, 0, 0, 84.652, 85.816, 84.652, 85.816, 1, 86.09, 86.09, 0.025, 0.136, 101.034, 102.424, 101.034, 102.424, 5.925, 7.382, 13.557, , , 1, 1.845, 0, 0, 12.5, 4.309, 183, 0, 0, 0, 74, 17.439, 17.616, 119.757, 100.98, 100, 0, 0, 32.246, 31.246, 100, 4.41, 96.615, 0, 0, 97.615, 84.958, 0, 0, 0, 0, 0, 14, 0, 12.5, 0, 4.309, 183, 0, 0, 0, 74, 1, 0.017, 0.018, 119.757, 100.98, 100, 0, 0, 141, 32.246, 31.246, 100, 4.41, 0, 96.615, 0, 0, 97.615, 84.958, 0, 0, 0, 0, 
2.15, 17.34, 100.36, 73.96, 74.73, , 15.588, 0.986, 201.547, 201.547, 4.35, 372.713, 372.713, 372.713, 51.132, 84.757, 34.7, 35.24, 7.382, 13.529, 0, 0, 85.156, 86.327, 85.156, 86.327, 1, 86.856, 86.856, 0.025, 0.137, 100.702, 102.088, 100.702, 102.088, 5.951, 7.382, 13.529, , , 1, 1.895, 0, 0, 12.5, 4.35, 183, 0, 0, 0, 74, 17.5, 17.676, 119.411, 100.911, 100, 0, 0, 32.438, 31.438, 100, 4.41, 97.096, 0, 0, 98.096, 85.793, 0, 0, 0, 0, 0, 14, 0, 12.5, 0, 4.35, 183, 0, 0, 0, 74, 1, 0.017, 0.018, 119.411, 100.911, 100, 0, 0, 141, 32.438, 31.438, 100, 4.41, 0, 97.096, 0, 0, 98.096, 85.793, 0, 0, 0, 0, 
2.2, 17.34, 100.36, 73.96, 74.73, , 15.541, 0.986, 207.751, 207.751, 4.391, 371.614, 371.614, 371.614, 51.149, 85.392, 34.7, 35.24, 7.382, 13.498, 0, 0, 85.644, 86.821, 85.644, 86.821, 1, 87.626, 87.626, 0.025, 0.137, 100.373, 101.754, 100.373, 101.754, 5.978, 7.382, 13.498, , , 1, 1.945, 0, 0, 12.5, 4.391, 183, 0, 0, 0, 74, 17.562, 17.736, 119.065, 100.842, 100, 0, 0, 32.631, 31.631, 100, 4.41, 97.577, 0, 0, 98.577, 86.628, 0, 0, 0, 0, 0, 14, 0, 12.5, 0, 4.391, 183, 0, 0, 0, 74, 1, 0.018, 0.018, 119.065, 100.842, 100, 0, 0, 141, 32.631, 31.631, 100, 4.41, 0, 97.577, 0, 0, 98.577, 86.628, 0, 0, 0, 0, 
2.25, 17.34, 100.36, 73.96, 74.73, , 15.51, 0.986, 214.062, 214.062, 4.432, 370.896, 370.896, 370.896, 51.168, 86.027, 34.7, 35.24, 7.382, 13.461, 0, 0, 86.219, 87.405, 86.219, 87.405, 1, 88.383, 88.383, 0.025, 0.137, 100.141, 101.518, 100.141, 101.518, 6.005, 7.382, 13.461, , , 1, 1.995, 0, 0, 12.5, 4.432, 183, 0, 0, 0, 74, 17.623, 17.795, 118.718, 100.772, 100, 0, 0, 32.823, 31.823, 100, 4.41, 98.058, 0, 0, 99.058, 87.462, 0, 0, 0, 0, 0, 14, 0, 12.5, 0, 4.432, 183, 0, 0, 0, 74, 1, 0.018, 0.018, 118.718, 100.772, 100, 0, 0, 141, 32.823, 31.823, 100, 4.41, 0, 98.058, 0, 0, 99.058, 87.462, 0, 0, 0, 0, 
2.3, 17.34, 100.36, 73.96, 74.73, , 15.459, 0.986, 220.499, 220.499, 4.475, 369.715, 369.715, 369.715, 51.19, 86.662, 34.7, 35.24, 7.382, 13.413, 0, 0, 86.687, 87.879, 86.687, 87.879, 1, 89.146, 89.146, 0.025, 0.138, 99.78, 101.153, 99.78, 101.153, 6.032, 7.382, 13.413, , , 1, 2.045, 0, 0, 12.5, 4.475, 183, 0, 0, 0, 74, 17.697, 17.866, 118.358, 100.696, 100, 0, 0, 33.008, 32.015, 100, 4.41, 98.604, 0, 0, 99.596, 88.326, 0, 0, 0, 0, 0, 13.999, 0, 12.5, 0, 4.475, 183, 0, 0, 0, 74, 1, 0.018, 0.018, 118.358, 100.696, 100, 0, 0, 141, 33.008, 32.015, 100, 4.41, 0, 98.604, 0, 0, 99.596, 88.326, 0, 0, 0, 0, 
2.35, 17.34, 100.36, 73.96, 74.73, , 15.358, 0.986, 226.884, 226.884, 4.537, 367.337, 367.337, 367.337, 51.215, 87.296, 34.7, 35.24, 7.381, 13.343, 0, 0, 86.855, 88.05, 86.855, 88.05, 1, 89.894, 89.894, 0.025, 0.137, 99.09, 100.454, 99.09, 100.454, 6.06, 7.381, 13.343, , , 1, 2.095, 0, 0, 12.5, 4.537, 183, 0, 0, 0, 74, 17.91, 18.07, 117.839, 100.554, 100, 0, 0, 33.104, 32.208, 100, 4.41, 99.902, 0, 0, 100.798, 89.521, 0, 0, 0, 0, 0, 13.99, 0, 12.5, 0, 4.537, 183, 0, 0, 0, 74, 1, 0.018, 0.018, 117.839, 100.554, 100, 0, 0, 141, 33.104, 32.208, 100, 4.41, 0, 99.902, 0, 0, 100.798, 89.521, 0, 0, 0, 0, 
2.4, 17.34, 100.36, 73.96, 74.73, , 15.263, 0.986, 233.37, 233.37, 4.599, 365.113, 365.113, 365.113, 51.247, 87.931, 34.948, 35.302, 7.38, 13.267, 0, 0, 87.059, 88.256, 87.059, 88.256, 1, 90.651, 90.651, 0.025, 0.137, 98.43, 99.784, 98.43, 99.784, 6.089, 7.38, 13.267, , , 1, 2.145, 0, 0, 12.5, 4.599, 183, 0, 0, 0, 74, 18.122, 18.274, 117.32, 100.412, 100, 0, 0, 33.2, 32.4, 100, 4.41, 101.2, 0, 0, 102, 90.716, 0, 0, 0, 0, 0, 13.98, 0, 12.5, 0, 4.599, 183, 0, 0, 0, 74, 1, 0.018, 0.018, 117.32, 100.412, 100, 0, 0, 141, 33.2, 32.4, 100, 4.41, 0, 101.2, 0, 0, 102, 90.716, 0, 0, 0, 0, 
2.45, 17.34, 100.36, 73.96, 74.73, , 15.179, 0.986, 239.987, 239.987, 4.661, 363.142, 363.142, 363.142, 51.285, 88.566, 35.236, 35.374, 7.38, 13.18, 0, 0, 87.3, 88.501, 87.3, 88.501, 1, 91.398, 91.398, 0.025, 0.137, 97.824, 99.169, 97.824, 99.169, 6.117, 7.38, 13.18, , , 1, 2.195, 0, 0, 12.5, 4.661, 183, 0, 0, 0, 74, 18.335, 18.478, 116.801, 100.271, 100, 0, 0, 33.296, 32.592, 100, 4.41, 102.498, 0, 0, 103.202, 91.911, 0, 0, 0, 0, 0, 13.97, 0, 12.5, 0, 4.661, 183, 0, 0, 0, 74, 1, 0.018, 0.019, 116.801, 100.271, 100, 0, 0, 141, 33.296, 32.592, 100, 4.41, 0, 102.498, 0, 0, 103.202, 91.911, 0, 0, 0, 0, 
2.5, 17.34, 100.36, 73.96, 74.73, , 15.093, 0.986, 246.577, 246.577, 4.723, 361.127, 361.127, 361.127, 51.331, 89.201, 35.524, 35.446, 7.38, 13.089, 0, 0, 87.522, 88.726, 87.522, 88.726, 1, 92.148, 92.148, 0.025, 0.137, 97.195, 98.533, 97.195, 98.533, 6.15, 7.38, 13.089, , , 1, 2.245, 0, 0, 12.5, 4.723, 183, 0, 0, 0, 74, 18.547, 18.682, 116.282, 100.129, 100, 0, 0, 33.392, 32.785, 100, 4.41, 103.796, 0, 0, 104.404, 93.106, 0, 0, 0, 0, 0, 13.961, 0, 12.5, 0, 4.723, 183, 0, 0, 0, 74, 1, 0.018, 0.019, 116.282, 100.129, 100, 0, 0, 141, 33.392, 32.785, 100, 4.41, 0, 103.796, 0, 0, 104.404, 93.106, 0, 0, 0, 0, 
2.55, 17.34, 100.36, 73.96, 74.73, , 15.018, 0.986, 255.583, 255.583, 4.785, 359.4, 359.4, 359.4, 51.397, 89.836, 35.812, 35.518, 7.381, 12.99, 0, 0, 88.043, 89.257, 88.043, 89.257, 1, 93.077, 93.077, 0.025, 0.137, 96.596, 97.927, 96.596, 97.927, 6.2, 7.381, 12.99, , , 1, 2.295, 0, 0, 12.5, 4.785, 183, 0, 0, 0, 74, 18.759, 18.886, 115.762, 99.987, 100, 0, 0, 33.488, 32.977, 100, 4.41, 105.094, 0, 0, 105.606, 94.302, 0, 0, 0, 0, 0, 13.951, 0, 12.5, 0, 4.785, 183, 0, 0, 0, 74, 1, 0.018, 0.019, 115.762, 99.987, 100, 0, 0, 141, 33.488, 32.977, 100, 4.41, 0, 105.094, 0, 0, 105.606, 94.302, 0, 0, 0, 0, 
2.6, 17.34, 100.36, 73.96, 74.73, , 14.973, 0.986, 262.345, 262.345, 4.83, 358.333, 358.333, 358.333, 51.453, 90.471, 36.1, 35.59, 7.382, 12.894, 0, 0, 88.476, 89.697, 88.476, 89.697, 1, 93.873, 93.873, 0.025, 0.137, 96.213, 97.537, 96.213, 97.537, 6.25, 7.382, 12.894, , , 1, 2.345, 0, 0, 12.5, 4.83, 183, 0, 0, 0, 74, 18.798, 18.924, 115.37, 99.834, 100, 0, 0, 33.5, 33, 100, 4.41, 105.571, 0, 0, 106.071, 95.129, 0, 0, 0, 0, 0, 13.95, 0, 12.5, 0, 4.83, 183, 0, 0, 0, 74, 1, 0.019, 0.019, 115.37, 99.834, 100, 0, 0, 141, 33.5, 33, 100, 4.41, 0, 105.571, 0, 0, 106.071, 95.129, 0, 0, 0, 0, 
2.65, 17.34, 100.36, 73.96, 74.73, , 14.944, 0.986, 269.075, 269.075, 4.872, 357.67, 357.67, 357.67, 51.497, 91.106, 35.954, 35.6, 7.383, 12.805, 0, 0, 89.001, 90.231, 89.001, 90.231, 1, 94.605, 94.605, 0.025, 0.136, 95.951, 97.273, 95.951, 97.273, 6.3, 7.383, 12.805, , , 1, 2.395, 0, 0, 12.5, 4.872, 183, 0, 0, 0, 74, 18.812, 18.939, 114.995, 99.679, 100, 0, 0, 33.5, 33, 100, 4.41, 105.935, 0, 0, 106.435, 95.906, 0, 0, 0, 0, 0, 13.95, 0, 12.5, 0, 4.872, 183, 0, 0, 0, 74, 1, 0.019, 0.019, 114.995, 99.679, 100, 0, 0, 141, 33.5, 33, 100, 4.41, 0, 105.935, 0, 0, 106.435, 95.906, 0, 0, 0, 0, 
2.7, 17.34, 100.36, 73.96, 74.73, , 14.89, 0.986, 275.942, 275.942, 4.914, 356.428, 356.428, 356.428, 51.536, 91.741, 35.738, 35.6, 7.384, 12.719, 0, 0, 89.385, 90.618, 89.385, 90.618, 1, 95.341, 95.341, 0.025, 0.136, 95.547, 96.864, 95.547, 96.864, 6.35, 7.384, 12.719, , , 1, 2.444, 0, 0, 12.5, 4.914, 183, 0, 0, 0, 74, 18.827, 18.955, 114.62, 99.524, 100, 0, 0, 33.5, 33, 100, 4.41, 106.3, 0, 0, 106.8, 96.683, 0, 0, 0, 0, 0, 13.95, 0, 12.5, 0, 4.914, 183, 0, 0, 0, 74, 1, 0.019, 0.019, 114.62, 99.524, 100, 0, 0, 141, 33.5, 33, 100, 4.41, 0, 106.3, 0, 0, 106.8, 96.683, 0, 0, 0, 0, 
2.75, 17.34, 100.36, 73.96, 74.73, , 14.84, 0.986, 282.81, 282.81, 4.956, 355.257, 355.257, 355.257, 51.569, 92.376, 35.522, 35.6, 7.385, 12.643, 0, 0, 89.771, 91.01, 89.771, 91.01, 1, 96.069, 96.069, 0.025, 0.136, 95.172, 96.484, 95.172, 96.484, 6.397, 7.385, 12.643, , , 1, 2.494, 0, 0, 12.5, 4.956, 183, 0, 0, 0, 74, 18.842, 18.971, 114.245, 99.369, 100, 0, 0, 33.5, 33, 100, 4.41, 106.665, 0, 0, 107.165, 97.46, 0, 0, 0, 0, 0, 13.95, 0, 12.5, 0, 4.956, 183, 0, 0, 0, 74, 1, 0.019, 0.019, 114.245, 99.369, 100, 0, 0, 141, 33.5, 33, 100, 4.41, 0, 106.665, 0, 0, 107.165, 97.46, 0, 0, 0, 0, 
2.8, 17.34, 100.36, 73.96, 74.73, , 14.797, 0.986, 289.752, 289.752, 4.996, 354.266, 354.266, 354.266, 51.595, 93.01, 35.306, 35.6, 7.386, 12.572, 0, 0, 90.199, 91.442, 90.199, 91.442, 1, 96.791, 96.791, 0.025, 0.136, 94.861, 96.169, 94.861, 96.169, 6.445, 7.386, 12.572, , , 1, 2.545, 0, 0, 12.5, 4.996, 183, 0, 0, 0, 74, 18.851, 18.981, 113.885, 99.222, 100, 0, 0, 33.5, 33, 100, 4.41, 106.992, 0, 0, 107.492, 98.206, 0, 0, 0, 0, 0, 13.949, 0, 12.5, 0, 4.996, 183, 0, 0, 0, 74, 1, 0.019, 0.019, 113.885, 99.222, 100, 0, 0, 141, 33.5, 33, 100, 4.41, 0, 106.992, 0, 0, 107.492, 98.206, 0, 0, 0, 0, 
2.85, 17.34, 100.36, 73.96, 74.73, , 14.742, 0.986, 296.687, 296.687, 5.016, 352.994, 352.994, 352.994, 51.606, 93.645, 35.09, 35.6, 7.385, 12.521, 0, 0, 90.545, 91.791, 90.545, 91.791, 1, 97.524, 97.524, 0.025, 0.136, 94.496, 95.799, 94.496, 95.799, 6.492, 7.385, 12.521, , , 1, 2.595, 0, 0, 12.5, 5.016, 183, 0, 0, 0, 74, 18.807, 18.93, 113.698, 99.145, 100, 0, 0, 33.5, 33, 100, 4.41, 106.888, 0, 0, 107.388, 98.595, 0, 0, 0, 0, 0, 13.939, 0, 12.5, 0, 5.016, 183, 0, 0, 0, 74, 1, 0.019, 0.019, 113.698, 99.145, 100, 0, 0, 141, 33.5, 33, 100, 4.41, 0, 106.888, 0, 0, 107.388, 98.595, 0, 0, 0, 0, 
2.9, 17.34, 100.36, 73.96, 74.73, , 14.7, 0.986, 303.762, 303.762, 5.036, 352.014, 352.014, 352.014, 51.609, 94.28, 35.091, 35.569, 7.384, 12.479, 0, 0, 90.963, 92.215, 90.963, 92.215, 1, 98.25, 98.25, 0.025, 0.136, 94.233, 95.531, 94.233, 95.531, 6.539, 7.384, 12.479, , , 1, 2.645, 0, 0, 12.5, 5.036, 183, 0, 0, 0, 74, 18.762, 18.879, 113.51, 99.068, 100, 0, 0, 33.5, 33, 100, 4.41, 106.783, 0, 0, 107.283, 98.983, 0, 0, 0, 0, 0, 13.928, 0, 12.5, 0, 5.036, 183, 0, 0, 0, 74, 1, 0.019, 0.019, 113.51, 99.068, 100, 0, 0, 141, 33.5, 33, 100, 4.41, 0, 106.783, 0, 0, 107.283, 98.983, 0, 0, 0, 0, 
2.95, 17.34, 100.36, 73.96, 74.73, , 14.639, 0.986, 310.847, 310.847, 5.056, 350.602, 350.602, 350.602, 51.6, 94.915, 35.127, 35.533, 7.382, 12.468, 0, 0, 91.261, 92.518, 91.261, 92.518, 1, 98.968, 98.968, 0.025, 0.136, 93.871, 95.163, 93.871, 95.163, 6.578, 7.382, 12.468, , , 1, 2.695, 0, 0, 12.5, 5.056, 183, 0, 0, 0, 74, 18.717, 18.828, 113.322, 98.991, 100, 0, 0, 33.5, 33, 100, 4.41, 106.679, 0, 0, 107.179, 99.372, 0, 0, 0, 0, 0, 13.918, 0, 12.5, 0, 5.056, 183, 0, 0, 0, 74, 1, 0.019, 0.019, 113.322, 98.991, 100, 0, 0, 141, 33.5, 33, 100, 4.41, 0, 106.679, 0, 0, 107.179, 99.372, 0, 0, 0, 0, 
3, 17.34, 100.359, 73.96, 74.73, , 14.586, 0.986, 318.055, 318.055, 5.077, 349.368, 349.368, 349.368, 51.579, 95.55, 35.163, 35.497, 7.381, 12.464, 0, 0, 91.604, 92.866, 91.604, 92.866, 1, 99.68, 99.68, 0.025, 0.137, 93.579, 94.867, 93.579, 94.867, 6.615, 7.381, 12.464, , , 1, 2.745, 0, 0, 12.5, 5.077, 183, 0, 0, 0, 74, 18.672, 18.777, 113.135, 98.914, 100, 0, 0, 33.5, 33, 100, 4.41, 106.575, 0, 0, 107.075, 99.76, 0, 0, 0, 0, 0, 13.907, 0, 12.5, 0, 5.077, 183, 0, 0, 0, 74, 1, 0.019, 0.019, 113.135, 98.914, 100, 0, 0, 141, 33.5, 33, 100, 4.41, 0, 106.575, 0, 0, 107.075, 99.76, 0, 0, 0, 0, 
3.05, 17.34, 100.359, 73.96, 74.73, , 14.542, 0.986, 325.294, 325.294, 5.106, 348.34, 348.34, 348.34, 51.547, 92.88, 35.199, 35.461, 7.38, 12.491, 0, 0, 91.993, 93.26, 91.993, 93.26, 1, 100.404, 100.404, 0.025, 0.137, 93.36, 94.646, 93.36, 94.646, 6.652, 7.38, 12.491, , , 1, 2.794, 0, 0, 12.5, 5.106, 183, 0, 0, 0, 74, 18.569, 18.666, 112.953, 98.798, 100, 0, 0, 33.539, 32.974, 100, 4.41, 106.176, 0, 0, 106.65, 100.346, 0, 0, 0, 0, 0, 13.9, 0, 12.5, 0, 5.106, 183, 0, 0, 0, 74, 1, 0.019, 0.019, 112.953, 98.798, 100, 0, 0, 141, 33.539, 32.974, 100, 4.41, 0, 106.176, 0, 0, 106.65, 100.346, 0, 0, 0, 0, 
3.1, 17.34, 100.359, 73.96, 74.73, , 14.477, 0.986, 332.591, 332.591, 5.158, 346.82, 346.82, 346.82, 51.514, 90.21, 35.235, 35.425, 7.379, 12.524, 0, 0, 92.246, 93.518, 92.246, 93.518, 1, 101.121, 101.121, 0.025, 0.138, 93.012, 94.292, 93.012, 94.292, 6.69, 7.379, 12.524, , , 1, 2.844, 0, 0, 12.5, 5.158, 183, 0, 0, 0, 74, 18.314, 18.401, 112.787, 98.593, 100, 0, 0, 33.678, 32.881, 100, 4.41, 105.019, 0, 0, 105.4, 101.44, 0, 0, 0, 0, 0, 13.9, 0, 12.5, 0, 5.158, 183, 0, 0, 0, 74, 1, 0.019, 0.019, 112.787, 98.593, 100, 0, 0, 141, 33.678, 32.881, 100, 4.41, 0, 105.019, 0, 0, 105.4, 101.44, 0, 0, 0, 0, 
3.15, 17.34, 100.358, 73.96, 74.73, , 14.409, 0.986, 339.888, 339.888, 5.211, 345.252, 345.252, 345.252, 51.5, 87.54, 35.24, 35.699, 7.379, 12.587, 0, 0, 92.473, 93.749, 92.473, 93.749, 1, 101.829, 101.829, 0.025, 0.138, 92.618, 93.893, 92.618, 93.893, 6.711, 7.379, 12.587, , , 1, 2.895, 0, 0, 12.5, 5.211, 183, 0, 0, 0, 74, 18.059, 18.136, 112.62, 98.387, 100, 0, 0, 33.817, 32.789, 100, 4.41, 103.861, 0, 0, 104.15, 102.533, 0, 0, 0, 0, 0, 13.9, 0, 12.5, 0, 5.211, 183, 0, 0, 0, 74, 1, 0.018, 0.018, 112.62, 98.387, 100, 0, 0, 141, 33.817, 32.789, 100, 4.41, 0, 103.861, 0, 0, 104.15, 102.533, 0, 0, 0, 0, 
3.2, 17.34, 100.358, 73.96, 74.73, , 14.371, 0.986, 347.185, 347.185, 5.264, 344.365, 344.365, 344.365, 51.503, 84.87, 35.24, 36.023, 7.379, 12.653, 0, 0, 92.873, 94.153, 92.873, 94.153, 1, 102.535, 102.535, 0.025, 0.138, 92.375, 93.648, 92.375, 93.648, 6.73, 7.379, 12.653, , , 1, 2.945, 0, 0, 12.5, 5.264, 183, 0, 0, 0, 74, 17.805, 17.871, 112.453, 98.182, 100, 0, 0, 33.956, 32.696, 100, 4.41, 102.704, 0, 0, 102.9, 103.627, 0, 0, 0, 0, 0, 13.9, 0, 12.5, 0, 5.264, 183, 0, 0, 0, 74, 1, 0.018, 0.018, 112.453, 98.182, 100, 0, 0, 141, 33.956, 32.696, 100, 4.41, 0, 102.704, 0, 0, 102.9, 103.627, 0, 0, 0, 0, 
3.25, 17.34, 100.357, 73.96, 74.73, , 14.293, 0.986, 354.694, 354.694, 5.317, 342.547, 342.547, 342.547, 51.523, 82.201, 35.24, 36.347, 7.38, 12.729, 0, 0, 93.023, 94.305, 93.023, 94.305, 1, 103.237, 103.237, 0.025, 0.138, 91.849, 93.113, 91.849, 93.113, 6.749, 7.38, 12.729, , , 1, 2.996, 0, 0, 12.5, 5.317, 183, 0, 0, 0, 74, 17.55, 17.607, 112.287, 97.976, 100, 0, 0, 34.094, 32.604, 100, 4.41, 101.546, 0, 0, 101.65, 104.72, 0, 0, 0, 0, 0, 13.9, 0, 12.5, 0, 5.317, 183, 0, 0, 0, 74, 1, 0.018, 0.018, 112.287, 97.976, 100, 0, 0, 141, 34.094, 32.604, 100, 4.41, 0, 101.546, 0, 0, 101.65, 104.72, 0, 0, 0, 0, 
3.3, 17.34, 100.357, 73.96, 74.73, , 14.207, 0.986, 362.076, 362.076, 5.369, 340.517, 340.517, 340.517, 51.564, 79.531, 35.24, 36.671, 7.38, 12.806, 0, 0, 93.093, 94.376, 93.093, 94.376, 1, 103.944, 103.944, 0.025, 0.138, 91.236, 92.491, 91.236, 92.491, 6.768, 7.38, 12.806, , , 1, 3.046, 0, 0, 12.5, 5.369, 183, 0, 0, 0, 74, 17.296, 17.342, 112.12, 97.771, 100, 0, 0, 34.233, 32.511, 100, 4.41, 100.389, 0, 0, 100.4, 105.814, 0, 0, 0, 0, 0, 13.9, 0, 12.5, 0, 5.369, 183, 0, 0, 0, 74, 1, 0.018, 0.018, 112.12, 97.771, 100, 0, 0, 141, 34.233, 32.511, 100, 4.41, 0, 100.389, 0, 0, 100.4, 105.814, 0, 0, 0, 0, 
3.35, , 100.357, 73.96, , , 14.13, 0.986, 369.609, 369.609, 5.394, 338.709, 338.709, 338.709, 51.617, 76.861, 35.24, 36.995, 7.38, 12.885, 0, 0, 93.22, 94.502, 93.22, 94.502, 1, 104.643, 104.643, 0.025, 0.138, 90.659, 91.906, 90.659, 91.906, 6.788, 7.38, 12.885, , , 1, 3.095, 0, 0, 12.5, 5.394, 183, 0, 0, 0, 74, 17.205, 17.242, 111.935, 97.681, 100, 0, 0, 34.296, 32.5, 100, 4.41, 99.836, 0, 0, 99.836, 106.344, 0, 0, 0, 0, 0, 13.9, 0, 12.5, 0, 5.394, 183, 0, 0, 0, 74, 1, 0.017, 0.017, 111.935, 97.681, 100, 0, 0, 141, 34.296, 32.5, 100, 4.41, 0, 99.836, 0, 0, 99.836, 106.344, 0, 0, 0, 0, 
3.4, , 100.356, 73.96, , , 14.028, 0.986, 377.291, 377.291, 5.415, 336.321, 336.321, 336.321, 51.661, 74.191, 35.426, 36.699, 7.38, 12.963, 0, 0, 93.181, 94.463, 93.181, 94.463, 1, 105.334, 105.334, 0.025, 0.137, 89.94, 91.179, 89.94, 91.179, 6.81, 7.38, 12.963, , , 1, 3.145, 0, 0, 12.5, 5.415, 183, 0, 0, 0, 74, 17.138, 17.165, 111.748, 97.604, 100, 0, 0, 34.348, 32.5, 100, 4.41, 99.365, 0, 0, 99.365, 106.797, 0, 0, 0, 0, 0, 13.9, 0, 12.5, 0, 5.415, 183, 0, 0, 0, 74, 1, 0.017, 0.017, 111.748, 97.604, 100, 0, 0, 141, 34.348, 32.5, 100, 4.41, 0, 99.365, 0, 0, 99.365, 106.797, 0, 0, 0, 0, 
3.45, , 100.356, 73.96, , , 13.889, 0.986, 386.932, 386.932, 5.436, 333.053, 333.053, 333.053, 51.697, 71.521, 35.642, 36.303, 7.38, 13.02, 0, 0, 93.035, 94.316, 93.035, 94.316, 1, 106.114, 106.114, 0.025, 0.137, 88.999, 90.224, 88.999, 90.224, 6.831, 7.38, 13.02, , , 1, 3.194, 0, 0, 12.5, 5.436, 183, 0, 0, 0, 74, 17.07, 17.088, 111.56, 97.526, 100, 0, 0, 34.4, 32.5, 100, 4.41, 98.894, 0, 0, 98.894, 107.25, 0, 0, 0, 0, 0, 13.9, 0, 12.5, 0, 5.436, 183, 0, 0, 0, 74, 1, 0.017, 0.017, 111.56, 97.526, 100, 0, 0, 141, 34.4, 32.5, 100, 4.41, 0, 98.894, 0, 0, 98.894, 107.25, 0, 0, 0, 0, 
3.5, , 100.356, 73.96, , , 13.798, 0.986, 394.926, 394.926, 5.458, 330.938, 330.938, 330.938, 51.724, 68.851, 35.858, 35.907, 7.38, 13.076, 0, 0, 93.059, 94.34, 93.059, 94.34, 1, 106.916, 106.916, 0.025, 0.137, 88.393, 89.611, 88.393, 89.611, 6.852, 7.38, 13.076, , , 1, 3.244, 0, 0, 12.5, 5.458, 183, 0, 0, 0, 74, 17.002, 17.011, 111.372, 97.449, 100, 0, 0, 34.452, 32.5, 100, 4.41, 98.424, 0, 0, 98.424, 107.703, 0, 0, 0, 0, 0, 13.9, 0, 12.5, 0, 5.458, 183, 0, 0, 0, 74, 1, 0.017, 0.017, 111.372, 97.449, 100, 0, 0, 141, 34.452, 32.5, 100, 4.41, 0, 98.424, 0, 0, 98.424, 107.703, 0, 0, 0, 0, 
3.55, , 100.355, 73.96, , , 13.706, 0.986, 402.71, 402.71, 5.481, 328.769, 328.769, 328.769, 51.737, 66.181, 36.074, 35.511, 7.38, 13.104, 0, 0, 93.038, 94.32, 93.038, 94.32, 1, 107.597, 107.597, 0.025, 0.137, 87.792, 89.002, 87.792, 89.002, 6.888, 7.38, 13.104, , , 1, 3.295, 0, 0, 12.5, 5.481, 183, 0, 0, 0, 74, 16.938, 16.94, 111.17, 97.372, 100, 0, 0, 34.508, 32.508, 100, 4.41, 98.02, 0, 0, 98.02, 108.171, 0, 0, 0, 0, 0, 13.9, 0, 12.5, 0, 5.481, 183, 0, 0, 0, 74, 1, 0.017, 0.017, 111.17, 97.372, 100, 0, 0, 141, 34.508, 32.508, 100, 4.41, 0, 98.02, 0, 0, 98.02, 108.171, 0, 0, 0, 0, 
3.6, , 100.355, 73.96, , , 13.612, 0.986, 410.493, 410.493, 5.517, 326.557, 326.557, 326.557, 51.744, 63.511, 36.29, 35.115, 7.38, 13.13, 0, 0, 92.992, 94.275, 92.992, 94.275, 1, 108.269, 108.269, 0.025, 0.136, 87.189, 88.39, 87.189, 88.39, 6.933, 7.38, 13.13, , , 1, 3.346, 0, 0, 12.5, 5.517, 183, 0, 0, 0, 74, 16.916, 16.936, 110.8, 97.297, 100, 0, 0, 34.611, 32.611, 100, 4.41, 98.225, 0, 0, 98.225, 108.811, 0, 0, 0, 0, 0, 13.9, 0, 12.5, 0, 5.517, 183, 0, 0, 0, 74, 1, 0.017, 0.017, 110.8, 97.297, 100, 0, 0, 141, 34.611, 32.611, 100, 4.41, 0, 98.225, 0, 0, 98.225, 108.811, 0, 0, 0, 0, 
3.65, , 100.354, 73.96, , , 13.523, 0.986, 418.276, 418.276, 5.553, 324.492, 324.492, 324.492, 51.754, 60.841, 36.289, 35.335, 7.38, 13.132, 0, 0, 92.97, 94.252, 92.97, 94.252, 1, 108.933, 108.933, 0.025, 0.136, 86.621, 87.814, 86.621, 87.814, 6.978, 7.38, 13.132, , , 1, 3.397, 0, 0, 12.5, 5.553, 183, 0, 0, 0, 74, 16.893, 16.931, 110.43, 97.221, 100, 0, 0, 34.714, 32.714, 100, 4.41, 98.43, 0, 0, 98.43, 109.451, 0, 0, 0, 0, 0, 13.9, 0, 12.5, 0, 5.553, 183, 0, 0, 0, 74, 1, 0.017, 0.017, 110.43, 97.221, 100, 0, 0, 141, 34.714, 32.714, 100, 4.41, 0, 98.43, 0, 0, 98.43, 109.451, 0, 0, 0, 0, 
3.7, , 100.354, 73.96, , , 13.43, 0.986, 426.215, 426.215, 5.589, 322.309, 322.309, 322.309, 51.767, 58.171, 36.254, 35.655, 7.38, 13.133, 0, 0, 92.91, 94.191, 92.91, 94.191, 1, 109.599, 109.599, 0.025, 0.136, 86.018, 87.203, 86.018, 87.203, 7.023, 7.38, 13.133, , , 1, 3.446, 0, 0, 12.5, 5.589, 183, 0, 0, 0, 74, 16.87, 16.927, 110.059, 97.145, 100, 0, 0, 34.817, 32.817, 100, 4.41, 98.635, 0, 0, 98.635, 110.091, 0, 0, 0, 0, 0, 13.9, 0, 12.5, 0, 5.589, 183, 0, 0, 0, 74, 1, 0.017, 0.017, 110.059, 97.145, 100, 0, 0, 141, 34.817, 32.817, 100, 4.41, 0, 98.635, 0, 0, 98.635, 110.091, 0, 0, 0, 0, 
3.75, , 100.354, 73.96, , , 13.302, 0.986, 434.148, 434.148, 5.625, 319.299, 319.299, 319.299, 51.782, 55.502, 36.218, 35.976, 7.381, 13.114, 0, 0, 92.595, 93.872, 92.595, 93.872, 1, 110.253, 110.253, 0.025, 0.136, 85.19, 86.363, 85.19, 86.363, 7.079, 7.381, 13.114, , , 1, 3.495, 0, 0, 12.5, 5.625, 183, 0, 0, 0, 74, 16.848, 16.923, 109.689, 97.069, 100, 0, 0, 34.92, 32.92, 100, 4.41, 98.84, 0, 0, 98.84, 110.731, 0, 0, 0, 0, 0, 13.9, 0, 12.5, 0, 5.625, 183, 0, 0, 0, 74, 1, 0.017, 0.017, 109.689, 97.069, 100, 0, 0, 141, 34.92, 32.92, 100, 4.41, 0, 98.84, 0, 0, 98.84, 110.731, 0, 0, 0, 0, 
3.8, , 100.353, 73.96, , , 13.196, 0.986, 442.039, 442.039, 5.661, 316.807, 316.807, 316.807, 51.8, 52.832, 36.183, 36.296, 7.382, 13.095, 0, 0, 92.41, 93.684, 92.41, 93.684, 1, 110.912, 110.912, 0.025, 0.136, 84.496, 85.659, 84.496, 85.659, 7.151, 7.382, 13.095, , , 1, 3.545, 0, 0, 12.5, 5.661, 183, 0, 0, 0, 74, 16.838, 16.93, 109.4, 96.944, 100, 0, 0, 35.022, 33.022, 100, 4.41, 99.045, 0, 0, 99.067, 111.396, 0, 0, 0, 0, 0, 13.9, 0, 12.5, 0, 5.661, 183, 0, 0, 0, 74, 1, 0.017, 0.017, 109.4, 96.944, 100, 0, 0, 141, 35.022, 33.022, 100, 4.41, 0, 99.045, 0, 0, 99.067, 111.396, 0, 0, 0, 0, 
3.85, , 100.353, 73.96, , , 13.094, 0.986, 450.091, 450.091, 5.697, 314.404, 314.404, 314.404, 51.817, 50.162, 36.147, 36.616, 7.383, 13.071, 0, 0, 92.247, 93.518, 92.247, 93.518, 1, 111.561, 111.561, 0.025, 0.136, 83.827, 84.981, 83.827, 84.981, 7.223, 7.383, 13.071, , , 1, 3.595, 0, 0, 12.5, 5.697, 183, 0, 0, 0, 74, 16.877, 16.977, 109.4, 96.645, 100, 0, 0, 35.123, 33.123, 100, 4.41, 99.247, 0, 0, 99.37, 112.149, 0, 0, 0, 0, 0, 13.9, 0, 12.5, 0, 5.697, 183, 0, 0, 0, 74, 1, 0.017, 0.017, 109.4, 96.645, 100, 0, 0, 141, 35.123, 33.123, 100, 4.41, 0, 99.247, 0, 0, 99.37, 112.149, 0, 0, 0, 0, 
3.9, , 100.352, 73.96, , , 12.976, 0.986, 458.16, 458.16, 5.734, 311.618, 311.618, 311.618, 51.831, 47.492, 36.14, 36.359, 7.384, 13.047, 0, 0, 91.956, 93.223, 91.956, 93.223, 1, 112.2, 112.2, 0.025, 0.136, 83.061, 84.206, 83.061, 84.206, 7.294, 7.384, 13.047, , , 1, 3.645, 0, 0, 12.5, 5.734, 183, 0, 0, 0, 74, 16.915, 17.023, 109.4, 96.347, 100, 0, 0, 35.225, 33.225, 100, 4.41, 99.449, 0, 0, 99.674, 112.902, 0, 0, 0, 0, 0, 13.9, 0, 12.5, 0, 5.734, 183, 0, 0, 0, 74, 1, 0.017, 0.017, 109.4, 96.347, 100, 0, 0, 141, 35.225, 33.225, 100, 4.41, 0, 99.449, 0, 0, 99.674, 112.902, 0, 0, 0, 0, 
3.95, , 100.352, 73.96, , , 12.889, 0.986, 466.356, 466.356, 5.77, 309.596, 309.596, 309.596, 51.842, 44.822, 36.14, 35.959, 7.385, 13.015, 0, 0, 91.885, 93.151, 91.885, 93.151, 1, 112.835, 112.835, 0.025, 0.136, 82.506, 83.643, 82.506, 83.643, 7.366, 7.385, 13.015, , , 1, 3.694, 0, 0, 12.5, 5.77, 183, 0, 0, 0, 74, 16.954, 17.07, 109.4, 96.048, 100, 0, 0, 35.326, 33.326, 100, 4.41, 99.652, 0, 0, 99.978, 113.655, 0, 0, 0, 0, 0, 13.9, 0, 12.5, 0, 5.77, 183, 0, 0, 0, 74, 1, 0.017, 0.017, 109.4, 96.048, 100, 0, 0, 141, 35.326, 33.326, 100, 4.41, 0, 99.652, 0, 0, 99.978, 113.655, 0, 0, 0, 0, 
4, , 100.352, 73.96, , , 12.794, 0.986, 474.569, 474.569, 5.807, 307.369, 307.369, 307.369, 51.848, 60.22, 36.14, 35.558, 7.386, 12.982, 0, 0, 91.737, 93.001, 91.737, 93.001, 1, 113.467, 113.467, 0.025, 0.136, 81.903, 83.032, 81.903, 83.032, 7.437, 7.386, 12.982, , , 1, 3.745, 0, 0, 12.5, 5.807, 183, 0, 0, 0, 74, 16.992, 17.116, 109.4, 95.749, 100, 0, 0, 35.427, 33.427, 100, 4.41, 99.854, 0, 0, 100.281, 114.408, 0, 0, 0, 0, 0, 13.9, 0, 12.5, 0, 5.807, 183, 0, 0, 0, 74, 1, 0.017, 0.017, 109.4, 95.749, 100, 0, 0, 141, 35.427, 33.427, 100, 4.41, 0, 99.854, 0, 0, 100.281, 114.408, 0, 0, 0, 0, 
4.05, , 100.351, 73.96, , , 12.697, 0.986, 482.782, 482.782, 5.842, 305.083, 305.083, 305.083, 51.85, , 36.14, 35.157, 7.386, 12.956, 0, 0, 91.559, 92.819, 91.559, 92.819, 1, 114.104, 114.104, 0.025, 0.137, 81.29, 82.411, 81.29, 82.411, 7.508, 7.386, 12.956, , , 1, 3.795, 0, 0, 12.5, 5.842, 183, 0, 0, 0, 74, 16.995, 17.131, 109.303, 95.498, 100, 0, 0, 35.527, 33.527, 100, 4.41, 100, 0, 0, 100.5, 115.084, 0, 0, 0, 0, 0, 13.9, 0, 12.5, 0, 5.842, 183, 0, 0, 0, 74, 1, 0.017, 0.017, 109.303, 95.498, 100, 0, 0, 141, 35.527, 33.527, 100, 4.41, 0, 100, 0, 0, 100.5, 115.084, 0, 0, 0, 0, 
4.1, , 100.351, 73.96, , , 12.59, 0.986, 491.018, 491.018, 5.875, 302.58, 302.58, 302.58, 51.853, , 36.14, 34.756, 7.386, 12.93, 0, 0, 91.3, 92.557, 91.3, 92.557, 1, 114.721, 114.721, 0.025, 0.137, 80.618, 81.731, 80.618, 81.731, 7.58, 7.386, 12.93, , , 1, 3.845, 0, 0, 12.5, 5.875, 183, 0, 0, 0, 74, 16.905, 17.062, 108.959, 95.356, 100, 0, 0, 35.623, 33.623, 100, 4.41, 100, 0, 0, 100.5, 115.561, 0, 0, 0, 0, 0, 13.9, 0, 12.5, 0, 5.875, 183, 0, 0, 0, 74, 1, 0.017, 0.017, 108.959, 95.356, 100, 0, 0, 141, 35.623, 33.623, 100, 4.41, 0, 100, 0, 0, 100.5, 115.561, 0, 0, 0, 0, 
4.15, , 100.351, 73.96, , , 12.065, 0.986, 499.357, 499.357, 5.908, 290.144, 290.144, 290.144, 51.86, , 36.016, 34.793, 7.386, 12.918, 0, 0, 87.98, 89.191, 87.98, 89.191, 1, 115.335, 115.335, 0.025, 0.137, 77.296, 78.362, 77.296, 78.362, 7.647, 7.386, 12.918, , , 1, 3.895, 0, 0, 12.5, 5.908, 183, 0, 0, 0, 74, 16.815, 16.993, 108.614, 95.215, 100, 0, 0, 35.718, 33.718, 100, 4.41, 100, 0, 0, 100.5, 116.038, 0, 0, 0, 0, 0, 13.9, 0, 12.5, 0, 5.908, 183, 0, 0, 0, 74, 1, 0.017, 0.017, 108.614, 95.215, 100, 0, 0, 141, 35.718, 33.718, 100, 4.41, 0, 100, 0, 0, 100.5, 116.038, 0, 0, 0, 0, 
4.2, , 100.35, 73.96, , , 10.286, 0.986, 507.696, 507.696, 5.941, 247.959, 247.959, 247.959, 51.896, , 35.872, 34.901, 7.386, 12.906, 0, 0, 75.455, 76.494, 75.455, 76.494, 1, 115.891, 115.891, 0.025, 0.138, 66.039, 66.949, 66.039, 66.949, 7.68, 7.386, 12.906, , , 1, 3.945, 0, 0, 12.5, 5.941, 183, 0, 0, 0, 74, 16.725, 16.924, 108.269, 95.074, 100, 0, 0, 35.814, 33.814, 100, 4.41, 100, 0, 0, 100.5, 116.515, 0, 0, 0, 0, 0, 13.9, 0, 12.5, 0, 5.941, 183, 0, 0, 0, 74, 1, 0.017, 0.017, 108.269, 95.074, 100, 0, 0, 141, 35.814, 33.814, 100, 4.41, 0, 100, 0, 0, 100.5, 116.515, 0, 0, 0, 0, 
4.25, , , , , , 9.2, , 516.202, 516.202, 5.974, 222.22, 222.22, 222.22, 51.967, , 35.728, 35.009, 7.386, 12.972, 0, 0, 67.911, 68.846, 67.911, 68.846, 1, 116.373, 116.373, 0.025, 0.138, 59.114, 59.93, 59.114, 59.93, 7.713, 7.386, 12.972, , , 1, 3.995, 0, 0, 12.5, 5.974, 183, 0, 0, 0, 74, 16.635, 16.855, 107.924, 94.933, 100, 0, 0, 35.91, 33.91, 100, 4.41, 100, 0, 0, 100.5, 116.992, 0, 0, 0, 0, 0, 13.9, 0, 12.5, 0, 5.974, 183, 0, 0, 0, 74, 1, 0.017, 0.017, 107.924, 94.933, 100, 0, 0, 141, 35.91, 33.91, 100, 4.41, 0, 100, 0, 0, 100.5, 116.992, 0, 0, 0, 0, 
4.3, , , , , , 7.452, , 524.597, 524.597, 6.007, 180.748, 180.748, 180.748, 52.065, , 35.584, 35.117, 7.386, 13.045, 0, 0, 55.43, 56.194, 55.43, 56.194, 1, 116.796, 116.796, 0.025, 0.138, 48.022, 48.683, 48.022, 48.683, 7.746, 7.386, 13.045, , , 1, 4.045, 0, 0, 12.5, 6.007, 183.024, 0, 0, 0, 74, 16.351, 16.786, 107.6, 94.787, 100, 0, 0, 36.006, 34, 100, 4.41, 99.921, 0, 0, 100.428, 117.462, 0, 0, 0, 0, 0, 13.9, 0, 12.5, 0, 6.007, 183.024, 0, 0, 0, 74, 1, 0.017, 0.017, 107.6, 94.787, 100, 0, 0, 141, 36.006, 34, 100, 4.41, 0, 99.921, 0, 0, 100.427, 117.462, 0, 0, 0, 0, 
4.35, , , , , , 5.679, , 532.797, 532.797, 6.041, 138.695, 138.695, 138.695, 52.123, , 35.44, 35.225, 7.386, 13.091, 0, 0, 42.647, 43.234, 42.647, 43.234, 1, 117.071, 117.071, 0.025, 0.138, 36.799, 37.307, 36.799, 37.307, 7.779, 7.386, 13.091, , , 1, 4.088, 0, 0, 12.5, 6.041, 183.427, 0, 0, 0, 74, 13.027, 16.722, 107.6, 94.563, 100, 0, 0, 36.106, 34, 100, 4.41, 98.611, 0, 0, 99.223, 117.836, 0, 0, 0, 0, 0, 13.9, 0, 12.5, 0, 6.041, 183.427, 0, 0, 0, 74, 1, 0.013, 0.017, 107.6, 94.563, 100, 0, 0, 141, 36.106, 34, 100, 4.41, 0, 98.611, 0, 0, 99.218, 117.836, 0, 0, 0, 0, 
4.4, , , , , , 4.384, , 537.05, 537.05, 6.075, 107.985, 107.985, 107.985, 52.201, , , , 7.386, 13.133, 0, 0, 33.275, 33.733, 33.275, 33.733, 1, 117.214, 117.214, 0.025, 0.138, 28.583, 28.978, 28.583, 28.978, 7.79, 7.386, 13.133, , , 1, 4.113, 0, 0, 12.5, 6.075, 183.831, 0, 0, 0, 74, 9.704, 16.658, 107.6, 94.339, 100, 0, 0, 36.207, 34, 100, 4.41, 97.3, 0, 0, 98.018, 118.209, 0, 0, 0, 0, 0, 13.9, 0, 12.5, 0, 6.075, 183.831, 0, 0, 0, 74, 1, 0.01, 0.017, 107.6, 94.339, 100, 0, 0, 141, 36.207, 34, 100, 4.41, 0, 97.3, 0, 0, 98.008, 118.209, 0, 0, 0, 0, 
4.45, , , , , , 4.734, , 541.303, 541.303, 6.109, 116.289, 116.289, 116.289, 52.281, , , , 7.386, 13.232, 0, 0, 35.862, 36.354, 35.862, 36.354, 1, 117.346, 117.346, 0.025, 0.138, 30.75, 31.173, 30.75, 31.173, 7.796, 7.386, 13.232, , , 1, 4.138, 0, 0, 12.5, 6.109, 184.234, 0, 0, 0, 74, 6.381, 16.593, 107.6, 94.115, 100, 0, 0, 36.307, 34, 100, 4.41, 95.99, 0, 0, 96.813, 118.583, 0, 0, 0, 0, 0, 13.9, 0, 12.5, 0, 6.109, 184.234, 0, 0, 0, 74, 1, 0.007, 0.016, 107.6, 94.115, 100, 0, 0, 141, 36.307, 34, 100, 4.41, 0, 95.99, 0, 0, 96.798, 118.583, 0, 0, 0, 0, 
4.5, , , , , , 2.316, , 545.611, 545.611, 6.143, 58.933, 58.933, 58.933, 52.351, , , , 7.386, 13.34, 0, 0, 18.199, 18.449, 18.199, 18.449, 1, 117.478, 117.478, 0.025, 0.138, 15.566, 15.78, 15.566, 15.78, 7.803, 7.386, 13.34, , , 1, 4.163, 0, 0, 12.5, 6.143, 184.637, 0, 0, 0, 74, 3.057, 16.529, 107.6, 93.891, 100, 0, 0, 36.408, 34, 100, 4.41, 94.679, 0, 0, 95.608, 118.956, 0, 0, 0, 0, 0, 13.9, 0, 12.5, 0, 6.143, 184.637, 0, 0, 0, 74, 1, 0.003, 0.016, 107.6, 93.891, 100, 0, 0, 141, 36.408, 34, 100, 4.41, 0, 94.679, 0, 0, 95.589, 118.956, 0, 0, 0, 0, 
4.55, , , , , , , , 549.935, 549.935, , , , , , , , , , , , , , , , , , 117.5, 117.5, 0.025, 0.138, , , , , 7.81, , , , , , , , , , , , , , , , , , , , , , , , , , , , , , , , , , , , , , , , , , , , , , , , , , , , , , , , , , , , , , , , , , , , , , 
