Time, (DWRT ATMO) Humidity, (DWRT ATMO) Pressure, (DWRT ATMO) Temperature 1, (DWRT ATMO) Temperature 2, (DWRT CPU) ????????????????????????????????????????????????????????????????, (DWRT CPU) Acceleration, (DWRT CPU) Correction Factor, (DWRT CPU) Distance, (DWRT CPU) Distance 1, (DWRT CPU) Engine RPM, (DWRT CPU) Force, (DWRT CPU) Force 1, (DWRT CPU) Force Drum 1, (DWRT CPU) Gear Ratio, (DWRT CPU) Inductive 1 Signal Strength, (DWRT CPU) Internal Temp 1, (DWRT CPU) Internal Temp 2, (DWRT CPU) LC1 Volts Petrol AFR, (DWRT CPU) LC2 Volts Petrol AFR2, (DWRT CPU) Link 0 Status, (DWRT CPU) Link 1 Status, (DWRT CPU) Power, (DWRT CPU) Power (uncorrected), (DWRT CPU) Power Drum 1, (DWRT CPU) Power Drum 1 (uncorrected), (DWRT CPU) Sampling, (DWRT CPU) Speed, (DWRT CPU) Speed 1, (DWRT CPU) TCP RX kB/s, (DWRT CPU) TCP TX kB/s, (DWRT CPU) Torque, (DWRT CPU) Torque (uncorrected), (DWRT CPU) Torque Drum 1, (DWRT CPU) Torque Drum 1 (uncorrected), (DWRT CPU) UDP RX kB/s, (DWRT CPU) User Analog 1, (DWRT CPU) User Analog 2, (DWRT CPU) User Analog 3, (DWRT CPU) User Analog 4, (Gen) Sampling, (Gen) Sampling Duration, (Harley - ECU Type 14 SW Level 141) Accel Enrichment, (Harley - ECU Type 14 SW Level 141) Decel Enleanment, (Harley - ECU Type 14 SW Level 141) Desired Air/Fuel, (Harley - ECU Type 14 SW Level 141) Engine Speed, (Harley - ECU Type 14 SW Level 141) Engine Temperature, (Harley - ECU Type 14 SW Level 141) Front Adaptive Fuel Factor, (Harley - ECU Type 14 SW Level 141) Front Closed Loop Integrator, (Harley - ECU Type 14 SW Level 141) Front Spark Knock Retard, (Harley - ECU Type 14 SW Level 141) Idle Air Control Motor Position, (Harley - ECU Type 14 SW Level 141) Injector Time Front, (Harley - ECU Type 14 SW Level 141) Injector Time Rear, (Harley - ECU Type 14 SW Level 141) Intake Air Temperature, (Harley - ECU Type 14 SW Level 141) Manifold Absolute Pressure, (Harley - ECU Type 14 SW Level 141) Rear Adaptive Fuel Factor, (Harley - ECU Type 14 SW Level 141) Rear Closed Loop Integrator, (Harley - ECU Type 14 SW Level 141) Rear Spark Knock Retard, (Harley - ECU Type 14 SW Level 141) Spark Advance Front, (Harley - ECU Type 14 SW Level 141) Spark Advance Rear, (Harley - ECU Type 14 SW Level 141) Throttle Position, (Harley - ECU Type 14 SW Level 141) Throttle Position Sensor Voltage, (Harley - ECU Type 14 SW Level 141) VE Front, (Harley - ECU Type 14 SW Level 141) VE New Front, (Harley - ECU Type 14 SW Level 141) VE New Rear, (Harley - ECU Type 14 SW Level 141) VE Rear, (Harley - ECU Type 14 SW Level 141) Vehicle Speed, (Harley - ECU Type 14 SW Level 141) WBO2 AFR Front, (Harley - ECU Type 14 SW Level 141) WBO2 AFR Rear, (PV) Accel Enrichment, (PV) AT Lambda 1, (PV) AT Lambda 2, (PV) Battery Voltage, (PV) Decel Enleanment, (PV) Desired Air/Fuel, (PV) Desired Lambda, (PV) Engine Speed, (PV) Engine Temperature, (PV) Front Adaptive Fuel Factor, (PV) Front Closed Loop Integrator, (PV) Front Spark Knock Retard, (PV) Idle Air Control Motor Position, (PV) Idle Set Speed, (PV) Injector Time Front, (PV) Injector Time Rear, (PV) Intake Air Temperature, (PV) Manifold Absolute Pressure, (PV) Rear Adaptive Fuel Factor, (PV) Rear Closed Loop Integrator, (PV) Rear Spark Knock Retard, (PV) Software Level, (PV) Spark Advance Front, (PV) Spark Advance Rear, (PV) Throttle Position, (PV) Throttle Position Sensor, (PV) Twistgrip Position, (PV) VE Front, (PV) VE New Front, (PV) VE New Rear, (PV) VE Rear, (PV) Vehicle Speed, (PV) Warm-up Fuel AFR (Lambda), (PV) Warm-up Fuel AFR (Ratio), (PV) WBO2 AFR Front, (PV) WBO2 AFR Rear, 
0, , , , , , -0.066, , , , , 0.33, 0.33, 0.33, , , , , , , , , , , , , , , , , , , , , , , , , , , , , , , , , , , , , , , , , , , , , , , , , , , , , , , , , , , , , , , , , , , , , , , , , , , , , , , , , , , , , , , , , , , , 
0.05, , , , , , 0.157, , , , , 5.636, 5.636, 5.636, , , , , , , 0, 0, , , , , 1, 47.74, 47.74, , , , , , , , , , , , 1, 0.035, , , , , , , , , , , , , , , , , , , , , , , , , , , , , , , , , , , , , , , , , , , , , , , , , , , , , , , , , , , , , , , , 
0.1, , , , , , 0.161, , 5.838, 5.838, 2.5, 5.714, 5.714, 5.714, 52.34, , 36.918, 37.32, , , 0, 0, 1.017, 1.032, 1.017, 1.032, 1, 47.77, 47.77, 0.025, 0.135, 2.265, 2.298, 2.265, 2.298, 4.85, , , , , 1, 0.118, 0, 0, 14.5, 2.5, 165, 0, 0, 0, 51, 4.383, 4.358, 120.2, 30.643, 100, 0, 0, 30.5, 30.5, 5, 0.76, 95.5, 0, 0, 105, 48.47, 0, 0, 0, 0, 0, 14.012, 0, 14.5, 0, 2.5, 165, 0, 0, 0, 51, 1, 0.004, 0.004, 120.2, 30.643, 100, 0, 0, 141, 30.5, 30.5, 5, 0.76, 0, 95.5, 0, 0, 105, 48.47, 0, 0, 0, 0, 
0.15, , , , , , 0.753, , 11.71, 11.71, 2.502, 19.775, 19.775, 19.775, 52.407, , 36.231, 37.14, 7.379, 12.027, 0, 0, 2.978, 3.02, 2.978, 3.02, 1, 47.785, 47.785, 0.025, 0.134, 6.823, 6.919, 6.823, 6.919, 4.832, 7.379, 12.027, , , 1, 0.201, 0, 0, 14.5, 2.502, 165, 0, 0, 0, 51, 4.371, 4.372, 120.2, 30.715, 100, 0, 0, 30.5, 30.5, 5, 0.76, 95.5, 0, 0, 105, 48.47, 0, 0, 0, 0, 0, 14.032, 0, 14.5, 0, 2.502, 165, 0, 0, 0, 51, 1, 0.004, 0.004, 120.2, 30.715, 100, 0, 0, 141, 30.5, 30.5, 5, 0.76, 0, 95.5, 0, 0, 105, 48.47, 0, 0, 0, 0, 
0.2, , , , , , 2.71, , 18.681, 18.681, 2.505, 66.21, 66.21, 66.21, 52.457, , 35.544, 36.959, 7.377, 12.052, 0, 0, 9.813, 9.953, 9.813, 9.953, 1, 47.998, 47.998, 0.025, 0.134, 24.096, 24.432, 24.096, 24.432, 4.814, 7.377, 12.052, , , 1, 0.26, 0, 0, 14.5, 2.505, 165, 0, 0, 0, 51, 4.359, 4.386, 120.2, 30.786, 100, 0, 0, 30.5, 30.5, 5, 0.76, 95.5, 0, 0, 105, 48.47, 0, 0, 0, 0, 0, 14.052, 0, 14.5, 0, 2.505, 165, 0, 0, 0, 51, 1, 0.004, 0.004, 120.2, 30.786, 100, 0, 0, 141, 30.5, 30.5, 5, 0.76, 0, 95.5, 0, 0, 105, 48.47, 0, 0, 0, 0, 
0.25, , 100.37, 73.85, , , 6.62, 0.986, 23.909, 23.909, 2.507, 158.958, 158.958, 158.958, 52.335, , 34.858, 36.778, 7.378, 12.056, 0, 0, 20.732, 21.025, 20.732, 21.025, 1, 48.337, 48.337, 0.025, 0.134, 43.995, 44.608, 43.995, 44.608, 4.796, 7.378, 12.056, , , 1, 0.326, 0, 0, 14.5, 2.507, 165, 0, 0, 0, 51, 4.347, 4.4, 120.2, 30.858, 100, 0, 0, 30.5, 30.5, 5, 0.76, 95.5, 0, 0, 105, 48.47, 0, 0, 0, 0, 0, 14.072, 0, 14.5, 0, 2.507, 165, 0, 0, 0, 51, 1, 0.004, 0.004, 120.2, 30.858, 100, 0, 0, 141, 30.5, 30.5, 5, 0.76, 0, 95.5, 0, 0, 105, 48.47, 0, 0, 0, 0, 
0.3, , 100.369, 73.85, , , 9.463, 0.986, 28.021, 28.021, 2.51, 226.421, 226.421, 226.421, 51.895, , 34.171, 36.598, 7.379, 12.058, 0, 0, 29.211, 29.622, 29.211, 29.622, 1, 48.725, 48.725, 0.025, 0.134, 60.546, 61.39, 60.546, 61.39, 4.784, 7.379, 12.058, , , 1, 0.385, 0, 0, 14.5, 2.51, 165, 0, 0, 0, 51, 4.335, 4.414, 120.2, 30.93, 100, 0, 0, 30.5, 30.5, 5, 0.76, 95.5, 0, 0, 105, 48.47, 0, 0, 0, 0, 0, 14.092, 0, 14.5, 0, 2.51, 165, 0, 0, 0, 51, 1, 0.004, 0.004, 120.2, 30.93, 100, 0, 0, 141, 30.5, 30.5, 5, 0.76, 0, 95.5, 0, 0, 105, 48.47, 0, 0, 0, 0, 
0.35, , 100.369, 73.85, , , 11.436, 0.986, 31.54, 31.54, 2.517, 273.251, 273.251, 273.251, 51.533, , 33.951, 36.421, 7.38, 11.981, 0, 0, 35.522, 36.021, 35.522, 36.021, 1, 49.255, 49.255, 0.025, 0.135, 73.427, 74.45, 73.427, 74.45, 4.783, 7.38, 11.981, , , 1, 0.435, 0.816, 0, 14.298, 2.517, 165, 0, 0, 0, 53.575, 6.382, 5.953, 120.2, 33.976, 100, 0, 0, 30.164, 30.332, 7.127, 0.874, 95.276, 0, 0, 103.88, 48.748, 0, 0, 0.816, 0, 0, 14.089, 0, 14.298, 0, 2.517, 165, 0, 0, 0, 53.575, 1, 0.006, 0.006, 120.2, 33.976, 100, 0, 0, 141, 30.164, 30.332, 7.127, 0.874, 0, 95.276, 0, 0, 103.88, 48.748, 0, 0, 0, 0, 
0.4, , 100.369, 73.85, , , 12.768, 0.986, 35.025, 35.025, 2.527, 304.846, 304.846, 304.846, 51.165, , 34.278, 36.248, 7.38, 11.894, 0, 0, 40.008, 40.568, 40.008, 40.568, 1, 49.849, 49.849, 0.025, 0.135, 82.402, 83.553, 82.402, 83.553, 4.781, 7.38, 11.894, , , 1, 0.485, 2.224, 0, 13.951, 2.527, 165, 0, 0, 0, 58.015, 9.921, 8.596, 120.2, 39.177, 100, 0, 0, 29.585, 30.042, 10.795, 1.071, 94.89, 0, 0, 101.95, 49.226, 0, 0, 2.224, 0, 0, 14.069, 0, 13.951, 0, 2.527, 165, 0, 0, 0, 58.015, 1, 0.01, 0.008, 120.2, 39.177, 100, 0, 0, 141, 29.585, 30.042, 10.795, 1.071, 0, 94.89, 0, 0, 101.95, 49.226, 0, 0, 0, 0, 
0.45, , 100.368, 73.85, , , 13.133, 0.986, 38.617, 38.617, 2.538, 313.515, 313.515, 313.515, 50.827, , 34.606, 36.076, 7.38, 11.734, 0, 0, 41.644, 42.226, 41.644, 42.226, 1, 50.481, 50.481, 0.025, 0.135, 85.248, 86.437, 85.248, 86.437, 4.78, 7.38, 11.734, , , 1, 0.535, 3.631, 0, 13.603, 2.538, 165, 0, 0, 0, 62.456, 13.46, 11.239, 120.2, 44.378, 100, 0, 0, 29.006, 29.753, 14.463, 1.268, 94.504, 0, 0, 100.019, 49.705, 0, 0, 3.631, 0, 0, 14.05, 0, 13.603, 0, 2.538, 165, 0, 0, 0, 62.456, 1, 0.013, 0.011, 120.2, 44.378, 100, 0, 0, 141, 29.006, 29.753, 14.463, 1.268, 0, 94.504, 0, 0, 100.019, 49.705, 0, 0, 0, 0, 
0.5, , 100.368, 73.85, , , 13.267, 0.986, 42.289, 42.289, 2.548, 316.717, 316.717, 316.717, 50.554, 74.991, 34.933, 35.903, 7.379, 11.563, 0, 0, 42.596, 43.191, 42.596, 43.191, 1, 51.122, 51.122, 0.025, 0.136, 86.536, 87.741, 86.536, 87.741, 4.782, 7.379, 11.563, , , 1, 0.585, 5.038, 0, 13.256, 2.548, 165, 0, 0, 0, 66.896, 16.998, 13.881, 120.2, 49.579, 100, 0, 0, 28.427, 29.463, 18.131, 1.465, 94.118, 0, 0, 98.089, 50.184, 0, 0, 5.038, 0, 0, 14.031, 0, 13.256, 0, 2.548, 165, 0, 0, 0, 66.896, 1, 0.017, 0.014, 120.2, 49.579, 100, 0, 0, 141, 28.427, 29.463, 18.131, 1.465, 0, 94.118, 0, 0, 98.089, 50.184, 0, 0, 0, 0, 
0.55, , 100.368, 73.85, , , 13.34, 0.986, 45.996, 45.996, 2.559, 318.466, 318.466, 318.466, 50.378, 62.319, 35.261, 35.731, 7.379, 11.388, 0, 0, 43.375, 43.98, 43.375, 43.98, 1, 51.774, 51.774, 0.025, 0.136, 87.325, 88.541, 87.325, 88.541, 4.805, 7.379, 11.388, , , 1, 0.635, 6.446, 0, 12.908, 2.559, 165, 0, 0, 0, 71.336, 20.537, 16.524, 120.2, 54.78, 100, 0, 0, 27.847, 29.174, 21.799, 1.662, 93.732, 0, 0, 96.158, 50.663, 0, 0, 6.446, 0, 0, 14.012, 0, 12.908, 0, 2.559, 165, 0, 0, 0, 71.336, 1, 0.021, 0.016, 120.2, 54.78, 100, 0, 0, 141, 27.847, 29.174, 21.799, 1.662, 0, 93.732, 0, 0, 96.158, 50.663, 0, 0, 0, 0, 
0.6, , 100.367, 73.85, , , 13.442, 0.986, 50.053, 50.053, 2.578, 320.907, 320.907, 320.907, 50.267, 49.648, 35.505, 35.573, 7.378, 11.213, 0, 0, 44.303, 44.921, 44.303, 44.921, 1, 52.691, 52.691, 0.025, 0.136, 88.188, 89.417, 88.188, 89.417, 4.828, 7.378, 11.213, , , 1, 0.685, 6.686, 0, 12.683, 2.578, 165, 0, 0, 0, 74, 22.062, 17.927, 120.2, 61.575, 100, 0, 0, 27.417, 28.876, 30.307, 2, 92.587, 0, 0, 94.129, 51.208, 0, 0, 6.686, 0, 0, 14, 0, 12.683, 0, 2.578, 165, 0, 0, 0, 74, 1, 0.022, 0.018, 120.2, 61.575, 100, 0, 0, 141, 27.417, 28.876, 30.307, 2, 0, 92.587, 0, 0, 94.129, 51.208, 0, 0, 0, 0, 
0.65, , 100.367, 73.85, , , 13.513, 0.986, 55.702, 55.702, 2.609, 322.599, 322.599, 322.599, 50.204, 66.004, 35.487, 35.46, 7.378, 11.158, 0, 0, 45.378, 46.011, 45.378, 46.011, 1, 53.487, 53.487, 0.025, 0.136, 88.762, 89.999, 88.762, 89.999, 4.851, 7.378, 11.158, , , 1, 0.735, 5.175, 0, 12.642, 2.609, 165, 0, 0, 0, 74, 20.569, 17.471, 120.2, 70.761, 100, 0, 0, 27.21, 28.564, 46.075, 2.55, 90.305, 0, 0, 91.95, 51.853, 0, 0, 5.175, 0, 0, 14, 0, 12.642, 0, 2.609, 165, 0, 0, 0, 74, 1, 0.021, 0.017, 120.2, 70.761, 100, 0, 0, 141, 27.21, 28.564, 46.075, 2.55, 0, 90.305, 0, 0, 91.95, 51.853, 0, 0, 0, 0, 
0.7, 17.45, 100.366, 73.85, 74.62, , 13.561, 0.986, 59.64, 59.64, 2.641, 323.756, 323.756, 323.756, 50.165, 66.939, 35.468, 35.347, 7.377, 11.126, 0, 0, 46.111, 46.754, 46.111, 46.754, 1, 54.14, 54.14, 0.025, 0.136, 89.154, 90.398, 89.154, 90.398, 4.874, 7.377, 11.126, , , 1, 0.785, 3.665, 0, 12.6, 2.641, 165, 0, 0, 0, 74, 19.075, 17.015, 120.2, 79.948, 100, 0, 0, 27.002, 28.253, 61.842, 3.1, 88.023, 0, 0, 89.772, 52.499, 0, 0, 3.665, 0, 0, 14, 0, 12.6, 0, 2.641, 165, 0, 0, 0, 74, 1, 0.019, 0.017, 120.2, 79.948, 100, 0, 0, 141, 27.002, 28.253, 61.842, 3.1, 0, 88.023, 0, 0, 89.772, 52.499, 0, 0, 0, 0, 
0.75, 17.45, 100.366, 73.85, 74.62, , 13.639, 0.986, 63.514, 63.514, 2.672, 325.614, 325.614, 325.614, 50.123, 67.873, 35.449, 35.234, 7.377, 11.226, 0, 0, 46.94, 47.596, 46.94, 47.596, 1, 54.803, 54.803, 0.025, 0.136, 89.74, 90.993, 89.74, 90.993, 4.897, 7.377, 11.226, , , 1, 0.835, 2.155, 0, 12.559, 2.672, 165, 0, 0, 0, 74, 17.581, 16.558, 120.2, 89.135, 100, 0, 0, 26.795, 27.942, 77.61, 3.649, 85.741, 0, 0, 87.593, 53.144, 0, 0, 2.155, 0, 0, 14, 0, 12.559, 0, 2.672, 165, 0, 0, 0, 74, 1, 0.017, 0.017, 120.2, 89.135, 100, 0, 0, 141, 26.795, 27.942, 77.61, 3.649, 0, 85.741, 0, 0, 87.593, 53.144, 0, 0, 0, 0, 
0.8, 17.45, 100.366, 73.85, 74.62, , 13.715, 0.986, 67.44, 67.44, 2.704, 327.446, 327.446, 327.446, 50.079, 68.808, 35.43, 35.121, 7.377, 11.359, 0, 0, 47.776, 48.444, 47.776, 48.444, 1, 55.461, 55.461, 0.025, 0.136, 90.322, 91.583, 90.322, 91.583, 4.919, 7.377, 11.359, , , 1, 0.885, 0.644, 0, 12.517, 2.704, 165, 0, 0, 0, 74, 16.087, 16.102, 120.2, 98.322, 100, 0, 0, 26.587, 27.631, 93.378, 4.199, 83.459, 0, 0, 85.415, 53.789, 0, 0, 0.644, 0, 0, 14, 0, 12.517, 0, 2.704, 165, 0, 0, 0, 74, 1, 0.016, 0.016, 120.2, 98.322, 100, 0, 0, 141, 26.587, 27.631, 93.378, 4.199, 0, 83.459, 0, 0, 85.415, 53.789, 0, 0, 0, 0, 
0.85, 17.45, 100.365, 73.85, 74.62, , 13.788, 0.986, 71.421, 71.421, 2.736, 329.175, 329.175, 329.175, 50.038, 69.743, 35.272, 35.208, 7.377, 11.56, 0, 0, 48.608, 49.287, 48.608, 49.287, 1, 56.136, 56.136, 0.025, 0.136, 90.87, 92.139, 90.87, 92.139, 4.942, 7.377, 11.56, , , 1, 0.935, 0.011, 0, 12.5, 2.736, 165, 0, 0, 0, 74, 15.505, 15.971, 120.2, 102.222, 100, 0, 0, 26.612, 27.612, 100, 4.43, 82.612, 0, 0, 84.725, 54.479, 0, 0, 0.011, 0, 0, 14, 0, 12.5, 0, 2.736, 165, 0, 0, 0, 74, 1, 0.015, 0.016, 120.2, 102.222, 100, 0, 0, 141, 26.612, 27.612, 100, 4.43, 0, 82.612, 0, 0, 84.725, 54.479, 0, 0, 0, 0, 
0.9, 17.45, 100.365, 73.85, 74.62, , 13.868, 0.986, 75.447, 75.447, 2.768, 331.107, 331.107, 331.107, 50.007, 70.678, 34.949, 35.531, 7.377, 11.78, 0, 0, 49.479, 50.169, 49.479, 50.169, 1, 56.808, 56.808, 0.025, 0.135, 91.458, 92.735, 91.458, 92.735, 4.964, 7.377, 11.78, , , 1, 0.985, 0.013, 0, 12.5, 2.768, 165, 0, 0, 0, 74, 15.582, 16.075, 120.2, 102.293, 100, 0, 0, 26.806, 27.806, 100, 4.43, 82.806, 0, 0, 85.112, 55.202, 0, 0, 0.013, 0, 0, 14, 0, 12.5, 0, 2.768, 165, 0, 0, 0, 74, 1, 0.015, 0.016, 120.2, 102.293, 100, 0, 0, 141, 26.806, 27.806, 100, 4.43, 0, 82.806, 0, 0, 85.112, 55.202, 0, 0, 0, 0, 
0.95, 17.45, 100.364, 73.85, 74.62, , 13.92, 0.986, 79.475, 79.475, 2.8, 332.352, 332.352, 332.352, 49.989, 71.613, 34.626, 35.854, 7.377, 11.959, 0, 0, 50.255, 50.958, 50.255, 50.958, 1, 57.482, 57.482, 0.025, 0.135, 91.837, 93.12, 91.837, 93.12, 4.99, 7.377, 11.959, , , 1, 1.035, 0.015, 0, 12.5, 2.8, 165, 0, 0, 0, 74, 15.66, 16.18, 120.2, 102.365, 100, 0, 0, 27, 28, 100, 4.43, 83, 0, 0, 85.5, 55.925, 0, 0, 0.015, 0, 0, 14, 0, 12.5, 0, 2.8, 165, 0, 0, 0, 74, 1, 0.016, 0.016, 120.2, 102.365, 100, 0, 0, 141, 27, 28, 100, 4.43, 0, 83, 0, 0, 85.5, 55.925, 0, 0, 0, 0, 
1, 17.45, 100.364, 73.85, 74.62, , 14.05, 0.986, 83.645, 83.645, 2.831, 335.457, 335.457, 335.457, 49.983, 72.548, 34.303, 36.177, 7.377, 12.125, 0, 0, 51.325, 52.043, 51.325, 52.043, 1, 58.164, 58.164, 0.025, 0.135, 92.705, 93.998, 92.705, 93.998, 5.017, 7.377, 12.125, , , 1, 1.085, 0.017, 0, 12.5, 2.831, 165, 0, 0, 0, 74, 15.738, 16.285, 120.2, 102.437, 100, 0, 0, 27.194, 28.194, 100, 4.43, 83.194, 0, 0, 85.888, 56.648, 0, 0, 0.017, 0, 0, 14, 0, 12.5, 0, 2.831, 165, 0, 0, 0, 74, 1, 0.016, 0.016, 120.2, 102.437, 100, 0, 0, 141, 27.194, 28.194, 100, 4.43, 0, 83.194, 0, 0, 85.888, 56.648, 0, 0, 0, 0, 
1.05, 17.45, 100.364, 73.85, 74.62, , 14.151, 0.986, 87.814, 87.814, 2.863, 337.862, 337.862, 337.862, 49.988, 73.483, 33.981, 36.499, 7.377, 12.238, 0, 0, 52.306, 53.038, 52.306, 53.038, 1, 58.851, 58.851, 0.025, 0.135, 93.358, 94.66, 93.358, 94.66, 5.044, 7.377, 12.238, , , 1, 1.135, 0.019, 0, 12.5, 2.863, 165, 0, 0, 0, 74, 15.815, 16.389, 120.2, 102.508, 100, 0, 0, 27.388, 28.388, 100, 4.43, 83.388, 0, 0, 86.275, 57.371, 0, 0, 0.019, 0, 0, 14, 0, 12.5, 0, 2.863, 165, 0, 0, 0, 74, 1, 0.016, 0.016, 120.2, 102.508, 100, 0, 0, 141, 27.388, 28.388, 100, 4.43, 0, 83.388, 0, 0, 86.275, 57.371, 0, 0, 0, 0, 
1.1, 17.45, 100.363, 73.85, 74.62, , 14.242, 0.986, 92.043, 92.043, 2.898, 340.039, 340.039, 340.039, 50.004, 74.418, 33.911, 36.585, 7.377, 12.334, 0, 0, 53.26, 54.004, 53.26, 54.004, 1, 59.539, 59.539, 0.024, 0.134, 93.927, 95.238, 93.927, 95.238, 5.071, 7.377, 12.334, , , 1, 1.185, 0.018, 0, 12.5, 2.898, 165, 0, 0, 0, 74, 15.857, 16.444, 120.2, 102.58, 100, 0, 0, 27.54, 28.5, 100, 4.428, 83.581, 0, 0, 86.581, 58.091, 0, 0, 0.018, 0, 0, 14, 0, 12.5, 0, 2.898, 165, 0, 0, 0, 74, 1, 0.016, 0.016, 120.2, 102.58, 100, 0, 0, 141, 27.54, 28.5, 100, 4.428, 0, 83.581, 0, 0, 86.581, 58.091, 0, 0, 0, 0, 
1.15, 17.45, 100.363, 73.85, 74.62, , 14.342, 0.986, 96.288, 96.288, 2.935, 342.433, 342.433, 342.433, 50.034, 75.353, 34.164, 36.368, 7.377, 12.398, 0, 0, 54.264, 55.022, 54.264, 55.022, 1, 60.244, 60.244, 0.024, 0.134, 94.533, 95.854, 94.533, 95.854, 5.094, 7.377, 12.398, , , 1, 1.234, 0.015, 0, 12.5, 2.935, 165, 0, 0, 0, 74, 15.849, 16.431, 120.2, 102.651, 100, 0, 0, 27.637, 28.5, 100, 4.425, 83.773, 0, 0, 86.773, 58.809, 0, 0, 0.015, 0, 0, 14, 0, 12.5, 0, 2.935, 165, 0, 0, 0, 74, 1, 0.016, 0.016, 120.2, 102.651, 100, 0, 0, 141, 27.637, 28.5, 100, 4.425, 0, 83.773, 0, 0, 86.773, 58.809, 0, 0, 0, 0, 
1.2, 17.45, 100.363, 73.85, 74.62, , 14.45, 0.986, 100.626, 100.626, 2.972, 344.991, 344.991, 344.991, 50.075, 76.288, 34.417, 36.151, 7.377, 12.451, 0, 0, 55.307, 56.079, 55.307, 56.079, 1, 60.946, 60.946, 0.024, 0.134, 95.163, 96.492, 95.163, 96.492, 5.109, 7.377, 12.451, , , 1, 1.285, 0.011, 0, 12.5, 2.972, 165, 0, 0, 0, 74, 15.841, 16.417, 120.2, 102.722, 100, 0, 0, 27.733, 28.5, 100, 4.421, 83.965, 0, 0, 86.965, 59.526, 0, 0, 0.011, 0, 0, 14, 0, 12.5, 0, 2.972, 165, 0, 0, 0, 74, 1, 0.016, 0.016, 120.2, 102.722, 100, 0, 0, 141, 27.733, 28.5, 100, 4.421, 0, 83.965, 0, 0, 86.965, 59.526, 0, 0, 0, 0, 
1.25, 17.45, 100.362, 73.85, 74.62, , 14.559, 0.986, 105.032, 105.032, 3.009, 347.596, 347.596, 347.596, 50.123, 77.223, 34.67, 35.934, 7.377, 12.509, 0, 0, 56.371, 57.156, 56.371, 57.156, 1, 61.644, 61.644, 0.025, 0.134, 95.786, 97.125, 95.786, 97.125, 5.124, 7.377, 12.509, , , 1, 1.335, 0.007, 0, 12.5, 3.009, 165, 0, 0, 0, 74, 15.834, 16.404, 120.2, 102.793, 100, 0, 0, 27.829, 28.5, 100, 4.417, 84.158, 0, 0, 87.158, 60.243, 0, 0, 0.007, 0, 0, 14, 0, 12.5, 0, 3.009, 165, 0, 0, 0, 74, 1, 0.016, 0.016, 120.2, 102.793, 100, 0, 0, 141, 27.829, 28.5, 100, 4.417, 0, 84.158, 0, 0, 87.158, 60.243, 0, 0, 0, 0, 
1.3, 17.45, 100.362, 73.85, 74.62, , 14.688, 0.986, 109.438, 109.438, 3.046, 350.678, 350.678, 350.678, 50.182, 78.158, 34.923, 35.717, 7.377, 12.57, 0, 0, 57.535, 58.335, 57.535, 58.335, 1, 62.365, 62.365, 0.025, 0.134, 96.521, 97.871, 96.521, 97.871, 5.139, 7.377, 12.57, , , 1, 1.385, 0.003, 0, 12.5, 3.046, 165, 0, 0, 0, 74, 15.826, 16.39, 120.2, 102.864, 100, 0, 0, 27.925, 28.5, 100, 4.413, 84.35, 0, 0, 87.35, 60.96, 0, 0, 0.003, 0, 0, 14, 0, 12.5, 0, 3.046, 165, 0, 0, 0, 74, 1, 0.016, 0.016, 120.2, 102.864, 100, 0, 0, 141, 27.925, 28.5, 100, 4.413, 0, 84.35, 0, 0, 87.35, 60.96, 0, 0, 0, 0, 
1.35, 17.45, 100.361, 73.85, 74.62, , 14.829, 0.986, 113.912, 113.912, 3.084, 354.044, 354.044, 354.044, 50.251, 79.093, 35.109, 35.501, 7.377, 12.636, 0, 0, 58.76, 59.578, 58.76, 59.578, 1, 63.086, 63.086, 0.025, 0.134, 97.318, 98.679, 97.318, 98.679, 5.153, 7.377, 12.636, , , 1, 1.435, 0, 0, 12.5, 3.084, 165, 0, 0, 0, 74, 15.821, 16.379, 120.118, 102.92, 100, 0, 0, 28.023, 28.523, 100, 4.411, 84.477, 0, 0, 87.477, 61.689, 0, 0, 0, 0, 0, 14, 0, 12.5, 0, 3.084, 165, 0, 0, 0, 74, 1, 0.016, 0.016, 120.118, 102.92, 100, 0, 0, 141, 28.023, 28.523, 100, 4.411, 0, 84.477, 0, 0, 87.477, 61.689, 0, 0, 0, 0, 
1.4, 17.45, 100.361, 73.85, 74.62, , 14.975, 0.986, 118.491, 118.491, 3.126, 357.518, 357.518, 357.518, 50.287, 80.028, 35.217, 35.286, 7.377, 12.704, 0, 0, 60.016, 60.852, 60.016, 60.852, 1, 63.805, 63.805, 0.025, 0.134, 98.198, 99.57, 98.198, 99.57, 5.162, 7.377, 12.704, , , 1, 1.485, 0, 0, 12.5, 3.126, 165, 0, 0, 0, 74, 15.825, 16.372, 119.746, 102.92, 100, 0, 0, 28.126, 28.626, 100, 4.415, 84.374, 0, 0, 87.374, 62.458, 0, 0, 0, 0, 0, 14, 0, 12.5, 0, 3.126, 165, 0, 0, 0, 74, 1, 0.016, 0.016, 119.746, 102.92, 100, 0, 0, 141, 28.126, 28.626, 100, 4.415, 0, 84.374, 0, 0, 87.374, 62.458, 0, 0, 0, 0, 
1.45, 17.45, 100.361, 73.85, 74.62, , 15.129, 0.986, 123.069, 123.069, 3.169, 361.189, 361.189, 361.189, 50.244, 80.963, 35.325, 35.071, 7.377, 12.777, 0, 0, 61.326, 62.182, 61.326, 62.182, 1, 64.549, 64.549, 0.025, 0.135, 99.291, 100.678, 99.291, 100.678, 5.171, 7.377, 12.777, , , 1, 1.536, 0, 0, 12.5, 3.169, 165, 0, 0, 0, 74, 15.829, 16.366, 119.374, 102.92, 100, 0, 0, 28.229, 28.729, 100, 4.419, 84.271, 0, 0, 87.271, 63.226, 0, 0, 0, 0, 0, 14, 0, 12.5, 0, 3.169, 165, 0, 0, 0, 74, 1, 0.016, 0.016, 119.374, 102.92, 100, 0, 0, 141, 28.229, 28.729, 100, 4.419, 0, 84.271, 0, 0, 87.271, 63.226, 0, 0, 0, 0, 
1.5, 17.45, 100.36, 73.85, 74.62, , 15.251, 0.986, 128.473, 128.473, 3.211, 364.108, 364.108, 364.108, 50.121, 81.898, 35.432, 34.856, 7.378, 12.852, 0, 0, 62.527, 63.4, 62.527, 63.4, 1, 65.281, 65.281, 0.025, 0.135, 100.346, 101.746, 100.346, 101.746, 5.181, 7.378, 12.852, , , 1, 1.586, 0, 0, 12.5, 3.211, 165, 0, 0, 0, 74, 15.833, 16.36, 119.002, 102.92, 100, 0, 0, 28.333, 28.833, 100, 4.423, 84.167, 0, 0, 87.167, 63.995, 0, 0, 0, 0, 0, 14, 0, 12.5, 0, 3.211, 165, 0, 0, 0, 74, 1, 0.016, 0.016, 119.002, 102.92, 100, 0, 0, 141, 28.333, 28.833, 100, 4.423, 0, 84.167, 0, 0, 87.167, 63.995, 0, 0, 0, 0, 
1.55, 17.45, 100.36, 73.85, 74.62, , 15.372, 0.986, 134.716, 134.716, 3.253, 367.011, 367.011, 367.011, 49.776, 82.833, 35.54, 34.64, 7.378, 12.938, 0, 0, 63.875, 64.767, 63.875, 64.767, 1, 66.353, 66.353, 0.025, 0.135, 101.695, 103.114, 101.695, 103.114, 5.192, 7.378, 12.938, , , 1, 1.635, 0, 0, 12.5, 3.253, 165, 0, 0, 0, 74, 15.837, 16.354, 118.631, 102.92, 100, 0, 0, 28.436, 28.936, 100, 4.427, 84.064, 0, 0, 87.064, 64.763, 0, 0, 0, 0, 0, 14, 0, 12.5, 0, 3.253, 165, 0, 0, 0, 74, 1, 0.016, 0.016, 118.631, 102.92, 100, 0, 0, 141, 28.436, 28.936, 100, 4.427, 0, 84.064, 0, 0, 87.064, 64.763, 0, 0, 0, 0, 
1.6, 17.45, 100.36, 73.85, 74.62, , 15.479, 0.986, 139.481, 139.481, 3.293, 369.572, 369.572, 369.572, 49.463, 83.768, 35.568, 34.743, 7.379, 13.032, 0, 0, 65.278, 66.19, 65.278, 66.19, 1, 67.157, 67.157, 0.025, 0.135, 103.216, 104.655, 103.216, 104.655, 5.212, 7.379, 13.032, , , 1, 1.685, 0, 0, 12.5, 3.293, 165, 0, 0, 0, 74, 15.865, 16.37, 118.322, 102.899, 100, 0, 0, 28.543, 29.014, 100, 4.43, 84.137, 0, 0, 87.101, 65.509, 0, 0, 0, 0, 0, 14, 0, 12.5, 0, 3.293, 165, 0, 0, 0, 74, 1, 0.016, 0.016, 118.322, 102.899, 100, 0, 0, 141, 28.543, 29.014, 100, 4.43, 0, 84.137, 0, 0, 87.101, 65.509, 0, 0, 0, 0, 
1.65, 17.45, 100.36, 73.85, 74.62, , 15.565, 0.986, 144.284, 144.284, 3.329, 371.622, 371.622, 371.622, 49.136, 84.703, 35.496, 35.249, 7.379, 13.135, 0, 0, 66.377, 67.303, 66.377, 67.303, 1, 67.905, 67.905, 0.025, 0.135, 104.487, 105.944, 104.487, 105.944, 5.231, 7.379, 13.135, , , 1, 1.735, 0, 0, 12.5, 3.329, 165, 0, 0, 0, 74, 15.931, 16.422, 118.117, 102.843, 100, 0, 0, 28.657, 29.052, 100, 4.43, 84.497, 0, 0, 87.366, 66.216, 0, 0, 0, 0, 0, 14, 0, 12.5, 0, 3.329, 165, 0, 0, 0, 74, 1, 0.016, 0.016, 118.117, 102.843, 100, 0, 0, 141, 28.657, 29.052, 100, 4.43, 0, 84.497, 0, 0, 87.366, 66.216, 0, 0, 0, 0, 
1.7, 17.45, 100.36, 73.85, 74.62, , 15.6, 0.986, 149.192, 149.192, 3.365, 372.482, 372.482, 372.482, 48.811, 85.638, 35.424, 35.755, 7.38, 13.245, 0, 0, 67.272, 68.211, 67.272, 68.211, 1, 68.66, 68.66, 0.025, 0.135, 105.428, 106.899, 105.428, 106.899, 5.25, 7.38, 13.245, , , 1, 1.785, 0, 0, 12.5, 3.365, 165, 0, 0, 0, 74, 15.997, 16.475, 117.912, 102.786, 100, 0, 0, 28.771, 29.09, 100, 4.43, 84.858, 0, 0, 87.632, 66.924, 0, 0, 0, 0, 0, 14, 0, 12.5, 0, 3.365, 165, 0, 0, 0, 74, 1, 0.016, 0.016, 117.912, 102.786, 100, 0, 0, 141, 28.771, 29.09, 100, 4.43, 0, 84.858, 0, 0, 87.632, 66.924, 0, 0, 0, 0, 
1.75, 17.45, 100.36, 73.85, 74.62, , 15.663, 0.986, 154.16, 154.16, 3.401, 373.986, 373.986, 373.986, 48.487, 86.573, 35.351, 36.261, 7.38, 13.354, 0, 0, 68.298, 69.254, 68.298, 69.254, 1, 69.428, 69.428, 0.025, 0.135, 106.564, 108.05, 106.564, 108.05, 5.27, 7.38, 13.354, , , 1, 1.835, 0, 0, 12.5, 3.401, 165, 0, 0, 0, 74, 16.063, 16.527, 117.708, 102.73, 100, 0, 0, 28.885, 29.128, 100, 4.43, 85.218, 0, 0, 87.898, 67.631, 0, 0, 0, 0, 0, 14, 0, 12.5, 0, 3.401, 165, 0, 0, 0, 74, 1, 0.016, 0.016, 117.708, 102.73, 100, 0, 0, 141, 28.885, 29.128, 100, 4.43, 0, 85.218, 0, 0, 87.898, 67.631, 0, 0, 0, 0, 
1.8, 17.45, 100.36, 73.85, 74.62, , 15.694, 0.986, 159.128, 159.128, 3.437, 374.748, 374.748, 374.748, 48.171, 87.508, 35.279, 36.767, 7.379, 13.464, 0, 0, 69.191, 70.159, 69.191, 70.159, 1, 70.191, 70.191, 0.025, 0.135, 107.482, 108.981, 107.482, 108.981, 5.296, 7.379, 13.464, , , 1, 1.885, 0, 0, 12.5, 3.437, 165, 0, 0, 0, 74, 16.129, 16.579, 117.503, 102.674, 100, 0, 0, 28.998, 29.166, 100, 4.43, 85.579, 0, 0, 88.163, 68.339, 0, 0, 0, 0, 0, 14, 0, 12.5, 0, 3.437, 165, 0, 0, 0, 74, 1, 0.016, 0.016, 117.503, 102.674, 100, 0, 0, 141, 28.998, 29.166, 100, 4.43, 0, 85.579, 0, 0, 88.163, 68.339, 0, 0, 0, 0, 
1.85, 17.45, 100.36, 73.85, 74.62, , 15.761, 0.986, 164.161, 164.161, 3.473, 376.343, 376.343, 376.343, 47.859, 88.443, 35.24, 36.875, 7.379, 13.554, 0, 0, 70.245, 71.227, 70.245, 71.227, 1, 70.961, 70.961, 0.025, 0.134, 108.641, 110.155, 108.641, 110.155, 5.323, 7.379, 13.554, , , 1, 1.935, 0, 0, 12.5, 3.473, 165, 0, 0, 0, 74, 16.195, 16.632, 117.298, 102.618, 100, 0, 0, 29.112, 29.204, 100, 4.43, 85.939, 0, 0, 88.429, 69.046, 0, 0, 0, 0, 0, 14, 0, 12.5, 0, 3.473, 165, 0, 0, 0, 74, 1, 0.016, 0.016, 117.298, 102.618, 100, 0, 0, 141, 29.112, 29.204, 100, 4.43, 0, 85.939, 0, 0, 88.429, 69.046, 0, 0, 0, 0, 
1.9, 17.45, 100.36, 73.85, 74.62, , 15.782, 0.986, 169.238, 169.238, 3.509, 376.882, 376.882, 376.882, 47.553, 89.378, 35.24, 36.516, 7.379, 13.627, 0, 0, 71.105, 72.098, 71.105, 72.098, 1, 71.731, 71.731, 0.025, 0.134, 109.491, 111.018, 109.491, 111.018, 5.35, 7.379, 13.627, , , 1, 1.985, 0, 0, 12.5, 3.509, 165, 0, 0, 0, 74, 16.261, 16.684, 117.093, 102.562, 100, 0, 0, 29.226, 29.242, 100, 4.43, 86.299, 0, 0, 88.694, 69.754, 0, 0, 0, 0, 0, 14, 0, 12.5, 0, 3.509, 165, 0, 0, 0, 74, 1, 0.016, 0.016, 117.093, 102.562, 100, 0, 0, 141, 29.226, 29.242, 100, 4.43, 0, 86.299, 0, 0, 88.694, 69.754, 0, 0, 0, 0, 
1.95, 17.45, 100.36, 73.85, 74.62, , 15.847, 0.986, 174.4, 174.4, 3.545, 378.432, 378.432, 378.432, 47.251, 90.313, 35.24, 36.158, 7.379, 13.677, 0, 0, 72.162, 73.169, 72.162, 73.169, 1, 72.508, 72.508, 0.025, 0.134, 110.638, 112.182, 110.638, 112.182, 5.376, 7.379, 13.677, , , 1, 2.035, 0, 0, 12.5, 3.545, 165, 0, 0, 0, 74, 16.327, 16.736, 116.888, 102.506, 100, 0, 0, 29.34, 29.28, 100, 4.43, 86.66, 0, 0, 88.96, 70.461, 0, 0, 0, 0, 0, 14, 0, 12.5, 0, 3.545, 165, 0, 0, 0, 74, 1, 0.017, 0.017, 116.888, 102.506, 100, 0, 0, 141, 29.34, 29.28, 100, 4.43, 0, 86.66, 0, 0, 88.96, 70.461, 0, 0, 0, 0, 
2, 17.449, 100.36, 73.85, 74.621, , 15.839, 0.986, 179.589, 179.589, 3.581, 378.275, 378.275, 378.275, 46.957, 91.248, 35.24, 35.799, 7.379, 13.707, 0, 0, 72.892, 73.91, 72.892, 73.91, 1, 73.278, 73.278, 0.025, 0.133, 111.279, 112.833, 111.279, 112.833, 5.4, 7.379, 13.707, , , 1, 2.085, 0, 0, 12.5, 3.581, 165, 0, 0, 0, 74, 16.393, 16.789, 116.683, 102.449, 100, 0, 0, 29.454, 29.318, 100, 4.43, 87.02, 0, 0, 89.225, 71.169, 0, 0, 0, 0, 0, 14, 0, 12.5, 0, 3.581, 165, 0, 0, 0, 74, 1, 0.017, 0.017, 116.683, 102.449, 100, 0, 0, 141, 29.454, 29.318, 100, 4.43, 0, 87.02, 0, 0, 89.225, 71.169, 0, 0, 0, 0, 
2.05, 17.448, 100.36, 73.85, 74.623, , 15.86, 0.986, 184.892, 184.892, 3.617, 378.787, 378.787, 378.787, 46.789, 92.183, 35.24, 35.441, 7.379, 13.72, 0, 0, 73.763, 74.792, 73.763, 74.792, 1, 74.048, 74.048, 0.025, 0.133, 111.807, 113.369, 111.807, 113.369, 5.423, 7.379, 13.72, , , 1, 2.135, 0, 0, 12.5, 3.617, 165, 0, 0, 0, 74, 16.459, 16.841, 116.478, 102.393, 100, 0, 0, 29.568, 29.356, 100, 4.43, 87.381, 0, 0, 89.491, 71.876, 0, 0, 0, 0, 0, 14, 0, 12.5, 0, 3.617, 165, 0, 0, 0, 74, 1, 0.017, 0.017, 116.478, 102.393, 100, 0, 0, 141, 29.568, 29.356, 100, 4.43, 0, 87.381, 0, 0, 89.491, 71.876, 0, 0, 0, 0, 
2.1, 17.447, 100.36, 73.85, 74.624, , 15.894, 0.986, 190.223, 190.223, 3.653, 379.604, 379.604, 379.604, 46.882, 93.118, 35.176, 35.224, 7.38, 13.717, 0, 0, 74.7, 75.742, 74.7, 75.742, 1, 74.82, 74.82, 0.025, 0.133, 111.793, 113.354, 111.793, 113.354, 5.445, 7.38, 13.717, , , 1, 2.185, 0, 0, 12.5, 3.653, 165, 0, 0, 0, 74, 16.525, 16.893, 116.274, 102.337, 100, 0, 0, 29.681, 29.394, 100, 4.43, 87.741, 0, 0, 89.756, 72.584, 0, 0, 0, 0, 0, 14, 0, 12.5, 0, 3.653, 165, 0, 0, 0, 74, 1, 0.017, 0.017, 116.274, 102.337, 100, 0, 0, 141, 29.681, 29.394, 100, 4.43, 0, 87.741, 0, 0, 89.756, 72.584, 0, 0, 0, 0, 
2.15, 17.446, 100.36, 73.85, 74.626, , 15.913, 0.986, 195.611, 195.611, 3.69, 380.081, 380.081, 380.081, 47.243, 94.053, 35.032, 35.188, 7.38, 13.701, 0, 0, 75.58, 76.634, 75.58, 76.634, 1, 75.6, 75.6, 0.025, 0.132, 111.066, 112.616, 111.066, 112.616, 5.468, 7.38, 13.701, , , 1, 2.235, 0, 0, 12.5, 3.69, 165, 0, 0, 0, 74, 16.591, 16.946, 116.069, 102.281, 100, 0, 0, 29.795, 29.432, 100, 4.43, 88.101, 0, 0, 90.022, 73.291, 0, 0, 0, 0, 0, 14, 0, 12.5, 0, 3.69, 165, 0, 0, 0, 74, 1, 0.017, 0.017, 116.069, 102.281, 100, 0, 0, 141, 29.795, 29.432, 100, 4.43, 0, 88.101, 0, 0, 90.022, 73.291, 0, 0, 0, 0, 
2.2, 17.445, 100.36, 73.85, 74.627, , 15.927, 0.986, 201.034, 201.034, 3.726, 380.433, 380.433, 380.433, 47.874, 94.988, 34.887, 35.152, 7.38, 13.674, 0, 0, 76.427, 77.492, 76.427, 77.492, 1, 76.377, 76.377, 0.025, 0.133, 109.736, 111.267, 109.736, 111.267, 5.498, 7.38, 13.674, , , 1, 2.285, 0, 0, 12.5, 3.726, 165, 0, 0, 0, 74, 16.657, 16.998, 115.864, 102.225, 100, 0, 0, 29.909, 29.47, 100, 4.43, 88.462, 0, 0, 90.288, 73.999, 0, 0, 0, 0, 0, 14, 0, 12.5, 0, 3.726, 165, 0, 0, 0, 74, 1, 0.017, 0.017, 115.864, 102.225, 100, 0, 0, 141, 29.909, 29.47, 100, 4.43, 0, 88.462, 0, 0, 90.288, 73.999, 0, 0, 0, 0, 
2.25, 17.443, 100.36, 73.85, 74.629, , 15.95, 0.986, 206.593, 206.593, 3.771, 381.006, 381.006, 381.006, 48.776, 95.923, 34.743, 35.116, 7.38, 13.642, 0, 0, 77.322, 78.399, 77.322, 78.399, 1, 77.163, 77.163, 0.025, 0.133, 107.952, 109.458, 107.952, 109.458, 5.532, 7.38, 13.642, , , 1, 2.336, 0, 0, 12.5, 3.771, 165, 0, 0, 0, 74, 16.755, 17.078, 115.618, 102.155, 100, 0, 0, 30.068, 29.546, 100, 4.43, 89.013, 0, 0, 90.728, 74.906, 0, 0, 0, 0, 0, 13.998, 0, 12.5, 0, 3.771, 165, 0, 0, 0, 74, 1, 0.017, 0.017, 115.618, 102.155, 100, 0, 0, 141, 30.068, 29.546, 100, 4.43, 0, 89.013, 0, 0, 90.728, 74.906, 0, 0, 0, 0, 
2.3, 17.442, 100.36, 73.85, 74.63, , 15.999, 0.986, 212.152, 212.152, 3.856, 382.195, 382.195, 382.195, 49.683, 96.858, 34.598, 35.08, 7.38, 13.605, 0, 0, 78.347, 79.438, 78.347, 79.438, 1, 77.944, 77.944, 0.025, 0.133, 106.309, 107.792, 106.309, 107.792, 5.565, 7.38, 13.605, , , 1, 2.385, 0, 0, 12.5, 3.856, 165, 0, 0, 0, 74, 16.98, 17.27, 115.207, 102.027, 100, 0, 0, 30.411, 29.774, 100, 4.427, 90.325, 0, 0, 91.87, 76.609, 0, 0, 0, 0, 0, 13.986, 0, 12.5, 0, 3.856, 165, 0, 0, 0, 74, 1, 0.017, 0.017, 115.207, 102.027, 100, 0, 0, 141, 30.411, 29.774, 100, 4.427, 0, 90.325, 0, 0, 91.87, 76.609, 0, 0, 0, 0, 
2.35, 17.441, 100.36, 73.85, 74.632, , 15.994, 0.986, 218.01, 218.01, 3.94, 382.099, 382.099, 382.099, 50.364, 97.793, 34.602, 34.994, 7.381, 13.567, 0, 0, 79.146, 80.248, 79.146, 80.248, 1, 78.72, 78.72, 0.025, 0.133, 104.798, 106.26, 104.798, 106.26, 5.599, 7.381, 13.567, , , 1, 2.435, 0, 0, 12.5, 3.94, 165, 0, 0, 0, 74, 17.205, 17.462, 114.796, 101.9, 100, 0, 0, 30.753, 30.002, 100, 4.425, 91.638, 0, 0, 93.011, 78.312, 0, 0, 0, 0, 0, 13.975, 0, 12.5, 0, 3.94, 165, 0, 0, 0, 74, 1, 0.018, 0.018, 114.796, 101.9, 100, 0, 0, 141, 30.753, 30.002, 100, 4.425, 0, 91.638, 0, 0, 93.011, 78.312, 0, 0, 0, 0, 
2.4, 17.44, 100.36, 73.85, 74.633, , 16.002, 0.986, 225.756, 225.756, 4.024, 382.308, 382.308, 382.308, 50.852, 98.728, 34.782, 34.851, 7.382, 13.53, 0, 0, 80.26, 81.377, 80.26, 81.377, 1, 79.763, 79.763, 0.025, 0.133, 103.832, 105.282, 103.832, 105.282, 5.631, 7.382, 13.53, , , 1, 2.485, 0, 0, 12.5, 4.024, 165, 0, 0, 0, 74, 17.43, 17.654, 114.385, 101.773, 100, 0, 0, 31.096, 30.231, 100, 4.423, 92.951, 0, 0, 94.153, 80.015, 0, 0, 0, 0, 0, 13.963, 0, 12.5, 0, 4.024, 165, 0, 0, 0, 74, 1, 0.018, 0.018, 114.385, 101.773, 100, 0, 0, 141, 31.096, 30.231, 100, 4.423, 0, 92.951, 0, 0, 94.153, 80.015, 0, 0, 0, 0, 
2.45, 17.439, 100.36, 73.85, 74.635, , 16.003, 0.986, 231.516, 231.516, 4.109, 382.364, 382.364, 382.364, 51.073, 99.663, 34.961, 34.707, 7.383, 13.498, 0, 0, 81.058, 82.188, 81.058, 82.188, 1, 80.609, 80.609, 0.025, 0.134, 103.43, 104.874, 103.43, 104.874, 5.661, 7.383, 13.498, , , 1, 2.535, 0, 0, 12.5, 4.109, 165, 0, 0, 0, 74, 17.655, 17.845, 113.974, 101.645, 100, 0, 0, 31.438, 30.459, 100, 4.42, 94.264, 0, 0, 95.295, 81.718, 0, 0, 0, 0, 0, 13.952, 0, 12.5, 0, 4.109, 165, 0, 0, 0, 74, 1, 0.018, 0.018, 113.974, 101.645, 100, 0, 0, 141, 31.438, 30.459, 100, 4.42, 0, 94.264, 0, 0, 95.295, 81.718, 0, 0, 0, 0, 
2.5, 17.438, 100.36, 73.85, 74.636, , 16.009, 0.986, 237.26, 237.26, 4.158, 382.526, 382.526, 382.526, 51.11, 97.837, 35.14, 34.564, 7.384, 13.475, 0, 0, 81.871, 83.012, 81.871, 83.012, 1, 81.381, 81.381, 0.025, 0.134, 103.382, 104.825, 103.382, 104.825, 5.692, 7.384, 13.475, , , 1, 2.585, 0, 0, 12.5, 4.158, 165, 0, 0, 0, 74, 17.744, 17.934, 113.74, 101.557, 100, 0, 0, 31.634, 30.634, 100, 4.418, 94.901, 0, 0, 95.901, 82.689, 0, 0, 0, 0, 0, 13.941, 0, 12.5, 0, 4.158, 165, 0, 0, 0, 74, 1, 0.018, 0.018, 113.74, 101.557, 100, 0, 0, 141, 31.634, 30.634, 100, 4.418, 0, 94.901, 0, 0, 95.901, 82.689, 0, 0, 0, 0, 
2.55, 17.437, 100.36, 73.85, 74.638, , 15.985, 0.986, 243.081, 243.081, 4.2, 381.993, 381.993, 381.993, 51.125, 94.456, 35.32, 34.42, 7.385, 13.456, 0, 0, 82.553, 83.703, 82.553, 83.703, 1, 82.17, 82.17, 0.025, 0.134, 103.206, 104.646, 103.206, 104.646, 5.723, 7.385, 13.456, , , 1, 2.635, 0, 0, 12.5, 4.2, 165, 0, 0, 0, 74, 17.804, 18.001, 113.544, 101.477, 100, 0, 0, 31.797, 30.797, 100, 4.416, 95.39, 0, 0, 96.39, 83.499, 0, 0, 0, 0, 0, 13.93, 0, 12.5, 0, 4.2, 165, 0, 0, 0, 74, 1, 0.018, 0.018, 113.544, 101.477, 100, 0, 0, 141, 31.797, 30.797, 100, 4.416, 0, 95.39, 0, 0, 96.39, 83.499, 0, 0, 0, 0, 
2.6, 17.435, 100.36, 73.85, 74.639, , 15.961, 0.986, 249.068, 249.068, 4.243, 381.44, 381.44, 381.44, 51.155, 91.076, 35.436, 34.372, 7.387, 13.445, 0, 0, 83.212, 84.373, 83.212, 84.373, 1, 82.948, 82.948, 0.025, 0.135, 102.996, 104.433, 102.996, 104.433, 5.749, 7.387, 13.445, , , 1, 2.685, 0, 0, 12.5, 4.243, 165, 0, 0, 0, 74, 17.864, 18.067, 113.348, 101.397, 100, 0, 0, 31.96, 30.96, 100, 4.414, 95.879, 0, 0, 96.879, 84.309, 0, 0, 0, 0, 0, 13.919, 0, 12.5, 0, 4.243, 165, 0, 0, 0, 74, 1, 0.018, 0.018, 113.348, 101.397, 100, 0, 0, 141, 31.96, 30.96, 100, 4.414, 0, 95.879, 0, 0, 96.879, 84.309, 0, 0, 0, 0, 
2.65, 17.434, 100.36, 73.85, 74.641, , 15.912, 0.986, 255.055, 255.055, 4.285, 380.293, 380.293, 380.293, 51.197, 87.695, 35.472, 34.444, 7.388, 13.434, 0, 0, 83.744, 84.91, 83.744, 84.91, 1, 83.726, 83.726, 0.025, 0.135, 102.599, 104.031, 102.599, 104.031, 5.762, 7.388, 13.434, , , 1, 2.735, 0, 0, 12.5, 4.285, 165, 0, 0, 0, 74, 17.923, 18.133, 113.153, 101.316, 100, 0, 0, 32.123, 31.123, 100, 4.412, 96.368, 0, 0, 97.368, 85.118, 0, 0, 0, 0, 0, 13.908, 0, 12.5, 0, 4.285, 165, 0, 0, 0, 74, 1, 0.018, 0.018, 113.153, 101.316, 100, 0, 0, 141, 32.123, 31.123, 100, 4.412, 0, 96.368, 0, 0, 97.368, 85.118, 0, 0, 0, 0, 
2.7, 17.433, 100.36, 73.85, 74.642, , 15.841, 0.986, 261.042, 261.042, 4.328, 378.645, 378.645, 378.645, 51.25, 84.315, 35.508, 34.516, 7.388, 13.423, 0, 0, 84.151, 85.324, 84.151, 85.324, 1, 84.503, 84.503, 0.025, 0.135, 102.054, 103.478, 102.054, 103.478, 5.775, 7.388, 13.423, , , 1, 2.785, 0, 0, 12.5, 4.328, 165, 0, 0, 0, 74, 17.995, 18.21, 112.955, 101.235, 100, 0, 0, 32.275, 31.288, 100, 4.41, 96.888, 0, 0, 97.888, 85.921, 0, 0, 0, 0, 0, 13.9, 0, 12.5, 0, 4.328, 165, 0, 0, 0, 74, 1, 0.018, 0.018, 112.955, 101.235, 100, 0, 0, 141, 32.275, 31.288, 100, 4.41, 0, 96.888, 0, 0, 97.888, 85.921, 0, 0, 0, 0, 
2.75, 17.432, 100.36, 73.85, 74.644, , 15.782, 0.986, 267.173, 267.173, 4.371, 377.248, 377.248, 377.248, 51.297, 80.935, 35.544, 34.588, 7.388, 13.408, 0, 0, 84.611, 85.789, 84.611, 85.789, 1, 85.285, 85.285, 0.025, 0.135, 101.587, 103.003, 101.587, 103.003, 5.789, 7.388, 13.408, , , 1, 2.835, 0, 0, 12.5, 4.371, 165, 0, 0, 0, 74, 18.106, 18.321, 112.75, 101.153, 100, 0, 0, 32.389, 31.458, 100, 4.41, 97.512, 0, 0, 98.512, 86.697, 0, 0, 0, 0, 0, 13.9, 0, 12.5, 0, 4.371, 165, 0, 0, 0, 74, 1, 0.018, 0.018, 112.75, 101.152, 100, 0, 0, 141, 32.389, 31.458, 100, 4.41, 0, 97.512, 0, 0, 98.512, 86.697, 0, 0, 0, 0, 
2.8, 17.431, 100.36, 73.85, 74.646, , 15.722, 0.986, 273.318, 273.318, 4.414, 375.871, 375.871, 375.871, 51.329, 77.554, 35.58, 34.66, 7.387, 13.386, 0, 0, 85.068, 86.253, 85.068, 86.253, 1, 86.055, 86.055, 0.025, 0.134, 101.154, 102.564, 101.154, 102.564, 5.81, 7.387, 13.386, , , 1, 2.886, 0, 0, 12.5, 4.414, 165, 0, 0, 0, 74, 18.217, 18.432, 112.546, 101.07, 100, 0, 0, 32.502, 31.628, 100, 4.41, 98.138, 0, 0, 99.138, 87.473, 0, 0, 0, 0, 0, 13.9, 0, 12.5, 0, 4.414, 165, 0, 0, 0, 74, 1, 0.018, 0.018, 112.546, 101.069, 100, 0, 0, 141, 32.502, 31.628, 100, 4.41, 0, 98.138, 0, 0, 99.138, 87.473, 0, 0, 0, 0, 
2.85, 17.43, 100.36, 73.85, 74.647, , 15.652, 0.986, 279.463, 279.463, 4.458, 374.232, 374.232, 374.232, 51.344, 74.174, 35.568, 34.938, 7.385, 13.357, 0, 0, 85.446, 86.637, 85.446, 86.637, 1, 86.821, 86.821, 0.025, 0.134, 100.679, 102.082, 100.679, 102.082, 5.855, 7.385, 13.357, , , 1, 2.936, 0, 0, 12.5, 4.458, 165, 0, 0, 0, 74, 18.329, 18.544, 112.341, 100.987, 100, 0, 0, 32.616, 31.799, 100, 4.41, 98.762, 0, 0, 99.762, 88.249, 0, 0, 0, 0, 0, 13.9, 0, 12.5, 0, 4.458, 165, 0, 0, 0, 74, 1, 0.018, 0.018, 112.341, 100.986, 100, 0, 0, 141, 32.616, 31.799, 100, 4.41, 0, 98.762, 0, 0, 99.762, 88.249, 0, 0, 0, 0, 
2.9, 17.429, 100.36, 73.85, 74.649, , 15.586, 0.986, 285.755, 285.755, 4.501, 372.687, 372.687, 372.687, 51.345, 70.794, 35.496, 35.478, 7.383, 13.311, 0, 0, 85.847, 87.044, 85.847, 87.044, 1, 87.592, 87.592, 0.025, 0.134, 100.264, 101.66, 100.264, 101.66, 5.9, 7.383, 13.311, , , 1, 2.985, 0, 0, 12.5, 4.501, 165, 0, 0, 0, 74, 18.44, 18.655, 112.137, 100.905, 100, 0, 0, 32.73, 31.969, 100, 4.41, 99.388, 0, 0, 100.388, 89.025, 0, 0, 0, 0, 0, 13.9, 0, 12.5, 0, 4.501, 165, 0, 0, 0, 74, 1, 0.018, 0.018, 112.137, 100.903, 100, 0, 0, 141, 32.73, 31.969, 100, 4.41, 0, 99.388, 0, 0, 100.388, 89.025, 0, 0, 0, 0, 
2.95, 17.427, 100.36, 73.85, 74.65, , 15.525, 0.986, 292.066, 292.066, 4.524, 371.263, 371.263, 371.263, 51.311, 67.413, 35.424, 36.018, 7.382, 13.262, 0, 0, 86.255, 87.458, 86.255, 87.458, 1, 88.356, 88.356, 0.025, 0.134, 99.946, 101.338, 99.946, 101.338, 5.945, 7.382, 13.262, , , 1, 3.035, 0, 0, 12.5, 4.524, 165, 0, 0, 0, 74, 18.526, 18.735, 111.94, 100.858, 100, 0, 0, 32.795, 32.089, 100, 4.41, 99.767, 0, 0, 100.767, 89.442, 0, 0, 0, 0, 0, 13.9, 0, 12.5, 0, 4.524, 165, 0, 0, 0, 74, 1, 0.019, 0.019, 111.94, 100.857, 100, 0, 0, 141, 32.795, 32.089, 100, 4.41, 0, 99.767, 0, 0, 100.767, 89.442, 0, 0, 0, 0, 
3, 17.426, 100.36, 73.85, 74.652, , 15.457, 0.986, 298.493, 298.493, 4.544, 369.664, 369.664, 369.664, 51.227, 64.033, 35.352, 36.558, 7.381, 13.202, 0, 0, 86.623, 87.831, 86.623, 87.831, 1, 89.113, 89.113, 0.025, 0.134, 99.668, 101.057, 99.668, 101.057, 5.99, 7.381, 13.202, , , 1, 3.085, 0, 0, 12.5, 4.544, 165, 0, 0, 0, 74, 18.606, 18.808, 111.744, 100.819, 100, 0, 0, 32.849, 32.198, 100, 4.41, 100.093, 0, 0, 101.093, 89.78, 0, 0, 0, 0, 0, 13.9, 0, 12.5, 0, 4.544, 165, 0, 0, 0, 74, 1, 0.019, 0.019, 111.744, 100.818, 100, 0, 0, 141, 32.849, 32.198, 100, 4.41, 0, 100.093, 0, 0, 101.093, 89.78, 0, 0, 0, 0, 
3.05, 17.425, 100.36, 73.85, 74.653, , 15.35, 0.986, 304.849, 304.849, 4.563, 367.147, 367.147, 367.147, 51.103, 60.653, 35.28, 37.098, 7.38, 13.138, 0, 0, 86.765, 87.975, 86.765, 87.975, 1, 89.863, 89.863, 0.025, 0.134, 99.236, 100.619, 99.236, 100.619, 6.064, 7.38, 13.138, , , 1, 3.135, 0, 0, 12.5, 4.563, 165, 0, 0, 0, 74, 18.687, 18.88, 111.548, 100.78, 100, 0, 0, 32.903, 32.307, 100, 4.41, 100.42, 0, 0, 101.42, 90.118, 0, 0, 0, 0, 0, 13.9, 0, 12.5, 0, 4.563, 165, 0, 0, 0, 74, 1, 0.019, 0.019, 111.548, 100.779, 100, 0, 0, 141, 32.903, 32.307, 100, 4.41, 0, 100.42, 0, 0, 101.42, 90.118, 0, 0, 0, 0, 
3.1, 17.424, 100.36, 73.85, 74.655, , 15.259, 0.986, 311.424, 311.424, 4.582, 365.013, 365.013, 365.013, 50.934, 57.272, 35.16, 37.193, 7.381, 13.062, 0, 0, 86.984, 88.196, 86.984, 88.196, 1, 90.613, 90.613, 0.025, 0.133, 98.989, 100.37, 98.989, 100.37, 6.138, 7.381, 13.062, , , 1, 3.185, 0, 0, 12.5, 4.582, 165, 0, 0, 0, 74, 18.767, 18.953, 111.353, 100.741, 100, 0, 0, 32.958, 32.415, 100, 4.41, 100.746, 0, 0, 101.746, 90.456, 0, 0, 0, 0, 0, 13.9, 0, 12.5, 0, 4.582, 165, 0, 0, 0, 74, 1, 0.019, 0.019, 111.353, 100.74, 100, 0, 0, 141, 32.958, 32.415, 100, 4.41, 0, 100.746, 0, 0, 101.746, 90.456, 0, 0, 0, 0, 
3.15, 17.423, 100.36, 73.85, 74.656, , 15.178, 0.986, 317.962, 317.962, 4.605, 363.117, 363.117, 363.117, 50.718, 53.892, 34.98, 36.723, 7.382, 12.985, 0, 0, 87.249, 88.465, 87.249, 88.465, 1, 91.366, 91.366, 0.025, 0.133, 98.89, 100.268, 98.89, 100.268, 6.211, 7.382, 12.985, , , 1, 3.235, 0, 0, 12.5, 4.605, 165, 0, 0, 0, 74, 18.831, 19.009, 111.167, 100.683, 100, 0, 0, 33.018, 32.509, 100, 4.41, 101.05, 0, 0, 102.041, 90.925, 0, 0, 0, 0, 0, 13.9, 0, 12.5, 0, 4.605, 165, 0, 0, 0, 74, 1, 0.019, 0.019, 111.167, 100.683, 100, 0, 0, 141, 33.018, 32.509, 100, 4.41, 0, 101.05, 0, 0, 102.041, 90.925, 0, 0, 0, 0, 
3.2, 17.422, 100.36, 73.85, 74.658, , 15.1, 0.986, 325.734, 325.734, 4.641, 361.307, 361.307, 361.307, 50.48, 50.512, 34.799, 36.253, 7.383, 12.904, 0, 0, 87.642, 88.863, 87.642, 88.863, 1, 92.111, 92.111, 0.024, 0.133, 98.943, 100.325, 98.943, 100.325, 6.285, 7.383, 12.904, , , 1, 3.285, 0, 0, 12.5, 4.641, 165, 0, 0, 0, 74, 18.834, 19.005, 111.017, 100.559, 100, 0, 0, 33.102, 32.551, 100, 4.41, 101.28, 0, 0, 102.229, 91.857, 0, 0, 0, 0, 0, 13.9, 0, 12.5, 0, 4.641, 165, 0, 0, 0, 74, 1, 0.019, 0.019, 111.017, 100.559, 100, 0, 0, 141, 33.102, 32.551, 100, 4.41, 0, 101.28, 0, 0, 102.229, 91.857, 0, 0, 0, 0, 
3.25, 17.421, 100.36, 73.85, 74.659, , 15.017, 0.986, 333.506, 333.506, 4.677, 359.357, 359.357, 359.357, 50.166, , 34.618, 35.784, 7.384, 12.818, 0, 0, 87.98, 89.206, 87.98, 89.206, 1, 93.108, 93.108, 0.024, 0.132, 98.942, 100.324, 98.942, 100.324, 6.339, 7.384, 12.818, , , 1, 3.335, 0, 0, 12.5, 4.677, 165, 0, 0, 0, 74, 18.837, 19.002, 110.867, 100.436, 100, 0, 0, 33.185, 32.592, 100, 4.41, 101.509, 0, 0, 102.416, 92.789, 0, 0, 0, 0, 0, 13.9, 0, 12.5, 0, 4.677, 165, 0, 0, 0, 74, 1, 0.019, 0.019, 110.867, 100.436, 100, 0, 0, 141, 33.185, 32.592, 100, 4.41, 0, 101.509, 0, 0, 102.416, 92.789, 0, 0, 0, 0, 
3.3, 17.419, 100.36, 73.85, 74.659, , 14.964, 0.986, 340.311, 340.311, 4.713, 358.124, 358.124, 358.124, 49.94, , 34.438, 35.314, 7.385, 12.715, 0, 0, 88.38, 89.612, 88.38, 89.612, 1, 93.838, 93.838, 0.025, 0.132, 99.058, 100.441, 99.058, 100.441, 6.387, 7.385, 12.715, , , 1, 3.385, 0, 0, 12.5, 4.713, 165, 0, 0, 0, 74, 18.841, 18.998, 110.717, 100.312, 100, 0, 0, 33.268, 32.634, 100, 4.41, 101.738, 0, 0, 102.604, 93.721, 0, 0, 0, 0, 0, 13.9, 0, 12.5, 0, 4.713, 165, 0, 0, 0, 74, 1, 0.019, 0.019, 110.717, 100.312, 100, 0, 0, 141, 33.268, 32.634, 100, 4.41, 0, 101.738, 0, 0, 102.604, 93.721, 0, 0, 0, 0, 
3.35, 17.418, 100.36, 73.85, 74.658, , 14.906, 0.986, 347.092, 347.092, 4.749, 356.785, 356.785, 356.785, 49.716, , 34.406, 35.109, 7.386, 12.612, 0, 0, 88.739, 89.976, 88.739, 89.976, 1, 94.574, 94.574, 0.025, 0.132, 99.132, 100.516, 99.132, 100.516, 6.435, 7.386, 12.612, , , 1, 3.435, 0, 0, 12.5, 4.749, 165, 0, 0, 0, 74, 18.844, 18.994, 110.567, 100.189, 100, 0, 0, 33.352, 32.676, 100, 4.41, 101.967, 0, 0, 102.791, 94.653, 0, 0, 0, 0, 0, 13.9, 0, 12.5, 0, 4.749, 165, 0, 0, 0, 74, 1, 0.019, 0.019, 110.567, 100.189, 100, 0, 0, 141, 33.352, 32.676, 100, 4.41, 0, 101.967, 0, 0, 102.791, 94.653, 0, 0, 0, 0, 
3.4, 17.417, 100.36, 73.85, 74.656, , 14.877, 0.986, 353.822, 353.822, 4.784, 356.121, 356.121, 356.121, 49.499, , 34.549, 35.217, 7.385, 12.506, 0, 0, 89.256, 90.5, 89.256, 90.5, 1, 95.299, 95.299, 0.025, 0.132, 99.382, 100.77, 99.382, 100.77, 6.483, 7.385, 12.506, , , 1, 3.484, 0, 0, 12.5, 4.784, 165, 0, 0, 0, 74, 18.847, 18.99, 110.417, 100.065, 100, 0, 0, 33.435, 32.718, 100, 4.41, 102.196, 0, 0, 102.979, 95.585, 0, 0, 0, 0, 0, 13.9, 0, 12.5, 0, 4.785, 165, 0, 0, 0, 74, 1, 0.019, 0.019, 110.417, 100.065, 100, 0, 0, 141, 33.435, 32.718, 100, 4.41, 0, 102.196, 0, 0, 102.979, 95.585, 0, 0, 0, 0, 
3.45, 17.416, 100.36, 73.85, 74.655, , 14.848, 0.986, 360.794, 360.794, 4.82, 355.441, 355.441, 355.441, 49.283, , 34.693, 35.325, 7.384, 12.404, 0, 0, 89.776, 91.027, 89.776, 91.027, 1, 96.031, 96.031, 0.025, 0.131, 99.629, 101.02, 99.629, 101.02, 6.513, 7.384, 12.404, , , 1, 3.534, 0, 0, 12.5, 4.82, 165, 0, 0, 0, 74, 18.851, 18.987, 110.267, 99.942, 100, 0, 0, 33.518, 32.759, 100, 4.41, 102.425, 0, 0, 103.166, 96.518, 0, 0, 0, 0, 0, 13.9, 0, 12.5, 0, 4.821, 165, 0, 0, 0, 74, 1, 0.019, 0.019, 110.267, 99.942, 100, 0, 0, 141, 33.518, 32.759, 100, 4.41, 0, 102.425, 0, 0, 103.166, 96.518, 0, 0, 0, 0, 
3.5, 17.415, 100.36, 73.85, 74.653, , 14.791, 0.986, 367.695, 367.695, 4.856, 354.136, 354.136, 354.136, 49.072, , 34.836, 35.432, 7.382, 12.314, 0, 0, 90.12, 91.376, 90.12, 91.376, 1, 96.762, 96.762, 0.025, 0.131, 99.67, 101.059, 99.67, 101.059, 6.537, 7.382, 12.314, , , 1, 3.584, 0, 0, 12.5, 4.856, 165, 0, 0, 0, 74, 18.854, 18.983, 110.117, 99.818, 100, 0, 0, 33.602, 32.801, 100, 4.41, 102.655, 0, 0, 103.354, 97.45, 0, 0, 0, 0, 0, 13.9, 0, 12.5, 0, 4.857, 165, 0, 0, 0, 74, 1, 0.019, 0.019, 110.117, 99.818, 100, 0, 0, 141, 33.602, 32.801, 100, 4.41, 0, 102.655, 0, 0, 103.354, 97.45, 0, 0, 0, 0, 
3.55, 17.414, 100.36, 73.85, 74.652, , 14.761, 0.986, 374.662, 374.662, 4.892, 353.44, 353.44, 353.44, 48.967, , 34.98, 35.54, 7.381, 12.235, 0, 0, 90.614, 91.875, 90.614, 91.875, 1, 97.493, 97.493, 0.025, 0.131, 99.684, 101.073, 99.684, 101.073, 6.562, 7.381, 12.235, , , 1, 3.635, 0, 0, 12.5, 4.892, 165, 0, 0, 0, 74, 18.857, 18.979, 109.967, 99.695, 100, 0, 0, 33.685, 32.842, 100, 4.41, 102.884, 0, 0, 103.541, 98.382, 0, 0, 0, 0, 0, 13.9, 0, 12.5, 0, 4.893, 165, 0, 0, 0, 74, 1, 0.019, 0.019, 109.967, 99.695, 100, 0, 0, 141, 33.685, 32.842, 100, 4.41, 0, 102.884, 0, 0, 103.541, 98.382, 0, 0, 0, 0, 
3.6, 17.413, 100.36, 73.85, 74.65, , 14.726, 0.986, 381.738, 381.738, 4.928, 352.638, 352.638, 352.638, 49.021, , 35.029, 35.6, 7.38, 12.197, 0, 0, 91.08, 92.349, 91.08, 92.349, 1, 98.211, 98.211, 0.025, 0.131, 99.354, 100.739, 99.354, 100.739, 6.586, 7.38, 12.197, , , 1, 3.685, 0, 0, 12.5, 4.928, 165, 0, 0, 0, 74, 18.861, 18.975, 109.817, 99.571, 100, 0, 0, 33.768, 32.884, 100, 4.41, 103.113, 0, 0, 103.729, 99.314, 0, 0, 0, 0, 0, 13.9, 0, 12.5, 0, 4.929, 165, 0, 0, 0, 74, 1, 0.019, 0.019, 109.817, 99.571, 100, 0, 0, 141, 33.768, 32.884, 100, 4.41, 0, 103.113, 0, 0, 103.729, 99.314, 0, 0, 0, 0, 
3.65, 17.411, 100.36, 73.85, 74.649, , 14.669, 0.986, 388.814, 388.814, 4.964, 351.302, 351.302, 351.302, 49.237, , 34.959, 35.6, 7.379, 12.171, 0, 0, 91.402, 92.676, 91.402, 92.676, 1, 98.942, 98.942, 0.025, 0.131, 98.563, 99.937, 98.563, 99.937, 6.617, 7.379, 12.171, , , 1, 3.735, 0, 0, 12.5, 4.964, 165, 0, 0, 0, 74, 18.864, 18.972, 109.667, 99.447, 100, 0, 0, 33.852, 32.926, 100, 4.41, 103.342, 0, 0, 103.916, 100.246, 0, 0, 0, 0, 0, 13.9, 0, 12.5, 0, 4.965, 165, 0, 0, 0, 74, 1, 0.019, 0.019, 109.667, 99.447, 100, 0, 0, 141, 33.852, 32.926, 100, 4.41, 0, 103.342, 0, 0, 103.916, 100.246, 0, 0, 0, 0, 
3.7, 17.41, 100.36, 73.85, 74.647, , 14.601, 0.986, 396.031, 396.031, 5, 349.717, 349.717, 349.717, 49.605, , 34.889, 35.6, 7.38, 12.192, 0, 0, 91.658, 92.936, 91.658, 92.936, 1, 99.653, 99.653, 0.025, 0.131, 97.386, 98.743, 97.386, 98.743, 6.656, 7.38, 12.192, , , 1, 3.785, 0, 0, 12.5, 5, 165, 0, 0, 0, 74, 18.867, 18.968, 109.517, 99.324, 100, 0, 0, 33.935, 32.968, 100, 4.41, 103.571, 0, 0, 104.104, 101.178, 0, 0, 0, 0, 0, 13.9, 0, 12.5, 0, 5.001, 165, 0, 0, 0, 74, 1, 0.019, 0.019, 109.517, 99.324, 100, 0, 0, 141, 33.935, 32.968, 100, 4.41, 0, 103.571, 0, 0, 104.104, 101.178, 0, 0, 0, 0, 
3.75, 17.409, 100.36, 73.85, 74.646, , 14.52, 0.986, 403.226, 403.226, 5.043, 347.81, 347.81, 347.81, 50.139, , 34.819, 35.6, 7.381, 12.219, 0, 0, 91.808, 93.088, 91.808, 93.088, 1, 100.375, 100.375, 0.025, 0.131, 95.846, 97.181, 95.846, 97.181, 6.694, 7.381, 12.219, , , 1, 3.835, 0, 0, 12.5, 5.043, 165, 0, 0, 0, 74, 18.826, 18.918, 109.276, 99.174, 100, 0, 0, 34.034, 33, 100, 4.41, 103.6, 0, 0, 104.078, 102.062, 0, 0, 0, 0, 0, 13.9, 0, 12.5, 0, 5.045, 165, 0, 0, 0, 74, 1, 0.018, 0.019, 109.276, 99.174, 100, 0, 0, 141, 34.034, 33, 100, 4.41, 0, 103.6, 0, 0, 104.077, 102.062, 0, 0, 0, 0, 
3.8, 17.408, 100.36, 73.85, 74.644, , 14.465, 0.986, 410.524, 410.524, 5.113, 346.541, 346.541, 346.541, 50.695, , 34.749, 35.6, 7.383, 12.28, 0, 0, 92.126, 93.411, 92.126, 93.411, 1, 101.092, 101.092, 0.024, 0.131, 94.458, 95.775, 94.458, 95.775, 6.733, 7.383, 12.28, , , 1, 3.885, 0, 0, 12.5, 5.113, 165, 0, 0, 0, 74, 18.625, 18.707, 108.714, 98.943, 100, 0, 0, 34.191, 33, 100, 4.41, 102.921, 0, 0, 103.297, 102.774, 0, 0, 0, 0, 0, 13.9, 0, 12.5, 0, 5.114, 165, 0, 0, 0, 74, 1, 0.018, 0.019, 108.714, 98.943, 100, 0, 0, 141, 34.191, 33, 100, 4.41, 0, 102.921, 0, 0, 103.293, 102.774, 0, 0, 0, 0, 
3.85, 17.407, 100.36, 73.85, 74.642, , 14.401, 0.986, 417.821, 417.821, 5.182, 345.038, 345.038, 345.038, 51.124, , 34.8, 35.544, 7.384, 12.343, 0, 0, 92.368, 93.656, 92.368, 93.656, 1, 101.799, 101.799, 0.024, 0.131, 93.226, 94.525, 93.226, 94.525, 6.774, 7.384, 12.343, , , 1, 3.935, 0, 0, 12.5, 5.182, 165, 0, 0, 0, 74, 18.424, 18.496, 108.151, 98.712, 100, 0, 0, 34.347, 33, 100, 4.41, 102.241, 0, 0, 102.516, 103.487, 0, 0, 0, 0, 0, 13.9, 0, 12.5, 0, 5.183, 165, 0, 0, 0, 74, 1, 0.018, 0.018, 108.151, 98.712, 100, 0, 0, 141, 34.347, 33, 100, 4.41, 0, 102.241, 0, 0, 102.508, 103.487, 0, 0, 0, 0, 
3.9, 17.406, 100.36, 73.85, 74.641, , 14.283, 0.986, 425.118, 425.118, 5.251, 342.276, 342.276, 342.276, 51.446, , 35.133, 35.359, 7.385, 12.426, 0, 0, 92.257, 93.543, 92.257, 93.543, 1, 102.499, 102.499, 0.024, 0.131, 91.908, 93.189, 91.908, 93.189, 6.821, 7.385, 12.426, , , 1, 3.985, 0, 0, 12.5, 5.251, 165, 0, 0, 0, 74, 18.223, 18.284, 107.589, 98.481, 100, 0, 0, 34.503, 33, 100, 4.41, 101.561, 0, 0, 101.734, 104.199, 0, 0, 0, 0, 0, 13.9, 0, 12.5, 0, 5.252, 165, 0, 0, 0, 74, 1, 0.018, 0.018, 107.589, 98.481, 100, 0, 0, 141, 34.503, 33, 100, 4.41, 0, 101.561, 0, 0, 101.724, 104.199, 0, 0, 0, 0, 
3.95, 17.405, 100.36, 73.85, 74.639, , 14.22, 0.986, 432.579, 432.579, 5.321, 340.809, 340.809, 340.809, 51.644, , 35.467, 35.174, 7.386, 12.507, 0, 0, 92.497, 93.786, 92.497, 93.786, 1, 103.201, 103.201, 0.024, 0.131, 91.14, 92.41, 91.14, 92.41, 6.869, 7.386, 12.507, , , 1, 4.034, 0, 0, 12.5, 5.321, 165, 0, 0, 0, 74, 18.022, 18.073, 107.026, 98.25, 100, 0, 0, 34.659, 33, 100, 4.41, 100.881, 0, 0, 100.953, 104.912, 0, 0, 0, 0, 0, 13.9, 0, 12.5, 0, 5.321, 165, 0, 0, 0, 74, 1, 0.018, 0.018, 107.026, 98.25, 100, 0, 0, 141, 34.659, 33, 100, 4.41, 0, 100.881, 0, 0, 100.939, 104.912, 0, 0, 0, 0, 
4, 17.403, 100.36, 73.85, 74.638, , 14.175, 0.986, 440.111, 440.111, 5.369, 339.754, 339.754, 339.754, 51.732, , 35.8, 34.989, 7.385, 12.579, 0, 0, 92.839, 94.133, 92.839, 94.133, 1, 103.902, 103.902, 0.024, 0.131, 90.715, 91.979, 90.715, 91.979, 6.916, 7.385, 12.579, , , 1, 4.085, 0, 0, 12.5, 5.369, 165, 0, 0, 0, 74, 17.865, 17.906, 106.614, 98.083, 100, 0, 0, 34.774, 33, 100, 4.41, 100.301, 0, 0, 100.309, 105.473, 0, 0, 0, 0, 0, 13.9, 0, 12.5, 0, 5.369, 165, 0, 0, 0, 74, 1, 0.017, 0.017, 106.614, 98.083, 100, 0, 0, 141, 34.774, 33, 100, 4.41, 0, 100.301, 0, 0, 100.301, 105.473, 0, 0, 0, 0, 
4.05, 17.402, 100.36, 73.85, 74.636, , 14.066, 0.986, 447.643, 447.643, 5.389, 337.209, 337.209, 337.209, 51.76, , 36.133, 34.804, 7.384, 12.651, 0, 0, 92.762, 94.055, 92.762, 94.055, 1, 104.597, 104.597, 0.024, 0.131, 89.988, 91.241, 89.988, 91.241, 6.963, 7.384, 12.651, , , 1, 4.135, 0, 0, 12.5, 5.389, 165, 0, 0, 0, 74, 17.771, 17.802, 106.41, 97.999, 100, 0, 0, 34.831, 33, 100, 4.41, 99.848, 0, 0, 99.855, 105.827, 0, 0, 0, 0, 0, 13.9, 0, 12.5, 0, 5.389, 165, 0, 0, 0, 74, 1, 0.017, 0.017, 106.41, 97.999, 100, 0, 0, 141, 34.831, 33, 100, 4.41, 0, 99.848, 0, 0, 99.848, 105.827, 0, 0, 0, 0, 
4.1, 17.401, 100.36, 73.85, 74.635, , 13.97, 0.986, 455.175, 455.175, 5.41, 334.951, 334.951, 334.951, 51.775, , 36.146, 34.748, 7.383, 12.715, 0, 0, 92.747, 94.04, 92.747, 94.04, 1, 105.291, 105.291, 0.024, 0.131, 89.357, 90.602, 89.357, 90.602, 7.007, 7.383, 12.715, , , 1, 4.186, 0, 0, 12.5, 5.41, 165, 0, 0, 0, 74, 17.677, 17.697, 106.205, 97.915, 100, 0, 0, 34.888, 33, 100, 4.41, 99.396, 0, 0, 99.4, 106.18, 0, 0, 0, 0, 0, 13.9, 0, 12.5, 0, 5.41, 165, 0, 0, 0, 74, 1, 0.017, 0.017, 106.205, 97.915, 100, 0, 0, 141, 34.888, 33, 100, 4.41, 0, 99.396, 0, 0, 99.396, 106.18, 0, 0, 0, 0, 
4.15, 17.4, 100.36, 73.85, 74.633, , 13.866, 0.986, 465.133, 465.133, 5.43, 332.52, 332.52, 332.52, 51.774, , 35.75, 34.856, 7.382, 12.778, 0, 0, 92.846, 94.141, 92.846, 94.141, 1, 106.184, 106.184, 0.024, 0.131, 88.71, 89.946, 88.71, 89.946, 7.051, 7.382, 12.778, , , 1, 4.235, 0, 0, 12.5, 5.43, 165, 0, 0, 0, 74, 17.582, 17.592, 106, 97.831, 100, 0, 0, 34.944, 33, 100, 4.41, 98.943, 0, 0, 98.945, 106.534, 0, 0, 0, 0, 0, 13.9, 0, 12.5, 0, 5.43, 165, 0, 0, 0, 74, 1, 0.017, 0.017, 106, 97.831, 100, 0, 0, 141, 34.944, 33, 100, 4.41, 0, 98.943, 0, 0, 98.943, 106.534, 0, 0, 0, 0, 
4.2, 17.399, , , 74.632, , 13.764, , 472.761, 472.761, 5.452, 330.114, 330.114, 330.114, 51.765, , 35.354, 34.964, 7.381, 12.812, 0, 0, 92.763, 94.057, 92.763, 94.057, 1, 106.863, 106.863, 0.024, 0.131, 88.082, 89.31, 88.082, 89.31, 7.095, 7.381, 12.812, , , 1, 4.285, 0, 0, 12.5, 5.452, 165, 0, 0, 0, 74, 17.491, 17.491, 105.793, 97.743, 100, 0, 0, 35.001, 33.001, 100, 4.41, 98.504, 0, 0, 98.504, 106.901, 0, 0, 0, 0, 0, 13.9, 0, 12.5, 0, 5.452, 165, 0, 0, 0, 74, 1, 0.017, 0.017, 105.793, 97.743, 100, 0, 0, 141, 35.001, 33.001, 100, 4.41, 0, 98.504, 0, 0, 98.504, 106.901, 0, 0, 0, 0, 
4.25, 17.398, , , 74.63, , 13.653, , 480.544, 480.544, 5.503, 327.504, 327.504, 327.504, 51.752, , 34.958, 35.072, 7.379, 12.846, 0, 0, 92.615, 93.907, 92.615, 93.907, 1, 107.537, 107.537, 0.024, 0.131, 87.409, 88.628, 87.409, 88.628, 7.139, 7.379, 12.846, , , 1, 4.335, 0, 0, 12.5, 5.503, 165, 0, 0, 0, 74, 17.517, 17.547, 105.434, 97.559, 100, 0, 0, 35.051, 33.051, 100, 4.41, 98.704, 0, 0, 98.704, 107.952, 0, 0, 0, 0, 0, 13.9, 0, 12.5, 0, 5.503, 165, 0, 0, 0, 74, 1, 0.017, 0.017, 105.434, 97.559, 100, 0, 0, 141, 35.051, 33.051, 100, 4.41, 0, 98.704, 0, 0, 98.704, 107.952, 0, 0, 0, 0, 
4.3, 17.397, , , 74.629, , 13.567, , 488.327, 488.327, 5.554, 325.503, 325.503, 325.503, 51.744, , 34.562, 35.18, 7.379, 12.864, 0, 0, 92.621, 93.913, 92.621, 93.913, 1, 108.209, 108.209, 0.024, 0.131, 86.886, 88.099, 86.886, 88.099, 7.172, 7.379, 12.864, , , 1, 4.385, 0, 0, 12.5, 5.554, 165, 0, 0, 0, 74, 17.544, 17.603, 105.076, 97.376, 100, 0, 0, 35.101, 33.101, 100, 4.41, 98.904, 0, 0, 98.904, 109.003, 0, 0, 0, 0, 0, 13.9, 0, 12.5, 0, 5.554, 165, 0, 0, 0, 74, 1, 0.017, 0.017, 105.076, 97.376, 100, 0, 0, 141, 35.101, 33.101, 100, 4.41, 0, 98.904, 0, 0, 98.904, 109.003, 0, 0, 0, 0, 
4.35, 17.395, , , 74.627, , 13.466, , 496.148, 496.148, 5.605, 323.134, 323.134, 323.134, 51.743, , 34.261, 35.272, 7.379, 12.881, 0, 0, 92.511, 93.802, 92.511, 93.802, 1, 108.869, 108.869, 0.024, 0.131, 86.257, 87.46, 86.257, 87.46, 7.204, 7.379, 12.881, , , 1, 4.435, 0, 0, 12.5, 5.605, 165, 0, 0, 0, 74, 17.571, 17.658, 104.717, 97.193, 100, 0, 0, 35.15, 33.15, 100, 4.41, 99.104, 0, 0, 99.104, 110.053, 0, 0, 0, 0, 0, 13.9, 0, 12.5, 0, 5.605, 165, 0, 0, 0, 74, 1, 0.018, 0.018, 104.717, 97.193, 100, 0, 0, 141, 35.15, 33.15, 100, 4.41, 0, 99.104, 0, 0, 99.104, 110.053, 0, 0, 0, 0, 
4.4, 17.394, , , 74.626, , 13.366, , 504.049, 504.049, 5.656, 320.787, 320.787, 320.787, 51.749, , 34.081, 35.344, 7.379, 12.87, 0, 0, 92.402, 93.69, 92.402, 93.69, 1, 109.534, 109.534, 0.024, 0.131, 85.623, 86.817, 85.623, 86.817, 7.236, 7.379, 12.87, , , 1, 4.485, 0, 0, 12.5, 5.656, 165, 0, 0, 0, 74, 17.598, 17.714, 104.359, 97.01, 100, 0, 0, 35.2, 33.2, 100, 4.41, 99.304, 0, 0, 99.304, 111.104, 0, 0, 0, 0, 0, 13.9, 0, 12.5, 0, 5.656, 165, 0, 0, 0, 74, 1, 0.018, 0.018, 104.359, 97.01, 100, 0, 0, 141, 35.2, 33.2, 100, 4.41, 0, 99.304, 0, 0, 99.304, 111.104, 0, 0, 0, 0, 
4.45, 17.393, , , 74.624, , 13.29, , 511.989, 511.989, 5.706, 318.996, 318.996, 318.996, 51.76, , 33.901, 35.416, 7.379, 12.86, 0, 0, 92.439, 93.727, 92.439, 93.727, 1, 110.194, 110.194, 0.025, 0.131, 85.127, 86.314, 85.127, 86.314, 7.269, 7.379, 12.86, , , 1, 4.535, 0, 0, 12.5, 5.706, 165, 0, 0, 0, 74, 17.625, 17.77, 104, 96.828, 100, 0, 0, 35.25, 33.25, 100, 4.41, 99.502, 0, 0, 99.502, 112.155, 0, 0, 0, 0, 0, 13.9, 0, 12.5, 0, 5.706, 165, 0, 0, 0, 74, 1, 0.018, 0.018, 104, 96.828, 100, 0, 0, 141, 35.25, 33.25, 100, 4.41, 0, 99.502, 0, 0, 99.502, 112.155, 0, 0, 0, 0, 
4.5, 17.392, , , 74.623, , 13.195, , 519.981, 519.981, 5.724, 316.783, 316.783, 316.783, 51.773, , 33.721, 35.488, 7.381, 12.834, 0, 0, 92.338, 93.626, 92.338, 93.626, 1, 110.841, 110.841, 0.025, 0.13, 84.516, 85.694, 84.516, 85.694, 7.3, 7.381, 12.834, , , 1, 4.585, 0, 0, 12.5, 5.724, 165, 0, 0, 0, 74, 17.63, 17.791, 104, 96.713, 100, 0, 0, 35.302, 33.302, 100, 4.41, 99.607, 0, 0, 99.607, 112.48, 0, 0, 0, 0, 0, 13.9, 0, 12.5, 0, 5.724, 165, 0, 0, 0, 74, 1, 0.018, 0.018, 104, 96.713, 100, 0, 0, 141, 35.302, 33.302, 100, 4.41, 0, 99.607, 0, 0, 99.607, 112.48, 0, 0, 0, 0, 
4.55, 17.391, , , 74.621, , 13.059, , 528.034, 528.034, 5.742, 313.58, 313.58, 313.58, 51.782, , 33.541, 35.56, 7.382, 12.808, 0, 0, 91.941, 93.223, 91.941, 93.223, 1, 111.487, 111.487, 0.025, 0.13, 83.646, 84.812, 83.646, 84.812, 7.331, 7.382, 12.808, , , 1, 4.635, 0, 0, 12.5, 5.742, 165, 0, 0, 0, 74, 17.635, 17.812, 104, 96.598, 100, 0, 0, 35.355, 33.355, 100, 4.41, 99.711, 0, 0, 99.711, 112.806, 0, 0, 0, 0, 0, 13.9, 0, 12.5, 0, 5.742, 165, 0, 0, 0, 74, 1, 0.018, 0.018, 104, 96.598, 100, 0, 0, 141, 35.355, 33.355, 100, 4.41, 0, 99.711, 0, 0, 99.711, 112.806, 0, 0, 0, 0, 
4.6, , , , , , 12.963, , 536.085, 536.085, 5.76, 311.315, 311.315, 311.315, 51.789, , 33.647, 35.568, 7.382, 12.766, 0, 0, 91.801, 93.081, 91.801, 93.081, 1, 112.139, 112.139, 0.025, 0.13, 83.033, 84.19, 83.033, 84.19, 7.363, 7.382, 12.766, , , 1, 4.685, 0, 0, 12.5, 5.76, 165, 0, 0, 0, 74, 17.641, 17.833, 104, 96.483, 100, 0, 0, 35.407, 33.407, 100, 4.41, 99.816, 0, 0, 99.816, 113.131, 0, 0, 0, 0, 0, 13.9, 0, 12.5, 0, 5.76, 165, 0, 0, 0, 74, 1, 0.018, 0.018, 104, 96.483, 100, 0, 0, 141, 35.407, 33.407, 100, 4.41, 0, 99.816, 0, 0, 99.816, 113.131, 0, 0, 0, 0, 
4.65, , , , , , 12.848, , 544.223, 544.223, 5.778, 308.606, 308.606, 308.606, 51.792, , 34.117, 35.496, 7.382, 12.724, 0, 0, 91.517, 92.794, 91.517, 92.794, 1, 112.772, 112.772, 0.025, 0.13, 82.306, 83.453, 82.306, 83.453, 7.394, 7.382, 12.724, , , 1, 4.735, 0, 0, 12.5, 5.778, 165, 0, 0, 0, 74, 17.646, 17.854, 104, 96.367, 100, 0, 0, 35.459, 33.459, 100, 4.41, 99.921, 0, 0, 99.921, 113.456, 0, 0, 0, 0, 0, 13.9, 0, 12.5, 0, 5.778, 165, 0, 0, 0, 74, 1, 0.018, 0.018, 104, 96.367, 100, 0, 0, 141, 35.459, 33.459, 100, 4.41, 0, 99.921, 0, 0, 99.921, 113.456, 0, 0, 0, 0, 
4.7, , , , , , 12.601, , 552.396, 552.396, 5.802, 302.785, 302.785, 302.785, 51.791, , 34.587, 35.424, 7.382, 12.68, 0, 0, 90.283, 91.542, 90.283, 91.542, 1, 113.403, 113.403, 0.025, 0.13, 80.754, 81.877, 80.754, 81.877, 7.413, 7.382, 12.68, , , 1, 4.786, 0, 0, 12.5, 5.802, 165, 0, 0, 0, 73.915, 17.333, 17.544, 103.924, 94.739, 100, 0, 0, 35.5, 33.542, 98.038, 4.332, 100.034, 0, 0, 100.115, 113.789, 0, 0, 0, 0, 0, 13.9, 0, 12.5, 0, 5.802, 165, 0, 0, 0, 73.915, 1, 0.018, 0.018, 103.924, 94.739, 100, 0, 0, 141, 35.5, 33.542, 98.038, 4.332, 0, 100.034, 0, 0, 100.115, 113.789, 0, 0, 0, 0, 
4.75, , , , , , 11.441, , 560.568, 560.568, 5.845, 275.288, 275.288, 275.288, 51.797, , 35.056, 35.351, 7.382, 12.636, 0, 0, 82.447, 83.597, 82.447, 83.597, 1, 114.002, 114.002, 0.025, 0.131, 73.417, 74.44, 73.417, 74.44, 7.419, 7.382, 12.636, , , 1, 4.835, 0, 0.002, 12.5, 5.845, 165, 0, 0, 0, 73.531, 15.892, 16.06, 103.578, 88.317, 100, 0, 0, 35.5, 33.735, 89.865, 3.977, 100.178, 0, 0, 100.594, 114.148, 0, 0, 0, 0, 0, 13.9, 0.002, 12.5, 0, 5.846, 165, 0, 0, 0, 73.531, 1, 0.016, 0.016, 103.578, 88.317, 100, 0, 0, 141, 35.5, 33.735, 89.865, 3.977, 0, 100.178, 0, 0, 100.594, 114.148, 0, 0, 0, 0, 
4.8, , , , , , 8.757, , 568.907, 568.907, 5.889, 211.634, 211.634, 211.634, 51.831, , 35.526, 35.279, 7.381, 12.585, 0, 0, 63.547, 64.434, 63.547, 64.434, 1, 114.506, 114.506, 0.025, 0.131, 56.447, 57.232, 56.447, 57.232, 7.425, 7.381, 12.585, , , 1, 4.885, 0, 0.004, 12.5, 5.889, 165, 0, 0, 0, 73.146, 14.45, 14.576, 103.232, 81.894, 100, 0, 0, 35.5, 33.927, 81.692, 3.622, 100.322, 0, 0, 101.073, 114.506, 0, 0, 0, 0, 0, 13.9, 0.004, 12.5, 0, 5.889, 165, 0, 0, 0, 73.146, 1, 0.015, 0.015, 103.232, 81.894, 100, 0, 0, 141, 35.5, 33.927, 81.692, 3.622, 0, 100.322, 0, 0, 101.073, 114.506, 0, 0, 0, 0, 
4.85, , , , , , 4.48, , 577.246, 577.246, 5.932, 110.173, 110.173, 110.173, 51.927, , 35.731, 35.24, 7.38, 12.533, 0, 0, 33.113, 33.576, 33.113, 33.576, 1, 114.845, 114.845, 0.025, 0.131, 29.495, 29.906, 29.495, 29.906, 7.432, 7.38, 12.533, , , 1, 4.935, 0, 0.006, 12.5, 5.932, 165, 0, 0, 0, 72.762, 13.009, 13.093, 102.885, 75.472, 100, 0, 0, 35.5, 34.119, 73.519, 3.268, 100.466, 0, 0, 101.552, 114.865, 0, 0, 0, 0, 0, 13.9, 0.006, 12.5, 0, 5.932, 165, 0, 0, 0, 72.762, 1, 0.013, 0.013, 102.885, 75.472, 100, 0, 0, 141, 35.5, 34.119, 73.519, 3.268, 0, 100.466, 0, 0, 101.552, 114.865, 0, 0, 0, 0, 
4.9, , , , , , 0.375, , 585.586, 585.586, 5.975, 12.799, 12.799, 12.799, 52.107, , 35.623, 35.24, 7.38, 12.438, 0, 0, 3.853, 3.908, 3.853, 3.908, 1, 114.961, 114.961, 0.025, 0.132, 3.69, 3.741, 3.69, 3.741, 7.437, 7.38, 12.438, , , 1, 4.985, 0, 0.008, 12.5, 5.975, 165, 0, 0, 0, 72.377, 11.568, 11.609, 102.539, 69.05, 100, 0, 0, 35.5, 34.312, 65.346, 2.913, 100.609, 0, 0, 102.031, 115.224, 0, 0, 0, 0, 0, 13.9, 0.008, 12.5, 0, 5.975, 165, 0, 0, 0, 72.377, 1, 0.012, 0.012, 102.539, 69.05, 100, 0, 0, 141, 35.5, 34.312, 65.346, 2.913, 0, 100.609, 0, 0, 102.031, 115.224, 0, 0, 0, 0, 
4.95, , , , , , -3.33, , 594.092, 594.092, 6.017, -75.105, -75.105, -75.105, 52.295, , 35.515, 35.24, 7.38, 12.338, 0, 0, -22.619, -22.933, -22.619, -22.933, 1, 114.881, 114.881, 0.025, 0.132, -19.381, -19.652, -19.381, -19.652, 7.44, 7.38, 12.338, , , 1, 5.035, 0, 0.01, 12.5, 6.017, 165, 0, 0, 0, 71.991, 10.123, 10.122, 102.2, 62.604, 100, 0, 0, 35.498, 34.502, 57.13, 2.557, 100.749, 0, 0, 102.504, 115.57, 0, 0, 0, 0, 0, 13.9, 0.01, 12.5, 0, 6.017, 165, 0, 0, 0, 71.991, 1, 0.01, 0.01, 102.2, 62.604, 100, 0, 0, 141, 35.498, 34.502, 57.13, 2.557, 0, 100.749, 0, 0, 102.504, 115.57, 0, 0, 0, 0, 
5, , , , , , -6.001, , 602.431, 602.431, 6.029, -138.481, -138.481, -138.481, 52.428, , 35.408, 35.24, 7.38, 12.223, 0, 0, -41.722, -42.303, -41.722, -42.303, 1, 114.642, 114.642, 0.025, 0.132, -36.35, -36.859, -36.35, -36.859, 7.443, 7.38, 12.223, , , 1, 5.085, 0, 0.012, 12.5, 6.029, 165, 0, 0, 0, 71.557, 8.504, 8.484, 102.2, 55.586, 100, 0, 0, 35.389, 34.611, 47.891, 2.156, 100.694, 0, 0, 102.723, 115.299, 0, 0, 0, 0, 0, 13.9, 0.012, 12.5, 0, 6.029, 165, 0, 0, 0, 71.557, 1, 0.009, 0.009, 102.2, 55.586, 100, 0, 0, 141, 35.389, 34.611, 47.891, 2.156, 0, 100.694, 0, 0, 102.723, 115.299, 0, 0, 0, 0, 
5.05, , , , , , -7.05, , 610.937, 610.937, 6.041, -163.372, -163.372, -163.372, 52.609, , 35.3, 35.24, 7.38, 12.106, 0, 0, -49.147, -49.832, -49.147, -49.832, 1, 114.309, 114.309, 0.025, 0.133, -47.685, -48.351, -47.685, -48.351, 7.445, 7.38, 12.106, , , 1, 5.135, 0, 0.014, 12.5, 6.041, 165, 0, 0, 0, 71.122, 6.886, 6.846, 102.2, 48.567, 100, 0, 0, 35.28, 34.72, 38.652, 1.755, 100.64, 0, 0, 102.941, 115.028, 0, 0, 0, 0, 0, 13.9, 0.014, 12.5, 0, 6.041, 165, 0, 0, 0, 71.122, 1, 0.007, 0.007, 102.2, 48.567, 100, 0, 0, 141, 35.28, 34.72, 38.652, 1.755, 0, 100.64, 0, 0, 102.941, 115.028, 0, 0, 0, 0, 
5.1, , , , , , -6.469, , 619.381, 619.381, 6.053, -149.618, -149.618, -149.618, 52.812, , 35.224, 35.272, 7.38, 12.02, 0, 0, -44.887, -45.512, -44.887, -45.512, 1, 113.976, 113.976, 0.025, 0.133, -43.534, -44.142, -43.534, -44.142, 7.448, 7.38, 12.02, , , 1, 5.185, 0, 0.017, 12.5, 6.053, 165, 0, 0, 0, 70.687, 5.267, 5.208, 102.2, 41.549, 100, 0, 0, 35.172, 34.828, 29.413, 1.354, 100.585, 0, 0, 103.159, 114.758, 0, 0, 0, 0, 0, 13.9, 0.017, 12.5, 0, 6.053, 165, 0, 0, 0, 70.687, 1, 0.006, 0.006, 102.2, 41.549, 100, 0, 0, 141, 35.172, 34.828, 29.413, 1.354, 0, 100.585, 0, 0, 103.159, 114.758, 0, 0, 0, 0, 
5.15, , , , , , -6.046, , 624.446, 624.446, 6.065, -139.581, -139.581, -139.581, 53.002, , 35.188, 35.344, 7.38, 11.94, 0, 0, -41.8, -42.382, -41.8, -42.382, 1, 113.815, 113.815, 0.025, 0.133, -37.683, -38.21, -37.683, -38.21, 7.462, 7.38, 11.94, , , 1, 5.21, 0, 0.019, 12.5, 6.065, 165, 0, 0, 0, 70.252, 3.649, 3.57, 102.2, 34.53, 100, 0, 0, 35.063, 34.937, 20.174, 0.953, 100.531, 0, 0, 103.378, 114.487, 0, 0, 0, 0, 0, 13.9, 0.019, 12.5, 0, 6.065, 165, 0, 0, 0, 70.252, 1, 0.004, 0.004, 102.2, 34.53, 100, 0, 0, 141, 35.063, 34.937, 20.174, 0.953, 0, 100.531, 0, 0, 103.378, 114.487, 0, 0, 0, 0, 
5.2, , , , , , -5.971, , 628.616, 628.616, , -137.817, -137.817, -137.817, , , 35.152, 35.416, 7.38, 11.887, 0, 0, -41.215, -41.789, -41.215, -41.789, 1, 113.666, 113.666, 0.025, 0.133, , , , , 7.477, 7.38, 11.887, , , 1, 5.235, , , , , , , , , , , , , , , , , , , , , , , , , , , , , , , , , , , , , , , , , , , , , , , , , , , , , , , , , , , , , , , , 
5.25, , , , , , -5.941, , 632.786, 632.786, , -137.09, -137.09, -137.09, , , 35.116, 35.489, 7.38, 11.84, 0, 0, -40.943, -41.513, -40.943, -41.513, 1, 113.515, 113.515, 0.025, 0.132, , , , , 7.492, 7.38, 11.84, , , 1, 5.26, , , , , , , , , , , , , , , , , , , , , , , , , , , , , , , , , , , , , , , , , , , , , , , , , , , , , , , , , , , , , , , , 
5.3, , , , , , -5.714, , 636.956, 636.956, , -131.715, -131.715, -131.715, , , 35.08, 35.561, , , , , -39.287, -39.831, -39.287, -39.831, , 113.367, 113.367, 0.025, 0.132, , , , , 7.506, , , , , 1, 5.285, , , , , , , , , , , , , , , , , , , , , , , , , , , , , , , , , , , , , , , , , , , , , , , , , , , , , , , , , , , , , , , , 
