Time, (DWRT ATMO) Humidity, (DWRT ATMO) Pressure, (DWRT ATMO) Temperature 1, (DWRT ATMO) Temperature 2, (DWRT CPU) ????????????????????????????????????????????????????????????????, (DWRT CPU) Acceleration, (DWRT CPU) Correction Factor, (DWRT CPU) Distance, (DWRT CPU) Distance 1, (DWRT CPU) Engine RPM, (DWRT CPU) Force, (DWRT CPU) Force 1, (DWRT CPU) Force Drum 1, (DWRT CPU) Gear Ratio, (DWRT CPU) Inductive 1 Signal Strength, (DWRT CPU) Internal Temp 1, (DWRT CPU) Internal Temp 2, (DWRT CPU) LC1 Volts Petrol AFR, (DWRT CPU) LC2 Volts Petrol AFR2, (DWRT CPU) Link 0 Status, (DWRT CPU) Link 1 Status, (DWRT CPU) Power, (DWRT CPU) Power (uncorrected), (DWRT CPU) Power Drum 1, (DWRT CPU) Power Drum 1 (uncorrected), (DWRT CPU) Sampling, (DWRT CPU) Speed, (DWRT CPU) Speed 1, (DWRT CPU) TCP RX kB/s, (DWRT CPU) TCP TX kB/s, (DWRT CPU) Torque, (DWRT CPU) Torque (uncorrected), (DWRT CPU) Torque Drum 1, (DWRT CPU) Torque Drum 1 (uncorrected), (DWRT CPU) UDP RX kB/s, (DWRT CPU) User Analog 1, (DWRT CPU) User Analog 2, (DWRT CPU) User Analog 3, (DWRT CPU) User Analog 4, (Gen) Sampling, (Gen) Sampling Duration, (Harley - ECU Type 14 SW Level 141) Accel Enrichment, (Harley - ECU Type 14 SW Level 141) Decel Enleanment, (Harley - ECU Type 14 SW Level 141) Desired Air/Fuel, (Harley - ECU Type 14 SW Level 141) Engine Speed, (Harley - ECU Type 14 SW Level 141) Engine Temperature, (Harley - ECU Type 14 SW Level 141) Front Adaptive Fuel Factor, (Harley - ECU Type 14 SW Level 141) Front Closed Loop Integrator, (Harley - ECU Type 14 SW Level 141) Front Spark Knock Retard, (Harley - ECU Type 14 SW Level 141) Idle Air Control Motor Position, (Harley - ECU Type 14 SW Level 141) Injector Time Front, (Harley - ECU Type 14 SW Level 141) Injector Time Rear, (Harley - ECU Type 14 SW Level 141) Intake Air Temperature, (Harley - ECU Type 14 SW Level 141) Manifold Absolute Pressure, (Harley - ECU Type 14 SW Level 141) Rear Adaptive Fuel Factor, (Harley - ECU Type 14 SW Level 141) Rear Closed Loop Integrator, (Harley - ECU Type 14 SW Level 141) Rear Spark Knock Retard, (Harley - ECU Type 14 SW Level 141) Spark Advance Front, (Harley - ECU Type 14 SW Level 141) Spark Advance Rear, (Harley - ECU Type 14 SW Level 141) Throttle Position, (Harley - ECU Type 14 SW Level 141) Throttle Position Sensor Voltage, (Harley - ECU Type 14 SW Level 141) VE Front, (Harley - ECU Type 14 SW Level 141) VE New Front, (Harley - ECU Type 14 SW Level 141) VE New Rear, (Harley - ECU Type 14 SW Level 141) VE Rear, (Harley - ECU Type 14 SW Level 141) Vehicle Speed, (Harley - ECU Type 14 SW Level 141) WBO2 AFR Front, (Harley - ECU Type 14 SW Level 141) WBO2 AFR Rear, (PV) Accel Enrichment, (PV) AT Lambda 1, (PV) AT Lambda 2, (PV) Battery Voltage, (PV) Decel Enleanment, (PV) Desired Air/Fuel, (PV) Desired Lambda, (PV) Engine Speed, (PV) Engine Temperature, (PV) Front Adaptive Fuel Factor, (PV) Front Closed Loop Integrator, (PV) Front Spark Knock Retard, (PV) Idle Air Control Motor Position, (PV) Idle Set Speed, (PV) Injector Time Front, (PV) Injector Time Rear, (PV) Intake Air Temperature, (PV) Manifold Absolute Pressure, (PV) Rear Adaptive Fuel Factor, (PV) Rear Closed Loop Integrator, (PV) Rear Spark Knock Retard, (PV) Software Level, (PV) Spark Advance Front, (PV) Spark Advance Rear, (PV) Throttle Position, (PV) Throttle Position Sensor, (PV) Twistgrip Position, (PV) VE Front, (PV) VE New Front, (PV) VE New Rear, (PV) VE Rear, (PV) Vehicle Speed, (PV) Warm-up Fuel AFR (Lambda), (PV) Warm-up Fuel AFR (Ratio), (PV) WBO2 AFR Front, (PV) WBO2 AFR Rear, 
0, , , , , , , , , , , , , , , , , , , , , , , , , , , , , , , , , , , , , , , , 1, 0, , , , , , , , , , , , , , , , , , , , , , , , , , , , , , , , , , , , , , , , , , , , , , , , , , , , , , , , , , , , , , , , 
0.05, , , , , , 0.053, , , , , 3.121, 3.121, 3.121, , , , , , , , , , , , , , 45.889, 45.889, 0.024, 0.132, , , , , 4.845, , , , , 1, 0.05, , , , , , , , , , , , , , , , , , , , , , , , , , , , , , , , , , , , , , , , , , , , , , , , , , , , , , , , , , , , , , , , 
0.1, , , , , , 1.078, , 4.87, 4.87, , 27.438, 27.438, 27.438, , , , , , , , , 3.331, 3.39, 3.331, 3.39, , 45.878, 45.878, 0.025, 0.132, , , , , 4.855, , , , , 1, 0.075, , , , , , , , , , , , , , , , , , , , , , , , , , , , , , , , , , , , , , , , , , , , , , , , , , , , , , , , , , , , , , , , 
0.15, , , , , , 3.98, , 11.539, 11.539, 2.403, 96.303, 96.303, 96.303, , , , , 7.377, 13.161, , , 11.703, 11.89, 11.703, 11.89, , 46.047, 46.047, 0.025, 0.133, , , , , 4.866, 7.377, 13.161, , , 1, 0.149, 0.278, 0, 13.602, 2.403, 144, 0, 0, 0, 48.554, 4.407, 4.255, 111.2, 29.278, 100, 0, 0, 28.615, 28.546, 5.231, 0.773, 82.146, 0, 0, 88.181, 46.643, 0, 0, 0.278, 0, 0, 14, 0, 13.602, 0, 2.403, 144, 0, 0, 0, 48.554, 1, 0.005, 0.004, 111.2, 29.278, 100, 0, 0, 141, 28.615, 28.546, 5.231, 0.773, 0, 82.146, 0, 0, 88.181, 46.643, 0, 0.8, 0, 0, 
0.2, , , , , , 8.054, , 16.649, 16.649, 2.404, 192.949, 192.949, 192.949, 52.291, , , , 7.377, 13.173, 0, 0, 23.836, 24.212, 23.836, 24.212, 1, 46.437, 46.437, 0.025, 0.133, 51.935, 52.751, 51.935, 52.751, 4.876, 7.377, 13.173, , , 1, 0.2, 2.593, 0, 13.622, 2.404, 144, 0, 0, 0, 53.169, 9.136, 8.215, 111.2, 33.678, 100, 0, 0, 29.577, 28.931, 7.154, 0.883, 87.531, 0, 0, 93.854, 47.003, 0, 0, 2.593, 0, 0, 14, 0, 13.622, 0, 2.404, 144, 0, 0, 0, 53.169, 1, 0.009, 0.008, 111.2, 33.678, 100, 0, 0, 141, 29.577, 28.931, 7.154, 0.883, 0, 87.531, 0, 0, 93.854, 47.003, 0, 0.8, 0, 0, 
0.25, 18.89, , , 72.3, , 10.82, , 21.726, 21.726, 2.405, 258.59, 258.59, 258.59, 51.895, , , , 7.377, 13.126, 0, 0, 32.219, 32.726, 32.219, 32.726, 1, 47.151, 47.151, 0.025, 0.133, 69.952, 71.051, 69.952, 71.051, 4.877, 7.377, 13.126, , , 1, 0.349, 4.909, 0, 13.641, 2.405, 144, 0, 0, 0, 57.785, 13.865, 12.174, 111.2, 38.078, 100, 0, 0, 30.538, 29.315, 9.077, 0.992, 92.915, 0, 0, 99.527, 47.362, 0, 0, 4.909, 0, 0, 14, 0, 13.641, 0, 2.405, 144, 0, 0, 0, 57.785, 1, 0.014, 0.012, 111.2, 38.078, 100, 0, 0, 141, 30.538, 29.315, 9.077, 0.992, 0, 92.915, 0, 0, 99.527, 47.362, 0, 0.8, 0, 0, 
0.3, 18.891, , , 72.301, , 12.458, , 26.441, 26.441, 2.406, 297.454, 297.454, 297.454, 51.174, , 36.14, 36.14, 7.377, 12.809, 0, 0, 37.382, 37.969, 37.382, 37.969, 1, 47.765, 47.765, 0.025, 0.133, 80.76, 82.029, 80.76, 82.029, 4.873, 7.377, 12.809, , , 1, 0.4, 7.224, 0, 13.66, 2.406, 144, 0, 0, 0, 62.4, 18.594, 16.134, 111.2, 42.478, 100, 0, 0, 31.5, 29.7, 11, 1.102, 98.3, 0, 0, 105.2, 47.722, 0, 0, 7.224, 0, 0, 14, 0, 13.66, 0, 2.406, 144, 0, 0, 0, 62.4, 1, 0.018, 0.016, 111.2, 42.478, 100, 0, 0, 141, 31.5, 29.7, 11, 1.102, 0, 98.3, 0, 0, 105.2, 47.722, 0, 0.8, 0, 0, 
0.35, 18.892, , , 72.302, , 13.239, , 29.875, 29.875, 2.407, 316.005, 316.005, 316.005, 50.668, , 36.14, 36.14, 7.377, 12.481, 0, 0, 40.174, 40.805, 40.174, 40.805, 1, 48.391, 48.391, 0.025, 0.133, 86.159, 87.515, 86.159, 87.515, 4.869, 7.377, 12.481, , , 1, 0.45, 9.539, 0, 13.679, 2.407, 144, 0, 0, 0, 67.015, 23.323, 20.094, 111.2, 46.878, 100, 0, 0, 32.462, 30.085, 12.923, 1.212, 103.685, 0, 0, 110.873, 48.082, 0, 0, 9.539, 0, 0, 14, 0, 13.679, 0, 2.407, 144, 0, 0, 0, 67.015, 1, 0.023, 0.02, 111.2, 46.878, 100, 0, 0, 141, 32.462, 30.085, 12.923, 1.212, 0, 103.685, 0, 0, 110.873, 48.082, 0, 0.8, 0, 0, 
0.4, 18.892, , , 72.302, , 13.394, , 33.353, 33.353, 2.408, 319.682, 319.682, 319.682, 50.42, , 36.14, 36.14, 7.377, 12.088, 0, 0, 41.168, 41.815, 41.168, 41.815, 1, 49.038, 49.038, 0.025, 0.133, 87.395, 88.769, 87.395, 88.769, 4.865, 7.377, 12.088, , , 1, 0.5, 11.855, 0, 13.698, 2.408, 144, 0, 0, 0, 71.631, 28.052, 24.053, 111.2, 51.278, 100, 0, 0, 33.423, 30.469, 14.846, 1.321, 109.069, 0, 0, 116.546, 48.441, 0, 0, 11.855, 0, 0, 14, 0, 13.698, 0, 2.408, 144, 0, 0, 0, 71.631, 1, 0.028, 0.024, 111.2, 51.278, 100, 0, 0, 141, 33.423, 30.469, 14.846, 1.321, 0, 109.069, 0, 0, 116.546, 48.441, 0, 0.8, 0, 0, 
0.45, 18.893, , , 72.303, , 13.401, , 36.865, 36.865, 2.439, 319.865, 319.865, 319.865, 50.378, , 36.14, 36.14, 7.377, 11.699, 0, 0, 41.731, 42.387, 41.731, 42.387, 1, 49.695, 49.695, 0.025, 0.133, 87.552, 88.928, 87.552, 88.928, 4.856, 7.377, 11.699, , , 1, 0.551, 9.878, 0, 13.35, 2.439, 144, 0, 0, 0, 72, 26.356, 23.135, 111.2, 60.727, 100, 0, 0, 32.304, 29.948, 29.72, 1.865, 104.808, 0, 0, 111.204, 49.04, 0, 0, 9.878, 0, 0, 14, 0, 13.35, 0, 2.439, 144, 0, 0, 0, 72, 1, 0.026, 0.023, 111.2, 60.727, 100, 0, 0, 141, 32.304, 29.948, 29.72, 1.865, 0, 104.808, 0, 0, 111.204, 49.04, 0, 0.8, 0, 0, 
0.5, 18.894, , , 72.304, , 13.386, , 40.414, 40.414, 2.472, 319.535, 319.535, 319.535, 50.372, , 36.14, 36.14, 7.377, 11.333, 0, 0, 42.231, 42.896, 42.231, 42.896, 1, 50.348, 50.348, 0.025, 0.132, 87.469, 88.843, 87.469, 88.843, 4.844, 7.377, 11.333, , , 1, 0.601, 7.528, 0, 12.97, 2.472, 144, 0, 0, 0, 72, 24.102, 21.793, 111.2, 70.615, 100, 0, 0, 31.004, 29.348, 45.72, 2.447, 99.708, 0, 0, 104.904, 49.66, 0, 0, 7.528, 0, 0, 14, 0, 12.97, 0, 2.472, 144, 0, 0, 0, 72, 1, 0.024, 0.022, 111.2, 70.615, 100, 0, 0, 141, 31.004, 29.348, 45.72, 2.447, 0, 99.708, 0, 0, 104.904, 49.66, 0, 0.8, 0, 0, 
0.55, 18.895, , , 72.305, , 13.452, , 44.006, 44.006, 2.506, 321.109, 321.109, 321.109, 50.374, , 35.822, 35.787, 7.377, 10.996, 0, 0, 42.999, 43.675, 42.999, 43.675, 1, 51.002, 51.002, 0.025, 0.132, 87.9, 89.282, 87.9, 89.282, 4.832, 7.377, 10.996, , , 1, 0.65, 5.178, 0, 12.59, 2.506, 144, 0, 0, 0, 72, 21.848, 20.451, 111.2, 80.503, 100, 0, 0, 29.704, 28.748, 61.72, 3.029, 94.608, 0, 0, 98.604, 50.28, 0, 0, 5.178, 0, 0, 14, 0, 12.59, 0, 2.506, 144, 0, 0, 0, 72, 1, 0.022, 0.02, 111.2, 80.503, 100, 0, 0, 141, 29.704, 28.748, 61.72, 3.029, 0, 94.608, 0, 0, 98.604, 50.28, 0, 0.8, 0, 0, 
0.6, 18.895, , , 72.305, , 13.426, , 47.701, 47.701, 2.539, 320.496, 320.496, 320.496, 50.377, , 35.498, 35.427, 7.377, 10.863, 0, 0, 43.468, 44.151, 43.468, 44.151, 1, 51.658, 51.658, 0.025, 0.132, 87.728, 89.105, 87.728, 89.105, 4.82, 7.377, 10.863, , , 1, 0.701, 2.828, 0, 12.21, 2.539, 144, 0, 0, 0, 72, 19.594, 19.109, 111.2, 90.391, 100, 0, 0, 28.404, 28.148, 77.72, 3.611, 89.508, 0, 0, 92.304, 50.9, 0, 0, 2.828, 0, 0, 14, 0, 12.21, 0, 2.539, 144, 0, 0, 0, 72, 1, 0.019, 0.019, 111.2, 90.391, 100, 0, 0, 141, 28.404, 28.148, 77.72, 3.611, 0, 89.508, 0, 0, 92.304, 50.9, 0, 0.8, 0, 0, 
0.65, 18.896, , , 72.306, , 13.505, , 52.651, 52.651, 2.572, 322.384, 322.384, 322.384, 50.385, , 35.174, 35.067, 7.377, 10.752, 0, 0, 44.47, 45.168, 44.47, 45.168, 1, 52.317, 52.317, 0.025, 0.131, 88.232, 89.616, 88.232, 89.616, 4.817, 7.377, 10.752, , , 1, 0.751, 0.478, 0, 11.83, 2.572, 144, 0, 0, 0, 72, 17.34, 17.767, 111.2, 100.279, 100, 0, 0, 27.104, 27.548, 93.72, 4.193, 84.408, 0, 0, 86.004, 51.52, 0, 0, 0.478, 0, 0, 14, 0, 11.83, 0, 2.572, 144, 0, 0, 0, 72, 1, 0.017, 0.018, 111.2, 100.279, 100, 0, 0, 141, 27.104, 27.548, 93.72, 4.193, 0, 84.408, 0, 0, 86.004, 51.52, 0, 0.8, 0, 0, 
0.7, 18.897, , , 72.307, , 13.625, , 57.547, 57.547, 2.607, 325.257, 325.257, 325.257, 50.396, 96.674, 34.85, 34.707, 7.377, 10.837, 0, 0, 45.598, 46.313, 45.598, 46.313, 1, 53.303, 53.303, 0.025, 0.131, 88.999, 90.395, 88.999, 90.395, 4.827, 7.377, 10.837, , , 1, 0.801, 0.264, 0, 11.8, 2.607, 144, 0, 0, 0, 72, 17.127, 17.686, 111.2, 101.07, 100, 0, 0, 27, 27.592, 95.92, 4.275, 83.816, 0, 0, 85.408, 52.256, 0, 0, 0.264, 0, 0, 14, 0, 11.8, 0, 2.607, 144, 0, 0, 0, 72, 1, 0.017, 0.018, 111.2, 101.07, 100, 0, 0, 141, 27, 27.592, 95.92, 4.275, 0, 83.816, 0, 0, 85.408, 52.256, 0, 0.8, 0, 0, 
0.75, 18.898, , , 72.308, , 13.707, , 61.332, 61.332, 2.641, 327.213, 327.213, 327.213, 50.41, 87.436, 34.526, 34.347, 7.377, 10.928, 0, 0, 46.431, 47.159, 46.431, 47.159, 1, 54.038, 54.038, 0.025, 0.132, 89.509, 90.914, 89.509, 90.914, 4.837, 7.377, 10.928, , , 1, 0.851, 0.236, 0, 11.8, 2.641, 144, 0, 0, 0, 72, 17.091, 17.714, 111.2, 101.07, 100, 0, 0, 27, 27.692, 96.92, 4.313, 83.616, 0, 0, 85.308, 53.002, 0, 0, 0.236, 0, 0, 14, 0, 11.8, 0, 2.641, 144, 0, 0, 0, 72, 1, 0.017, 0.018, 111.2, 101.07, 100, 0, 0, 141, 27, 27.692, 96.92, 4.313, 0, 83.616, 0, 0, 85.308, 53.002, 0, 0.8, 0, 0, 
0.8, 18.898, , , 72.308, , 13.761, , 65.224, 65.224, 2.675, 328.51, 328.51, 328.51, 50.427, 78.198, 34.731, 34.481, 7.377, 11.11, 0, 0, 47.197, 47.937, 47.197, 47.937, 1, 54.703, 54.703, 0.025, 0.132, 89.831, 91.239, 89.831, 91.239, 4.847, 7.377, 11.11, , , 1, 0.9, 0.208, 0, 11.8, 2.675, 144, 0, 0, 0, 72, 17.055, 17.742, 111.2, 101.07, 100, 0, 0, 27, 27.792, 97.92, 4.351, 83.416, 0, 0, 85.208, 53.748, 0, 0, 0.208, 0, 0, 14, 0, 11.8, 0, 2.675, 144, 0, 0, 0, 72, 1, 0.017, 0.018, 111.2, 101.07, 100, 0, 0, 141, 27, 27.792, 97.92, 4.351, 0, 83.416, 0, 0, 85.208, 53.748, 0, 0.8, 0, 0, 
0.85, 18.899, , , 72.309, , 13.815, , 69.116, 69.116, 2.71, 329.813, 329.813, 329.813, 50.45, 68.959, 34.946, 34.624, 7.377, 11.289, 0, 0, 47.951, 48.704, 47.951, 48.704, 1, 55.372, 55.372, 0.025, 0.132, 90.145, 91.558, 90.145, 91.558, 4.865, 7.377, 11.289, , , 1, 0.951, 0.18, 0, 11.8, 2.71, 144, 0, 0, 0, 72, 17.019, 17.77, 111.2, 101.07, 100, 0, 0, 27, 27.892, 98.92, 4.389, 83.216, 0, 0, 85.108, 54.494, 0, 0, 0.18, 0, 0, 14, 0, 11.8, 0, 2.71, 144, 0, 0, 0, 72, 1, 0.017, 0.018, 111.2, 101.07, 100, 0, 0, 141, 27, 27.892, 98.92, 4.389, 0, 83.216, 0, 0, 85.108, 54.494, 0, 0.8, 0, 0, 
0.9, 18.9, , , 72.31, , 13.882, , 73.11, 73.11, 2.744, 331.405, 331.405, 331.405, 50.479, 59.721, 35.161, 34.767, 7.377, 11.429, 0, 0, 48.771, 49.538, 48.771, 49.538, 1, 56.046, 56.046, 0.025, 0.132, 90.527, 91.946, 90.527, 91.946, 4.895, 7.377, 11.429, , , 1, 1.001, 0.152, 0, 11.8, 2.744, 144, 0, 0, 0, 72, 16.983, 17.798, 111.2, 101.07, 100, 0, 0, 27, 27.992, 99.92, 4.427, 83.016, 0, 0, 85.008, 55.24, 0, 0, 0.152, 0, 0, 14, 0, 11.8, 0, 2.744, 144, 0, 0, 0, 72, 1, 0.017, 0.018, 111.2, 101.07, 100, 0, 0, 141, 27, 27.992, 99.92, 4.427, 0, 83.016, 0, 0, 85.008, 55.24, 0, 0.8, 0, 0, 
0.95, 18.901, , , 72.311, , 13.936, , 77.135, 77.135, 2.799, 332.716, 332.716, 332.716, 50.517, 50.483, 35.376, 34.911, 7.377, 11.567, 0, 0, 49.56, 50.339, 49.56, 50.339, 1, 56.725, 56.725, 0.025, 0.132, 90.814, 92.239, 90.814, 92.239, 4.926, 7.377, 11.567, , , 1, 1.051, 0.122, 0, 11.8, 2.799, 144, 0, 0, 0, 72, 17.036, 17.831, 110.869, 101.24, 100, 0, 0, 27.184, 28.184, 100, 4.43, 83.23, 0, 0, 85.46, 55.872, 0, 0, 0.122, 0, 0, 13.991, 0, 11.8, 0, 2.799, 144, 0, 0, 0, 72, 1, 0.017, 0.018, 110.869, 101.24, 100, 0, 0, 141, 27.184, 28.184, 100, 4.43, 0, 83.23, 0, 0, 85.46, 55.872, 0, 0.8, 0, 0, 
1, 18.902, , , 72.312, , 13.991, , 81.192, 81.192, 2.856, 334.036, 334.036, 334.036, 50.563, 41.244, 35.591, 35.054, 7.378, 11.644, 0, 0, 50.353, 51.144, 50.353, 51.144, 1, 57.396, 57.396, 0.025, 0.132, 91.09, 92.521, 91.09, 92.521, 4.956, 7.378, 11.644, , , 1, 1.101, 0.092, 0, 11.8, 2.856, 144, 0, 0, 0, 72, 17.097, 17.865, 110.509, 101.425, 100, 0, 0, 27.384, 28.384, 100, 4.43, 83.48, 0, 0, 85.96, 56.494, 0, 0, 0.092, 0, 0, 13.981, 0, 11.8, 0, 2.856, 144, 0, 0, 0, 72, 1, 0.017, 0.018, 110.509, 101.425, 100, 0, 0, 141, 27.384, 28.384, 100, 4.43, 0, 83.48, 0, 0, 85.96, 56.494, 0, 0.8, 0, 0, 
1.05, 18.902, , , 72.312, , 14.065, , 85.31, 85.31, 2.912, 335.806, 335.806, 335.806, 50.616, 57.299, 35.531, 35.511, 7.378, 11.722, 0, 0, 51.221, 52.026, 51.221, 52.026, 1, 58.084, 58.084, 0.025, 0.133, 91.48, 92.916, 91.48, 92.916, 4.985, 7.378, 11.722, , , 1, 1.15, 0.062, 0, 11.8, 2.912, 144, 0, 0, 0, 72, 17.158, 17.899, 110.149, 101.61, 100, 0, 0, 27.584, 28.584, 100, 4.43, 83.73, 0, 0, 86.46, 57.116, 0, 0, 0.062, 0, 0, 13.971, 0, 11.8, 0, 2.912, 144, 0, 0, 0, 72, 1, 0.017, 0.018, 110.149, 101.61, 100, 0, 0, 141, 27.584, 28.584, 100, 4.43, 0, 83.73, 0, 0, 86.46, 57.116, 0, 0.8, 0, 0, 
1.1, 18.903, , , 72.313, , 14.154, , 89.48, 89.48, 2.969, 337.924, 337.924, 337.924, 50.674, 58.29, 35.458, 35.981, 7.379, 11.755, 0, 0, 52.159, 52.979, 52.159, 52.979, 1, 58.771, 58.771, 0.025, 0.133, 91.953, 93.396, 91.953, 93.396, 5.001, 7.379, 11.755, , , 1, 1.2, 0.032, 0, 11.8, 2.969, 144, 0, 0, 0, 72, 17.219, 17.933, 109.789, 101.795, 100, 0, 0, 27.784, 28.784, 100, 4.43, 83.98, 0, 0, 86.96, 57.738, 0, 0, 0.032, 0, 0, 13.961, 0, 11.8, 0, 2.969, 144, 0, 0, 0, 72, 1, 0.017, 0.018, 109.789, 101.795, 100, 0, 0, 141, 27.784, 28.784, 100, 4.43, 0, 83.98, 0, 0, 86.96, 57.738, 0, 0.8, 0, 0, 
1.15, 18.904, 100.3, 71.6, 72.314, , 14.254, 0.985, 93.659, 93.659, 3.025, 340.309, 340.309, 340.309, 50.735, 59.281, 35.386, 36.451, 7.379, 11.789, 0, 0, 53.134, 53.968, 53.134, 53.968, 1, 59.463, 59.463, 0.025, 0.133, 92.491, 93.944, 92.491, 93.944, 5.018, 7.379, 11.789, , , 1, 1.25, 0.002, 0, 11.8, 3.025, 144, 0, 0, 0, 72, 17.28, 17.967, 109.429, 101.98, 100, 0, 0, 27.984, 28.984, 100, 4.43, 84.23, 0, 0, 87.46, 58.36, 0, 0, 0.002, 0, 0, 13.951, 0, 11.8, 0, 3.025, 144, 0, 0, 0, 72, 1, 0.017, 0.018, 109.429, 101.98, 100, 0, 0, 141, 27.984, 28.984, 100, 4.43, 0, 84.23, 0, 0, 87.46, 58.36, 0, 0.8, 0, 0, 
1.2, 18.905, 100.3, 71.6, 72.315, , 14.357, 0.985, 97.982, 97.982, 3.067, 342.784, 342.784, 342.784, 50.798, 60.272, 35.314, 36.921, 7.38, 11.807, 0, 0, 54.159, 55.009, 54.159, 55.009, 1, 60.162, 60.162, 0.025, 0.133, 93.045, 94.505, 93.045, 94.505, 5.035, 7.38, 11.807, , , 1, 1.301, 0, 0, 11.8, 3.067, 144, 0, 0, 0, 72, 17.281, 17.946, 109.228, 102.066, 100, 0, 0, 28.048, 29, 100, 4.43, 84.25, 0, 0, 87.452, 59.537, 0, 0, 0, 0, 0, 13.95, 0, 11.8, 0, 3.067, 144, 0, 0, 0, 72, 1, 0.017, 0.018, 109.228, 102.066, 100, 0, 0, 141, 28.048, 29, 100, 4.43, 0, 84.25, 0, 0, 87.452, 59.537, 0, 0.8, 0, 0, 
1.25, 18.905, 100.3, 71.6, 72.315, , 14.417, 0.985, 102.306, 102.306, 3.106, 344.202, 344.202, 344.202, 50.855, 61.263, 35.241, 37.391, 7.38, 11.825, 0, 0, 55.015, 55.878, 55.015, 55.878, 1, 60.863, 60.863, 0.025, 0.133, 93.326, 94.79, 93.326, 94.79, 5.051, 7.38, 11.825, , , 1, 1.351, 0, 0, 11.8, 3.106, 144, 0, 0, 0, 72, 17.277, 17.92, 109.04, 102.143, 100, 0, 0, 28.1, 29, 100, 4.43, 84.25, 0, 0, 87.4, 60.762, 0, 0, 0, 0, 0, 13.95, 0, 11.8, 0, 3.106, 144, 0, 0, 0, 72, 1, 0.017, 0.018, 109.04, 102.143, 100, 0, 0, 141, 28.1, 29, 100, 4.43, 0, 84.25, 0, 0, 87.4, 60.762, 0, 0.8, 0, 0, 
1.3, 18.906, 100.3, 71.6, 72.316, , 14.56, 0.985, 106.631, 106.631, 3.146, 347.624, 347.624, 347.624, 50.902, 62.255, 35.311, 37.224, 7.38, 11.85, 0, 0, 56.198, 57.081, 56.198, 57.081, 1, 61.566, 61.566, 0.025, 0.133, 94.169, 95.645, 94.169, 95.645, 5.068, 7.38, 11.85, , , 1, 1.4, 0, 0, 11.8, 3.146, 144, 0, 0, 0, 72, 17.273, 17.894, 108.852, 102.22, 100, 0, 0, 28.152, 29, 100, 4.43, 84.25, 0, 0, 87.348, 61.987, 0, 0, 0, 0, 0, 13.95, 0, 11.8, 0, 3.146, 144, 0, 0, 0, 72, 1, 0.017, 0.018, 108.852, 102.22, 100, 0, 0, 141, 28.152, 29, 100, 4.43, 0, 84.25, 0, 0, 87.348, 61.987, 0, 0.8, 0, 0, 
1.35, 18.907, 100.3, 71.6, 72.317, , 14.67, 0.985, 111.092, 111.092, 3.186, 350.259, 350.259, 350.259, 50.937, 63.246, 35.383, 37.044, 7.379, 11.876, 0, 0, 57.287, 58.187, 57.287, 58.187, 1, 62.28, 62.28, 0.025, 0.133, 94.815, 96.302, 94.815, 96.302, 5.085, 7.379, 11.876, , , 1, 1.45, 0, 0, 11.8, 3.186, 144, 0, 0, 0, 72, 17.269, 17.868, 108.665, 102.297, 100, 0, 0, 28.204, 29, 100, 4.43, 84.25, 0, 0, 87.296, 63.212, 0, 0, 0, 0, 0, 13.95, 0, 11.8, 0, 3.186, 144, 0, 0, 0, 72, 1, 0.017, 0.018, 108.665, 102.297, 100, 0, 0, 141, 28.204, 29, 100, 4.43, 0, 84.25, 0, 0, 87.296, 63.212, 0, 0.8, 0, 0, 
1.4, 18.908, 100.3, 71.6, 72.318, , 14.784, 0.985, 115.581, 115.581, 3.223, 352.982, 352.982, 352.982, 50.964, 64.237, 35.455, 36.864, 7.379, 11.914, 0, 0, 58.396, 59.314, 58.396, 59.314, 1, 63.001, 63.001, 0.025, 0.133, 95.502, 97.001, 95.502, 97.001, 5.101, 7.379, 11.914, , , 1, 1.501, 0, 0, 11.8, 3.223, 144, 0, 0, 0, 72, 17.264, 17.843, 108.478, 102.37, 100, 0, 0, 28.256, 29, 100, 4.43, 84.244, 0, 0, 87.244, 64.348, 0, 0, 0, 0, 0, 13.951, 0, 11.8, 0, 3.223, 144, 0, 0, 0, 72, 1, 0.017, 0.018, 108.478, 102.37, 100, 0, 0, 141, 28.256, 29, 100, 4.43, 0, 84.244, 0, 0, 87.244, 64.348, 0, 0.8, 0, 0, 
1.45, 18.908, 100.3, 71.6, 72.318, , 14.929, 0.985, 120.072, 120.072, 3.242, 356.42, 356.42, 356.42, 50.98, 65.228, 35.527, 36.684, 7.378, 11.954, 0, 0, 59.653, 60.589, 59.653, 60.589, 1, 63.723, 63.723, 0.025, 0.133, 96.402, 97.915, 96.402, 97.915, 5.118, 7.378, 11.954, , , 1, 1.551, 0, 0, 11.8, 3.242, 144, 0, 0, 0, 72, 17.252, 17.825, 108.29, 102.408, 100, 0, 0, 28.308, 29, 100, 4.43, 84.192, 0, 0, 87.192, 64.673, 0, 0, 0, 0, 0, 13.962, 0, 11.8, 0, 3.242, 144, 0, 0, 0, 72, 1, 0.017, 0.018, 108.29, 102.408, 100, 0, 0, 141, 28.308, 29, 100, 4.43, 0, 84.192, 0, 0, 87.192, 64.673, 0, 0.8, 0, 0, 
1.5, 18.909, 100.3, 71.6, 72.319, , 15.06, 0.985, 124.688, 124.688, 3.262, 359.564, 359.564, 359.564, 50.986, 66.219, 35.599, 36.504, 7.378, 12.004, 0, 0, 60.866, 61.821, 60.866, 61.821, 1, 64.457, 64.457, 0.025, 0.132, 97.24, 98.767, 97.24, 98.767, 5.144, 7.378, 12.004, , , 1, 1.601, 0, 0, 11.8, 3.262, 144, 0, 0, 0, 72, 17.241, 17.808, 108.102, 102.447, 100, 0, 0, 28.36, 29, 100, 4.43, 84.14, 0, 0, 87.14, 64.998, 0, 0, 0, 0, 0, 13.972, 0, 11.8, 0, 3.262, 144, 0, 0, 0, 72, 1, 0.017, 0.018, 108.102, 102.447, 100, 0, 0, 141, 28.36, 29, 100, 4.43, 0, 84.14, 0, 0, 87.14, 64.998, 0, 0.8, 0, 0, 
1.55, 18.91, 100.3, 71.6, 72.32, , 15.195, 0.985, 129.358, 129.358, 3.281, 362.779, 362.779, 362.779, 50.985, 67.21, 35.529, 36.218, 7.377, 12.054, 0, 0, 62.116, 63.09, 62.116, 63.09, 1, 65.2, 65.2, 0.025, 0.132, 98.112, 99.653, 98.112, 99.653, 5.173, 7.377, 12.054, , , 1, 1.651, 0, 0, 11.8, 3.281, 144, 0, 0, 0, 72, 17.229, 17.79, 107.915, 102.485, 100, 0, 0, 28.412, 29, 100, 4.43, 84.088, 0, 0, 87.088, 65.323, 0, 0, 0, 0, 0, 13.982, 0, 11.8, 0, 3.281, 144, 0, 0, 0, 72, 1, 0.017, 0.018, 107.915, 102.485, 100, 0, 0, 141, 28.412, 29, 100, 4.43, 0, 84.088, 0, 0, 87.088, 65.323, 0, 0.8, 0, 0, 
1.6, 18.909, 100.3, 71.6, 72.319, , 15.323, 0.985, 135.663, 135.663, 3.301, 365.848, 365.848, 365.848, 50.975, 68.202, 35.457, 35.93, 7.377, 12.114, 0, 0, 63.6, 64.598, 63.6, 64.598, 1, 66.019, 66.019, 0.024, 0.132, 98.972, 100.526, 98.972, 100.526, 5.202, 7.377, 12.114, , , 1, 1.701, 0, 0, 11.8, 3.301, 144, 0, 0, 0, 72, 17.218, 17.772, 107.727, 102.524, 100, 0, 0, 28.465, 29, 100, 4.43, 84.035, 0, 0, 87.035, 65.649, 0, 0, 0, 0, 0, 13.993, 0, 11.8, 0, 3.301, 144, 0, 0, 0, 72, 1, 0.017, 0.018, 107.727, 102.524, 100, 0, 0, 141, 28.465, 29, 100, 4.43, 0, 84.035, 0, 0, 87.035, 65.649, 0, 0.8, 0, 0, 
1.65, 18.909, 100.3, 71.6, 72.319, , 15.474, 0.985, 141.101, 141.101, 3.326, 369.431, 369.431, 369.431, 50.954, 69.193, 35.385, 35.642, 7.377, 12.175, 0, 0, 65.051, 66.072, 65.051, 66.072, 1, 67.063, 67.063, 0.024, 0.132, 99.977, 101.547, 99.977, 101.547, 5.231, 7.377, 12.175, , , 1, 1.751, 0, 0, 11.8, 3.326, 144, 0, 0, 0, 72, 17.219, 17.767, 107.6, 102.527, 100, 0, 0, 28.531, 29, 100, 4.43, 84.031, 0, 0, 87, 66.137, 0, 0, 0, 0, 0, 14, 0, 11.8, 0, 3.326, 144, 0, 0, 0, 72, 1, 0.017, 0.018, 107.6, 102.527, 100, 0, 0, 141, 28.531, 29, 100, 4.43, 0, 84.031, 0, 0, 87, 66.137, 0, 0.8, 0, 0, 
1.7, 18.908, 100.3, 71.6, 72.318, , 15.516, 0.985, 145.938, 145.938, 3.364, 370.45, 370.45, 370.45, 50.942, 70.184, 35.313, 35.354, 7.377, 12.243, 0, 0, 65.963, 66.999, 65.963, 66.999, 1, 67.815, 67.815, 0.024, 0.131, 100.277, 101.851, 100.277, 101.851, 5.25, 7.377, 12.243, , , 1, 1.8, 0, 0, 11.8, 3.364, 144, 0, 0, 0, 72, 17.248, 17.788, 107.6, 102.456, 100, 0, 0, 28.627, 29, 100, 4.43, 84.127, 0, 0, 87, 66.972, 0, 0, 0, 0, 0, 14, 0, 11.8, 0, 3.364, 144, 0, 0, 0, 72, 1, 0.017, 0.018, 107.6, 102.456, 100, 0, 0, 141, 28.627, 29, 100, 4.43, 0, 84.127, 0, 0, 87, 66.972, 0, 0.8, 0, 0, 
1.75, 18.907, 100.3, 71.6, 72.317, , 15.616, 0.985, 150.803, 150.803, 3.402, 372.859, 372.859, 372.859, 50.941, 71.175, 35.241, 35.066, 7.377, 12.313, 0, 0, 67.133, 68.187, 67.133, 68.187, 1, 68.571, 68.571, 0.024, 0.131, 100.935, 102.518, 100.935, 102.518, 5.266, 7.377, 12.313, , , 1, 1.85, 0, 0, 11.8, 3.402, 144, 0, 0, 0, 72, 17.277, 17.809, 107.6, 102.385, 100, 0, 0, 28.723, 29, 100, 4.43, 84.223, 0, 0, 87, 67.806, 0, 0, 0, 0, 0, 14, 0, 11.8, 0, 3.402, 144, 0, 0, 0, 72, 1, 0.017, 0.018, 107.6, 102.385, 100, 0, 0, 141, 28.723, 29, 100, 4.43, 0, 84.223, 0, 0, 87, 67.806, 0, 0.8, 0, 0, 
1.8, 18.906, 100.3, 71.6, 72.316, , 15.64, 0.985, 155.667, 155.667, 3.44, 373.429, 373.429, 373.429, 50.95, 72.166, 35.205, 35.483, 7.377, 12.384, 0, 0, 67.984, 69.05, 67.984, 69.05, 1, 69.329, 69.329, 0.025, 0.131, 101.076, 102.661, 101.076, 102.661, 5.282, 7.377, 12.384, , , 1, 1.9, 0, 0, 11.8, 3.44, 144, 0, 0, 0, 72, 17.306, 17.83, 107.6, 102.314, 100, 0, 0, 28.819, 29, 100, 4.43, 84.319, 0, 0, 87, 68.641, 0, 0, 0, 0, 0, 14, 0, 11.8, 0, 3.44, 144, 0, 0, 0, 72, 1, 0.017, 0.018, 107.6, 102.314, 100, 0, 0, 141, 28.819, 29, 100, 4.43, 0, 84.319, 0, 0, 87, 68.641, 0, 0.8, 0, 0, 
1.85, 18.906, 100.3, 71.6, 72.316, , 15.695, 0.985, 160.708, 160.708, 3.478, 374.762, 374.762, 374.762, 50.968, 73.157, 35.169, 35.915, 7.377, 12.456, 0, 0, 68.973, 70.055, 68.973, 70.055, 1, 70.09, 70.09, 0.025, 0.131, 101.401, 102.99, 101.401, 102.99, 5.297, 7.377, 12.456, , , 1, 1.95, 0, 0, 11.8, 3.478, 144, 0, 0, 0, 72, 17.335, 17.851, 107.6, 102.243, 100, 0, 0, 28.915, 29, 100, 4.43, 84.415, 0, 0, 87, 69.476, 0, 0, 0, 0, 0, 14, 0, 11.8, 0, 3.478, 144, 0, 0, 0, 72, 1, 0.017, 0.018, 107.6, 102.243, 100, 0, 0, 141, 28.915, 29, 100, 4.43, 0, 84.415, 0, 0, 87, 69.476, 0, 0.8, 0, 0, 
1.9, 18.905, 100.3, 71.6, 72.315, , 15.713, 0.985, 165.686, 165.686, 3.519, 375.219, 375.219, 375.219, 50.996, 74.148, 35.133, 36.347, 7.377, 12.511, 0, 0, 69.8, 70.895, 69.8, 70.895, 1, 70.853, 70.853, 0.025, 0.131, 101.471, 103.059, 101.471, 103.059, 5.313, 7.377, 12.511, , , 1, 2.001, 0, 0, 11.801, 3.519, 144, 0, 0, 0, 72, 17.386, 17.889, 107.558, 102.167, 100, 0, 0, 29.035, 29.017, 100, 4.43, 84.638, 0, 0, 87.11, 70.353, 0, 0, 0, 0, 0, 13.999, 0, 11.801, 0, 3.519, 144, 0, 0, 0, 72, 1, 0.017, 0.018, 107.558, 102.167, 100, 0, 0, 141, 29.035, 29.017, 100, 4.43, 0, 84.638, 0, 0, 87.11, 70.353, 0, 0.799, 0, 0, 
1.95, 18.904, 100.3, 71.6, 72.314, , 15.681, 0.985, 170.767, 170.767, 3.582, 374.471, 374.471, 374.471, 51.034, 75.14, 35.097, 36.779, 7.377, 12.563, 0, 0, 70.416, 71.519, 70.416, 71.519, 1, 71.625, 71.625, 0.025, 0.131, 101.19, 102.774, 101.19, 102.774, 5.327, 7.377, 12.563, , , 1, 2.051, 0, 0, 11.811, 3.582, 144, 0, 0, 0, 72, 17.602, 18.051, 107.212, 102.06, 100, 0, 0, 29.323, 29.162, 100, 4.43, 85.792, 0, 0, 88.023, 71.549, 0, 0, 0, 0, 0, 13.989, 0, 11.811, 0, 3.582, 144, 0, 0, 0, 72, 1, 0.017, 0.018, 107.212, 102.06, 100, 0, 0, 141, 29.323, 29.162, 100, 4.43, 0, 85.792, 0, 0, 88.023, 71.549, 0, 0.789, 0, 0, 
2, 18.903, 100.3, 71.6, 72.313, , 15.78, 0.985, 175.955, 175.955, 3.645, 376.836, 376.836, 376.836, 51.075, 76.131, 35.061, 37.211, 7.377, 12.589, 0, 0, 71.626, 72.747, 71.626, 72.747, 1, 72.389, 72.389, 0.025, 0.131, 101.743, 103.338, 101.743, 103.338, 5.342, 7.377, 12.589, , , 1, 2.1, 0, 0, 11.82, 3.645, 144, 0, 0, 0, 72, 17.819, 18.212, 106.866, 101.954, 100, 0, 0, 29.612, 29.306, 100, 4.43, 86.946, 0, 0, 88.937, 72.744, 0, 0, 0, 0, 0, 13.98, 0, 11.82, 0, 3.645, 144, 0, 0, 0, 72, 1, 0.018, 0.018, 106.866, 101.954, 100, 0, 0, 141, 29.612, 29.306, 100, 4.43, 0, 86.946, 0, 0, 88.937, 72.744, 0, 0.78, 0, 0, 
2.05, 18.902, 100.3, 71.6, 72.312, , 15.765, 0.985, 181.144, 181.144, 3.709, 376.5, 376.5, 376.5, 51.117, 77.122, 35.201, 36.832, 7.377, 12.609, 0, 0, 72.325, 73.458, 72.325, 73.458, 1, 73.164, 73.164, 0.025, 0.131, 101.565, 103.157, 101.565, 103.157, 5.357, 7.377, 12.609, , , 1, 2.15, 0, 0, 11.83, 3.709, 144, 0, 0, 0, 72, 18.035, 18.374, 106.52, 101.847, 100, 0, 0, 29.9, 29.45, 100, 4.43, 88.1, 0, 0, 89.85, 73.939, 0, 0, 0, 0, 0, 13.97, 0, 11.83, 0, 3.709, 144, 0, 0, 0, 72, 1, 0.018, 0.019, 106.52, 101.847, 100, 0, 0, 141, 29.9, 29.45, 100, 4.43, 0, 88.1, 0, 0, 89.85, 73.939, 0, 0.77, 0, 0, 
2.1, 18.902, 100.3, 71.6, 72.312, , 15.802, 0.985, 186.376, 186.376, 3.772, 377.416, 377.416, 377.416, 51.161, 78.113, 35.345, 36.436, 7.377, 12.606, 0, 0, 73.265, 74.411, 73.265, 74.411, 1, 73.928, 73.928, 0.025, 0.131, 101.722, 103.316, 101.722, 103.316, 5.377, 7.377, 12.606, , , 1, 2.201, 0, 0, 11.84, 3.772, 144, 0, 0, 0, 72, 18.251, 18.536, 106.174, 101.74, 100, 0, 0, 30.188, 29.594, 100, 4.43, 89.254, 0, 0, 90.763, 75.134, 0, 0, 0, 0, 0, 13.96, 0, 11.84, 0, 3.772, 144, 0, 0, 0, 72, 1, 0.018, 0.019, 106.174, 101.74, 100, 0, 0, 141, 30.188, 29.594, 100, 4.43, 0, 89.254, 0, 0, 90.763, 75.134, 0, 0.76, 0, 0, 
2.15, 18.901, 100.3, 71.6, 72.311, , 15.829, 0.985, 191.742, 191.742, 3.835, 378.066, 378.066, 378.066, 51.208, 79.104, 35.489, 36.04, 7.377, 12.596, 0, 0, 74.155, 75.315, 74.155, 75.315, 1, 74.713, 74.713, 0.025, 0.131, 101.803, 103.399, 101.803, 103.399, 5.407, 7.377, 12.596, , , 1, 2.251, 0, 0, 11.849, 3.835, 144, 0, 0, 0, 72, 18.468, 18.697, 105.828, 101.634, 100, 0, 0, 30.477, 29.738, 100, 4.43, 90.408, 0, 0, 91.677, 76.329, 0, 0, 0, 0, 0, 13.951, 0, 11.849, 0, 3.835, 144, 0, 0, 0, 72, 1, 0.018, 0.019, 105.828, 101.634, 100, 0, 0, 141, 30.477, 29.738, 100, 4.43, 0, 90.408, 0, 0, 91.677, 76.329, 0, 0.751, 0, 0, 
2.2, 18.9, 100.3, 71.6, 72.31, , 15.861, 0.985, 197.094, 197.094, 3.861, 378.838, 378.838, 378.838, 51.254, 80.095, 35.633, 35.644, 7.377, 12.581, 0, 0, 75.079, 76.253, 75.079, 76.253, 1, 75.48, 75.48, 0.025, 0.131, 101.921, 103.519, 101.921, 103.519, 5.437, 7.377, 12.581, , , 1, 2.302, 0, 0, 11.86, 3.861, 144, 0, 0, 0, 72, 18.524, 18.746, 105.8, 101.59, 100, 0, 0, 30.596, 29.798, 100, 4.43, 90.883, 0, 0, 92.085, 76.782, 0, 0, 0, 0, 0, 13.94, 0, 11.86, 0, 3.861, 144, 0, 0, 0, 72, 1, 0.019, 0.019, 105.8, 101.59, 100, 0, 0, 141, 30.596, 29.798, 100, 4.43, 0, 90.883, 0, 0, 92.085, 76.782, 0, 0.74, 0, 0, 
2.25, 18.899, 100.3, 71.6, 72.309, , 15.832, 0.985, 202.588, 202.588, 3.883, 378.186, 378.186, 378.186, 51.29, 81.087, 35.777, 35.248, 7.377, 12.563, 0, 0, 75.722, 76.908, 75.722, 76.908, 1, 76.255, 76.255, 0.025, 0.131, 101.672, 103.265, 101.672, 103.265, 5.468, 7.377, 12.563, , , 1, 2.352, 0, 0, 11.87, 3.883, 144, 0, 0, 0, 72, 18.567, 18.786, 105.8, 101.551, 100, 0, 0, 30.7, 29.85, 100, 4.43, 91.3, 0, 0, 92.45, 77.171, 0, 0, 0, 0, 0, 13.93, 0, 11.87, 0, 3.883, 144, 0, 0, 0, 72, 1, 0.019, 0.019, 105.8, 101.551, 100, 0, 0, 141, 30.7, 29.85, 100, 4.43, 0, 91.3, 0, 0, 92.45, 77.171, 0, 0.73, 0, 0, 
2.3, 18.899, 100.3, 71.6, 72.309, , 15.855, 0.985, 208.037, 208.037, 3.905, 378.744, 378.744, 378.744, 51.317, 82.078, 35.78, 35.414, 7.377, 12.545, 0, 0, 76.598, 77.798, 76.598, 77.798, 1, 77.03, 77.03, 0.025, 0.131, 101.769, 103.366, 101.769, 103.366, 5.5, 7.377, 12.545, , , 1, 2.401, 0, 0, 11.88, 3.905, 144, 0, 0, 0, 72, 18.61, 18.826, 105.8, 101.512, 100, 0, 0, 30.804, 29.902, 100, 4.43, 91.717, 0, 0, 92.815, 77.56, 0, 0, 0, 0, 0, 13.92, 0, 11.88, 0, 3.905, 144, 0, 0, 0, 72, 1, 0.019, 0.019, 105.8, 101.512, 100, 0, 0, 141, 30.804, 29.902, 100, 4.43, 0, 91.717, 0, 0, 92.815, 77.56, 0, 0.72, 0, 0, 
2.35, 18.898, 100.3, 71.6, 72.308, , 15.858, 0.985, 213.596, 213.596, 3.927, 378.842, 378.842, 378.842, 51.334, 83.069, 35.78, 35.592, 7.378, 12.526, 0, 0, 77.39, 78.603, 77.39, 78.603, 1, 77.808, 77.808, 0.025, 0.131, 101.764, 103.363, 101.764, 103.363, 5.556, 7.378, 12.526, , , 1, 2.451, 0, 0, 11.891, 3.927, 144, 0, 0, 0, 72, 18.652, 18.865, 105.8, 101.474, 100, 0, 0, 30.908, 29.954, 100, 4.43, 92.133, 0, 0, 93.179, 77.948, 0, 0, 0, 0, 0, 13.909, 0, 11.891, 0, 3.927, 144, 0, 0, 0, 72, 1, 0.019, 0.019, 105.8, 101.474, 100, 0, 0, 141, 30.908, 29.954, 100, 4.43, 0, 92.133, 0, 0, 93.179, 77.948, 0, 0.709, 0, 0, 
2.4, 18.897, 100.3, 71.6, 72.307, , 15.862, 0.985, 219.204, 219.204, 3.954, 378.947, 378.947, 378.947, 51.34, 84.06, 35.78, 35.77, 7.378, 12.514, 0, 0, 78.185, 79.411, 78.185, 79.411, 1, 78.592, 78.592, 0.025, 0.131, 101.78, 103.38, 101.78, 103.38, 5.612, 7.378, 12.514, , , 1, 2.501, 0, 0, 11.9, 3.954, 144, 0, 0, 0, 72, 18.703, 18.913, 105.758, 101.427, 100, 0, 0, 31.04, 30.04, 100, 4.43, 92.587, 0, 0, 93.587, 78.441, 0, 0, 0, 0, 0, 13.9, 0, 11.9, 0, 3.954, 144, 0, 0, 0, 72, 1, 0.019, 0.019, 105.758, 101.427, 100, 0, 0, 141, 31.04, 30.04, 100, 4.43, 0, 92.587, 0, 0, 93.587, 78.441, 0, 0.7, 0, 0, 
2.45, 18.896, 100.3, 71.6, 72.306, , 15.87, 0.985, 226.437, 226.437, 4.015, 379.172, 379.172, 379.172, 51.344, 85.051, 35.78, 35.948, 7.379, 12.505, 0, 0, 79.212, 80.454, 79.212, 80.454, 1, 79.674, 79.674, 0.025, 0.131, 101.831, 103.433, 101.831, 103.433, 5.667, 7.379, 12.505, , , 1, 2.551, 0, 0, 11.9, 4.015, 144, 0, 0, 0, 72, 18.811, 19.021, 105.412, 101.322, 100, 0, 0, 31.377, 30.377, 100, 4.43, 93.308, 0, 0, 94.308, 79.695, 0, 0, 0, 0, 0, 13.9, 0, 11.9, 0, 4.015, 144, 0, 0, 0, 72, 1, 0.019, 0.019, 105.412, 101.322, 100, 0, 0, 141, 31.377, 30.377, 100, 4.43, 0, 93.308, 0, 0, 94.308, 79.695, 0, 0.7, 0, 0, 
2.5, 18.896, 100.3, 71.6, 72.306, , 15.849, 0.985, 232.929, 232.929, 4.077, 378.692, 378.692, 378.692, 51.356, 86.042, 35.78, 36.126, 7.38, 12.498, 0, 0, 79.98, 81.234, 79.98, 81.234, 1, 80.456, 80.456, 0.025, 0.132, 101.678, 103.278, 101.678, 103.278, 5.723, 7.38, 12.498, , , 1, 2.601, 0, 0, 11.9, 4.077, 144, 0, 0, 0, 72, 18.918, 19.128, 105.066, 101.216, 100, 0, 0, 31.713, 30.713, 100, 4.43, 94.029, 0, 0, 95.029, 80.95, 0, 0, 0, 0, 0, 13.9, 0, 11.9, 0, 4.077, 144, 0, 0, 0, 72, 1, 0.019, 0.019, 105.066, 101.216, 100, 0, 0, 141, 31.713, 30.713, 100, 4.43, 0, 94.029, 0, 0, 95.029, 80.95, 0, 0.7, 0, 0, 
2.55, 18.895, 100.299, 71.6, 72.305, , 15.825, 0.985, 238.752, 238.752, 4.138, 378.158, 378.158, 378.158, 51.378, 87.034, 35.512, 35.972, 7.382, 12.492, 0, 0, 80.638, 81.903, 80.638, 81.903, 1, 81.227, 81.227, 0.025, 0.131, 101.492, 103.088, 101.492, 103.088, 5.762, 7.382, 12.492, , , 1, 2.651, 0, 0, 11.9, 4.138, 144, 0, 0, 0, 72, 19.026, 19.236, 104.72, 101.11, 100, 0, 0, 32.05, 31.05, 100, 4.43, 94.75, 0, 0, 95.75, 82.205, 0, 0, 0, 0, 0, 13.9, 0, 11.9, 0, 4.138, 144, 0, 0, 0, 72, 1, 0.019, 0.019, 104.72, 101.11, 100, 0, 0, 141, 32.05, 31.05, 100, 4.43, 0, 94.75, 0, 0, 95.75, 82.205, 0, 0.7, 0, 0, 
2.6, 18.894, 100.299, 71.6, 72.304, , 15.767, 0.985, 244.591, 244.591, 4.199, 376.804, 376.804, 376.804, 51.408, 88.025, 35.22, 35.79, 7.383, 12.492, 0, 0, 81.107, 82.38, 81.107, 82.38, 1, 81.999, 81.999, 0.024, 0.131, 101.069, 102.658, 101.069, 102.658, 5.8, 7.383, 12.492, , , 1, 2.701, 0, 0, 11.9, 4.199, 144, 0, 0, 0, 72, 19.134, 19.344, 104.374, 101.004, 100, 0, 0, 32.387, 31.387, 100, 4.43, 95.471, 0, 0, 96.471, 83.46, 0, 0, 0, 0, 0, 13.9, 0, 11.9, 0, 4.199, 144, 0, 0, 0, 72, 1, 0.019, 0.019, 104.374, 101.004, 100, 0, 0, 141, 32.387, 31.387, 100, 4.43, 0, 95.471, 0, 0, 96.471, 83.46, 0, 0.7, 0, 0, 
2.65, 18.893, 100.298, 71.6, 72.303, , 15.726, 0.985, 250.504, 250.504, 4.26, 375.845, 375.845, 375.845, 51.448, 89.016, 34.929, 35.608, 7.384, 12.496, 0, 0, 81.664, 82.944, 81.664, 82.944, 1, 82.762, 82.762, 0.024, 0.131, 100.735, 102.318, 100.735, 102.318, 5.839, 7.384, 12.496, , , 1, 2.751, 0, 0, 11.9, 4.26, 144, 0, 0, 0, 72, 19.241, 19.451, 104.028, 100.898, 100, 0, 0, 32.723, 31.723, 100, 4.43, 96.192, 0, 0, 97.192, 84.715, 0, 0, 0, 0, 0, 13.9, 0, 11.9, 0, 4.26, 144, 0, 0, 0, 72, 1, 0.019, 0.019, 104.028, 100.898, 100, 0, 0, 141, 32.723, 31.723, 100, 4.43, 0, 96.192, 0, 0, 97.192, 84.715, 0, 0.7, 0, 0, 
2.7, 18.893, 100.298, 71.6, 72.303, , 15.654, 0.985, 256.49, 256.49, 4.286, 374.176, 374.176, 374.176, 51.484, 88.889, 34.637, 35.426, 7.385, 12.496, 0, 0, 82.06, 83.347, 82.06, 83.347, 1, 83.532, 83.532, 0.024, 0.131, 100.214, 101.788, 100.214, 101.788, 5.877, 7.385, 12.496, , , 1, 2.801, 0, 0, 11.9, 4.286, 144, 0, 0, 0, 72, 19.275, 19.485, 104, 100.855, 100, 0, 0, 32.894, 31.894, 100, 4.43, 96.49, 0, 0, 97.49, 85.232, 0, 0, 0, 0, 0, 13.9, 0, 11.9, 0, 4.286, 144, 0, 0, 0, 72, 1, 0.019, 0.02, 104, 100.855, 100, 0, 0, 141, 32.894, 31.894, 100, 4.43, 0, 96.49, 0, 0, 97.49, 85.232, 0, 0.7, 0, 0, 
2.75, 18.892, 100.298, 71.6, 72.302, , 15.581, 0.985, 262.478, 262.478, 4.308, 372.471, 372.471, 372.471, 51.509, 86.592, 34.346, 35.244, 7.386, 12.494, 0, 0, 82.431, 83.723, 82.431, 83.723, 1, 84.293, 84.293, 0.024, 0.131, 99.711, 101.276, 99.711, 101.276, 5.893, 7.386, 12.494, , , 1, 2.851, 0, 0, 11.9, 4.308, 144, 0, 0, 0, 72, 19.302, 19.512, 104, 100.818, 100, 0, 0, 33.05, 32.05, 100, 4.43, 96.75, 0, 0, 97.75, 85.685, 0, 0, 0, 0, 0, 13.9, 0, 11.9, 0, 4.308, 144, 0, 0, 0, 72, 1, 0.019, 0.02, 104, 100.818, 100, 0, 0, 141, 33.05, 32.05, 100, 4.43, 0, 96.75, 0, 0, 97.75, 85.685, 0, 0.7, 0, 0, 
2.8, 18.891, 100.297, 71.6, 72.301, , 15.51, 0.985, 268.526, 268.526, 4.33, 370.797, 370.797, 370.797, 51.519, 84.295, 34.552, 35.205, 7.385, 12.487, 0, 0, 82.796, 84.094, 82.796, 84.094, 1, 85.059, 85.059, 0.024, 0.131, 99.246, 100.803, 99.246, 100.803, 5.898, 7.385, 12.487, , , 1, 2.901, 0, 0, 11.9, 4.33, 144, 0, 0, 0, 72, 19.329, 19.539, 104, 100.78, 100, 0, 0, 33.206, 32.206, 100, 4.43, 97.01, 0, 0, 98.01, 86.138, 0, 0, 0, 0, 0, 13.9, 0, 11.9, 0, 4.33, 144, 0, 0, 0, 72, 1, 0.019, 0.02, 104, 100.78, 100, 0, 0, 141, 33.206, 32.206, 100, 4.43, 0, 97.01, 0, 0, 98.01, 86.138, 0, 0.7, 0, 0, 
2.85, 18.89, 100.297, 71.6, 72.3, , 15.445, 0.985, 274.67, 274.67, 4.352, 369.287, 369.287, 369.287, 51.512, 81.998, 34.768, 35.169, 7.384, 12.476, 0, 0, 83.195, 84.5, 83.195, 84.5, 1, 85.818, 85.818, 0.025, 0.131, 98.852, 100.402, 98.852, 100.402, 5.903, 7.384, 12.476, , , 1, 2.951, 0, 0, 11.9, 4.352, 144, 0, 0, 0, 72, 19.356, 19.566, 104, 100.743, 100, 0, 0, 33.362, 32.362, 100, 4.43, 97.271, 0, 0, 98.271, 86.591, 0, 0, 0, 0, 0, 13.9, 0, 11.9, 0, 4.352, 144, 0, 0, 0, 72, 1, 0.019, 0.02, 104, 100.743, 100, 0, 0, 141, 33.362, 32.362, 100, 4.43, 0, 97.271, 0, 0, 98.271, 86.591, 0, 0.7, 0, 0, 
2.9, 18.891, 100.297, 71.6, 72.3, , 15.384, 0.985, 280.831, 280.831, 4.376, 367.868, 367.868, 367.868, 51.491, 79.701, 34.984, 35.133, 7.383, 12.447, 0, 0, 83.599, 84.911, 83.599, 84.911, 1, 86.576, 86.576, 0.025, 0.131, 98.51, 100.056, 98.51, 100.056, 5.908, 7.383, 12.447, , , 1, 3.001, 0, 0, 11.9, 4.376, 144.022, 0, 0, 0, 72, 19.396, 19.604, 104, 100.694, 100, 0, 0, 33.511, 32.522, 100, 4.43, 97.567, 0, 0, 98.567, 87.073, 0, 0, 0, 0, 0, 13.9, 0, 11.9, 0, 4.376, 144.022, 0, 0, 0, 72, 1, 0.019, 0.02, 104, 100.694, 100, 0, 0, 141, 33.511, 32.522, 100, 4.43, 0, 97.567, 0, 0, 98.567, 87.073, 0, 0.7, 0, 0, 
2.95, 18.893, 100.296, 71.6, 72.3, , 15.303, 0.985, 287.142, 287.142, 4.413, 365.952, 365.952, 365.952, 51.463, 77.404, 35.2, 35.097, 7.382, 12.406, 0, 0, 83.897, 85.214, 83.897, 85.214, 1, 87.322, 87.322, 0.025, 0.131, 98.053, 99.593, 98.053, 99.593, 5.929, 7.382, 12.406, , , 1, 3.051, 0, 0, 11.9, 4.413, 144.207, 0, 0, 0, 72, 19.531, 19.717, 104, 100.557, 100, 0, 0, 33.604, 32.707, 100, 4.426, 98.122, 0, 0, 99.122, 87.764, 0, 0, 0, 0, 0, 13.9, 0, 11.9, 0, 4.413, 144.207, 0, 0, 0, 72, 1, 0.019, 0.02, 104, 100.557, 100, 0, 0, 141, 33.604, 32.707, 100, 4.426, 0, 98.122, 0, 0, 99.122, 87.764, 0, 0.7, 0, 0, 
3, 18.895, 100.296, 71.6, 72.3, , 15.21, 0.985, 293.453, 293.453, 4.45, 363.778, 363.778, 363.778, 51.444, 75.107, 35.416, 35.061, 7.38, 12.348, 0, 0, 84.113, 85.434, 84.113, 85.434, 1, 88.071, 88.071, 0.025, 0.131, 97.507, 99.039, 97.507, 99.039, 5.958, 7.38, 12.348, , , 1, 3.1, 0, 0, 11.9, 4.45, 144.393, 0, 0, 0, 72, 19.667, 19.829, 104, 100.419, 100, 0, 0, 33.696, 32.893, 100, 4.422, 98.678, 0, 0, 99.678, 88.454, 0, 0, 0, 0, 0, 13.9, 0, 11.9, 0, 4.45, 144.393, 0, 0, 0, 72, 1, 0.019, 0.02, 104, 100.419, 100, 0, 0, 141, 33.696, 32.893, 100, 4.422, 0, 98.678, 0, 0, 99.678, 88.454, 0, 0.7, 0, 0, 
3.05, 18.897, 100.295, 71.6, 72.3, , 15.133, 0.985, 299.763, 299.763, 4.486, 361.97, 361.97, 361.97, 51.438, 72.81, 35.385, 35.095, 7.379, 12.277, 0, 0, 84.4, 85.724, 84.4, 85.724, 1, 88.821, 88.821, 0.025, 0.131, 97.034, 98.56, 97.034, 98.56, 5.986, 7.379, 12.277, , , 1, 3.15, 0, 0, 11.9, 4.486, 144.578, 0, 0, 0, 72, 19.802, 19.942, 104, 100.282, 100, 0, 0, 33.789, 33.078, 100, 4.418, 99.233, 0, 0, 100.233, 89.145, 0, 0, 0, 0, 0, 13.9, 0, 11.9, 0, 4.486, 144.578, 0, 0, 0, 72, 1, 0.02, 0.02, 104, 100.282, 100, 0, 0, 141, 33.789, 33.078, 100, 4.418, 0, 99.233, 0, 0, 100.233, 89.145, 0, 0.7, 0, 0, 
3.1, 18.899, 100.295, 71.6, 72.3, , 15.081, 0.985, 306.145, 306.145, 4.523, 360.77, 360.77, 360.77, 51.443, 70.513, 35.349, 35.131, 7.378, 12.197, 0, 0, 84.825, 86.157, 84.825, 86.157, 1, 89.555, 89.555, 0.025, 0.131, 96.7, 98.22, 96.7, 98.22, 6.015, 7.378, 12.197, , , 1, 3.201, 0, 0, 11.9, 4.523, 144.763, 0, 0, 0, 72, 19.937, 20.055, 104, 100.145, 100, 0, 0, 33.881, 33.263, 100, 4.415, 99.789, 0, 0, 100.789, 89.836, 0, 0, 0, 0, 0, 13.9, 0, 11.9, 0, 4.523, 144.763, 0, 0, 0, 72, 1, 0.02, 0.02, 104, 100.145, 100, 0, 0, 141, 33.881, 33.263, 100, 4.415, 0, 99.789, 0, 0, 100.789, 89.836, 0, 0.7, 0, 0, 
3.15, 18.901, 100.295, 71.6, 72.3, , 15.019, 0.985, 312.63, 312.63, 4.56, 359.326, 359.326, 359.326, 51.463, 68.216, 35.313, 35.167, 7.377, 12.109, 0, 0, 85.18, 86.516, 85.18, 86.516, 1, 90.297, 90.297, 0.025, 0.131, 96.281, 97.792, 96.281, 97.792, 6.049, 7.377, 12.109, , , 1, 3.251, 0, 0, 11.9, 4.56, 144.948, 0, 0, 0, 72, 20.072, 20.168, 104, 100.008, 100, 0, 0, 33.974, 33.448, 100, 4.411, 100.344, 0, 0, 101.344, 90.527, 0, 0, 0, 0, 0, 13.9, 0, 11.9, 0, 4.56, 144.948, 0, 0, 0, 72, 1, 0.02, 0.02, 104, 100.008, 100, 0, 0, 141, 33.974, 33.448, 100, 4.411, 0, 100.344, 0, 0, 101.344, 90.527, 0, 0.7, 0, 0, 
3.2, 18.903, 100.294, 71.6, 72.3, , 14.951, 0.985, 319.161, 319.161, 4.6, 357.74, 357.74, 357.74, 51.492, 65.919, 35.277, 35.203, 7.377, 12.024, 0, 0, 85.499, 86.84, 85.499, 86.84, 1, 91.042, 91.042, 0.025, 0.131, 95.808, 97.312, 95.808, 97.312, 6.092, 7.377, 12.024, , , 1, 3.301, 0, 0, 11.9, 4.6, 145, 0, 0, 0, 72, 20.195, 20.296, 103.741, 99.917, 100, 0, 0, 34, 33.5, 100, 4.413, 101.076, 0, 0, 102.076, 91.257, 0, 0, 0, 0, 0, 13.9, 0, 11.9, 0, 4.6, 145, 0, 0, 0, 72, 1, 0.02, 0.02, 103.741, 99.917, 100, 0, 0, 141, 34, 33.5, 100, 4.413, 0, 101.076, 0, 0, 102.076, 91.257, 0, 0.7, 0, 0, 
3.25, 18.905, 100.294, 71.6, 72.3, , 14.887, 0.985, 325.732, 325.732, 4.642, 356.234, 356.234, 356.234, 51.483, 63.622, 35.241, 35.239, 7.377, 11.942, 0, 0, 85.829, 87.175, 85.829, 87.175, 1, 91.77, 91.77, 0.025, 0.131, 95.42, 96.916, 95.42, 96.916, 6.135, 7.377, 11.942, , , 1, 3.351, 0, 0, 11.9, 4.642, 145, 0, 0, 0, 72, 20.313, 20.43, 103.381, 99.843, 100, 0, 0, 34, 33.5, 100, 4.417, 101.876, 0, 0, 102.876, 92.003, 0, 0, 0, 0, 0, 13.9, 0, 11.9, 0, 4.642, 145, 0, 0, 0, 72, 1, 0.02, 0.02, 103.381, 99.842, 100, 0, 0, 141, 34, 33.5, 100, 4.417, 0, 101.876, 0, 0, 102.876, 92.003, 0, 0.7, 0, 0, 
3.3, 18.907, 100.293, 71.6, 72.3, , 14.763, 0.985, 334.705, 334.705, 4.683, 353.322, 353.322, 353.322, 51.379, 61.325, 35.156, 35.324, 7.377, 11.871, 0, 0, 86.02, 87.369, 86.02, 87.369, 1, 92.674, 92.674, 0.025, 0.131, 94.854, 96.342, 94.854, 96.342, 6.178, 7.377, 11.871, , , 1, 3.401, 0, 0, 11.9, 4.683, 145, 0, 0, 0, 72, 20.431, 20.564, 103.021, 99.769, 100, 0, 0, 34, 33.5, 100, 4.421, 102.676, 0, 0, 103.676, 92.749, 0, 0, 0, 0, 0, 13.9, 0, 11.9, 0, 4.683, 145, 0, 0, 0, 72, 1, 0.021, 0.021, 103.021, 99.768, 100, 0, 0, 141, 34, 33.5, 100, 4.421, 0, 102.676, 0, 0, 103.676, 92.749, 0, 0.7, 0, 0, 
3.35, 18.908, 100.293, 71.6, 72.3, , 14.686, 0.985, 341.458, 341.458, 4.725, 351.515, 351.515, 351.515, 51.236, 59.028, 35.069, 35.411, 7.378, 11.808, 0, 0, 86.256, 87.609, 86.256, 87.609, 1, 93.473, 93.473, 0.025, 0.131, 94.614, 96.097, 94.614, 96.097, 6.227, 7.378, 11.808, , , 1, 3.45, 0, 0, 11.9, 4.725, 145, 0, 0, 0, 72, 20.549, 20.698, 102.661, 99.695, 100, 0, 0, 34, 33.5, 100, 4.425, 103.476, 0, 0, 104.476, 93.495, 0, 0, 0, 0, 0, 13.9, 0, 11.9, 0, 4.725, 145, 0, 0, 0, 72, 1, 0.021, 0.021, 102.661, 99.694, 100, 0, 0, 141, 34, 33.5, 100, 4.425, 0, 103.476, 0, 0, 104.476, 93.495, 0, 0.7, 0, 0, 
3.4, 18.91, 100.293, 71.6, 72.3, , 14.641, 0.985, 348.189, 348.189, 4.766, 350.471, 350.471, 350.471, 51.057, 56.731, 34.983, 35.497, 7.378, 11.751, 0, 0, 86.667, 88.027, 86.667, 88.027, 1, 94.192, 94.192, 0.025, 0.131, 94.659, 96.142, 94.659, 96.142, 6.285, 7.378, 11.751, , , 1, 3.5, 0, 0, 11.9, 4.766, 145, 0, 0, 0, 72, 20.667, 20.832, 102.301, 99.621, 100, 0, 0, 34, 33.5, 100, 4.429, 104.276, 0, 0, 105.276, 94.241, 0, 0, 0, 0, 0, 13.9, 0, 11.9, 0, 4.766, 145, 0, 0, 0, 72, 1, 0.021, 0.021, 102.301, 99.619, 100, 0, 0, 141, 34, 33.5, 100, 4.429, 0, 104.276, 0, 0, 105.276, 94.241, 0, 0.7, 0, 0, 
3.45, 18.912, 100.292, 71.6, 72.3, , 14.582, 0.985, 354.986, 354.986, 4.802, 349.106, 349.106, 349.106, 50.834, 54.434, 34.897, 35.583, 7.379, 11.699, 0, 0, 86.991, 88.356, 86.991, 88.356, 1, 94.916, 94.916, 0.025, 0.131, 94.7, 96.184, 94.7, 96.184, 6.343, 7.379, 11.699, , , 1, 3.551, 0, 0, 11.9, 4.802, 145, 0, 0, 0, 72, 20.655, 20.823, 102.055, 99.501, 100, 0, 0, 34.013, 33.487, 100, 4.429, 104.446, 0, 0, 105.406, 94.917, 0, 0, 0, 0, 0, 13.9, 0, 11.9, 0, 4.802, 145, 0, 0, 0, 72, 1, 0.021, 0.021, 102.055, 99.498, 100, 0, 0, 141, 34.013, 33.487, 100, 4.429, 0, 104.446, 0, 0, 105.406, 94.917, 0, 0.7, 0, 0, 
3.5, 18.914, 100.292, 71.6, 72.3, , 14.544, 0.985, 361.787, 361.787, 4.836, 348.237, 348.237, 348.237, 50.614, 52.137, 34.811, 35.669, 7.379, 11.652, 0, 0, 87.421, 88.793, 87.421, 88.793, 1, 95.619, 95.619, 0.025, 0.13, 94.881, 96.367, 94.881, 96.367, 6.402, 7.379, 11.652, , , 1, 3.601, 0, 0, 11.9, 4.836, 145, 0, 0, 0, 72, 20.593, 20.757, 101.853, 99.363, 100, 0, 0, 34.032, 33.468, 100, 4.429, 104.372, 0, 0, 105.275, 95.567, 0, 0, 0, 0, 0, 13.9, 0, 11.9, 0, 4.836, 145, 0, 0, 0, 72, 1, 0.021, 0.021, 101.853, 99.361, 100, 0, 0, 141, 34.032, 33.468, 100, 4.429, 0, 104.372, 0, 0, 105.275, 95.567, 0, 0.7, 0, 0, 
3.55, 18.916, 100.292, 71.6, 72.3, , 14.516, 0.985, 368.792, 368.792, 4.87, 347.584, 347.584, 347.584, 50.39, 49.84, 34.575, 35.618, 7.38, 11.612, 0, 0, 87.914, 89.292, 87.914, 89.292, 1, 96.343, 96.343, 0.025, 0.13, 95.122, 96.611, 95.122, 96.611, 6.462, 7.38, 11.612, , , 1, 3.651, 0, 0, 11.9, 4.87, 145, 0, 0, 0, 72, 20.531, 20.691, 101.652, 99.225, 100, 0, 0, 34.051, 33.449, 100, 4.428, 104.297, 0, 0, 105.145, 96.216, 0, 0, 0, 0, 0, 13.9, 0, 11.9, 0, 4.87, 145, 0, 0, 0, 72, 1, 0.021, 0.021, 101.652, 99.223, 100, 0, 0, 141, 34.051, 33.449, 100, 4.428, 0, 104.297, 0, 0, 105.145, 96.216, 0, 0.7, 0, 0, 
3.6, 18.918, 100.291, 71.6, 72.3, , 14.471, 0.985, 375.66, 375.66, 4.904, 346.552, 346.552, 346.552, 50.173, 53.557, 34.293, 35.524, 7.38, 11.576, 0, 0, 88.291, 89.675, 88.291, 89.675, 1, 97.052, 97.052, 0.024, 0.13, 95.245, 96.735, 95.245, 96.735, 6.532, 7.38, 11.576, , , 1, 3.701, 0, 0, 11.9, 4.904, 145, 0, 0, 0, 72, 20.468, 20.626, 101.45, 99.088, 100, 0, 0, 34.069, 33.431, 100, 4.427, 104.222, 0, 0, 105.014, 96.865, 0, 0, 0, 0, 0, 13.9, 0, 11.9, 0, 4.904, 145, 0, 0, 0, 72, 1, 0.021, 0.021, 101.45, 99.086, 100, 0, 0, 141, 34.069, 33.431, 100, 4.427, 0, 104.222, 0, 0, 105.014, 96.865, 0, 0.7, 0, 0, 
3.65, 18.92, 100.291, 71.6, 72.3, , 14.409, 0.985, 382.728, 382.728, 4.938, 345.087, 345.087, 345.087, 49.959, , 34.011, 35.43, 7.38, 11.546, 0, 0, 88.564, 89.952, 88.564, 89.952, 1, 97.768, 97.768, 0.024, 0.129, 95.246, 96.738, 95.246, 96.738, 6.602, 7.38, 11.546, , , 1, 3.751, 0, 0, 11.9, 4.938, 145, 0, 0, 0, 72, 20.406, 20.56, 101.249, 98.95, 100, 0, 0, 34.088, 33.412, 100, 4.426, 104.148, 0, 0, 104.884, 97.514, 0, 0, 0, 0, 0, 13.9, 0, 11.9, 0, 4.938, 145, 0, 0, 0, 72, 1, 0.021, 0.021, 101.249, 98.948, 100, 0, 0, 141, 34.088, 33.412, 100, 4.426, 0, 104.148, 0, 0, 104.884, 97.514, 0, 0.7, 0, 0, 
3.7, 18.922, 100.29, 71.6, 72.3, , 14.33, 0.985, 389.804, 389.804, 4.972, 343.239, 343.239, 343.239, 49.754, , 33.728, 35.336, 7.381, 11.526, 0, 0, 88.73, 90.121, 88.73, 90.121, 1, 98.467, 98.467, 0.024, 0.129, 95.134, 96.625, 95.134, 96.625, 6.672, 7.381, 11.526, , , 1, 3.801, 0, 0, 11.9, 4.972, 145, 0, 0, 0, 72, 20.344, 20.494, 101.047, 98.812, 100, 0, 0, 34.107, 33.393, 100, 4.426, 104.073, 0, 0, 104.753, 98.164, 0, 0, 0, 0, 0, 13.9, 0, 11.9, 0, 4.972, 145, 0, 0, 0, 72, 1, 0.021, 0.021, 101.047, 98.811, 100, 0, 0, 141, 34.107, 33.393, 100, 4.426, 0, 104.073, 0, 0, 104.753, 98.164, 0, 0.7, 0, 0, 
3.75, 18.924, 100.29, 71.6, 72.3, , 14.314, 0.985, 396.95, 396.95, 5.006, 342.903, 342.903, 342.903, 49.549, , 33.446, 35.242, 7.381, 11.518, 0, 0, 89.281, 90.682, 89.281, 90.682, 1, 99.175, 99.175, 0.024, 0.129, 95.434, 96.931, 95.434, 96.931, 6.743, 7.381, 11.518, , , 1, 3.851, 0, 0, 11.9, 5.006, 145, 0, 0, 0, 72, 20.281, 20.429, 100.846, 98.675, 100, 0, 0, 34.125, 33.375, 100, 4.425, 103.999, 0, 0, 104.622, 98.813, 0, 0, 0, 0, 0, 13.9, 0, 11.9, 0, 5.006, 145, 0, 0, 0, 72, 1, 0.02, 0.02, 100.846, 98.673, 100, 0, 0, 141, 34.125, 33.375, 100, 4.425, 0, 103.999, 0, 0, 104.622, 98.813, 0, 0.7, 0, 0, 
3.8, 18.926, 100.29, 71.6, 72.3, , 14.275, 0.985, 404.101, 404.101, 5.04, 341.995, 341.995, 341.995, 49.349, , 33.897, 35.064, 7.383, 11.521, 0, 0, 89.669, 91.078, 89.669, 91.078, 1, 99.875, 99.875, 0.024, 0.129, 95.564, 97.064, 95.564, 97.064, 6.779, 7.383, 11.521, , , 1, 3.9, 0, 0, 11.9, 5.04, 145, 0, 0, 0, 72, 20.219, 20.363, 100.644, 98.537, 100, 0, 0, 34.144, 33.356, 100, 4.424, 103.924, 0, 0, 104.492, 99.462, 0, 0, 0, 0, 0, 13.9, 0, 11.9, 0, 5.04, 145, 0, 0, 0, 72, 1, 0.02, 0.02, 100.644, 98.536, 100, 0, 0, 141, 34.144, 33.356, 100, 4.424, 0, 103.924, 0, 0, 104.492, 99.462, 0, 0.7, 0, 0, 
3.85, 18.927, 100.291, 71.6, 72.3, , 14.238, 0.985, 411.314, 411.314, 5.074, 341.148, 341.148, 341.148, 49.154, , 34.363, 34.885, 7.385, 11.54, 0, 0, 90.077, 91.493, 90.077, 91.493, 1, 100.582, 100.582, 0.024, 0.128, 95.707, 97.21, 95.707, 97.21, 6.814, 7.385, 11.54, , , 1, 3.951, 0, 0, 11.9, 5.074, 145, 0, 0, 0, 72, 20.157, 20.297, 100.443, 98.399, 100, 0, 0, 34.163, 33.337, 100, 4.423, 103.849, 0, 0, 104.361, 100.111, 0, 0, 0, 0, 0, 13.9, 0, 11.9, 0, 5.074, 145, 0, 0, 0, 72, 1, 0.02, 0.02, 100.443, 98.398, 100, 0, 0, 141, 34.163, 33.337, 100, 4.423, 0, 103.849, 0, 0, 104.361, 100.111, 0, 0.7, 0, 0, 
3.9, 18.929, 100.291, 71.6, 72.3, , 14.205, 0.985, 418.549, 418.549, 5.108, 340.389, 340.389, 340.389, 49.064, , 34.829, 34.706, 7.387, 11.569, 0, 0, 90.499, 91.921, 90.499, 91.921, 1, 101.271, 101.271, 0.024, 0.128, 95.686, 97.189, 95.686, 97.189, 6.849, 7.387, 11.569, , , 1, 4.001, 0, 0, 11.9, 5.108, 145, 0, 0, 0, 72, 20.094, 20.232, 100.241, 98.262, 100, 0, 0, 34.181, 33.319, 100, 4.423, 103.775, 0, 0, 104.231, 100.761, 0, 0, 0, 0, 0, 13.9, 0, 11.9, 0, 5.108, 145, 0, 0, 0, 72, 1, 0.02, 0.02, 100.241, 98.261, 100, 0, 0, 141, 34.181, 33.319, 100, 4.423, 0, 103.775, 0, 0, 104.231, 100.761, 0, 0.7, 0, 0, 
3.95, 18.931, 100.291, 71.6, 72.3, , 14.151, 0.985, 425.949, 425.949, 5.142, 339.13, 339.13, 339.13, 49.145, , 35.295, 34.526, 7.389, 11.614, 0, 0, 90.793, 92.221, 90.793, 92.221, 1, 101.979, 101.979, 0.024, 0.128, 95.168, 96.664, 95.168, 96.664, 6.883, 7.389, 11.614, , , 1, 4.051, 0, 0, 11.9, 5.142, 145, 0, 0, 0, 72, 20.032, 20.166, 100.04, 98.124, 100, 0, 0, 34.2, 33.3, 100, 4.422, 103.7, 0, 0, 104.1, 101.41, 0, 0, 0, 0, 0, 13.9, 0, 11.9, 0, 5.142, 145, 0, 0, 0, 72, 1, 0.02, 0.02, 100.04, 98.123, 100, 0, 0, 141, 34.2, 33.3, 100, 4.422, 0, 103.7, 0, 0, 104.1, 101.41, 0, 0.7, 0, 0, 
4, 18.933, 100.292, 71.6, 72.3, , 14.069, 0.985, 433.33, 433.33, 5.176, 337.197, 337.197, 337.197, 49.404, , 35.761, 34.347, 7.39, 11.667, 0, 0, 90.889, 92.318, 90.889, 92.318, 1, 102.666, 102.666, 0.025, 0.128, 94.142, 95.621, 94.142, 95.621, 6.92, 7.39, 11.667, , , 1, 4.1, 0, 0, 11.9, 5.176, 145, 0, 0, 0, 72, 19.97, 20.1, 99.839, 97.986, 100, 0, 0, 34.219, 33.281, 100, 4.421, 103.625, 0, 0, 103.969, 102.059, 0, 0, 0, 0, 0, 13.9, 0, 11.9, 0, 5.176, 145, 0, 0, 0, 72, 1, 0.02, 0.02, 99.839, 97.986, 100, 0, 0, 141, 34.219, 33.281, 100, 4.421, 0, 103.625, 0, 0, 103.969, 102.059, 0, 0.7, 0, 0, 
4.05, 18.935, 100.292, 71.6, 72.3, , 14.037, 0.985, 440.731, 440.731, 5.21, 336.466, 336.466, 336.466, 49.852, , 35.676, 34.548, 7.391, 11.731, 0, 0, 91.301, 92.734, 91.301, 92.734, 1, 103.364, 103.364, 0.025, 0.128, 93.137, 94.6, 93.137, 94.6, 6.957, 7.391, 11.731, , , 1, 4.151, 0, 0, 11.9, 5.21, 145, 0, 0, 0, 72, 19.907, 20.035, 99.637, 97.849, 100, 0, 0, 34.237, 33.263, 100, 4.421, 103.551, 0, 0, 103.839, 102.709, 0, 0, 0, 0, 0, 13.9, 0, 11.9, 0, 5.21, 145, 0, 0, 0, 72, 1, 0.02, 0.02, 99.637, 97.848, 100, 0, 0, 141, 34.237, 33.263, 100, 4.421, 0, 103.551, 0, 0, 103.839, 102.709, 0, 0.7, 0, 0, 
4.1, 18.937, 100.293, 71.6, 72.3, , 13.98, 0.985, 448.244, 448.244, 5.251, 335.145, 335.145, 335.145, 50.468, , 35.567, 34.765, 7.392, 11.797, 0, 0, 91.553, 92.99, 91.553, 92.99, 1, 104.059, 104.059, 0.025, 0.129, 91.645, 93.085, 91.645, 93.085, 6.994, 7.392, 11.797, , , 1, 4.201, 0, 0, 11.9, 5.251, 145, 0, 0, 0, 72, 19.786, 19.907, 99.437, 97.678, 100, 0, 0, 34.267, 33.233, 100, 4.419, 103.117, 0, 0, 103.35, 103.496, 0, 0, 0, 0, 0, 13.9, 0, 11.9, 0, 5.251, 145, 0, 0, 0, 72, 1, 0.02, 0.02, 99.437, 97.678, 100, 0, 0, 141, 34.267, 33.233, 100, 4.419, 0, 103.117, 0, 0, 103.35, 103.496, 0, 0.7, 0, 0, 
4.15, 18.939, 100.293, 71.6, 72.3, , 13.905, 0.985, 455.776, 455.776, 5.306, 333.377, 333.377, 333.377, 51.053, , 35.459, 34.982, 7.391, 11.867, 0, 0, 91.666, 93.105, 91.666, 93.105, 1, 104.745, 104.745, 0.025, 0.129, 90.087, 91.501, 90.087, 91.501, 7.031, 7.391, 11.867, , , 1, 4.25, 0, 0, 11.9, 5.306, 145, 0, 0, 0, 72, 19.539, 19.649, 99.242, 97.438, 100, 0, 0, 34.322, 33.178, 100, 4.417, 101.922, 0, 0, 102.1, 104.576, 0, 0, 0, 0, 0, 13.9, 0, 11.9, 0, 5.306, 145, 0, 0, 0, 72, 1, 0.02, 0.02, 99.242, 97.438, 100, 0, 0, 141, 34.322, 33.178, 100, 4.417, 0, 101.922, 0, 0, 102.1, 104.576, 0, 0.7, 0, 0, 
4.2, 18.94, 100.293, 71.6, 72.3, , 13.84, 0.985, 463.419, 463.419, 5.361, 331.878, 331.878, 331.878, 51.508, , 35.351, 35.199, 7.39, 11.933, 0, 0, 91.852, 93.293, 91.852, 93.293, 1, 105.469, 105.469, 0.025, 0.129, 88.89, 90.284, 88.89, 90.284, 7.057, 7.39, 11.933, , , 1, 4.301, 0, 0, 11.9, 5.361, 145, 0, 0, 0, 72, 19.293, 19.39, 99.046, 97.198, 100, 0, 0, 34.376, 33.124, 100, 4.415, 100.726, 0, 0, 100.85, 105.657, 0, 0, 0, 0, 0, 13.9, 0, 11.9, 0, 5.361, 145, 0, 0, 0, 72, 1, 0.019, 0.019, 99.046, 97.198, 100, 0, 0, 141, 34.376, 33.124, 100, 4.415, 0, 100.726, 0, 0, 100.85, 105.657, 0, 0.7, 0, 0, 
4.25, 18.938, 100.294, 71.6, 72.301, , 13.726, 0.985, 473.382, 473.382, 5.416, 329.201, 329.201, 329.201, 51.824, , 35.242, 35.416, 7.389, 11.992, 0, 0, 91.87, 93.311, 91.87, 93.311, 1, 106.308, 106.308, 0.025, 0.129, 87.614, 88.988, 87.614, 88.988, 7.07, 7.389, 11.992, , , 1, 4.351, 0, 0, 11.9, 5.416, 145, 0, 0, 0, 72, 19.046, 19.131, 98.85, 96.957, 100, 0, 0, 34.43, 33.07, 100, 4.413, 99.53, 0, 0, 99.6, 106.737, 0, 0, 0, 0, 0, 13.9, 0, 11.9, 0, 5.416, 145, 0, 0, 0, 72, 1, 0.019, 0.019, 98.85, 96.957, 100, 0, 0, 141, 34.43, 33.07, 100, 4.413, 0, 99.53, 0, 0, 99.6, 106.737, 0, 0.7, 0, 0, 
4.3, 18.937, 100.294, 71.6, 72.302, , 13.607, 0.985, 481.01, 481.01, 5.471, 326.394, 326.394, 326.394, 51.961, , 35.311, 35.773, 7.388, 12.047, 0, 0, 91.659, 93.096, 91.659, 93.096, 1, 106.974, 106.974, 0.025, 0.129, 86.616, 87.974, 86.616, 87.974, 7.083, 7.388, 12.047, , , 1, 4.4, 0, 0, 11.9, 5.471, 145, 0, 0, 0, 72, 18.799, 18.872, 98.655, 96.717, 100, 0, 0, 34.485, 33.015, 100, 4.411, 98.335, 0, 0, 98.35, 107.817, 0, 0, 0, 0, 0, 13.9, 0, 11.9, 0, 5.471, 145, 0, 0, 0, 72, 1, 0.019, 0.019, 98.655, 96.717, 100, 0, 0, 141, 34.485, 33.015, 100, 4.411, 0, 98.335, 0, 0, 98.35, 107.817, 0, 0.7, 0, 0, 
4.35, 18.936, 100.295, 71.6, 72.303, , 13.503, 0.985, 488.793, 488.793, 5.512, 323.957, 323.957, 323.957, 51.987, , 35.383, 36.133, 7.387, 12.09, 0, 0, 91.549, 92.982, 91.549, 92.982, 1, 107.645, 107.645, 0.025, 0.129, 85.928, 87.276, 85.928, 87.276, 7.095, 7.387, 12.09, , , 1, 4.45, 0, 0, 11.9, 5.512, 145, 0, 0, 0, 72, 18.726, 18.806, 98.6, 96.49, 100, 0, 0, 34.572, 32.928, 100, 4.413, 98.144, 0, 0, 98.216, 108.568, 0, 0, 0, 0, 0, 13.9, 0, 11.9, 0, 5.512, 145, 0, 0, 0, 72, 1, 0.019, 0.019, 98.6, 96.49, 100, 0, 0, 141, 34.572, 32.928, 100, 4.413, 0, 98.144, 0, 0, 98.216, 108.568, 0, 0.7, 0, 0, 
4.4, 18.935, 100.295, 71.6, 72.303, , 13.411, 0.985, 496.577, 496.577, 5.547, 321.805, 321.805, 321.805, 51.991, , 35.455, 36.493, 7.386, 12.127, 0, 0, 91.499, 92.931, 91.499, 92.931, 1, 108.307, 108.307, 0.025, 0.129, 85.353, 86.691, 85.353, 86.691, 7.114, 7.386, 12.127, , , 1, 4.501, 0, 0, 11.9, 5.547, 145, 0, 0, 0, 72, 18.72, 18.814, 98.6, 96.268, 100, 0, 0, 34.672, 32.828, 100, 4.417, 98.344, 0, 0, 98.516, 109.19, 0, 0, 0, 0, 0, 13.9, 0, 11.9, 0, 5.547, 145, 0, 0, 0, 72, 1, 0.019, 0.019, 98.6, 96.268, 100, 0, 0, 141, 34.672, 32.828, 100, 4.417, 0, 98.344, 0, 0, 98.516, 109.19, 0, 0.7, 0, 0, 
4.45, 18.934, 100.295, 71.6, 72.304, , 13.277, 0.985, 504.516, 504.516, 5.583, 318.646, 318.646, 318.646, 51.994, , 35.527, 36.853, 7.386, 12.144, 0, 0, 91.157, 92.583, 91.157, 92.583, 1, 108.967, 108.967, 0.025, 0.129, 84.51, 85.835, 84.51, 85.835, 7.141, 7.386, 12.144, , , 1, 4.551, 0, 0, 11.9, 5.583, 145, 0, 0, 0, 72, 18.714, 18.822, 98.6, 96.046, 100, 0, 0, 34.772, 32.728, 100, 4.421, 98.544, 0, 0, 98.816, 109.812, 0, 0, 0, 0, 0, 13.9, 0, 11.9, 0, 5.583, 145, 0, 0, 0, 72, 1, 0.019, 0.019, 98.6, 96.046, 100, 0, 0, 141, 34.772, 32.728, 100, 4.421, 0, 98.544, 0, 0, 98.816, 109.812, 0, 0.7, 0, 0, 
4.5, 18.933, 100.296, 71.6, 72.305, , 13.184, 0.985, 512.299, 512.299, 5.618, 316.46, 316.46, 316.46, 51.999, , 35.599, 37.213, 7.386, 12.155, 0, 0, 91.067, 92.492, 91.067, 92.492, 1, 109.619, 109.619, 0.025, 0.129, 83.923, 85.239, 83.923, 85.239, 7.168, 7.386, 12.155, , , 1, 4.6, 0, 0, 11.9, 5.618, 145, 0, 0, 0, 72, 18.708, 18.83, 98.6, 95.824, 100, 0, 0, 34.872, 32.628, 100, 4.425, 98.744, 0, 0, 99.116, 110.434, 0, 0, 0, 0, 0, 13.9, 0, 11.9, 0, 5.618, 145, 0, 0, 0, 72, 1, 0.019, 0.019, 98.6, 95.824, 100, 0, 0, 141, 34.872, 32.628, 100, 4.425, 0, 98.744, 0, 0, 99.116, 110.434, 0, 0.7, 0, 0, 
4.55, 18.932, 100.296, 71.6, 72.306, , 13.112, 0.985, 520.302, 520.302, 5.654, 314.772, 314.772, 314.772, 52.003, , 35.6, 36.797, 7.386, 12.149, 0, 0, 91.118, 92.545, 91.118, 92.545, 1, 110.264, 110.264, 0.025, 0.129, 83.469, 84.776, 83.469, 84.776, 7.195, 7.386, 12.149, , , 1, 4.651, 0, 0, 11.9, 5.654, 145, 0, 0, 0, 72, 18.702, 18.838, 98.6, 95.602, 100, 0, 0, 34.972, 32.528, 100, 4.429, 98.944, 0, 0, 99.416, 111.056, 0, 0, 0, 0, 0, 13.9, 0, 11.9, 0, 5.654, 145, 0, 0, 0, 72, 1, 0.019, 0.019, 98.6, 95.602, 100, 0, 0, 141, 34.972, 32.528, 100, 4.429, 0, 98.944, 0, 0, 99.416, 111.056, 0, 0.7, 0, 0, 
4.6, 18.93, 100.296, 71.6, 72.306, , 12.999, 0.985, 528.333, 528.333, 5.689, 312.127, 312.127, 312.127, 52.007, , 35.6, 36.365, 7.386, 12.138, 0, 0, 90.883, 92.307, 90.883, 92.307, 1, 110.912, 110.912, 0.024, 0.129, 82.76, 84.058, 82.76, 84.058, 7.228, 7.386, 12.138, , , 1, 4.701, 0, 0, 11.9, 5.689, 145, 0, 0, 0, 72, 18.707, 18.857, 98.6, 95.433, 100, 0, 0, 35.072, 32.644, 100, 4.427, 99.144, 0, 0, 99.644, 111.676, 0, 0, 0, 0, 0, 13.9, 0, 11.9, 0, 5.689, 145, 0, 0, 0, 72, 1, 0.019, 0.019, 98.6, 95.433, 100, 0, 0, 141, 35.072, 32.644, 100, 4.427, 0, 99.144, 0, 0, 99.644, 111.676, 0, 0.7, 0, 0, 
4.65, 18.929, 100.297, 71.6, 72.307, , 12.859, 0.985, 536.244, 536.244, 5.723, 308.827, 308.827, 308.827, 52.013, , 35.6, 35.933, 7.385, 12.113, 0, 0, 90.438, 91.856, 90.438, 91.856, 1, 111.55, 111.55, 0.024, 0.128, 81.875, 83.159, 81.875, 83.159, 7.271, 7.385, 12.113, , , 1, 4.75, 0, 0, 11.9, 5.723, 145, 0, 0, 0, 72, 18.717, 18.881, 98.6, 95.285, 100, 0, 0, 35.172, 32.844, 100, 4.423, 99.344, 0, 0, 99.844, 112.296, 0, 0, 0, 0, 0, 13.9, 0, 11.9, 0, 5.723, 145, 0, 0, 0, 72, 1, 0.019, 0.019, 98.6, 95.284, 100, 0, 0, 141, 35.172, 32.844, 100, 4.423, 0, 99.344, 0, 0, 99.844, 112.296, 0, 0.7, 0, 0, 
4.7, 18.928, 100.297, 71.6, 72.308, , 12.771, 0.985, 544.457, 544.457, 5.758, 306.766, 306.766, 306.766, 52.02, , 35.6, 35.501, 7.384, 12.085, 0, 0, 90.34, 91.758, 90.34, 91.758, 1, 112.179, 112.179, 0.024, 0.128, 81.316, 82.591, 81.316, 82.591, 7.314, 7.384, 12.085, , , 1, 4.8, 0, 0, 11.9, 5.758, 145, 0, 0, 0, 72, 18.727, 18.905, 98.6, 95.137, 100, 0, 0, 35.272, 33.044, 100, 4.419, 99.544, 0, 0, 100.044, 112.916, 0, 0, 0, 0, 0, 13.9, 0, 11.9, 0, 5.758, 145, 0, 0, 0, 72, 1, 0.019, 0.019, 98.6, 95.136, 100, 0, 0, 141, 35.272, 33.044, 100, 4.419, 0, 99.544, 0, 0, 100.044, 112.916, 0, 0.7, 0, 0, 
4.75, 18.927, 100.298, 71.6, 72.309, , 12.659, 0.985, 552.561, 552.561, 5.792, 304.137, 304.137, 304.137, 52.03, , 35.6, 35.069, 7.383, 12.046, 0, 0, 90.068, 91.481, 90.068, 91.481, 1, 112.81, 112.81, 0.024, 0.128, 80.606, 81.869, 80.606, 81.869, 7.357, 7.383, 12.046, , , 1, 4.851, 0, 0, 11.9, 5.792, 145, 0, 0, 0, 72, 18.737, 18.929, 98.6, 94.989, 100, 0, 0, 35.372, 33.244, 100, 4.415, 99.744, 0, 0, 100.244, 113.536, 0, 0, 0, 0, 0, 13.9, 0, 11.9, 0, 5.792, 145, 0, 0, 0, 72, 1, 0.019, 0.019, 98.6, 94.987, 100, 0, 0, 141, 35.372, 33.244, 100, 4.415, 0, 99.744, 0, 0, 100.244, 113.536, 0, 0.7, 0, 0, 
4.8, 18.926, 100.298, 71.6, 72.309, , 12.544, 0.985, 560.733, 560.733, 5.826, 301.426, 301.426, 301.426, 52.042, , 35.247, 35.095, 7.382, 12.008, 0, 0, 89.762, 91.17, 89.762, 91.17, 1, 113.432, 113.432, 0.024, 0.127, 79.87, 81.123, 79.87, 81.123, 7.399, 7.382, 12.008, , , 1, 4.901, 0, 0, 11.9, 5.826, 145, 0, 0, 0, 72, 18.747, 18.953, 98.6, 94.841, 100, 0, 0, 35.472, 33.444, 100, 4.411, 99.944, 0, 0, 100.444, 114.156, 0, 0, 0, 0, 0, 13.9, 0, 11.9, 0, 5.826, 145, 0, 0, 0, 72, 1, 0.019, 0.019, 98.6, 94.839, 100, 0, 0, 141, 35.472, 33.444, 100, 4.411, 0, 99.944, 0, 0, 100.444, 114.156, 0, 0.7, 0, 0, 
4.85, 18.925, 100.298, 71.6, 72.31, , 12.452, 0.985, 568.934, 568.934, 5.86, 299.275, 299.275, 299.275, 52.049, , 34.887, 35.131, 7.38, 11.972, 0, 0, 89.607, 91.014, 89.607, 91.014, 1, 114.045, 114.045, 0.024, 0.127, 79.292, 80.536, 79.292, 80.536, 7.437, 7.38, 11.972, , , 1, 4.95, 0, 0, 11.9, 5.86, 145, 0, 0, 0, 72, 18.674, 18.921, 98.341, 94.747, 100, 0, 0, 35.572, 33.572, 100, 4.413, 100, 0, 0, 100.5, 114.778, 0, 0, 0, 0, 0, 13.9, 0, 11.9, 0, 5.86, 145, 0, 0, 0, 72, 1, 0.019, 0.019, 98.341, 94.745, 100, 0, 0, 141, 35.572, 33.572, 100, 4.413, 0, 100, 0, 0, 100.5, 114.778, 0, 0.7, 0, 0, 
4.9, 18.924, 100.299, 71.6, 72.311, , 12.419, 0.985, 577.244, 577.244, 5.894, 298.507, 298.507, 298.507, 52.01, , 34.527, 35.167, 7.379, 11.936, 0, 0, 89.861, 91.271, 89.861, 91.271, 1, 114.665, 114.665, 0.024, 0.127, 79.153, 80.395, 79.153, 80.395, 7.474, 7.379, 11.936, , , 1, 5.001, 0, 0, 11.9, 5.894, 145, 0, 0, 0, 72, 18.568, 18.867, 97.981, 94.673, 100, 0, 0, 35.672, 33.672, 100, 4.417, 100, 0, 0, 100.5, 115.4, 0, 0, 0, 0, 0, 13.9, 0, 11.9, 0, 5.894, 145, 0, 0, 0, 72, 1, 0.019, 0.019, 97.981, 94.672, 100, 0, 0, 141, 35.672, 33.672, 100, 4.417, 0, 100, 0, 0, 100.5, 115.4, 0, 0.7, 0, 0, 
4.95, 18.922, 100.299, 71.6, 72.312, , 12.228, 0.985, 585.584, 585.584, 5.928, 294.006, 294.006, 294.006, 51.913, , 34.167, 35.203, 7.379, 11.906, 0, 0, 88.967, 90.362, 88.967, 90.362, 1, 115.278, 115.278, 0.025, 0.127, 78.095, 79.321, 78.095, 79.321, 7.511, 7.379, 11.906, , , 1, 5.051, 0, 0, 11.9, 5.928, 145, 0, 0, 0, 72, 18.462, 18.813, 97.621, 94.599, 100, 0, 0, 35.772, 33.772, 100, 4.421, 100, 0, 0, 100.5, 116.022, 0, 0, 0, 0, 0, 13.9, 0, 11.9, 0, 5.928, 145, 0, 0, 0, 72, 1, 0.018, 0.019, 97.621, 94.598, 100, 0, 0, 141, 35.772, 33.772, 100, 4.421, 0, 100, 0, 0, 100.5, 116.022, 0, 0.7, 0, 0, 
5, 18.921, 100.299, 71.6, 72.313, , 10.958, 0.985, 593.923, 593.923, 5.962, 263.888, 263.888, 263.888, 51.773, , 33.807, 35.239, 7.378, 11.881, 0, 0, 80.17, 81.427, 80.17, 81.427, 1, 115.856, 115.856, 0.025, 0.127, 70.217, 71.319, 70.217, 71.319, 7.549, 7.378, 11.881, , , 1, 5.101, 0, 0, 11.9, 5.962, 145, 0, 0, 0, 72, 18.356, 18.759, 97.261, 94.525, 100, 0, 0, 35.872, 33.872, 100, 4.425, 100, 0, 0, 100.5, 116.644, 0, 0, 0, 0, 0, 13.9, 0, 11.9, 0, 5.962, 145, 0, 0, 0, 72, 1, 0.018, 0.019, 97.261, 94.524, 100, 0, 0, 141, 35.872, 33.872, 100, 4.425, 0, 100, 0, 0, 100.5, 116.644, 0, 0.7, 0, 0, 
5.05, 18.92, 100.3, 71.6, 72.313, , 8.955, 0.985, 602.43, 602.43, 5.996, 216.411, 216.411, 216.411, 51.614, , 34.082, 35.134, 7.378, 11.89, 0, 0, 65.961, 66.996, 65.961, 66.996, 1, 116.349, 116.349, 0.025, 0.127, 57.696, 58.601, 57.696, 58.601, 7.583, 7.378, 11.89, , , 1, 5.15, 0, 0, 11.9, 5.996, 145, 0, 0, 0, 72, 18.25, 18.705, 96.901, 94.451, 100, 0, 0, 35.972, 33.972, 100, 4.429, 100, 0, 0, 100.5, 117.266, 0, 0, 0, 0, 0, 13.9, 0, 11.9, 0, 5.996, 145, 0, 0, 0, 72, 1, 0.018, 0.019, 96.901, 94.451, 100, 0, 0, 141, 35.972, 33.972, 100, 4.429, 0, 100, 0, 0, 100.5, 117.266, 0, 0.7, 0, 0, 
5.1, 18.919, , , 72.314, , 6.768, , 610.769, 610.769, 6.006, 164.52, 164.52, 164.52, 51.449, , 34.37, 35.026, 7.377, 11.92, 0, 0, 50.29, 51.077, 50.29, 51.077, 1, 116.743, 116.743, 0.025, 0.127, 43.977, 44.667, 43.977, 44.667, 7.617, 7.377, 11.92, , , 1, 5.201, 0, 0.001, 11.9, 6.006, 145, 0, 0, 0, 72, 17.162, 18.653, 96.8, 94.43, 100, 0, 0, 36, 34.029, 100, 4.428, 99.623, 0, 0, 100.181, 117.368, 0, 0, 0, 0, 0, 13.9, 0.001, 11.9, 0, 6.006, 145, 0, 0, 0, 72, 1, 0.017, 0.019, 96.8, 94.43, 100, 0, 0, 141, 36, 34.029, 100, 4.428, 0, 99.623, 0, 0, 100.181, 117.368, 0, 0.7, 0, 0, 
5.15, 18.918, , , 72.315, , 3.993, , 619.381, 619.381, 6.006, 98.716, 98.716, 98.716, 51.328, , 34.658, 34.918, 7.377, 12.104, 0, 0, 30.247, 30.72, 30.247, 30.72, 1, 117.016, 117.016, 0.025, 0.127, 26.451, 26.865, 26.451, 26.865, 7.651, 7.377, 12.104, , , 1, 5.251, 0, 0.003, 11.9, 6.006, 145, 0, 0, 0, 72, 15.693, 18.603, 96.8, 94.43, 100, 0, 0, 36, 34.069, 100, 4.424, 99.098, 0, 0, 99.737, 117.268, 0, 0, 0, 0, 0, 13.9, 0.003, 11.9, 0, 6.006, 145, 0, 0, 0, 72, 1, 0.016, 0.019, 96.8, 94.43, 100, 0, 0, 141, 36, 34.069, 100, 4.424, 0, 99.098, 0, 0, 99.737, 117.268, 0, 0.7, 0, 0, 
5.2, 18.917, , , 72.316, , 0.217, , 627.856, 627.856, 6.006, 9.121, 9.121, 9.121, 51.277, , 34.946, 34.81, 7.377, 12.305, 0, 0, 2.801, 2.843, 2.801, 2.843, 1, 117.128, 117.128, 0.025, 0.127, 2.45, 2.486, 2.45, 2.486, 7.685, 7.377, 12.305, , , 1, 5.3, 0, 0.004, 11.9, 6.006, 145, 0, 0, 0, 72, 14.223, 18.552, 96.8, 94.43, 100, 0, 0, 36, 34.11, 100, 4.421, 98.574, 0, 0, 99.294, 117.168, 0, 0, 0, 0, 0, 13.9, 0.004, 11.9, 0, 6.006, 145, 0, 0, 0, 72, 1, 0.014, 0.019, 96.8, 94.43, 100, 0, 0, 141, 36, 34.11, 100, 4.421, 0, 98.574, 0, 0, 99.294, 117.168, 0, 0.7, 0, 0, 
5.25, 18.916, , , 72.316, , -2.69, , 636.504, 636.504, 6.006, -59.828, -59.828, -59.828, 51.31, , 35.234, 34.702, 7.378, 12.654, 0, 0, -18.333, -18.622, -18.333, -18.622, 1, 117.051, 117.051, 0.025, 0.127, -16.031, -16.284, -16.031, -16.284, 7.687, 7.378, 12.654, , , 1, 5.35, 0, 0.006, 11.9, 6.006, 145, 0, 0, 0, 72, 12.754, 18.501, 96.8, 94.43, 100, 0, 0, 36, 34.15, 100, 4.418, 98.05, 0, 0, 98.85, 117.068, 0, 0, 0, 0, 0, 13.9, 0.006, 11.9, 0, 6.006, 145, 0, 0, 0, 72, 1, 0.013, 0.019, 96.8, 94.43, 100, 0, 0, 141, 36, 34.15, 100, 4.418, 0, 98.05, 0, 0, 98.85, 117.068, 0, 0.7, 0, 0, 
5.3, 18.914, , , 72.317, , -4.505, , 644.979, 644.979, 6.006, -102.892, -102.892, -102.892, 51.392, , 35.31, 34.876, 7.378, 13.019, 0, 0, -31.507, -32.003, -31.507, -32.003, 1, 116.867, 116.867, 0.025, 0.127, -27.552, -27.986, -27.552, -27.986, 7.686, 7.378, 13.019, , , 1, 5.4, 0, 0.008, 11.9, 6.006, 145, 0, 0, 0, 72, 11.285, 18.45, 96.8, 94.43, 100, 0, 0, 36, 34.19, 100, 4.415, 97.526, 0, 0, 98.406, 116.968, 0, 0, 0, 0, 0, 13.9, 0.008, 11.9, 0, 6.006, 145, 0, 0, 0, 72, 1, 0.011, 0.019, 96.8, 94.43, 100, 0, 0, 141, 36, 34.19, 100, 4.415, 0, 97.526, 0, 0, 98.406, 116.968, 0, 0.7, 0, 0, 
5.35, 18.913, , , 72.318, , -6.014, , 653.627, 653.627, 6.006, -138.71, -138.71, -138.71, 51.51, , 35.382, 35.055, 7.379, 13.571, 0, 0, -42.433, -43.1, -42.433, -43.1, 1, 116.601, 116.601, 0.025, 0.126, -37.106, -37.69, -37.106, -37.69, 7.685, 7.379, 13.571, , , 1, 5.45, 0, 0.009, 11.9, 6.006, 145, 0, 0, 0, 72, 9.815, 18.399, 96.8, 94.43, 100, 0, 0, 36, 34.231, 100, 4.412, 97.002, 0, 0, 97.963, 116.868, 0, 0, 0, 0, 0, 13.9, 0.009, 11.9, 0, 6.006, 145, 0, 0, 0, 72, 1, 0.01, 0.019, 96.8, 94.43, 100, 0, 0, 141, 36, 34.231, 100, 4.412, 0, 97.002, 0, 0, 97.963, 116.868, 0, 0.7, 0, 0, 
5.4, 18.912, , , 72.319, , -6.926, , 662.275, 662.275, 6.006, -160.37, -160.37, -160.37, 51.654, , 35.454, 35.234, 7.379, 14.123, 0, 0, -48.98, -49.75, -48.98, -49.75, 1, 116.273, 116.273, 0.025, 0.126, -42.832, -43.505, -42.832, -43.505, 7.684, 7.379, 14.123, , , 1, 5.501, 0, 0.011, 11.9, 6.006, 145, 0, 0, 0, 72, 8.346, 18.349, 96.8, 94.43, 100, 0, 0, 36, 34.271, 100, 4.408, 96.477, 0, 0, 97.519, 116.768, 0, 0, 0, 0, 0, 13.9, 0.011, 11.9, 0, 6.006, 145, 0, 0, 0, 72, 1, 0.008, 0.018, 96.8, 94.43, 100, 0, 0, 141, 36, 34.271, 100, 4.408, 0, 96.477, 0, 0, 97.519, 116.768, 0, 0.7, 0, 0, 
5.45, 18.911, , , 72.319, , -6.501, , 670.75, 670.75, 6.006, -150.291, -150.291, -150.291, 51.804, , 35.525, 35.414, 7.38, 14.696, 0, 0, -45.77, -46.489, -45.77, -46.489, 1, 115.927, 115.927, 0.025, 0.126, -40.025, -40.653, -40.025, -40.653, 7.681, 7.38, 14.696, , , 1, 5.551, 0, 0.012, 11.9, 6.006, 145, 0, 0, 0, 72, 6.877, 18.298, 96.8, 94.43, 100, 0, 0, 36, 34.311, 100, 4.405, 95.953, 0, 0, 97.076, 116.668, 0, 0, 0, 0, 0, 13.9, 0.012, 11.9, 0, 6.006, 145, 0, 0, 0, 72, 1, 0.007, 0.018, 96.8, 94.43, 100, 0, 0, 141, 36, 34.311, 100, 4.405, 0, 95.953, 0, 0, 97.076, 116.668, 0, 0.7, 0, 0, 
5.5, , , , , , -5.99, , 679.317, 679.317, 6.006, -138.173, -138.173, -138.173, 51.877, , 35.597, 35.593, 7.38, 15.275, 0, 0, -41.951, -42.61, -41.951, -42.61, 1, 115.617, 115.617, 0.025, 0.126, -37.017, -37.598, -37.017, -37.598, 7.678, 7.38, 15.275, , , 1, 5.601, 0, 0.014, 11.9, 6.006, 145, 0, 0, 0, 72, 5.407, 18.247, 96.8, 94.43, 100, 0, 0, 36, 34.352, 100, 4.402, 95.429, 0, 0, 96.632, 116.568, 0, 0, 0, 0, 0, 13.9, 0.014, 11.9, 0, 6.006, 145, 0, 0, 0, 72, 1, 0.005, 0.018, 96.8, 94.43, 100, 0, 0, 141, 36, 34.352, 100, 4.402, 0, 95.429, 0, 0, 96.632, 116.568, 0, 0.7, 0, 0, 
5.55, , , , , , -5.826, , 687.824, 687.824, 6.006, -134.294, -134.294, -134.294, 51.944, , 35.6, 35.6, 7.38, 15.995, 0, 0, -40.666, -41.305, -40.666, -41.305, 1, 115.321, 115.321, 0.025, 0.125, -36.269, -36.838, -36.269, -36.838, 7.676, 7.38, 15.995, , , 1, 5.651, 0, 0.016, 11.9, 6.006, 145, 0, 0, 0, 72, 3.938, 18.196, 96.8, 94.43, 100, 0, 0, 36, 34.392, 100, 4.399, 94.905, 0, 0, 96.189, 116.468, 0, 0, 0, 0, 0, 13.9, 0.016, 11.9, 0, 6.006, 145, 0, 0, 0, 72, 1, 0.004, 0.018, 96.8, 94.43, 100, 0, 0, 141, 36, 34.392, 100, 4.399, 0, 94.905, 0, 0, 96.189, 116.468, 0, 0.7, 0, 0, 
5.6, , , , , , -5.747, , 696.079, 696.079, 6.006, -132.443, -132.443, -132.443, 52.012, , 35.6, 35.6, 7.379, 16.707, 0, 0, -40.033, -40.661, -40.033, -40.661, 1, 115.078, 115.078, 0.025, 0.125, -35.752, -36.314, -35.752, -36.314, 7.673, 7.379, 16.707, , , 1, 5.693, 0, 0.017, 11.9, 6.006, 145, 0, 0, 0, 72, 2.469, 18.145, 96.8, 94.43, 100, 0, 0, 36, 34.432, 100, 4.395, 94.381, 0, 0, 95.745, 116.368, 0, 0, 0, 0, 0, 13.9, 0.017, 11.9, 0, 6.006, 145, 0, 0, 0, 72, 1, 0.002, 0.018, 96.8, 94.43, 100, 0, 0, 141, 36, 34.432, 100, 4.395, 0, 94.381, 0, 0, 95.745, 116.368, 0, 0.7, 0, 0, 
5.65, , , , , , -5.691, , 700.326, 700.326, 6.006, -131.108, -131.108, -131.108, 52.08, , 35.6, 35.6, 7.379, 17.049, 0, 0, -39.578, -40.199, -39.578, -40.199, 1, 114.933, 114.933, , , -35.247, -35.802, -35.247, -35.802, , 7.379, 17.049, , , 1, 5.718, 0, 0.019, 11.9, 6.006, 145, 0, 0, 0, 72, 0.999, 18.095, 96.8, 94.43, 100, 0, 0, 36, 34.473, 100, 4.392, 93.856, 0, 0, 95.302, 116.268, 0, 0, 0, 0, 0, 13.9, 0.019, 11.9, 0, 6.006, 145, 0, 0, 0, 72, 1, 0.001, 0.018, 96.8, 94.43, 100, 0, 0, 141, 36, 34.473, 100, 4.392, 0, 93.856, 0, 0, 95.302, 116.268, 0, 0.7, 0, 0, 
5.7, , , , , , -5.649, , 704.502, 704.502, , -130.132, -130.132, -130.132, , , 35.6, 35.6, 7.379, 17.392, 0, 0, -39.234, -39.85, -39.234, -39.85, 1, 114.793, 114.793, , , , , , , , 7.379, 17.392, , , 1, 5.742, , , , , , , , , , , , , , , , , , , , , , , , , , , , , , , , , , , , , , , , , , , , , , , , , , , , , , , , , , , , , , , , 
5.75, , , , , , -5.605, , 708.755, 708.755, , -129.081, -129.081, -129.081, , , 35.6, 35.6, 7.378, 17.85, 0, 0, -38.869, -39.477, -38.869, -39.477, 1, 114.651, 114.651, , , , , , , , 7.378, 17.85, , , 1, 5.768, , , , , , , , , , , , , , , , , , , , , , , , , , , , , , , , , , , , , , , , , , , , , , , , , , , , , , , , , , , , , , , , 
5.8, , , , , , , , 712.923, 712.923, , , , , , , , , 7.377, 18.308, , , , , , , , 114.513, 114.513, , , , , , , , 7.377, 18.308, , , , , , , , , , , , , , , , , , , , , , , , , , , , , , , , , , , , , , , , , , , , , , , , , , , , , , , , , , , , , , , , , , , , 
