Time, (DWRT ATMO) Humidity, (DWRT ATMO) Pressure, (DWRT ATMO) Temperature 1, (DWRT ATMO) Temperature 2, (DWRT CPU) ????????????????????????????????????????????????????????????????, (DWRT CPU) Acceleration, (DWRT CPU) Correction Factor, (DWRT CPU) Distance, (DWRT CPU) Distance 1, (DWRT CPU) Engine RPM, (DWRT CPU) Force, (DWRT CPU) Force 1, (DWRT CPU) Force Drum 1, (DWRT CPU) Gear Ratio, (DWRT CPU) Inductive 1 Signal Strength, (DWRT CPU) Internal Temp 1, (DWRT CPU) Internal Temp 2, (DWRT CPU) LC1 Volts Petrol AFR, (DWRT CPU) LC2 Volts Petrol AFR2, (DWRT CPU) Link 0 Status, (DWRT CPU) Link 1 Status, (DWRT CPU) Power, (DWRT CPU) Power (uncorrected), (DWRT CPU) Power Drum 1, (DWRT CPU) Power Drum 1 (uncorrected), (DWRT CPU) Sampling, (DWRT CPU) Speed, (DWRT CPU) Speed 1, (DWRT CPU) TCP RX kB/s, (DWRT CPU) TCP TX kB/s, (DWRT CPU) Torque, (DWRT CPU) Torque (uncorrected), (DWRT CPU) Torque Drum 1, (DWRT CPU) Torque Drum 1 (uncorrected), (DWRT CPU) UDP RX kB/s, (DWRT CPU) User Analog 1, (DWRT CPU) User Analog 2, (DWRT CPU) User Analog 3, (DWRT CPU) User Analog 4, (Gen) Sampling, (Gen) Sampling Duration, (Harley - ECU Type 14 SW Level 141) Accel Enrichment, (Harley - ECU Type 14 SW Level 141) Decel Enleanment, (Harley - ECU Type 14 SW Level 141) Desired Air/Fuel, (Harley - ECU Type 14 SW Level 141) Engine Speed, (Harley - ECU Type 14 SW Level 141) Engine Temperature, (Harley - ECU Type 14 SW Level 141) Front Adaptive Fuel Factor, (Harley - ECU Type 14 SW Level 141) Front Closed Loop Integrator, (Harley - ECU Type 14 SW Level 141) Front Spark Knock Retard, (Harley - ECU Type 14 SW Level 141) Idle Air Control Motor Position, (Harley - ECU Type 14 SW Level 141) Injector Time Front, (Harley - ECU Type 14 SW Level 141) Injector Time Rear, (Harley - ECU Type 14 SW Level 141) Intake Air Temperature, (Harley - ECU Type 14 SW Level 141) Manifold Absolute Pressure, (Harley - ECU Type 14 SW Level 141) Rear Adaptive Fuel Factor, (Harley - ECU Type 14 SW Level 141) Rear Closed Loop Integrator, (Harley - ECU Type 14 SW Level 141) Rear Spark Knock Retard, (Harley - ECU Type 14 SW Level 141) Spark Advance Front, (Harley - ECU Type 14 SW Level 141) Spark Advance Rear, (Harley - ECU Type 14 SW Level 141) Throttle Position, (Harley - ECU Type 14 SW Level 141) Throttle Position Sensor Voltage, (Harley - ECU Type 14 SW Level 141) VE Front, (Harley - ECU Type 14 SW Level 141) VE New Front, (Harley - ECU Type 14 SW Level 141) VE New Rear, (Harley - ECU Type 14 SW Level 141) VE Rear, (Harley - ECU Type 14 SW Level 141) Vehicle Speed, (Harley - ECU Type 14 SW Level 141) WBO2 AFR Front, (Harley - ECU Type 14 SW Level 141) WBO2 AFR Rear, (PV) Accel Enrichment, (PV) AT Lambda 1, (PV) AT Lambda 2, (PV) Battery Voltage, (PV) Decel Enleanment, (PV) Desired Air/Fuel, (PV) Desired Lambda, (PV) Engine Speed, (PV) Engine Temperature, (PV) Front Adaptive Fuel Factor, (PV) Front Closed Loop Integrator, (PV) Front Spark Knock Retard, (PV) Idle Air Control Motor Position, (PV) Idle Set Speed, (PV) Injector Time Front, (PV) Injector Time Rear, (PV) Intake Air Temperature, (PV) Manifold Absolute Pressure, (PV) Rear Adaptive Fuel Factor, (PV) Rear Closed Loop Integrator, (PV) Rear Spark Knock Retard, (PV) Software Level, (PV) Spark Advance Front, (PV) Spark Advance Rear, (PV) Throttle Position, (PV) Throttle Position Sensor, (PV) Twistgrip Position, (PV) VE Front, (PV) VE New Front, (PV) VE New Rear, (PV) VE Rear, (PV) Vehicle Speed, (PV) Warm-up Fuel AFR (Lambda), (PV) Warm-up Fuel AFR (Ratio), (PV) WBO2 AFR Front, (PV) WBO2 AFR Rear, 
0, , , , , , , , , , , , , , , , , , , , , , , , , , , , , , , , , , , , , , , , 1, 0, , , , , , , , , , , , , , , , , , , , , , , , , , , , , , , , , , , , , , , , , , , , , , , , , , , , , , , , , , , , , , , , 
0.05, , , , , , 2.05, , , , 2.339, 50.498, 50.498, 50.498, , , , , , , , , , , , , , , , , , , , , , , , , , , 1, 0.05, 0, 0, 14.5, 2.339, 163, 0, 0, 0, 52, 4.434, 4.466, 116.6, 35.02, 100, 0, 0, 31.58, 31.58, 7, 0.84, 85.46, 0, 0, 93.96, 45.41, 0, 0, 0, 0, 0, 14, 0, 14.5, 0, 2.339, 163, 0, 0, 0, 52, 1, 0.004, 0.004, 116.6, 35.02, 100, 0, 0, 141, 31.58, 31.58, 7, 0.84, 0, 85.46, 0, 0, 93.96, 45.41, 0, 0, 0, 0, 
0.1, , , , , , 2.159, , 2.937, 2.937, 2.346, 53.077, 53.077, 53.077, 51.922, 64.973, , , , , , , 6.309, 6.409, 6.309, 6.409, , 45.232, 45.232, , , 14.096, 14.316, 14.096, 14.316, , , , , , 1, 0.075, 0, 0, 14.5, 2.346, 163, 0, 0, 0, 52, 4.444, 4.482, 116.6, 35.02, 100, 0, 0, 31.78, 31.78, 7, 0.84, 85.36, 0, 0, 93.86, 45.534, 0, 0, 0, 0, 0, 14, 0, 14.5, 0, 2.346, 163, 0, 0, 0, 52, 1, 0.004, 0.004, 116.6, 35.02, 100, 0, 0, 141, 31.78, 31.78, 7, 0.84, 0, 85.36, 0, 0, 93.86, 45.534, 0, 0, 0, 0, 
0.15, , , , , , 2.161, , 7.942, 7.942, 2.352, 53.139, 53.139, 53.139, 51.957, 67.232, , , 7.377, 14.464, 0, 0, 6.338, 6.438, 6.338, 6.438, 1, 45.392, 45.392, , , 14.102, 14.322, 14.102, 14.322, , 7.377, 14.464, , , 1, 0.149, 0, 0, 14.5, 2.352, 163, 0, 0, 0, 52, 4.454, 4.498, 116.6, 35.02, 100, 0, 0, 31.98, 31.98, 7, 0.84, 85.26, 0, 0, 93.76, 45.658, 0, 0, 0, 0, 0, 14, 0, 14.5, 0, 2.352, 163, 0, 0, 0, 52, 1, 0.004, 0.004, 116.6, 35.02, 100, 0, 0, 141, 31.98, 31.98, 7, 0.84, 0, 85.26, 0, 0, 93.76, 45.658, 0, 0, 0, 0, 
0.2, , , , , , 2.225, , 14.078, 14.078, 2.359, 54.654, 54.654, 54.654, 51.983, 68.161, , , 7.377, 14.46, 0, 0, 6.544, 6.647, 6.544, 6.647, 1, 45.553, 45.553, 0.025, 0.136, 14.5, 14.727, 14.5, 14.727, 4.593, 7.377, 14.46, , , 1, 0.175, 0, 0, 14.5, 2.359, 163, 0, 0, 0, 52, 4.464, 4.514, 116.6, 35.02, 100, 0, 0, 32.18, 32.18, 7, 0.84, 85.16, 0, 0, 93.66, 45.782, 0, 0, 0, 0, 0, 14, 0, 14.5, 0, 2.359, 163, 0, 0, 0, 52, 1, 0.004, 0.005, 116.6, 35.02, 100, 0, 0, 141, 32.18, 32.18, 7, 0.84, 0, 85.16, 0, 0, 93.66, 45.782, 0, 0, 0, 0, 
0.25, , , , , , 2.34, , 20.182, 20.182, 2.366, 57.378, 57.378, 57.378, 51.977, 69.091, 35.496, 35.105, 7.377, 14.583, 0, 0, 6.894, 7.004, 6.894, 7.004, 1, 45.719, 45.719, 0.025, 0.136, 15.224, 15.464, 15.224, 15.464, 4.651, 7.377, 14.583, , , 1, 0.349, 0, 0, 14.5, 2.366, 163, 0, 0, 0, 52, 4.474, 4.53, 116.6, 35.02, 100, 0, 0, 32.38, 32.38, 7, 0.84, 85.06, 0, 0, 93.56, 45.906, 0, 0, 0, 0, 0, 14, 0, 14.5, 0, 2.366, 163, 0, 0, 0, 52, 1, 0.004, 0.005, 116.6, 35.02, 100, 0, 0, 141, 32.38, 32.38, 7, 0.84, 0, 85.06, 0, 0, 93.56, 45.906, 0, 0, 0, 0, 
0.3, , , , , , 2.518, , 25.187, 25.187, 2.372, 61.607, 61.607, 61.607, 51.961, 70.02, 35.676, 35.213, 7.378, 14.738, 0, 0, 7.423, 7.542, 7.423, 7.542, 1, 45.862, 45.862, 0.025, 0.136, 16.355, 16.611, 16.355, 16.611, 4.709, 7.378, 14.738, , , 1, 0.401, 0, 0, 14.5, 2.372, 163, 0, 0, 0, 52.083, 4.501, 4.59, 116.6, 35.02, 100, 0, 0, 32.624, 32.583, 7, 0.842, 85.083, 0, 0, 93.748, 46.031, 0, 0, 0, 0, 0, 14, 0, 14.5, 0, 2.372, 163, 0, 0, 0, 52.083, 1, 0.004, 0.005, 116.6, 35.02, 100, 0, 0, 141, 32.624, 32.583, 7, 0.842, 0, 85.083, 0, 0, 93.748, 46.031, 0, 0, 0, 0, 
0.35, 19.191, , , 72.25, , 2.786, , 28.733, 28.733, 2.377, 67.968, 67.968, 67.968, 51.937, 70.949, 35.856, 35.321, 7.379, 14.838, 0, 0, 8.216, 8.347, 8.216, 8.347, 1, 45.994, 45.994, 0.025, 0.136, 18.053, 18.337, 18.053, 18.337, 4.767, 7.379, 14.838, , , 1, 0.451, 0, 0, 14.5, 2.377, 163, 0, 0, 0, 52.289, 4.555, 4.714, 116.6, 35.02, 100, 0, 0, 32.934, 32.789, 7, 0.846, 85.289, 0, 0, 94.368, 46.159, 0, 0, 0, 0, 0, 14, 0, 14.5, 0, 2.377, 163, 0, 0, 0, 52.289, 1, 0.004, 0.005, 116.6, 35.02, 100, 0, 0, 141, 32.934, 32.789, 7, 0.846, 0, 85.289, 0, 0, 94.368, 46.159, 0, 0, 0, 0, 
0.4, 19.192, , , 72.25, , 3.073, , 32.092, 32.092, 2.382, 74.77, 74.77, 74.77, 51.91, 71.879, 36.036, 35.429, 7.381, 14.922, 0, 0, 9.066, 9.211, 9.066, 9.211, 1, 46.139, 46.139, 0.025, 0.136, 19.87, 20.183, 19.87, 20.183, 4.789, 7.381, 14.922, , , 1, 0.501, 0, 0, 14.5, 2.382, 163, 0, 0, 0, 52.496, 4.609, 4.838, 116.6, 35.02, 100, 0, 0, 33.244, 32.996, 7, 0.85, 85.496, 0, 0, 94.988, 46.287, 0, 0, 0, 0, 0, 14, 0, 14.5, 0, 2.382, 163, 0, 0, 0, 52.496, 1, 0.004, 0.005, 116.6, 35.02, 100, 0, 0, 141, 33.244, 32.996, 7, 0.85, 0, 85.496, 0, 0, 94.988, 46.287, 0, 0, 0, 0, 
0.45, 19.193, , , 72.25, , 3.365, , 35.433, 35.433, 2.388, 81.709, 81.709, 81.709, 51.877, 72.808, 36.216, 35.537, 7.382, 14.958, 0, 0, 9.938, 10.097, 9.938, 10.097, 1, 46.302, 46.302, 0.025, 0.137, 21.725, 22.066, 21.725, 22.066, 4.764, 7.382, 14.958, , , 1, 0.55, 0, 0, 14.5, 2.388, 163, 0, 0, 0, 52.702, 4.663, 4.961, 116.6, 35.02, 100, 0, 0, 33.554, 33.202, 7, 0.854, 85.702, 0, 0, 95.607, 46.416, 0, 0, 0, 0, 0, 14, 0, 14.5, 0, 2.388, 163, 0, 0, 0, 52.702, 1, 0.005, 0.005, 116.6, 35.02, 100, 0, 0, 141, 33.554, 33.202, 7, 0.854, 0, 85.702, 0, 0, 95.607, 46.416, 0, 0, 0, 0, 
0.5, 19.194, , , 72.25, , 3.627, , 38.817, 38.817, 2.393, 87.928, 87.928, 87.928, 51.842, 73.737, 36.229, 35.615, 7.384, 14.979, 0, 0, 10.735, 10.905, 10.735, 10.905, 1, 46.476, 46.476, 0.025, 0.137, 23.394, 23.76, 23.394, 23.76, 4.74, 7.384, 14.979, , , 1, 0.6, 0, 0, 14.5, 2.393, 163, 0, 0, 0, 52.909, 4.716, 5.085, 116.6, 35.02, 100, 0, 0, 33.864, 33.409, 7, 0.858, 85.909, 0, 0, 96.227, 46.544, 0, 0, 0, 0, 0, 14, 0, 14.5, 0, 2.393, 163, 0, 0, 0, 52.909, 1, 0.005, 0.005, 116.6, 35.02, 100, 0, 0, 141, 33.864, 33.409, 7, 0.858, 0, 85.909, 0, 0, 96.227, 46.544, 0, 0, 0, 0, 
0.55, 19.195, , , 72.25, , 3.878, , 42.201, 42.201, 2.4, 93.888, 93.888, 93.888, 51.805, 74.667, 36.013, 35.651, 7.385, 14.919, 0, 0, 11.51, 11.69, 11.51, 11.69, 1, 46.659, 46.659, 0.025, 0.137, 24.995, 25.386, 24.995, 25.386, 4.715, 7.385, 14.919, , , 1, 0.651, 0.181, 0, 14.5, 2.4, 163.224, 0, 0, 0, 53.448, 5.049, 5.319, 116.6, 35.477, 100, 0, 0, 34.504, 34.172, 7.225, 0.871, 87.064, 0, 0, 97.34, 46.74, 0, 0, 0.181, 0, 0, 14, 0, 14.5, 0, 2.4, 163.224, 0, 0, 0, 53.448, 1, 0.005, 0.005, 116.6, 35.491, 100, 0, 0, 141, 34.504, 34.172, 7.225, 0.871, 0, 87.064, 0, 0, 97.34, 46.74, 0, 0, 0, 0, 
0.6, 19.197, , , 72.25, , 4.102, , 45.603, 45.603, 2.408, 99.198, 99.198, 99.198, 51.769, 75.596, 35.797, 35.687, 7.386, 14.83, 0, 0, 12.211, 12.402, 12.211, 12.402, 1, 46.859, 46.859, 0.025, 0.137, 26.425, 26.839, 26.425, 26.839, 4.697, 7.386, 14.83, , , 1, 0.701, 0.505, 0, 14.5, 2.408, 163.624, 0, 0, 0, 54.248, 5.601, 5.639, 116.6, 36.292, 100, 0, 0, 35.404, 35.372, 7.627, 0.891, 88.964, 0, 0, 98.84, 46.99, 0, 0, 0.505, 0, 0, 14, 0, 14.5, 0, 2.408, 163.624, 0, 0, 0, 54.248, 1, 0.006, 0.006, 116.6, 36.303, 100, 0, 0, 141, 35.404, 35.372, 7.627, 0.891, 0, 88.964, 0, 0, 98.84, 46.99, 0, 0, 0, 0, 
0.65, 19.198, , , 72.25, , 4.283, , 49.037, 49.037, 2.417, 103.512, 103.512, 103.512, 51.731, 76.525, 35.581, 35.723, 7.386, 14.628, 0, 0, 12.798, 12.997, 12.798, 12.997, 1, 47.068, 47.068, 0.025, 0.137, 27.592, 28.025, 27.592, 28.025, 4.711, 7.386, 14.628, , , 1, 0.75, 0.829, 0, 14.5, 2.417, 164.024, 0, 0, 0, 55.048, 6.153, 5.959, 116.6, 37.107, 100, 0, 0, 36.304, 36.572, 8.028, 0.911, 90.864, 0, 0, 100.34, 47.24, 0, 0, 0.829, 0, 0, 14, 0, 14.5, 0, 2.417, 164.024, 0, 0, 0, 55.048, 1, 0.007, 0.006, 116.6, 37.115, 100, 0, 0, 141, 36.304, 36.572, 8.028, 0.911, 0, 90.864, 0, 0, 100.34, 47.24, 0, 0, 0, 0, 
0.7, 19.199, , , 72.25, , 4.495, , 52.471, 52.471, 2.425, 108.546, 108.546, 108.546, 51.692, 77.455, 35.365, 35.759, 7.386, 14.382, 0, 0, 13.483, 13.692, 13.483, 13.692, 1, 47.285, 47.285, 0.025, 0.137, 28.956, 29.411, 28.956, 29.411, 4.725, 7.386, 14.382, , , 1, 0.801, 1.153, 0, 14.5, 2.425, 164.424, 0, 0, 0, 55.848, 6.705, 6.279, 116.6, 37.922, 100, 0, 0, 37.204, 37.772, 8.43, 0.931, 92.764, 0, 0, 101.84, 47.49, 0, 0, 1.153, 0, 0, 14, 0, 14.5, 0, 2.425, 164.424, 0, 0, 0, 55.848, 1, 0.007, 0.006, 116.6, 37.927, 100, 0, 0, 141, 37.204, 37.772, 8.43, 0.931, 0, 92.764, 0, 0, 101.84, 47.49, 0, 0, 0, 0, 
0.75, 19.2, , , 72.25, , 4.671, , 55.905, 55.905, 2.433, 112.707, 112.707, 112.707, 51.652, 78.384, 35.27, 35.78, 7.386, 14.077, 0, 0, 14.066, 14.285, 14.066, 14.285, 1, 47.511, 47.511, 0.025, 0.136, 30.09, 30.563, 30.09, 30.563, 4.739, 7.386, 14.077, , , 1, 0.851, 1.477, 0, 14.5, 2.433, 164.824, 0, 0, 0, 56.648, 7.257, 6.599, 116.6, 38.738, 100, 0, 0, 38.104, 38.972, 8.831, 0.951, 94.664, 0, 0, 103.34, 47.74, 0, 0, 1.477, 0, 0, 14, 0, 14.5, 0, 2.433, 164.824, 0, 0, 0, 56.648, 1, 0.008, 0.007, 116.6, 38.739, 100, 0, 0, 141, 38.104, 38.972, 8.831, 0.951, 0, 94.664, 0, 0, 103.34, 47.74, 0, 0, 0, 0, 
0.8, 19.201, , , 72.25, , 4.817, , 59.353, 59.353, 2.447, 116.187, 116.187, 116.187, 51.611, 79.313, 35.342, 35.78, 7.386, 13.747, 0, 0, 14.571, 14.799, 14.571, 14.799, 1, 47.746, 47.746, 0.025, 0.136, 31.041, 31.53, 31.041, 31.53, 4.754, 7.386, 13.747, , , 1, 0.9, 1.551, 0, 14.5, 2.447, 165, 0, 0, 0, 57.397, 7.581, 6.837, 116.6, 39.792, 100, 0, 0, 38.84, 39.727, 9.351, 0.973, 96.435, 0, 0, 104.794, 47.991, 0, 0, 1.551, 0, 0, 14, 0, 14.5, 0, 2.447, 165, 0, 0, 0, 57.397, 1, 0.008, 0.007, 116.6, 39.792, 100, 0, 0, 141, 38.84, 39.727, 9.351, 0.973, 0, 96.435, 0, 0, 104.794, 47.991, 0, 0, 0, 0, 
0.85, 19.202, , , 72.25, , 4.943, , 62.838, 62.838, 2.464, 119.178, 119.178, 119.178, 51.584, 80.243, 35.414, 35.78, 7.385, 13.425, 0, 0, 15.023, 15.257, 15.023, 15.257, 1, 47.987, 47.987, 0.025, 0.136, 31.858, 32.36, 31.858, 32.36, 4.788, 7.385, 13.425, , , 1, 0.951, 1.429, 0, 14.5, 2.464, 165, 0, 0, 0, 58.105, 7.726, 7.01, 116.6, 41.02, 100, 0, 0, 39.447, 40.132, 9.956, 0.996, 98.105, 0, 0, 106.211, 48.242, 0, 0, 1.429, 0, 0, 14, 0, 14.5, 0, 2.464, 165, 0, 0, 0, 58.105, 1, 0.008, 0.007, 116.6, 41.02, 100, 0, 0, 141, 39.447, 40.132, 9.956, 0.996, 0, 98.105, 0, 0, 106.211, 48.242, 0, 0, 0, 0, 
0.9, 19.203, , , 72.25, , 5.093, , 66.323, 66.323, 2.481, 122.751, 122.751, 122.751, 51.57, 81.172, 35.486, 35.78, 7.384, 13.109, 0, 0, 15.553, 15.797, 15.553, 15.797, 1, 48.234, 48.234, 0.025, 0.136, 32.819, 33.336, 32.819, 33.336, 4.824, 7.384, 13.109, , , 1, 1.001, 1.306, 0, 14.5, 2.481, 165, 0, 0, 0, 58.814, 7.871, 7.183, 116.6, 42.248, 100, 0, 0, 40.055, 40.536, 10.56, 1.02, 99.775, 0, 0, 107.628, 48.493, 0, 0, 1.306, 0, 0, 14, 0, 14.5, 0, 2.481, 165, 0, 0, 0, 58.814, 1, 0.008, 0.007, 116.6, 42.248, 100, 0, 0, 141, 40.055, 40.536, 10.56, 1.02, 0, 99.775, 0, 0, 107.628, 48.493, 0, 0, 0, 0, 
0.95, 19.205, , , 72.25, , 5.218, , 69.808, 69.808, 2.498, 125.703, 125.703, 125.703, 51.57, 82.101, 35.558, 35.78, 7.383, 12.891, 0, 0, 16.009, 16.261, 16.009, 16.261, 1, 48.492, 48.492, 0.025, 0.135, 33.607, 34.135, 33.607, 34.135, 4.861, 7.383, 12.891, , , 1, 1.05, 1.184, 0, 14.5, 2.498, 165, 0, 0, 0, 59.522, 8.015, 7.356, 116.6, 43.476, 100, 0, 0, 40.662, 40.941, 11.165, 1.043, 101.445, 0, 0, 109.045, 48.744, 0, 0, 1.184, 0, 0, 14, 0, 14.5, 0, 2.498, 165, 0, 0, 0, 59.522, 1, 0.008, 0.007, 116.6, 43.476, 100, 0, 0, 141, 40.662, 40.941, 11.165, 1.043, 0, 101.445, 0, 0, 109.045, 48.744, 0, 0, 0, 0, 
1, 19.206, , , 72.25, , 5.339, , 73.307, 73.307, 2.515, 128.581, 128.581, 128.581, 51.588, 83.031, 35.736, 35.765, 7.382, 12.725, 0, 0, 16.462, 16.722, 16.462, 16.722, 1, 48.75, 48.75, 0.025, 0.135, 34.367, 34.906, 34.367, 34.906, 4.898, 7.382, 12.725, , , 1, 1.101, 1.062, 0, 14.5, 2.515, 165, 0, 0, 0, 60.231, 8.16, 7.529, 116.6, 44.703, 100, 0, 0, 41.269, 41.346, 11.77, 1.066, 103.115, 0, 0, 110.462, 48.995, 0, 0, 1.062, 0, 0, 14, 0, 14.5, 0, 2.515, 165, 0, 0, 0, 60.231, 1, 0.008, 0.007, 116.6, 44.703, 100, 0, 0, 141, 41.269, 41.346, 11.77, 1.066, 0, 103.115, 0, 0, 110.462, 48.995, 0, 0, 0, 0, 
1.05, 19.207, , , 72.25, , 5.504, , 76.844, 76.844, 2.531, 132.498, 132.498, 132.498, 51.615, 83.96, 36.06, 35.729, 7.382, 12.622, 0, 0, 17.054, 17.324, 17.054, 17.324, 1, 49.018, 49.018, 0.025, 0.135, 35.396, 35.95, 35.396, 35.95, 4.913, 7.382, 12.622, , , 1, 1.151, 1.046, 0, 14.5, 2.531, 165, 0, 0, 0, 61.117, 8.427, 7.745, 116.6, 45.799, 100, 0, 0, 41.539, 41.616, 12.388, 1.091, 104.483, 0, 0, 111.501, 49.329, 0, 0, 1.046, 0, 0, 14, 0, 14.5, 0, 2.531, 165, 0, 0, 0, 61.117, 1, 0.009, 0.008, 116.6, 45.799, 100, 0, 0, 141, 41.539, 41.616, 12.388, 1.091, 0, 104.483, 0, 0, 111.501, 49.329, 0, 0, 0, 0, 
1.1, 19.208, , , 72.25, , 5.704, , 80.433, 80.433, 2.548, 137.257, 137.257, 137.257, 51.642, 84.889, 36.384, 35.693, 7.382, 12.558, 0, 0, 17.77, 18.051, 17.77, 18.051, 1, 49.295, 49.295, 0.025, 0.136, 36.651, 37.224, 36.651, 37.224, 4.924, 7.382, 12.558, , , 1, 1.2, 1.096, 0, 14.5, 2.548, 165, 0, 0, 0, 62.112, 8.769, 7.986, 116.6, 46.814, 100, 0, 0, 41.601, 41.802, 13.012, 1.117, 105.664, 0, 0, 112.31, 49.715, 0, 0, 1.096, 0, 0, 14, 0, 14.5, 0, 2.548, 165, 0, 0, 0, 62.112, 1, 0.009, 0.008, 116.6, 46.814, 100, 0, 0, 141, 41.601, 41.802, 13.012, 1.117, 0, 105.664, 0, 0, 112.31, 49.715, 0, 0, 0, 0, 
1.15, 19.209, , , 72.25, , 5.913, , 84.025, 84.025, 2.565, 142.212, 142.212, 142.212, 51.657, 85.819, 36.708, 35.657, 7.383, 12.516, 0, 0, 18.521, 18.812, 18.521, 18.812, 1, 49.577, 49.577, 0.025, 0.136, 37.967, 38.559, 37.967, 38.559, 4.936, 7.383, 12.516, , , 1, 1.25, 1.145, 0, 14.5, 2.565, 165, 0, 0, 0, 63.107, 9.111, 8.227, 116.6, 47.829, 100, 0, 0, 41.663, 41.989, 13.638, 1.143, 106.846, 0, 0, 113.118, 50.1, 0, 0, 1.145, 0, 0, 14, 0, 14.5, 0, 2.565, 165, 0, 0, 0, 63.107, 1, 0.009, 0.008, 116.6, 47.829, 100, 0, 0, 141, 41.663, 41.989, 13.638, 1.143, 0, 106.846, 0, 0, 113.118, 50.1, 0, 0, 0, 0, 
1.2, 19.21, , , 72.25, , 6.156, , 87.618, 87.618, 2.582, 147.982, 147.982, 147.982, 51.654, 86.748, 37.032, 35.621, 7.384, 12.49, 0, 0, 19.391, 19.694, 19.391, 19.694, 1, 49.877, 49.877, 0.025, 0.136, 39.51, 40.126, 39.51, 40.126, 4.948, 7.384, 12.49, , , 1, 1.301, 1.195, 0, 14.5, 2.582, 165, 0, 0, 0, 64.102, 9.453, 8.468, 116.6, 48.844, 100, 0, 0, 41.725, 42.175, 14.262, 1.17, 108.027, 0, 0, 113.927, 50.486, 0, 0, 1.195, 0, 0, 14, 0, 14.5, 0, 2.582, 165, 0, 0, 0, 64.102, 1, 0.01, 0.008, 116.6, 48.844, 100, 0, 0, 141, 41.725, 42.175, 14.262, 1.17, 0, 108.027, 0, 0, 113.927, 50.486, 0, 0, 0, 0, 
1.25, 19.211, 100.3, 71.595, 72.25, , 6.454, 0.985, 91.212, 91.212, 2.598, 155.064, 155.064, 155.064, 51.638, 87.677, 37.039, 35.6, 7.384, 12.441, 0, 0, 20.445, 20.763, 20.445, 20.763, 1, 50.188, 50.188, 0.025, 0.137, 41.413, 42.059, 41.413, 42.059, 4.943, 7.384, 12.441, , , 1, 1.351, 1.172, 0, 14.5, 2.598, 165, 0, 0, 0, 65.152, 9.67, 8.637, 116.6, 49.901, 100, 0, 0, 41.652, 42.25, 14.972, 1.198, 108.729, 0, 0, 114.25, 50.883, 0, 0, 1.172, 0, 0, 14, 0, 14.5, 0, 2.598, 165, 0, 0, 0, 65.152, 1, 0.01, 0.009, 116.6, 49.901, 100, 0, 0, 141, 41.652, 42.25, 14.972, 1.198, 0, 108.729, 0, 0, 114.25, 50.883, 0, 0, 0, 0, 
1.3, 19.213, 100.3, 71.59, 72.25, , 6.676, 0.985, 94.86, 94.86, 2.615, 160.333, 160.333, 160.333, 51.617, 88.607, 36.607, 35.6, 7.384, 12.377, 0, 0, 21.275, 21.605, 21.275, 21.605, 1, 50.512, 50.512, 0.025, 0.137, 42.837, 43.507, 42.837, 43.507, 4.927, 7.384, 12.377, , , 1, 1.401, 1.1, 0, 14.5, 2.615, 165, 0, 0, 0, 66.239, 9.804, 8.758, 116.6, 50.984, 100, 0, 0, 41.489, 42.25, 15.733, 1.229, 109.111, 0, 0, 114.25, 51.289, 0, 0, 1.1, 0, 0, 14, 0, 14.5, 0, 2.615, 165, 0, 0, 0, 66.239, 1, 0.01, 0.009, 116.6, 50.984, 100, 0, 0, 141, 41.489, 42.25, 15.733, 1.229, 0, 109.111, 0, 0, 114.25, 51.289, 0, 0, 0, 0, 
1.35, 19.214, 100.3, 71.585, 72.25, , 6.882, 0.985, 98.553, 98.553, 2.632, 165.236, 165.236, 165.236, 51.598, 89.536, 36.175, 35.6, 7.383, 12.312, 0, 0, 22.07, 22.412, 22.07, 22.412, 1, 50.848, 50.848, 0.025, 0.137, 44.16, 44.852, 44.16, 44.852, 4.912, 7.383, 12.312, , , 1, 1.451, 1.028, 0, 14.5, 2.632, 165, 0, 0, 0, 67.326, 9.938, 8.879, 116.6, 52.066, 100, 0, 0, 41.326, 42.25, 16.493, 1.259, 109.493, 0, 0, 114.25, 51.694, 0, 0, 1.028, 0, 0, 14, 0, 14.5, 0, 2.632, 165, 0, 0, 0, 67.326, 1, 0.01, 0.009, 116.6, 52.066, 100, 0, 0, 141, 41.326, 42.25, 16.493, 1.259, 0, 109.493, 0, 0, 114.25, 51.694, 0, 0, 0, 0, 
1.4, 19.215, 100.3, 71.58, 72.25, , 7.078, 0.985, 102.259, 102.259, 2.648, 169.895, 169.895, 169.895, 51.584, 90.465, 35.743, 35.6, 7.382, 12.246, 0, 0, 22.844, 23.198, 22.844, 23.198, 1, 51.187, 51.187, 0.025, 0.137, 45.417, 46.129, 45.417, 46.129, 4.897, 7.382, 12.246, , , 1, 1.501, 0.956, 0, 14.5, 2.648, 165, 0, 0, 0, 68.413, 10.071, 8.999, 116.6, 53.149, 100, 0, 0, 41.163, 42.25, 17.254, 1.29, 109.876, 0, 0, 114.25, 52.1, 0, 0, 0.956, 0, 0, 14, 0, 14.5, 0, 2.648, 165, 0, 0, 0, 68.413, 1, 0.01, 0.009, 116.6, 53.149, 100, 0, 0, 141, 41.163, 42.25, 17.254, 1.29, 0, 109.876, 0, 0, 114.25, 52.1, 0, 0, 0, 0, 
1.45, 19.216, 100.3, 71.576, 72.25, , 7.253, 0.985, 105.966, 105.966, 2.665, 174.046, 174.046, 174.046, 51.574, 91.394, 35.311, 35.6, 7.38, 12.216, 0, 0, 23.563, 23.927, 23.563, 23.927, 1, 51.545, 51.545, 0.025, 0.138, 46.535, 47.265, 46.535, 47.265, 4.89, 7.38, 12.216, , , 1, 1.551, 0.884, 0, 14.5, 2.665, 165, 0, 0, 0, 69.5, 10.205, 9.12, 116.6, 54.233, 100, 0, 0, 41, 42.25, 18.016, 1.32, 110.234, 0, 0, 114.227, 52.505, 0, 0, 0.884, 0, 0, 14, 0, 14.5, 0, 2.665, 165, 0, 0, 0, 69.5, 1, 0.01, 0.009, 116.6, 54.233, 100, 0, 0, 141, 41, 42.25, 18.016, 1.32, 0, 110.234, 0, 0, 114.227, 52.505, 0, 0, 0, 0, 
1.5, 19.217, 100.3, 71.571, 72.25, , 7.378, 0.985, 109.672, 109.672, 2.684, 177.03, 177.03, 177.03, 51.571, 92.324, 35.015, 35.645, 7.379, 12.217, 0, 0, 24.138, 24.51, 24.138, 24.51, 1, 51.905, 51.905, 0.025, 0.137, 47.335, 48.078, 47.335, 48.078, 4.898, 7.379, 12.217, , , 1, 1.601, 0.832, 0, 14.5, 2.684, 165, 0, 0, 0, 70.066, 10.232, 9.265, 116.6, 55.402, 100, 0, 0, 40.774, 42.08, 18.808, 1.348, 109.442, 0, 0, 113.096, 52.857, 0, 0, 0.832, 0, 0, 14, 0, 14.5, 0, 2.684, 165, 0, 0, 0, 70.066, 1, 0.01, 0.009, 116.6, 55.402, 100, 0, 0, 141, 40.774, 42.08, 18.808, 1.348, 0, 109.442, 0, 0, 113.096, 52.857, 0, 0, 0, 0, 
1.55, 19.218, 100.3, 71.566, 72.25, , 7.565, 0.985, 113.437, 113.437, 2.704, 181.472, 181.472, 181.472, 51.571, 93.253, 34.907, 35.753, 7.378, 12.264, 0, 0, 24.92, 25.306, 24.92, 25.306, 1, 52.271, 52.271, 0.025, 0.137, 48.527, 49.285, 48.527, 49.285, 4.906, 7.378, 12.264, , , 1, 1.651, 0.78, 0, 14.5, 2.704, 165, 0, 0, 0, 70.631, 10.259, 9.41, 116.6, 56.57, 100, 0, 0, 40.548, 41.911, 19.6, 1.377, 108.65, 0, 0, 111.965, 53.209, 0, 0, 0.78, 0, 0, 14, 0, 14.5, 0, 2.704, 165, 0, 0, 0, 70.631, 1, 0.01, 0.009, 116.6, 56.57, 100, 0, 0, 141, 40.548, 41.911, 19.6, 1.377, 0, 108.65, 0, 0, 111.965, 53.209, 0, 0, 0, 0, 
1.6, 19.219, 100.3, 71.561, 72.25, , 7.748, 0.985, 118.665, 118.665, 2.723, 185.821, 185.821, 185.821, 51.566, 94.182, 34.799, 35.861, 7.377, 12.356, 0, 0, 25.772, 26.174, 25.772, 26.174, 1, 52.679, 52.679, 0.025, 0.137, 49.697, 50.473, 49.697, 50.473, 4.914, 7.377, 12.356, , , 1, 1.701, 0.728, 0, 14.5, 2.723, 165, 0, 0, 0, 71.197, 10.286, 9.554, 116.6, 57.739, 100, 0, 0, 40.321, 41.741, 20.391, 1.405, 107.859, 0, 0, 110.834, 53.56, 0, 0, 0.728, 0, 0, 14, 0, 14.5, 0, 2.723, 165, 0, 0, 0, 71.197, 1, 0.01, 0.009, 116.6, 57.739, 100, 0, 0, 141, 40.321, 41.741, 20.391, 1.405, 0, 107.859, 0, 0, 110.834, 53.56, 0, 0, 0, 0, 
1.65, 19.22, 100.3, 71.556, 72.25, , 7.897, 0.985, 123.411, 123.411, 2.742, 189.365, 189.365, 189.365, 51.553, 95.112, 34.691, 35.969, 7.377, 12.463, 0, 0, 26.497, 26.913, 26.497, 26.913, 1, 53.258, 53.258, 0.025, 0.137, 50.656, 51.447, 50.656, 51.447, 4.926, 7.377, 12.463, , , 1, 1.751, 0.676, 0, 14.5, 2.742, 165, 0, 0, 0, 71.762, 10.314, 9.699, 116.6, 58.908, 100, 0, 0, 40.095, 41.571, 21.183, 1.433, 107.067, 0, 0, 109.702, 53.912, 0, 0, 0.676, 0, 0, 14, 0, 14.5, 0, 2.742, 165, 0, 0, 0, 71.762, 1, 0.01, 0.009, 116.6, 58.908, 100, 0, 0, 141, 40.095, 41.571, 21.183, 1.433, 0, 107.067, 0, 0, 109.702, 53.912, 0, 0, 0, 0, 
1.7, 19.221, 100.3, 71.551, 72.25, , 8.014, 0.985, 127.258, 127.258, 2.756, 192.158, 192.158, 192.158, 51.537, 96.041, 34.583, 36.077, 7.377, 12.585, 0, 0, 27.082, 27.51, 27.082, 27.51, 1, 53.663, 53.663, 0.025, 0.137, 51.418, 52.222, 51.418, 52.222, 4.952, 7.377, 12.585, , , 1, 1.801, 0.586, 0, 14.5, 2.756, 165, 0, 0, 0, 72, 10.266, 9.808, 116.6, 59.729, 100, 0, 0, 39.934, 41.434, 21.705, 1.452, 106.443, 0, 0, 108.875, 54.142, 0, 0, 0.586, 0, 0, 14, 0, 14.5, 0, 2.756, 165, 0, 0, 0, 72, 1, 0.01, 0.01, 116.6, 59.729, 100, 0, 0, 141, 39.934, 41.434, 21.705, 1.452, 0, 106.443, 0, 0, 108.875, 54.142, 0, 0, 0, 0, 
1.75, 19.222, 100.3, 71.546, 72.25, , 8.127, 0.985, 131.15, 131.15, 2.766, 194.83, 194.83, 194.83, 51.511, 96.97, 34.565, 36.261, 7.377, 12.69, 0, 0, 27.661, 28.098, 27.661, 28.098, 1, 54.059, 54.059, 0.025, 0.136, 52.16, 52.975, 52.16, 52.975, 4.979, 7.377, 12.69, , , 1, 1.851, 0.471, 0, 14.5, 2.766, 165, 0, 0, 0, 72, 10.164, 9.89, 116.6, 60.319, 100, 0, 0, 39.82, 41.32, 22.048, 1.465, 105.932, 0, 0, 108.25, 54.284, 0, 0, 0.471, 0, 0, 14, 0, 14.5, 0, 2.766, 165, 0, 0, 0, 72, 1, 0.01, 0.01, 116.6, 60.319, 100, 0, 0, 141, 39.82, 41.32, 22.048, 1.465, 0, 105.932, 0, 0, 108.25, 54.284, 0, 0, 0, 0, 
1.8, 19.223, 100.3, 71.541, 72.25, , 8.227, 0.985, 135.042, 135.042, 2.776, 197.21, 197.21, 197.21, 51.474, 97.9, 34.673, 36.549, 7.377, 12.775, 0, 0, 28.207, 28.653, 28.207, 28.653, 1, 54.462, 54.462, 0.025, 0.136, 52.834, 53.661, 52.834, 53.661, 5.006, 7.377, 12.775, , , 1, 1.901, 0.355, 0, 14.5, 2.776, 165, 0, 0, 0, 72, 10.063, 9.972, 116.6, 60.909, 100, 0, 0, 39.705, 41.205, 22.39, 1.477, 105.42, 0, 0, 107.625, 54.425, 0, 0, 0.355, 0, 0, 14, 0, 14.5, 0, 2.776, 165, 0, 0, 0, 72, 1, 0.01, 0.01, 116.6, 60.909, 100, 0, 0, 141, 39.705, 41.205, 22.39, 1.477, 0, 105.42, 0, 0, 107.625, 54.425, 0, 0, 0, 0, 
1.85, 19.223, 100.3, 71.536, 72.25, , 8.331, 0.985, 138.993, 138.993, 2.786, 199.698, 199.698, 199.698, 51.426, 98.829, 34.781, 36.837, 7.377, 12.834, 0, 0, 28.776, 29.23, 28.776, 29.23, 1, 54.872, 54.872, 0.024, 0.136, 53.552, 54.391, 53.552, 54.391, 5.028, 7.377, 12.834, , , 1, 1.951, 0.24, 0, 14.5, 2.786, 165, 0, 0, 0, 72, 9.961, 10.054, 116.6, 61.5, 100, 0, 0, 39.591, 41.091, 22.733, 1.49, 104.909, 0, 0, 107, 54.567, 0, 0, 0.24, 0, 0, 14, 0, 14.5, 0, 2.786, 165, 0, 0, 0, 72, 1, 0.01, 0.01, 116.6, 61.5, 100, 0, 0, 141, 39.591, 41.091, 22.733, 1.49, 0, 104.909, 0, 0, 107, 54.567, 0, 0, 0, 0, 
1.9, 19.224, 100.3, 71.531, 72.25, , 8.435, 0.985, 142.951, 142.951, 2.798, 202.175, 202.175, 202.175, 51.371, 99.758, 34.889, 37.125, 7.377, 12.863, 0, 0, 29.352, 29.813, 29.352, 29.813, 1, 55.284, 55.284, 0.024, 0.136, 54.274, 55.124, 54.274, 55.124, 5.031, 7.377, 12.863, , , 1, 2.001, 0.158, 0, 14.5, 2.798, 165, 0, 0, 0, 72, 9.894, 10.13, 116.6, 62.025, 100, 0, 0, 39.48, 40.98, 23.088, 1.504, 104.339, 0, 0, 106.36, 54.78, 0, 0, 0.158, 0, 0, 14, 0, 14.5, 0, 2.798, 165, 0, 0, 0, 72, 1, 0.01, 0.01, 116.6, 62.025, 100, 0, 0, 141, 39.48, 40.98, 23.088, 1.504, 0, 104.339, 0, 0, 106.359, 54.78, 0, 0, 0, 0, 
1.95, 19.225, 100.3, 71.526, 72.25, , 8.538, 0.985, 146.946, 146.946, 2.816, 204.618, 204.618, 204.618, 51.322, 97.181, 34.997, 37.413, 7.377, 12.891, 0, 0, 29.932, 30.399, 29.932, 30.399, 1, 55.696, 55.696, 0.024, 0.136, 54.982, 55.844, 54.982, 55.844, 5.035, 7.377, 12.891, , , 1, 2.051, 0.196, 0, 14.5, 2.816, 165, 0, 0, 0, 72, 9.964, 10.178, 116.6, 62.321, 100, 0, 0, 39.38, 40.88, 23.488, 1.524, 103.536, 0, 0, 105.66, 55.278, 0, 0, 0.196, 0, 0, 14, 0, 14.5, 0, 2.816, 165, 0, 0, 0, 72, 1, 0.01, 0.01, 116.6, 62.321, 100, 0, 0, 141, 39.38, 40.88, 23.488, 1.524, 0, 103.536, 0, 0, 105.657, 55.278, 0, 0, 0, 0, 
2, 19.226, 100.3, 71.521, 72.25, , 8.646, 0.985, 150.972, 150.972, 2.834, 207.198, 207.198, 207.198, 51.287, 93.371, 35.089, 37.418, 7.377, 12.918, 0, 0, 30.539, 31.015, 30.539, 31.015, 1, 56.118, 56.118, 0.024, 0.136, 55.715, 56.587, 55.715, 56.587, 5.038, 7.377, 12.918, , , 1, 2.101, 0.234, 0, 14.5, 2.834, 165, 0, 0, 0, 72, 10.034, 10.226, 116.6, 62.617, 100, 0, 0, 39.28, 40.78, 23.888, 1.544, 102.733, 0, 0, 104.96, 55.776, 0, 0, 0.234, 0, 0, 14, 0, 14.5, 0, 2.834, 165, 0, 0, 0, 72, 1, 0.01, 0.01, 116.6, 62.617, 100, 0, 0, 141, 39.28, 40.78, 23.888, 1.544, 0, 102.733, 0, 0, 104.954, 55.776, 0, 0, 0, 0, 
2.05, 19.226, 100.3, 71.516, 72.25, , 8.766, 0.985, 155.014, 155.014, 2.852, 210.05, 210.05, 210.05, 51.265, 89.561, 35.159, 37.033, 7.377, 12.953, 0, 0, 31.194, 31.681, 31.194, 31.681, 1, 56.549, 56.549, 0.024, 0.136, 56.506, 57.39, 56.506, 57.39, 5.041, 7.377, 12.953, , , 1, 2.151, 0.272, 0, 14.5, 2.852, 165, 0, 0, 0, 72, 10.104, 10.274, 116.6, 62.913, 100, 0, 0, 39.18, 40.68, 24.288, 1.564, 101.93, 0, 0, 104.26, 56.274, 0, 0, 0.272, 0, 0, 14, 0, 14.5, 0, 2.852, 165, 0, 0, 0, 72, 1, 0.01, 0.01, 116.6, 62.913, 100, 0, 0, 141, 39.18, 40.68, 24.288, 1.564, 0, 101.93, 0, 0, 104.251, 56.274, 0, 0, 0, 0, 
2.1, 19.227, 100.3, 71.511, 72.25, , 8.89, 0.985, 159.11, 159.11, 2.87, 212.997, 212.997, 212.997, 51.257, 85.751, 35.229, 36.648, 7.377, 13.001, 0, 0, 31.876, 32.373, 31.876, 32.373, 1, 56.984, 56.984, 0.024, 0.136, 57.307, 58.204, 57.307, 58.204, 5.022, 7.377, 13.001, , , 1, 2.201, 0.31, 0, 14.5, 2.87, 165, 0, 0, 0, 72, 10.174, 10.322, 116.6, 63.209, 100, 0, 0, 39.08, 40.58, 24.688, 1.584, 101.127, 0, 0, 103.56, 56.772, 0, 0, 0.31, 0, 0, 14, 0, 14.5, 0, 2.87, 165, 0, 0, 0, 72, 1, 0.01, 0.01, 116.6, 63.209, 100, 0, 0, 141, 39.08, 40.58, 24.688, 1.584, 0, 101.127, 0, 0, 103.548, 56.772, 0, 0, 0, 0, 
2.15, 19.228, 100.3, 71.506, 72.25, , 9.037, 0.985, 163.206, 163.206, 2.892, 216.504, 216.504, 216.504, 51.264, 81.942, 35.3, 36.263, 7.377, 13.041, 0, 0, 32.651, 33.161, 32.651, 33.161, 1, 57.422, 57.422, 0.025, 0.136, 58.243, 59.156, 58.243, 59.156, 5, 7.377, 13.041, , , 1, 2.251, 0.371, 0, 14.493, 2.892, 165, 0, 0, 0, 72, 10.316, 10.444, 116.6, 63.667, 100, 0, 0, 38.95, 40.41, 25.176, 1.608, 100.522, 0, 0, 103.04, 57.307, 0, 0, 0.371, 0, 0, 14, 0, 14.493, 0, 2.892, 165, 0, 0, 0, 72, 1, 0.01, 0.01, 116.6, 63.667, 100, 0, 0, 141, 38.95, 40.41, 25.176, 1.608, 0, 100.522, 0, 0, 103.044, 57.307, 0, 0, 0, 0, 
2.2, 19.229, 100.3, 71.501, 72.25, , 9.19, 0.985, 167.371, 167.371, 2.93, 220.135, 220.135, 220.135, 51.283, 78.132, 35.37, 35.877, 7.377, 13.068, 0, 0, 33.457, 33.98, 33.457, 33.98, 1, 57.866, 57.866, 0.025, 0.136, 59.195, 60.122, 59.195, 60.122, 4.977, 7.377, 13.068, , , 1, 2.3, 0.513, 0, 14.463, 2.93, 165, 0, 0, 0, 72, 10.747, 10.864, 116.6, 64.7, 100, 0, 0, 38.7, 39.96, 25.976, 1.646, 100.622, 0, 0, 103.241, 57.99, 0, 0, 0.513, 0, 0, 14, 0, 14.463, 0, 2.93, 165, 0, 0, 0, 72, 1, 0.011, 0.011, 116.6, 64.7, 100, 0, 0, 141, 38.7, 39.96, 25.976, 1.646, 0, 100.622, 0, 0, 103.244, 57.99, 0, 0, 0, 0, 
2.25, 19.23, 100.3, 71.496, 72.25, , 9.367, 0.985, 171.541, 171.541, 2.967, 224.349, 224.349, 224.349, 51.306, 74.322, 35.399, 35.683, 7.377, 13.071, 0, 0, 34.368, 34.906, 34.368, 34.906, 1, 58.323, 58.323, 0.025, 0.137, 60.299, 61.244, 60.299, 61.244, 4.955, 7.377, 13.071, , , 1, 2.35, 0.655, 0, 14.433, 2.967, 165, 0, 0, 0, 72, 11.178, 11.284, 116.6, 65.733, 100, 0, 0, 38.45, 39.51, 26.776, 1.684, 100.722, 0, 0, 103.442, 58.673, 0, 0, 0.655, 0, 0, 14, 0, 14.433, 0, 2.967, 165, 0, 0, 0, 72, 1, 0.011, 0.011, 116.6, 65.733, 100, 0, 0, 141, 38.45, 39.51, 26.776, 1.684, 0, 100.722, 0, 0, 103.444, 58.673, 0, 0, 0, 0, 
2.3, 19.23, 100.3, 71.491, 72.25, , 9.562, 0.985, 175.764, 175.764, 3.004, 228.978, 228.978, 228.978, 51.33, 70.512, 35.325, 35.979, 7.378, 13.033, 0, 0, 35.358, 35.911, 35.358, 35.911, 1, 58.79, 58.79, 0.025, 0.137, 61.514, 62.478, 61.514, 62.478, 4.959, 7.378, 13.033, , , 1, 2.4, 0.797, 0, 14.403, 3.004, 165, 0, 0, 0, 72, 11.609, 11.704, 116.6, 66.766, 100, 0, 0, 38.2, 39.06, 27.576, 1.722, 100.822, 0, 0, 103.643, 59.356, 0, 0, 0.797, 0, 0, 14, 0, 14.403, 0, 3.004, 165, 0, 0, 0, 72, 1, 0.012, 0.012, 116.6, 66.766, 100, 0, 0, 141, 38.2, 39.06, 27.576, 1.722, 0, 100.822, 0, 0, 103.644, 59.356, 0, 0, 0, 0, 
2.35, 19.231, 100.3, 71.486, 72.25, , 9.763, 0.985, 180.056, 180.056, 3.041, 233.767, 233.767, 233.767, 51.353, 66.702, 35.251, 36.276, 7.378, 12.975, 0, 0, 36.392, 36.961, 36.392, 36.961, 1, 59.263, 59.263, 0.025, 0.137, 62.771, 63.755, 62.771, 63.755, 4.975, 7.378, 12.975, , , 1, 2.451, 0.939, 0, 14.373, 3.041, 165, 0, 0, 0, 72, 12.04, 12.124, 116.6, 67.799, 100, 0, 0, 37.95, 38.61, 28.376, 1.76, 100.922, 0, 0, 103.843, 60.039, 0, 0, 0.939, 0, 0, 14, 0, 14.373, 0, 3.041, 165, 0, 0, 0, 72, 1, 0.012, 0.012, 116.6, 67.799, 100, 0, 0, 141, 37.95, 38.61, 28.376, 1.76, 0, 100.922, 0, 0, 103.844, 60.039, 0, 0, 0, 0, 
2.4, 19.232, 100.3, 71.481, 72.25, , 9.95, 0.985, 184.339, 184.339, 3.076, 238.222, 238.222, 238.222, 51.377, 62.893, 35.177, 36.572, 7.379, 12.88, 0, 0, 37.387, 37.97, 37.387, 37.97, 1, 59.741, 59.741, 0.025, 0.137, 63.938, 64.939, 63.938, 64.939, 4.99, 7.379, 12.88, , , 1, 2.501, 1.027, 0, 14.343, 3.076, 165, 0, 0, 0, 72, 12.403, 12.491, 116.6, 68.808, 100, 0, 0, 37.688, 38.167, 29.16, 1.794, 101.114, 0, 0, 104.137, 60.689, 0, 0, 1.027, 0, 0, 14, 0, 14.343, 0, 3.076, 165, 0, 0, 0, 72, 1, 0.013, 0.013, 116.6, 68.808, 100, 0, 0, 141, 37.688, 38.167, 29.16, 1.794, 0, 101.114, 0, 0, 104.137, 60.689, 0, 0, 0, 0, 
2.45, 19.233, 100.3, 71.476, 72.25, , 10.135, 0.985, 188.618, 188.618, 3.103, 242.61, 242.61, 242.61, 51.398, 59.083, 35.103, 36.868, 7.379, 12.793, 0, 0, 38.387, 38.986, 38.387, 38.986, 1, 60.235, 60.235, 0.025, 0.137, 65.092, 66.111, 65.092, 66.111, 5.006, 7.379, 12.793, , , 1, 2.551, 0.923, 0, 14.312, 3.103, 165, 0, 0, 0, 72, 12.491, 12.644, 116.6, 69.73, 100, 0, 0, 37.375, 37.75, 29.89, 1.816, 101.633, 0, 0, 104.759, 61.206, 0, 0, 0.923, 0, 0, 14, 0, 14.312, 0, 3.103, 165, 0, 0, 0, 72, 1, 0.013, 0.013, 116.6, 69.73, 100, 0, 0, 141, 37.375, 37.75, 29.89, 1.816, 0, 101.633, 0, 0, 104.759, 61.206, 0, 0, 0, 0, 
2.5, 19.233, 100.3, 71.471, 72.25, , 10.321, 0.985, 192.97, 192.97, 3.129, 247.036, 247.036, 247.036, 51.405, 55.273, 34.954, 37.131, 7.38, 12.721, 0, 0, 39.414, 40.03, 39.414, 40.03, 1, 60.741, 60.741, 0.025, 0.137, 66.27, 67.307, 66.27, 67.307, 5.036, 7.38, 12.721, , , 1, 2.601, 0.819, 0, 14.281, 3.129, 165, 0, 0, 0, 72, 12.58, 12.797, 116.6, 70.652, 100, 0, 0, 37.062, 37.333, 30.619, 1.838, 102.151, 0, 0, 105.382, 61.724, 0, 0, 0.819, 0, 0, 14, 0, 14.281, 0, 3.129, 165, 0, 0, 0, 72, 1, 0.013, 0.013, 116.6, 70.652, 100, 0, 0, 141, 37.062, 37.333, 30.619, 1.838, 0, 102.151, 0, 0, 105.382, 61.724, 0, 0, 0, 0, 
2.55, 19.234, 100.3, 71.473, 72.25, , 10.481, 0.985, 197.375, 197.375, 3.156, 250.855, 250.855, 250.855, 51.4, 51.463, 34.702, 37.347, 7.38, 12.666, 0, 0, 40.353, 40.986, 40.353, 40.986, 1, 61.253, 61.253, 0.025, 0.137, 67.301, 68.353, 67.301, 68.353, 5.088, 7.38, 12.666, , , 1, 2.651, 0.715, 0, 14.249, 3.156, 165, 0, 0, 0, 72, 12.668, 12.95, 116.6, 71.573, 100, 0, 0, 36.75, 36.917, 31.348, 1.86, 102.67, 0, 0, 106.004, 62.242, 0, 0, 0.715, 0, 0, 14, 0, 14.249, 0, 3.156, 165, 0, 0, 0, 72, 1, 0.013, 0.013, 116.6, 71.573, 100, 0, 0, 141, 36.75, 36.917, 31.348, 1.86, 0, 102.67, 0, 0, 106.004, 62.242, 0, 0, 0, 0, 
2.6, 19.235, 100.3, 71.478, 72.25, , 10.639, 0.985, 201.799, 201.799, 3.182, 254.599, 254.599, 254.599, 51.384, 47.653, 34.45, 37.563, 7.379, 12.65, 0, 0, 41.302, 41.949, 41.302, 41.949, 1, 61.769, 61.769, 0.025, 0.137, 68.326, 69.394, 68.326, 69.394, 5.14, 7.379, 12.65, , , 1, 2.7, 0.61, 0, 14.218, 3.182, 165, 0, 0, 0, 72, 12.757, 13.103, 116.6, 72.495, 100, 0, 0, 36.438, 36.5, 32.077, 1.882, 103.189, 0, 0, 106.627, 62.759, 0, 0, 0.61, 0, 0, 14, 0, 14.218, 0, 3.182, 165, 0, 0, 0, 72, 1, 0.013, 0.013, 116.6, 72.495, 100, 0, 0, 141, 36.438, 36.5, 32.077, 1.882, 0, 103.189, 0, 0, 106.627, 62.759, 0, 0, 0, 0, 
2.65, 19.236, 100.3, 71.483, 72.25, , 10.788, 0.985, 206.289, 206.289, 3.203, 258.154, 258.154, 258.154, 51.358, 43.844, 34.198, 37.779, 7.379, 12.646, 0, 0, 42.236, 42.898, 42.236, 42.898, 1, 62.296, 62.296, 0.025, 0.137, 69.315, 70.398, 69.315, 70.398, 5.191, 7.379, 12.646, , , 1, 2.75, 0.555, 0, 14.2, 3.203, 165, 0, 0, 0, 72, 12.835, 13.166, 116.6, 73.223, 100, 0, 0, 36.229, 36.188, 32.631, 1.898, 103.5, 0, 0, 107, 63.199, 0, 0, 0.555, 0, 0, 14, 0, 14.2, 0, 3.203, 165, 0, 0, 0, 72, 1, 0.013, 0.013, 116.6, 73.223, 100, 0, 0, 141, 36.229, 36.188, 32.631, 1.898, 0, 103.5, 0, 0, 107, 63.199, 0, 0, 0, 0, 
2.7, 19.236, 100.3, 71.488, 72.25, , 10.945, 0.985, 210.792, 210.792, 3.216, 261.895, 261.895, 261.895, 51.326, 40.518, 33.946, 37.995, 7.378, 12.676, 0, 0, 43.212, 43.89, 43.212, 43.89, 1, 62.828, 62.828, 0.025, 0.136, 70.361, 71.461, 70.361, 71.461, 5.232, 7.378, 12.676, , , 1, 2.801, 0.568, 0, 14.2, 3.216, 165, 0, 0, 0, 72, 12.897, 13.094, 116.6, 73.684, 100, 0, 0, 36.177, 36.031, 32.944, 1.905, 103.5, 0, 0, 107, 63.522, 0, 0, 0.568, 0, 0, 14, 0, 14.2, 0, 3.216, 165, 0, 0, 0, 72, 1, 0.013, 0.013, 116.6, 73.684, 100, 0, 0, 141, 36.177, 36.031, 32.944, 1.905, 0, 103.5, 0, 0, 107, 63.522, 0, 0, 0, 0, 
2.75, 19.237, 100.3, 71.493, 72.25, , 11.098, 0.985, 215.371, 215.371, 3.229, 265.536, 265.536, 265.536, 51.293, 55.622, 33.921, 37.908, 7.378, 12.704, 0, 0, 44.196, 44.89, 44.196, 44.89, 1, 63.369, 63.369, 0.025, 0.136, 71.384, 72.501, 71.384, 72.501, 5.257, 7.378, 12.704, , , 1, 2.851, 0.58, 0, 14.2, 3.229, 165, 0, 0, 0, 72, 12.96, 13.023, 116.6, 74.144, 100, 0, 0, 36.125, 35.875, 33.256, 1.912, 103.5, 0, 0, 107, 63.845, 0, 0, 0.58, 0, 0, 14, 0, 14.2, 0, 3.229, 165, 0, 0, 0, 72, 1, 0.013, 0.013, 116.6, 74.144, 100, 0, 0, 141, 36.125, 35.875, 33.256, 1.912, 0, 103.5, 0, 0, 107, 63.845, 0, 0, 0, 0, 
2.8, 19.238, 100.3, 71.498, 72.25, , 11.256, 0.985, 219.948, 219.948, 3.241, 269.293, 269.293, 269.293, 51.262, 57.057, 34.209, 37.404, 7.377, 12.728, 0, 0, 45.21, 45.918, 45.21, 45.918, 1, 63.919, 63.919, 0.025, 0.136, 72.438, 73.572, 72.438, 73.572, 5.282, 7.377, 12.728, , , 1, 2.901, 0.593, 0, 14.2, 3.241, 165, 0, 0, 0, 72, 13.022, 12.951, 116.6, 74.605, 100, 0, 0, 36.073, 35.719, 33.569, 1.92, 103.5, 0, 0, 107, 64.168, 0, 0, 0.593, 0, 0, 14, 0, 14.2, 0, 3.241, 165, 0, 0, 0, 72, 1, 0.013, 0.013, 116.6, 74.605, 100, 0, 0, 141, 36.073, 35.719, 33.569, 1.92, 0, 103.5, 0, 0, 107, 64.168, 0, 0, 0, 0, 
2.85, 19.239, 100.3, 71.503, 72.25, , 11.436, 0.985, 224.534, 224.534, 3.254, 273.587, 273.587, 273.587, 51.233, 58.492, 34.497, 36.9, 7.377, 12.749, 0, 0, 46.334, 47.059, 46.334, 47.059, 1, 64.477, 64.477, 0.025, 0.136, 73.639, 74.792, 73.639, 74.792, 5.306, 7.377, 12.749, , , 1, 2.951, 0.605, 0, 14.2, 3.254, 165, 0, 0, 0, 72, 13.085, 12.879, 116.6, 75.065, 100, 0, 0, 36.021, 35.562, 33.881, 1.927, 103.5, 0, 0, 107, 64.491, 0, 0, 0.605, 0, 0, 14, 0, 14.2, 0, 3.254, 165, 0, 0, 0, 72, 1, 0.013, 0.013, 116.6, 75.065, 100, 0, 0, 141, 36.021, 35.562, 33.881, 1.927, 0, 103.5, 0, 0, 107, 64.491, 0, 0, 0, 0, 
2.9, 19.239, 100.3, 71.508, 72.25, , 11.619, 0.985, 229.205, 229.205, 3.286, 277.938, 277.938, 277.938, 51.201, 59.927, 34.785, 36.396, 7.377, 12.759, 0, 0, 47.485, 48.228, 47.485, 48.228, 1, 65.043, 65.043, 0.025, 0.135, 74.857, 76.029, 74.857, 76.029, 5.329, 7.377, 12.759, , , 1, 3.001, 0.632, 0, 14.1, 3.286, 165, 0, 0, 0, 72, 13.312, 13.06, 116.4, 75.834, 100, 0, 0, 35.778, 35.194, 34.574, 1.953, 103.388, 0, 0, 106.916, 65.138, 0, 0, 0.632, 0, 0, 14, 0, 14.1, 0, 3.286, 165, 0, 0, 0, 72, 1, 0.013, 0.013, 116.4, 75.834, 100, 0, 0, 141, 35.778, 35.194, 34.574, 1.953, 0, 103.388, 0, 0, 106.916, 65.138, 0, 0, 0, 0, 
2.95, 19.24, 100.3, 71.513, 72.25, , 11.821, 0.985, 234.073, 234.073, 3.331, 282.744, 282.744, 282.744, 51.175, 61.362, 35.073, 35.892, 7.377, 12.766, 0, 0, 48.745, 49.507, 48.745, 49.507, 1, 65.622, 65.622, 0.025, 0.135, 76.198, 77.391, 76.198, 77.391, 5.35, 7.377, 12.766, , , 1, 3.05, 0.669, 0, 13.932, 3.331, 165, 0, 0, 0, 72, 13.648, 13.41, 116.067, 76.791, 100, 0, 0, 35.407, 34.685, 35.5, 1.992, 103.203, 0, 0, 106.777, 66.002, 0, 0, 0.669, 0, 0, 14, 0, 13.932, 0, 3.331, 165, 0, 0, 0, 72, 1, 0.014, 0.013, 116.067, 76.791, 100, 0, 0, 141, 35.407, 34.685, 35.5, 1.992, 0, 103.203, 0, 0, 106.777, 66.002, 0, 0, 0, 0, 
3, 19.24, 100.3, 71.518, 72.25, , 12.037, 0.985, 240.982, 240.982, 3.375, 287.894, 287.894, 287.894, 51.178, 62.797, 35.255, 35.615, 7.378, 12.76, 0, 0, 50.281, 51.065, 50.281, 51.065, 1, 66.387, 66.387, 0.025, 0.135, 77.577, 78.792, 77.577, 78.792, 5.37, 7.378, 12.76, , , 1, 3.1, 0.707, 0, 13.765, 3.375, 165, 0, 0, 0, 72, 13.984, 13.76, 115.733, 77.748, 100, 0, 0, 35.037, 34.176, 36.426, 2.031, 103.017, 0, 0, 106.638, 66.866, 0, 0, 0.707, 0, 0, 14, 0, 13.765, 0, 3.375, 165, 0, 0, 0, 72, 1, 0.014, 0.014, 115.733, 77.748, 100, 0, 0, 141, 35.037, 34.176, 36.426, 2.031, 0, 103.017, 0, 0, 106.638, 66.866, 0, 0, 0, 0, 
3.05, 19.24, 100.3, 71.523, 72.25, , 12.223, 0.985, 245.76, 245.76, 3.419, 292.322, 292.322, 292.322, 51.203, 64.232, 35.291, 35.651, 7.378, 12.754, 0, 0, 51.506, 52.31, 51.506, 52.31, 1, 67.09, 67.09, 0.025, 0.135, 78.733, 79.966, 78.733, 79.966, 5.391, 7.378, 12.754, , , 1, 3.151, 0.744, 0, 13.598, 3.419, 165, 0, 0, 0, 72, 14.32, 14.11, 115.4, 78.706, 100, 0, 0, 34.667, 33.667, 37.352, 2.07, 102.831, 0, 0, 106.498, 67.73, 0, 0, 0.744, 0, 0, 14, 0, 13.598, 0, 3.419, 165, 0, 0, 0, 72, 1, 0.014, 0.014, 115.4, 78.706, 100, 0, 0, 141, 34.667, 33.667, 37.352, 2.07, 0, 102.831, 0, 0, 106.498, 67.73, 0, 0, 0, 0, 
3.1, 19.24, 100.3, 71.528, 72.25, , 12.345, 0.985, 250.625, 250.625, 3.463, 295.234, 295.234, 295.234, 51.243, 65.667, 35.327, 35.687, 7.379, 12.747, 0, 0, 52.489, 53.306, 52.489, 53.306, 1, 67.691, 67.691, 0.025, 0.135, 79.451, 80.696, 79.451, 80.696, 5.412, 7.379, 12.747, , , 1, 3.201, 0.781, 0, 13.43, 3.463, 165, 0, 0, 0, 72, 14.656, 14.46, 115.067, 79.663, 100, 0, 0, 34.296, 33.157, 38.278, 2.109, 102.645, 0, 0, 106.359, 68.594, 0, 0, 0.781, 0, 0, 14, 0, 13.43, 0, 3.463, 165, 0, 0, 0, 72, 1, 0.015, 0.014, 115.067, 79.663, 100, 0, 0, 141, 34.296, 33.157, 38.278, 2.109, 0, 102.645, 0, 0, 106.359, 68.594, 0, 0, 0, 0, 
3.15, 19.24, 100.3, 71.533, 72.25, , 12.482, 0.985, 255.49, 255.49, 3.505, 298.496, 298.496, 298.496, 51.301, 67.102, 35.363, 35.723, 7.379, 12.738, 0, 0, 53.544, 54.378, 53.544, 54.378, 1, 68.297, 68.297, 0.025, 0.136, 80.237, 81.496, 80.237, 81.496, 5.438, 7.379, 12.738, , , 1, 3.25, 0.822, 0, 13.286, 3.505, 165, 0, 0, 0, 72, 14.987, 14.795, 114.8, 80.571, 100, 0, 0, 33.958, 32.698, 39.183, 2.147, 102.546, 0, 0, 106.284, 69.414, 0, 0, 0.822, 0, 0, 14, 0, 13.286, 0, 3.505, 165, 0, 0, 0, 72, 1, 0.015, 0.015, 114.8, 80.571, 100, 0, 0, 141, 33.958, 32.698, 39.183, 2.147, 0, 102.546, 0, 0, 106.284, 69.414, 0, 0, 0, 0, 
3.2, 19.24, 100.3, 71.538, 72.25, , 12.622, 0.985, 260.379, 260.379, 3.54, 301.832, 301.832, 301.832, 51.36, 68.537, 35.399, 35.759, 7.38, 12.722, 0, 0, 54.627, 55.477, 54.627, 55.477, 1, 68.913, 68.913, 0.025, 0.136, 81.036, 82.307, 81.036, 82.307, 5.464, 7.38, 12.722, , , 1, 3.3, 0.875, 0, 13.224, 3.54, 165, 0, 0, 0, 72, 15.295, 15.071, 114.8, 81.301, 100, 0, 0, 33.75, 32.438, 40.017, 2.181, 102.754, 0, 0, 106.441, 70.061, 0, 0, 0.875, 0, 0, 14, 0, 13.224, 0, 3.54, 165, 0, 0, 0, 72, 1, 0.015, 0.015, 114.8, 81.301, 100, 0, 0, 141, 33.75, 32.438, 40.017, 2.181, 0, 102.754, 0, 0, 106.441, 70.061, 0, 0, 0, 0, 
3.25, 19.24, 100.3, 71.543, 72.25, , 12.766, 0.985, 265.347, 265.347, 3.575, 305.273, 305.273, 305.273, 51.409, 69.972, 35.42, 35.825, 7.38, 12.705, 0, 0, 55.748, 56.617, 55.748, 56.617, 1, 69.534, 69.534, 0.025, 0.136, 81.884, 83.168, 81.884, 83.168, 5.49, 7.38, 12.705, , , 1, 3.351, 0.928, 0, 13.161, 3.575, 165, 0, 0, 0, 72, 15.603, 15.347, 114.8, 82.031, 100, 0, 0, 33.542, 32.177, 40.85, 2.216, 102.962, 0, 0, 106.597, 70.708, 0, 0, 0.928, 0, 0, 14, 0, 13.161, 0, 3.575, 165, 0, 0, 0, 72, 1, 0.016, 0.015, 114.8, 82.031, 100, 0, 0, 141, 33.542, 32.177, 40.85, 2.216, 0, 102.962, 0, 0, 106.597, 70.708, 0, 0, 0, 0, 
3.3, 19.24, 100.3, 71.548, 72.25, , 12.921, 0.985, 270.355, 270.355, 3.609, 308.952, 308.952, 308.952, 51.442, 71.407, 35.42, 35.933, 7.38, 12.683, 0, 0, 56.926, 57.814, 56.926, 57.814, 1, 70.158, 70.158, 0.025, 0.137, 82.82, 84.118, 82.82, 84.118, 5.515, 7.38, 12.683, , , 1, 3.401, 0.981, 0, 13.099, 3.609, 165, 0, 0, 0, 72, 15.912, 15.623, 114.8, 82.761, 100, 0, 0, 33.333, 31.917, 41.683, 2.25, 103.171, 0, 0, 106.753, 71.355, 0, 0, 0.981, 0, 0, 14, 0, 13.099, 0, 3.609, 165, 0, 0, 0, 72, 1, 0.016, 0.016, 114.8, 82.761, 100, 0, 0, 141, 33.333, 31.917, 41.683, 2.25, 0, 103.171, 0, 0, 106.753, 71.355, 0, 0, 0, 0, 
3.35, 19.24, 100.3, 71.553, 72.25, , 13.031, 0.985, 275.431, 275.431, 3.644, 311.587, 311.587, 311.587, 51.46, 72.842, 35.42, 36.041, 7.379, 12.661, 0, 0, 57.93, 58.836, 57.93, 58.836, 1, 70.792, 70.792, 0.025, 0.137, 83.5, 84.809, 83.5, 84.809, 5.532, 7.379, 12.661, , , 1, 3.451, 1.034, 0, 13.036, 3.644, 165, 0, 0, 0, 72, 16.22, 15.899, 114.8, 83.491, 100, 0, 0, 33.125, 31.656, 42.517, 2.284, 103.379, 0, 0, 106.909, 72.002, 0, 0, 1.034, 0, 0, 14, 0, 13.036, 0, 3.644, 165, 0, 0, 0, 72, 1, 0.016, 0.016, 114.8, 83.491, 100, 0, 0, 141, 33.125, 31.656, 42.517, 2.284, 0, 103.379, 0, 0, 106.909, 72.002, 0, 0, 0, 0, 
3.4, 19.24, 100.3, 71.558, 72.25, , 13.151, 0.985, 280.565, 280.565, 3.679, 314.433, 314.433, 314.433, 51.463, 74.277, 35.42, 36.149, 7.379, 12.635, 0, 0, 58.989, 59.913, 58.989, 59.913, 1, 71.431, 71.431, 0.025, 0.137, 84.258, 85.578, 84.258, 85.578, 5.549, 7.379, 12.635, , , 1, 3.501, 1.07, 0, 12.982, 3.679, 165, 0, 0, 0, 72, 16.475, 16.127, 114.8, 84.168, 100, 0, 0, 32.956, 31.456, 43.411, 2.318, 103.683, 0, 0, 107.183, 72.687, 0, 0, 1.07, 0, 0, 14, 0, 12.982, 0, 3.679, 165, 0, 0, 0, 72, 1, 0.017, 0.016, 114.8, 84.168, 100, 0, 0, 141, 32.956, 31.456, 43.411, 2.318, 0, 103.683, 0, 0, 107.183, 72.525, 0, 0, 0, 0, 
3.45, 19.24, 100.3, 71.563, 72.25, , 13.25, 0.985, 285.684, 285.684, 3.713, 316.816, 316.816, 316.816, 51.459, 75.712, 35.42, 36.257, 7.378, 12.608, 0, 0, 59.969, 60.908, 59.969, 60.908, 1, 72.082, 72.082, 0.025, 0.137, 84.902, 86.231, 84.902, 86.231, 5.566, 7.378, 12.608, , , 1, 3.551, 1.08, 0, 12.938, 3.713, 165, 0, 0, 0, 72, 16.651, 16.284, 114.8, 84.77, 100, 0, 0, 32.847, 31.347, 44.389, 2.352, 104.117, 0, 0, 107.617, 73.429, 0, 0, 1.08, 0, 0, 14, 0, 12.938, 0, 3.713, 165, 0, 0, 0, 72, 1, 0.017, 0.016, 114.8, 84.77, 100, 0, 0, 141, 32.847, 31.347, 44.389, 2.352, 0, 104.117, 0, 0, 107.617, 72.864, 0, 0, 0, 0, 
3.5, 19.24, 100.3, 71.568, 72.25, , 13.354, 0.985, 290.922, 290.922, 3.748, 319.298, 319.298, 319.298, 51.455, 77.147, 35.435, 36.26, 7.378, 12.576, 0, 0, 60.988, 61.943, 60.988, 61.943, 1, 72.732, 72.732, 0.025, 0.137, 85.572, 86.913, 85.572, 86.913, 5.583, 7.378, 12.576, , , 1, 3.6, 1.091, 0, 12.895, 3.748, 165, 0, 0, 0, 72, 16.827, 16.44, 114.8, 85.372, 100, 0, 0, 32.738, 31.238, 45.367, 2.386, 104.552, 0, 0, 108.052, 74.172, 0, 0, 1.091, 0, 0, 14, 0, 12.895, 0, 3.748, 165, 0, 0, 0, 72, 1, 0.017, 0.017, 114.8, 85.372, 100, 0, 0, 141, 32.738, 31.238, 45.367, 2.386, 0, 104.552, 0, 0, 108.052, 73.202, 0, 0, 0, 0, 
3.55, 19.24, 100.3, 71.573, 72.25, , 13.407, 0.985, 296.132, 296.132, 3.783, 320.563, 320.563, 320.563, 51.45, 78.582, 35.471, 36.116, 7.378, 12.543, 0, 0, 61.779, 62.747, 61.779, 62.747, 1, 73.386, 73.386, 0.025, 0.137, 85.918, 87.265, 85.918, 87.265, 5.609, 7.378, 12.543, , , 1, 3.651, 1.102, 0, 12.851, 3.783, 165, 0, 0, 0, 72, 17.003, 16.596, 114.8, 85.974, 100, 0, 0, 32.629, 31.129, 46.346, 2.42, 104.987, 0, 0, 108.487, 74.914, 0, 0, 1.102, 0, 0, 14, 0, 12.851, 0, 3.783, 165, 0, 0, 0, 72, 1, 0.017, 0.017, 114.8, 85.974, 100, 0, 0, 141, 32.629, 31.129, 46.346, 2.42, 0, 104.987, 0, 0, 108.487, 73.541, 0, 0, 0, 0, 
3.6, 19.24, 100.3, 71.578, 72.25, , 13.54, 0.985, 301.429, 301.429, 3.818, 323.74, 323.74, 323.74, 51.446, 80.017, 35.507, 35.972, 7.38, 12.5, 0, 0, 62.954, 63.941, 62.954, 63.941, 1, 74.048, 74.048, 0.025, 0.136, 86.778, 88.137, 86.778, 88.137, 5.637, 7.38, 12.5, , , 1, 3.701, 1.113, 0, 12.808, 3.818, 165, 0, 0, 0, 72, 17.178, 16.752, 114.8, 86.577, 100, 0, 0, 32.52, 31.02, 47.324, 2.453, 105.422, 0, 0, 108.922, 75.657, 0, 0, 1.113, 0, 0, 14, 0, 12.808, 0, 3.818, 165, 0, 0, 0, 72, 1, 0.017, 0.017, 114.8, 86.577, 100, 0, 0, 141, 32.52, 31.02, 47.324, 2.453, 0, 105.422, 0, 0, 108.922, 73.879, 0, 0, 0, 0, 
3.65, 19.24, 100.3, 71.583, 72.25, , 13.606, 0.985, 306.756, 306.756, 3.853, 325.333, 325.333, 325.333, 51.443, 81.452, 35.543, 35.828, 7.381, 12.455, 0, 0, 63.828, 64.829, 63.828, 64.829, 1, 74.718, 74.718, 0.025, 0.136, 87.21, 88.574, 87.21, 88.574, 5.665, 7.381, 12.455, , , 1, 3.751, 1.049, 0, 12.766, 3.853, 165, 0, 0, 0, 72, 17.348, 17.091, 114.494, 87.063, 100, 0, 0, 32.457, 30.872, 48.354, 2.488, 105.756, 0, 0, 109.214, 76.375, 0, 0, 1.049, 0, 0, 14, 0, 12.766, 0, 3.853, 165, 0, 0, 0, 72, 1, 0.017, 0.017, 114.494, 87.063, 100, 0, 0, 141, 32.457, 30.872, 48.354, 2.488, 0, 105.756, 0, 0, 109.214, 74.839, 0, 0, 0, 0, 
3.7, 19.24, 100.3, 71.588, 72.25, , 13.688, 0.985, 312.186, 312.186, 3.889, 327.291, 327.291, 327.291, 51.448, 82.887, 35.579, 35.684, 7.383, 12.386, 0, 0, 64.787, 65.804, 64.787, 65.804, 1, 75.381, 75.381, 0.025, 0.136, 87.726, 89.097, 87.726, 89.097, 5.692, 7.383, 12.386, , , 1, 3.801, 0.969, 0, 12.724, 3.889, 165, 0, 0, 0, 72, 17.516, 17.471, 114.12, 87.525, 100, 0, 0, 32.406, 30.717, 49.396, 2.522, 106.069, 0, 0, 109.474, 77.088, 0, 0, 0.969, 0, 0, 14, 0, 12.724, 0, 3.889, 165, 0, 0, 0, 72, 1, 0.017, 0.018, 114.12, 87.525, 100, 0, 0, 141, 32.406, 30.717, 49.396, 2.522, 0, 106.069, 0, 0, 109.474, 75.936, 0, 0, 0, 0, 
3.75, 19.24, 100.3, 71.592, 72.25, , 13.77, 0.985, 317.615, 317.615, 3.925, 329.265, 329.265, 329.265, 51.459, 84.322, 35.555, 35.6, 7.384, 12.317, 0, 0, 65.759, 66.792, 65.759, 66.792, 1, 76.065, 76.065, 0.025, 0.136, 88.235, 89.614, 88.235, 89.614, 5.724, 7.384, 12.317, , , 1, 3.851, 0.889, 0, 12.682, 3.925, 165, 0, 0, 0, 72, 17.684, 17.851, 113.747, 87.986, 100, 0, 0, 32.354, 30.561, 50.438, 2.556, 106.381, 0, 0, 109.734, 77.8, 0, 0, 0.889, 0, 0, 14, 0, 12.682, 0, 3.925, 165, 0, 0, 0, 72, 1, 0.018, 0.018, 113.747, 87.986, 100, 0, 0, 141, 32.354, 30.561, 50.438, 2.556, 0, 106.381, 0, 0, 109.734, 77.032, 0, 0, 0, 0, 
3.8, 19.24, 100.3, 71.597, 72.25, , 13.911, 0.985, 323.121, 323.121, 3.96, 332.615, 332.615, 332.615, 51.477, 85.757, 35.447, 35.6, 7.384, 12.241, 0, 0, 67.025, 68.077, 67.025, 68.077, 1, 76.738, 76.738, 0.025, 0.136, 89.101, 90.493, 89.101, 90.493, 5.757, 7.384, 12.241, , , 1, 3.901, 0.809, 0, 12.641, 3.96, 165, 0, 0, 0, 72, 17.852, 18.23, 113.373, 88.448, 100, 0, 0, 32.302, 30.406, 51.479, 2.591, 106.694, 0, 0, 109.995, 78.512, 0, 0, 0.809, 0, 0, 14, 0, 12.641, 0, 3.96, 165, 0, 0, 0, 72, 1, 0.018, 0.018, 113.373, 88.448, 100, 0, 0, 141, 32.302, 30.406, 51.479, 2.591, 0, 106.694, 0, 0, 109.995, 78.129, 0, 0, 0, 0, 
3.85, 19.24, 100.3, 71.6, 72.25, , 14.028, 0.985, 328.681, 328.681, 3.996, 335.405, 335.405, 335.405, 51.5, 87.192, 35.339, 35.6, 7.384, 12.164, 0, 0, 68.198, 69.268, 68.198, 69.268, 1, 77.426, 77.426, 0.025, 0.135, 89.806, 91.21, 89.806, 91.21, 5.789, 7.384, 12.164, , , 1, 3.95, 0.729, 0, 12.6, 3.996, 165, 0, 0, 0, 72, 18.02, 18.61, 113, 88.919, 100, 0, 0, 32.25, 30.25, 52.554, 2.625, 106.989, 0, 0, 110.236, 79.225, 0, 0, 0.729, 0, 0, 14, 0, 12.6, 0, 3.996, 165, 0, 0, 0, 72, 1, 0.018, 0.018, 113, 88.919, 100, 0, 0, 141, 32.25, 30.25, 52.554, 2.625, 0, 106.989, 0, 0, 110.236, 79.225, 0, 0, 0, 0, 
3.9, 19.24, 100.3, 71.6, 72.25, , 14.274, 0.985, 334.248, 334.248, 4.036, 341.282, 341.282, 341.282, 51.524, 88.627, 35.231, 35.6, 7.383, 12.098, 0, 0, 70.021, 71.117, 70.021, 71.117, 1, 78.116, 78.116, 0.025, 0.135, 91.334, 92.763, 91.334, 92.763, 5.822, 7.383, 12.098, , , 1, 4.001, 0.661, 0, 12.578, 4.036, 165, 0, 0, 0, 72, 18.063, 18.628, 113, 89.881, 100, 0, 0, 32.25, 30.359, 55.272, 2.727, 106.446, 0, 0, 109.529, 79.968, 0, 0, 0.661, 0, 0, 14, 0, 12.578, 0, 4.036, 165, 0, 0, 0, 72, 1, 0.018, 0.018, 113, 89.881, 100, 0, 0, 141, 32.25, 30.359, 55.272, 2.727, 0, 106.446, 0, 0, 109.529, 79.968, 0, 0, 0, 0, 
3.95, 19.24, 100.3, 71.6, 72.25, , 14.548, 0.985, 340.577, 340.577, 4.075, 347.788, 347.788, 347.788, 51.541, 88.045, 35.123, 35.6, 7.381, 12.032, 0, 0, 72.012, 73.14, 72.012, 73.14, 1, 78.823, 78.823, 0.024, 0.135, 93.047, 94.501, 93.047, 94.501, 5.853, 7.381, 12.032, , , 1, 4.051, 0.594, 0, 12.556, 4.075, 165, 0, 0, 0, 72, 18.107, 18.647, 113, 90.843, 100, 0, 0, 32.25, 30.467, 57.989, 2.829, 105.902, 0, 0, 108.823, 80.712, 0, 0, 0.594, 0, 0, 14, 0, 12.556, 0, 4.075, 165, 0, 0, 0, 72, 1, 0.018, 0.018, 113, 90.843, 100, 0, 0, 141, 32.25, 30.467, 57.989, 2.829, 0, 105.902, 0, 0, 108.823, 80.712, 0, 0, 0, 0, 
4, 19.24, 100.3, 71.6, 72.25, , 14.847, 0.985, 347.916, 347.916, 4.114, 354.919, 354.919, 354.919, 51.544, 86.754, 35.075, 35.57, 7.38, 12.013, 0, 0, 74.306, 75.47, 74.306, 75.47, 1, 79.841, 79.841, 0.024, 0.135, 94.947, 96.432, 94.947, 96.432, 5.883, 7.38, 12.013, , , 1, 4.1, 0.526, 0, 12.534, 4.114, 165, 0, 0, 0, 72, 18.15, 18.665, 113, 91.805, 100, 0, 0, 32.25, 30.576, 60.707, 2.932, 105.359, 0, 0, 108.116, 81.455, 0, 0, 0.526, 0, 0, 14, 0, 12.534, 0, 4.114, 165, 0, 0, 0, 72, 1, 0.018, 0.018, 113, 91.805, 100, 0, 0, 141, 32.25, 30.576, 60.707, 2.932, 0, 105.359, 0, 0, 108.116, 81.455, 0, 0, 0, 0, 
4.05, 19.24, 100.3, 71.6, 72.25, , 15.095, 0.985, 353.668, 353.668, 4.153, 360.814, 360.814, 360.814, 51.542, 85.464, 35.111, 35.498, 7.378, 11.993, 0, 0, 76.363, 77.559, 76.363, 77.559, 1, 80.571, 80.571, 0.024, 0.135, 96.533, 98.043, 96.533, 98.043, 5.912, 7.378, 11.993, , , 1, 4.151, 0.459, 0, 12.513, 4.153, 165, 0, 0, 0, 72, 18.194, 18.684, 113, 92.767, 100, 0, 0, 32.25, 30.685, 63.424, 3.034, 104.815, 0, 0, 107.41, 82.199, 0, 0, 0.459, 0, 0, 14, 0, 12.513, 0, 4.153, 165, 0, 0, 0, 72, 1, 0.018, 0.018, 113, 92.767, 100, 0, 0, 141, 32.25, 30.685, 63.424, 3.034, 0, 104.815, 0, 0, 107.41, 82.199, 0, 0, 0, 0, 
4.1, 19.24, 100.3, 71.6, 72.25, , 15.28, 0.985, 359.474, 359.474, 4.184, 365.233, 365.233, 365.233, 51.519, 84.173, 35.147, 35.426, 7.378, 12.026, 0, 0, 77.997, 79.219, 77.997, 79.219, 1, 81.319, 81.319, 0.024, 0.135, 97.758, 99.289, 97.758, 99.289, 5.941, 7.378, 12.026, , , 1, 4.201, 0.418, 0, 12.5, 4.184, 165, 0, 0, 0, 72, 18.234, 18.676, 113, 93.68, 100, 0, 0, 32.271, 30.812, 65.875, 3.127, 104.238, 0, 0, 106.694, 82.8, 0, 0, 0.418, 0, 0, 14, 0, 12.5, 0, 4.184, 165, 0, 0, 0, 72, 1, 0.018, 0.018, 113, 93.68, 100, 0, 0, 141, 32.271, 30.812, 65.875, 3.127, 0, 104.238, 0, 0, 106.694, 82.8, 0, 0, 0, 0, 
4.15, 19.24, 100.3, 71.6, 72.25, , 15.356, 0.985, 365.312, 365.312, 4.203, 367.055, 367.055, 367.055, 51.449, 82.883, 35.183, 35.354, 7.378, 12.061, 0, 0, 79.101, 80.342, 79.101, 80.342, 1, 82.066, 82.066, 0.024, 0.135, 98.386, 99.928, 98.386, 99.928, 5.968, 7.378, 12.061, , , 1, 4.251, 0.414, 0, 12.5, 4.203, 165, 0, 0, 0, 72, 18.27, 18.629, 113, 94.525, 100, 0, 0, 32.323, 30.969, 67.958, 3.207, 103.612, 0, 0, 105.965, 83.189, 0, 0, 0.414, 0, 0, 14, 0, 12.5, 0, 4.203, 165, 0, 0, 0, 72, 1, 0.018, 0.018, 113, 94.525, 100, 0, 0, 141, 32.323, 30.969, 67.958, 3.207, 0, 103.612, 0, 0, 105.965, 83.189, 0, 0, 0, 0, 
4.2, 19.24, 100.3, 71.6, 72.25, , 15.43, 0.985, 371.207, 371.207, 4.222, 368.827, 368.827, 368.827, 51.331, 81.592, 35.219, 35.282, 7.379, 12.147, 0, 0, 80.207, 81.465, 80.207, 81.465, 1, 82.824, 82.824, 0.024, 0.136, 99.094, 100.65, 99.094, 100.65, 5.986, 7.379, 12.147, , , 1, 4.301, 0.41, 0, 12.5, 4.222, 165, 0, 0, 0, 72, 18.305, 18.582, 113, 95.369, 100, 0, 0, 32.375, 31.125, 70.042, 3.288, 102.988, 0, 0, 105.235, 83.578, 0, 0, 0.41, 0, 0, 14, 0, 12.5, 0, 4.222, 165, 0, 0, 0, 72, 1, 0.018, 0.018, 113, 95.369, 100, 0, 0, 141, 32.376, 31.125, 70.042, 3.288, 0, 102.988, 0, 0, 105.235, 83.578, 0, 0, 0, 0, 
4.25, 19.24, 100.3, 71.6, 72.25, , 15.433, 0.985, 377.194, 377.194, 4.242, 368.94, 368.94, 368.94, 51.161, 80.302, 35.27, 35.24, 7.381, 12.235, 0, 0, 80.962, 82.232, 80.962, 82.232, 1, 83.583, 83.583, 0.025, 0.136, 99.448, 101.009, 99.448, 101.009, 6.005, 7.381, 12.235, , , 1, 4.351, 0.406, 0, 12.5, 4.242, 165, 0, 0, 0, 72, 18.34, 18.536, 113, 96.214, 100, 0, 0, 32.427, 31.281, 72.125, 3.368, 102.362, 0, 0, 104.506, 83.966, 0, 0, 0.406, 0, 0, 14, 0, 12.5, 0, 4.242, 165, 0, 0, 0, 72, 1, 0.018, 0.018, 113, 96.214, 100, 0, 0, 141, 32.428, 31.281, 72.125, 3.368, 0, 102.362, 0, 0, 104.506, 83.966, 0, 0, 0, 0, 
4.3, 19.241, 100.3, 71.6, 72.25, , 15.462, 0.985, 383.188, 383.188, 4.261, 369.649, 369.649, 369.649, 50.947, 79.011, 35.342, 35.24, 7.382, 12.342, 0, 0, 81.844, 83.128, 81.844, 83.128, 1, 84.335, 84.335, 0.025, 0.136, 100.053, 101.623, 100.053, 101.623, 6.023, 7.382, 12.342, , , 1, 4.401, 0.402, 0, 12.5, 4.261, 165, 0, 0, 0, 72, 18.376, 18.489, 113, 97.059, 100, 0, 0, 32.479, 31.438, 74.208, 3.448, 101.738, 0, 0, 103.777, 84.355, 0, 0, 0.402, 0, 0, 14, 0, 12.5, 0, 4.261, 165, 0, 0, 0, 72, 1, 0.018, 0.018, 113, 97.059, 100, 0, 0, 141, 32.48, 31.438, 74.208, 3.448, 0, 101.738, 0, 0, 103.777, 84.355, 0, 0, 0, 0, 
4.35, 19.242, 100.3, 71.6, 72.25, , 15.441, 0.985, 389.333, 389.333, 4.29, 369.162, 369.162, 369.162, 50.686, 77.721, 35.414, 35.24, 7.384, 12.45, 0, 0, 82.471, 83.764, 82.471, 83.764, 1, 85.094, 85.094, 0.025, 0.137, 100.434, 102.01, 100.434, 102.01, 6.042, 7.384, 12.45, , , 1, 4.45, 0.381, 0, 12.5, 4.29, 165.1, 0, 0, 0, 72, 18.401, 18.49, 112.91, 97.472, 100, 0, 0, 32.536, 31.548, 76.25, 3.525, 101.612, 0, 0, 103.55, 85.051, 0, 0, 0.381, 0, 0, 14, 0, 12.5, 0, 4.29, 165.1, 0, 0, 0, 72, 1, 0.018, 0.018, 112.91, 97.472, 100, 0, 0, 141, 32.538, 31.548, 76.25, 3.525, 0, 101.612, 0, 0, 103.55, 85.052, 0, 0, 0, 0, 
4.4, 19.243, 100.3, 71.6, 72.25, , 15.424, 0.985, 395.477, 395.477, 4.326, 368.789, 368.789, 368.789, 50.417, 76.43, 35.486, 35.24, 7.384, 12.545, 0, 0, 83.119, 84.421, 83.119, 84.421, 1, 85.851, 85.851, 0.025, 0.137, 100.868, 102.449, 100.868, 102.449, 6.057, 7.384, 12.545, , , 1, 4.5, 0.35, 0, 12.5, 4.326, 165.261, 0, 0, 0, 72, 18.418, 18.522, 112.765, 97.622, 100, 0, 0, 32.597, 31.629, 78.266, 3.601, 101.794, 0, 0, 103.631, 85.953, 0, 0, 0.35, 0, 0, 14, 0, 12.5, 0, 4.326, 165.261, 0, 0, 0, 72, 1, 0.018, 0.018, 112.765, 97.622, 100, 0, 0, 141, 32.598, 31.629, 78.266, 3.601, 0, 101.794, 0, 0, 103.631, 85.956, 0, 0, 0, 0, 
4.45, 19.245, 100.3, 71.6, 72.25, , 15.36, 0.985, 401.622, 401.622, 4.362, 367.291, 367.291, 367.291, 50.155, 75.14, 35.558, 35.24, 7.384, 12.638, 0, 0, 83.504, 84.811, 83.504, 84.811, 1, 86.6, 86.6, 0.025, 0.136, 100.984, 102.566, 100.984, 102.566, 6.071, 7.384, 12.638, , , 1, 4.55, 0.319, 0, 12.5, 4.362, 165.423, 0, 0, 0, 72, 18.436, 18.555, 112.62, 97.771, 100, 0, 0, 32.658, 31.71, 80.282, 3.677, 101.975, 0, 0, 103.711, 86.855, 0, 0, 0.319, 0, 0, 14, 0, 12.5, 0, 4.362, 165.423, 0, 0, 0, 72, 1, 0.018, 0.018, 112.62, 97.771, 100, 0, 0, 141, 32.658, 31.71, 80.282, 3.677, 0, 101.975, 0, 0, 103.711, 86.859, 0, 0, 0, 0, 
4.5, 19.246, 100.3, 71.6, 72.25, , 15.308, 0.985, 407.933, 407.933, 4.397, 366.075, 366.075, 366.075, 49.897, 73.849, 35.434, 35.164, 7.383, 12.695, 0, 0, 83.954, 85.27, 83.954, 85.27, 1, 87.352, 87.352, 0.025, 0.136, 101.174, 102.757, 101.174, 102.757, 6.086, 7.383, 12.695, , , 1, 4.6, 0.288, 0, 12.5, 4.397, 165.584, 0, 0, 0, 72, 18.454, 18.588, 112.475, 97.92, 100, 0, 0, 32.718, 31.791, 82.298, 3.753, 102.157, 0, 0, 103.792, 87.757, 0, 0, 0.288, 0, 0, 14, 0, 12.5, 0, 4.397, 165.584, 0, 0, 0, 72, 1, 0.018, 0.018, 112.475, 97.92, 100, 0, 0, 141, 32.719, 31.791, 82.298, 3.753, 0, 102.157, 0, 0, 103.792, 87.763, 0, 0, 0, 0, 
4.55, 19.247, 100.3, 71.6, 72.25, , 15.227, 0.985, 414.244, 414.244, 4.433, 364.178, 364.178, 364.178, 49.646, 72.558, 35.038, 34.984, 7.382, 12.748, 0, 0, 84.236, 85.557, 84.236, 85.557, 1, 88.101, 88.101, 0.025, 0.136, 101.161, 102.743, 101.161, 102.743, 6.101, 7.382, 12.748, , , 1, 4.651, 0.257, 0, 12.5, 4.433, 165.745, 0, 0, 0, 72, 18.472, 18.62, 112.329, 98.069, 100, 0, 0, 32.779, 31.872, 84.315, 3.829, 102.338, 0, 0, 103.873, 88.659, 0, 0, 0.257, 0, 0, 14, 0, 12.5, 0, 4.433, 165.745, 0, 0, 0, 72, 1, 0.018, 0.018, 112.329, 98.069, 100, 0, 0, 141, 32.779, 31.872, 84.315, 3.829, 0, 102.338, 0, 0, 103.873, 88.666, 0, 0, 0, 0, 
4.6, 19.248, 100.3, 71.6, 72.25, , 15.179, 0.985, 420.561, 420.561, 4.469, 363.061, 363.061, 363.061, 49.399, 71.268, 34.642, 34.804, 7.382, 12.765, 0, 0, 84.685, 86.012, 84.685, 86.012, 1, 88.849, 88.849, 0.025, 0.136, 101.35, 102.934, 101.35, 102.934, 6.116, 7.382, 12.765, , , 1, 4.701, 0.226, 0, 12.5, 4.469, 165.906, 0, 0, 0, 72, 18.49, 18.653, 112.184, 98.218, 100, 0, 0, 32.839, 31.952, 86.331, 3.905, 102.52, 0, 0, 103.953, 89.561, 0, 0, 0.226, 0, 0, 14, 0, 12.5, 0, 4.469, 165.906, 0, 0, 0, 72, 1, 0.018, 0.018, 112.184, 98.218, 100, 0, 0, 141, 32.84, 31.952, 86.331, 3.905, 0, 102.52, 0, 0, 103.953, 89.569, 0, 0, 0, 0, 
4.65, 19.249, 100.3, 71.6, 72.25, , 15.118, 0.985, 426.991, 426.991, 4.505, 361.638, 361.638, 361.638, 49.16, 69.977, 34.246, 34.624, 7.382, 12.777, 0, 0, 85.06, 86.394, 85.06, 86.394, 1, 89.588, 89.588, 0.025, 0.136, 101.448, 103.033, 101.448, 103.033, 6.131, 7.382, 12.777, , , 1, 4.75, 0.194, 0, 12.5, 4.505, 166.068, 0, 0, 0, 72, 18.507, 18.686, 112.039, 98.368, 100, 0, 0, 32.9, 32.033, 88.347, 3.98, 102.701, 0, 0, 104.034, 90.463, 0, 0, 0.194, 0, 0, 14, 0, 12.5, 0, 4.505, 166.068, 0, 0, 0, 72, 1, 0.018, 0.018, 112.039, 98.368, 100, 0, 0, 141, 32.9, 32.033, 88.347, 3.98, 0, 102.701, 0, 0, 104.034, 90.473, 0, 0, 0, 0, 
4.7, 19.25, 100.3, 71.6, 72.25, , 15.067, 0.985, 433.403, 433.403, 4.54, 360.46, 360.46, 360.46, 48.925, 68.84, 33.85, 34.444, 7.383, 12.76, 0, 0, 85.481, 86.821, 85.481, 86.821, 1, 90.328, 90.328, 0.025, 0.135, 101.601, 103.189, 101.601, 103.189, 6.146, 7.383, 12.76, , , 1, 4.801, 0.163, 0, 12.5, 4.54, 166.229, 0, 0, 0, 72, 18.525, 18.719, 111.894, 98.517, 100, 0, 0, 32.96, 32.114, 90.363, 4.056, 102.883, 0, 0, 104.115, 91.365, 0, 0, 0.163, 0, 0, 14, 0, 12.5, 0, 4.54, 166.229, 0, 0, 0, 72, 1, 0.018, 0.018, 111.894, 98.517, 100, 0, 0, 141, 32.961, 32.114, 90.363, 4.056, 0, 102.883, 0, 0, 104.115, 91.376, 0, 0, 0, 0, 
4.75, 19.251, 100.3, 71.6, 72.25, , 14.995, 0.985, 440.019, 440.019, 4.576, 358.77, 358.77, 358.77, 48.76, 69.465, 33.786, 34.446, 7.384, 12.738, 0, 0, 85.785, 87.128, 85.785, 87.128, 1, 91.071, 91.071, 0.025, 0.135, 101.453, 103.039, 101.453, 103.039, 6.161, 7.384, 12.738, , , 1, 4.851, 0.132, 0, 12.5, 4.576, 166.39, 0, 0, 0, 72, 18.543, 18.751, 111.749, 98.666, 100, 0, 0, 33.021, 32.195, 92.379, 4.132, 103.064, 0, 0, 104.195, 92.267, 0, 0, 0.132, 0, 0, 14, 0, 12.5, 0, 4.576, 166.39, 0, 0, 0, 72, 1, 0.018, 0.018, 111.749, 98.666, 100, 0, 0, 141, 33.021, 32.195, 92.379, 4.132, 0, 103.064, 0, 0, 104.195, 92.28, 0, 0, 0, 0, 
4.8, 19.253, 100.3, 71.6, 72.25, , 14.93, 0.985, 446.587, 446.587, 4.612, 357.249, 357.249, 357.249, 48.792, 70.091, 34.182, 34.698, 7.384, 12.697, 0, 0, 86.107, 87.454, 86.107, 87.454, 1, 91.802, 91.802, 0.025, 0.135, 100.941, 102.519, 100.941, 102.519, 6.189, 7.384, 12.697, , , 1, 4.9, 0.101, 0, 12.5, 4.612, 166.552, 0, 0, 0, 72, 18.561, 18.784, 111.604, 98.815, 100, 0, 0, 33.082, 32.275, 94.395, 4.208, 103.246, 0, 0, 104.276, 93.169, 0, 0, 0.101, 0, 0, 14, 0, 12.5, 0, 4.612, 166.552, 0, 0, 0, 72, 1, 0.018, 0.018, 111.604, 98.815, 100, 0, 0, 141, 33.082, 32.275, 94.395, 4.208, 0, 103.246, 0, 0, 104.276, 93.183, 0, 0, 0, 0, 
4.85, 19.254, 100.3, 71.6, 72.25, , 14.852, 0.985, 453.391, 453.391, 4.647, 355.425, 355.425, 355.425, 49.177, 70.716, 34.578, 34.95, 7.384, 12.652, 0, 0, 86.369, 87.72, 86.369, 87.72, 1, 92.675, 92.675, 0.025, 0.134, 99.922, 101.485, 99.922, 101.485, 6.23, 7.384, 12.652, , , 1, 4.951, 0.07, 0, 12.5, 4.647, 166.713, 0, 0, 0, 72, 18.578, 18.817, 111.458, 98.964, 100, 0, 0, 33.142, 32.356, 96.411, 4.284, 103.427, 0, 0, 104.356, 94.071, 0, 0, 0.07, 0, 0, 14, 0, 12.5, 0, 4.647, 166.713, 0, 0, 0, 72, 1, 0.018, 0.018, 111.458, 98.964, 100, 0, 0, 141, 33.142, 32.356, 96.411, 4.284, 0, 103.427, 0, 0, 104.356, 94.087, 0, 0, 0, 0, 
4.9, 19.255, 100.3, 71.6, 72.25, , 14.789, 0.985, 462.264, 462.264, 4.683, 353.965, 353.965, 353.965, 49.754, 71.342, 34.974, 35.202, 7.383, 12.596, 0, 0, 86.91, 88.271, 86.91, 88.271, 1, 93.516, 93.516, 0.025, 0.134, 98.124, 99.659, 98.124, 99.659, 6.272, 7.383, 12.596, , , 1, 5.001, 0.039, 0, 12.5, 4.683, 166.874, 0, 0, 0, 72, 18.596, 18.849, 111.313, 99.114, 100, 0, 0, 33.203, 32.437, 98.427, 4.359, 103.608, 0, 0, 104.437, 94.973, 0, 0, 0.039, 0, 0, 14, 0, 12.5, 0, 4.683, 166.874, 0, 0, 0, 72, 1, 0.018, 0.018, 111.313, 99.114, 100, 0, 0, 141, 33.203, 32.437, 98.427, 4.359, 0, 103.608, 0, 0, 104.437, 94.99, 0, 0, 0, 0, 
4.95, 19.256, 100.3, 71.6, 72.25, , 14.722, 0.985, 468.936, 468.936, 4.728, 352.403, 352.403, 352.403, 50.389, 71.967, 35.37, 35.454, 7.381, 12.538, 0, 0, 87.192, 88.556, 87.192, 88.556, 1, 94.246, 94.246, 0.025, 0.134, 96.497, 98.008, 96.497, 98.008, 6.313, 7.381, 12.538, , , 1, 5.051, 0.014, 0, 12.5, 4.728, 167, 0, 0, 0, 72, 18.627, 18.883, 111.066, 99.175, 100, 0, 0, 33.287, 32.525, 100, 4.42, 103.924, 0, 0, 104.649, 95.85, 0, 0, 0.014, 0, 0, 13.998, 0, 12.5, 0, 4.728, 167, 0, 0, 0, 72, 1, 0.019, 0.019, 111.066, 99.175, 100, 0, 0, 141, 33.287, 32.525, 100, 4.42, 0, 103.924, 0, 0, 104.649, 95.865, 0, 0, 0, 0, 
5, 19.257, 100.3, 71.6, 72.25, , 14.695, 0.985, 475.792, 475.792, 4.805, 351.788, 351.788, 351.788, 50.992, 72.592, 35.555, 35.6, 7.38, 12.475, 0, 0, 87.71, 89.081, 87.71, 89.081, 1, 94.967, 94.967, 0.025, 0.134, 95.177, 96.668, 95.177, 96.668, 6.358, 7.38, 12.475, , , 1, 5.101, 0.011, 0, 12.5, 4.805, 167, 0, 0, 0, 72, 18.704, 18.919, 110.455, 98.924, 100, 0, 0, 33.457, 32.638, 100, 4.42, 104.716, 0, 0, 105.328, 96.626, 0, 0, 0.011, 0, 0, 13.986, 0, 12.5, 0, 4.805, 167, 0, 0, 0, 72, 1, 0.019, 0.019, 110.455, 98.924, 100, 0, 0, 141, 33.457, 32.638, 100, 4.42, 0, 104.716, 0, 0, 105.328, 96.638, 0, 0, 0, 0, 
5.05, 19.258, 100.3, 71.6, 72.25, , 14.662, 0.985, 482.66, 482.66, 4.881, 351.032, 351.032, 351.032, 51.448, 73.218, 35.447, 35.6, 7.379, 12.41, 0, 0, 88.183, 89.563, 88.183, 89.563, 1, 95.688, 95.688, 0.025, 0.134, 94.096, 95.571, 94.096, 95.571, 6.407, 7.379, 12.41, , , 1, 5.151, 0.007, 0, 12.5, 4.881, 167, 0, 0, 0, 72, 18.781, 18.955, 109.844, 98.672, 100, 0, 0, 33.627, 32.751, 100, 4.42, 105.508, 0, 0, 106.007, 97.402, 0, 0, 0.007, 0, 0, 13.975, 0, 12.5, 0, 4.881, 167, 0, 0, 0, 72, 1, 0.019, 0.019, 109.844, 98.672, 100, 0, 0, 141, 33.627, 32.751, 100, 4.42, 0, 105.508, 0, 0, 106.007, 97.41, 0, 0, 0, 0, 
5.1, 19.259, 100.3, 71.6, 72.25, , 14.632, 0.985, 489.573, 489.573, 4.958, 350.342, 350.342, 350.342, 51.766, 73.843, 35.339, 35.6, 7.38, 12.354, 0, 0, 88.671, 90.059, 88.671, 90.059, 1, 96.402, 96.402, 0.025, 0.133, 93.331, 94.794, 93.331, 94.794, 6.456, 7.38, 12.354, , , 1, 5.201, 0.004, 0, 12.5, 4.958, 167, 0, 0, 0, 72, 18.858, 18.992, 109.233, 98.421, 100, 0, 0, 33.796, 32.864, 100, 4.42, 106.3, 0, 0, 106.686, 98.179, 0, 0, 0.004, 0, 0, 13.964, 0, 12.5, 0, 4.958, 167, 0, 0, 0, 72, 1, 0.019, 0.019, 109.233, 98.421, 100, 0, 0, 141, 33.796, 32.864, 100, 4.42, 0, 106.3, 0, 0, 106.686, 98.183, 0, 0, 0, 0, 
5.15, 19.261, 100.3, 71.6, 72.25, , 14.593, 0.985, 496.532, 496.532, 5.035, 349.433, 349.433, 349.433, 51.934, 74.469, 35.231, 35.6, 7.381, 12.3, 0, 0, 89.101, 90.494, 89.101, 90.494, 1, 97.123, 97.123, 0.025, 0.133, 92.771, 94.226, 92.771, 94.226, 6.506, 7.381, 12.3, , , 1, 5.25, 0.001, 0, 12.5, 5.035, 167, 0, 0, 0, 72, 18.935, 19.028, 108.622, 98.17, 100, 0, 0, 33.966, 32.977, 100, 4.42, 107.092, 0, 0, 107.364, 98.955, 0, 0, 0.001, 0, 0, 13.952, 0, 12.5, 0, 5.035, 167, 0, 0, 0, 72, 1, 0.019, 0.019, 108.622, 98.17, 100, 0, 0, 141, 33.966, 32.977, 100, 4.42, 0, 107.092, 0, 0, 107.364, 98.955, 0, 0, 0, 0, 
5.2, 19.262, 100.3, 71.6, 72.25, , 14.545, 0.985, 503.584, 503.584, 5.066, 348.33, 348.33, 348.33, 51.975, 75.094, 35.123, 35.6, 7.382, 12.266, 0, 0, 89.477, 90.878, 89.477, 90.878, 1, 97.835, 97.835, 0.025, 0.133, 92.417, 93.866, 92.417, 93.866, 6.551, 7.382, 12.266, , , 1, 5.301, 0, 0, 12.5, 5.066, 167, 0, 0, 0, 72, 18.872, 18.97, 108.336, 98.052, 100, 0, 0, 34, 32.909, 100, 4.418, 106.93, 0, 0, 107.135, 99.392, 0, 0, 0, 0, 0, 13.941, 0, 12.5, 0, 5.066, 167, 0, 0, 0, 72, 1, 0.019, 0.019, 108.336, 98.052, 100, 0, 0, 141, 34, 32.909, 100, 4.418, 0, 106.93, 0, 0, 107.135, 99.392, 0, 0, 0, 0, 
5.25, 19.263, 100.3, 71.6, 72.25, , 14.507, 0.985, 510.659, 510.659, 5.086, 347.454, 347.454, 347.454, 51.977, 75.719, 35.016, 35.422, 7.384, 12.239, 0, 0, 89.902, 91.311, 89.902, 91.311, 1, 98.55, 98.55, 0.025, 0.133, 92.181, 93.625, 92.181, 93.625, 6.582, 7.384, 12.239, , , 1, 5.351, 0, 0, 12.5, 5.086, 167, 0, 0, 0, 72, 18.774, 18.89, 108.132, 97.968, 100, 0, 0, 34, 32.795, 100, 4.416, 106.531, 0, 0, 106.678, 99.744, 0, 0, 0, 0, 0, 13.929, 0, 12.5, 0, 5.086, 167, 0, 0, 0, 72, 1, 0.019, 0.019, 108.132, 97.968, 100, 0, 0, 141, 34, 32.795, 100, 4.416, 0, 106.531, 0, 0, 106.678, 99.744, 0, 0, 0, 0, 
5.3, 19.264, 100.3, 71.6, 72.25, , 14.469, 0.985, 517.735, 517.735, 5.106, 346.576, 346.576, 346.576, 51.968, 76.345, 34.91, 34.999, 7.384, 12.242, 0, 0, 90.322, 91.737, 90.322, 91.737, 1, 99.269, 99.269, 0.025, 0.133, 91.964, 93.404, 91.964, 93.404, 6.613, 7.384, 12.242, , , 1, 5.401, 0, 0, 12.5, 5.106, 167, 0, 0, 0, 72, 18.676, 18.809, 107.927, 97.883, 100, 0, 0, 34, 32.682, 100, 4.414, 106.131, 0, 0, 106.221, 100.096, 0, 0, 0, 0, 0, 13.918, 0, 12.5, 0, 5.106, 167, 0, 0, 0, 72, 1, 0.019, 0.019, 107.927, 97.883, 100, 0, 0, 141, 34, 32.682, 100, 4.414, 0, 106.131, 0, 0, 106.221, 100.096, 0, 0, 0, 0, 
5.35, 19.265, 100.3, 71.6, 72.25, , 14.43, 0.985, 524.939, 524.939, 5.126, 345.66, 345.66, 345.66, 51.948, 76.97, 34.804, 34.575, 7.384, 12.259, 0, 0, 90.727, 92.148, 90.727, 92.148, 1, 99.978, 99.978, 0.025, 0.133, 91.754, 93.192, 91.754, 93.192, 6.644, 7.384, 12.259, , , 1, 5.45, 0, 0, 12.5, 5.126, 167, 0, 0, 0, 72, 18.579, 18.728, 107.723, 97.799, 100, 0, 0, 34, 32.568, 100, 4.411, 105.732, 0, 0, 105.765, 100.449, 0, 0, 0, 0, 0, 13.907, 0, 12.5, 0, 5.126, 167, 0, 0, 0, 72, 1, 0.019, 0.019, 107.723, 97.799, 100, 0, 0, 141, 34, 32.568, 100, 4.411, 0, 105.732, 0, 0, 105.765, 100.449, 0, 0, 0, 0, 
5.4, 19.266, 100.3, 71.6, 72.25, , 14.362, 0.985, 532.17, 532.17, 5.152, 344.091, 344.091, 344.091, 51.917, 77.596, 34.698, 34.152, 7.383, 12.305, 0, 0, 90.959, 92.385, 90.959, 92.385, 1, 100.693, 100.693, 0.025, 0.134, 91.39, 92.822, 91.39, 92.822, 6.674, 7.383, 12.305, , , 1, 5.5, 0, 0, 12.5, 5.152, 167, 0, 0, 0, 72, 18.431, 18.591, 107.6, 97.688, 100, 0, 0, 33.96, 32.5, 100, 4.412, 105.164, 0, 0, 105.206, 101.008, 0, 0, 0, 0, 0, 13.9, 0, 12.5, 0, 5.152, 167, 0, 0, 0, 72, 1, 0.019, 0.019, 107.6, 97.688, 100, 0, 0, 141, 33.96, 32.5, 100, 4.412, 0, 105.164, 0, 0, 105.206, 101.008, 0, 0, 0, 0, 
5.45, 19.267, 100.3, 71.6, 72.25, , 14.296, 0.985, 539.387, 539.387, 5.186, 342.53, 342.53, 342.53, 51.891, 78.221, 34.592, 33.728, 7.382, 12.365, 0, 0, 91.18, 92.609, 91.18, 92.609, 1, 101.392, 101.392, 0.025, 0.134, 91.024, 92.451, 91.024, 92.451, 6.704, 7.382, 12.365, , , 1, 5.55, 0, 0, 12.5, 5.186, 167, 0, 0, 0, 72, 18.208, 18.369, 107.6, 97.54, 100, 0, 0, 33.859, 32.5, 100, 4.416, 104.364, 0, 0, 104.506, 101.878, 0, 0, 0, 0, 0, 13.9, 0, 12.5, 0, 5.186, 167, 0, 0, 0, 72, 1, 0.018, 0.019, 107.6, 97.54, 100, 0, 0, 141, 33.859, 32.5, 100, 4.416, 0, 104.364, 0, 0, 104.506, 101.878, 0, 0, 0, 0, 
5.5, 19.269, 100.3, 71.6, 72.25, , 14.243, 0.985, 546.829, 546.829, 5.22, 341.316, 341.316, 341.316, 51.873, 78.846, 34.591, 33.581, 7.381, 12.44, 0, 0, 91.481, 92.915, 91.481, 92.915, 1, 102.096, 102.096, 0.025, 0.134, 90.732, 92.152, 90.732, 92.152, 6.734, 7.381, 12.44, , , 1, 5.601, 0, 0, 12.5, 5.22, 167, 0, 0, 0, 72, 17.985, 18.147, 107.6, 97.392, 100, 0, 0, 33.759, 32.5, 100, 4.42, 103.564, 0, 0, 103.806, 102.748, 0, 0, 0, 0, 0, 13.9, 0, 12.5, 0, 5.22, 167, 0, 0, 0, 72, 1, 0.018, 0.019, 107.6, 97.392, 100, 0, 0, 141, 33.759, 32.5, 100, 4.42, 0, 103.564, 0, 0, 103.806, 102.748, 0, 0, 0, 0, 
5.55, 19.27, 100.3, 71.6, 72.25, , 14.178, 0.985, 554.15, 554.15, 5.254, 339.802, 339.802, 339.802, 51.865, 79.472, 34.811, 34.022, 7.38, 12.523, 0, 0, 91.697, 93.135, 91.697, 93.135, 1, 102.796, 102.796, 0.025, 0.134, 90.344, 91.757, 90.344, 91.757, 6.764, 7.38, 12.523, , , 1, 5.651, 0, 0, 12.5, 5.254, 167, 0, 0, 0, 72, 17.762, 17.925, 107.6, 97.244, 100, 0, 0, 33.659, 32.5, 100, 4.424, 102.764, 0, 0, 103.106, 103.618, 0, 0, 0, 0, 0, 13.9, 0, 12.5, 0, 5.254, 167, 0, 0, 0, 72, 1, 0.018, 0.018, 107.6, 97.244, 100, 0, 0, 141, 33.659, 32.5, 100, 4.424, 0, 102.764, 0, 0, 103.106, 103.618, 0, 0, 0, 0, 
5.6, 19.271, 100.3, 71.6, 72.25, , 14.14, 0.985, 561.682, 561.682, 5.287, 338.905, 338.905, 338.905, 51.868, 80.097, 35.031, 34.463, 7.38, 12.609, 0, 0, 92.086, 93.53, 92.086, 93.53, 1, 103.487, 103.487, 0.025, 0.134, 90.102, 91.512, 90.102, 91.512, 6.794, 7.38, 12.609, , , 1, 5.7, 0, 0, 12.5, 5.287, 167, 0, 0, 0, 72, 17.539, 17.703, 107.6, 97.096, 100, 0, 0, 33.558, 32.5, 100, 4.428, 101.964, 0, 0, 102.406, 104.488, 0, 0, 0, 0, 0, 13.9, 0, 12.5, 0, 5.287, 167, 0, 0, 0, 72, 1, 0.017, 0.018, 107.6, 97.096, 100, 0, 0, 141, 33.558, 32.5, 100, 4.428, 0, 101.964, 0, 0, 102.406, 104.488, 0, 0, 0, 0, 
5.65, 19.273, 100.3, 71.6, 72.25, , 14.103, 0.985, 569.157, 569.157, 5.331, 338.058, 338.058, 338.058, 51.88, 80.723, 35.252, 34.904, 7.38, 12.696, 0, 0, 92.479, 93.928, 92.479, 93.928, 1, 104.187, 104.187, 0.025, 0.134, 89.858, 91.263, 89.858, 91.263, 6.83, 7.38, 12.696, , , 1, 5.75, 0, 0, 12.5, 5.331, 167, 0, 0, 0, 72, 17.385, 17.531, 107.525, 96.918, 100, 0, 0, 33.605, 32.521, 100, 4.429, 101.248, 0, 0, 101.727, 105.408, 0, 0, 0, 0, 0, 13.9, 0, 12.5, 0, 5.331, 167, 0, 0, 0, 72, 1, 0.017, 0.018, 107.525, 96.918, 100, 0, 0, 141, 33.605, 32.521, 100, 4.429, 0, 101.248, 0, 0, 101.727, 105.408, 0, 0, 0, 0, 
5.7, 19.275, 100.3, 71.6, 72.25, , 14.043, 0.985, 576.746, 576.746, 5.387, 336.659, 336.659, 336.659, 51.895, 81.348, 35.472, 35.344, 7.38, 12.769, 0, 0, 92.704, 94.158, 92.704, 94.158, 1, 104.879, 104.879, 0.025, 0.134, 89.46, 90.859, 89.46, 90.859, 6.866, 7.38, 12.769, , , 1, 5.801, 0, 0, 12.5, 5.387, 167, 0, 0, 0, 72, 17.327, 17.433, 107.345, 96.698, 100, 0, 0, 33.854, 32.571, 100, 4.427, 100.648, 0, 0, 101.077, 106.403, 0, 0, 0, 0, 0, 13.9, 0, 12.5, 0, 5.387, 167, 0, 0, 0, 72, 1, 0.017, 0.018, 107.345, 96.698, 100, 0, 0, 141, 33.854, 32.571, 100, 4.427, 0, 100.648, 0, 0, 101.077, 106.403, 0, 0, 0, 0, 
5.75, 19.277, 100.3, 71.6, 72.25, , 13.956, 0.985, 585.709, 585.709, 5.443, 334.633, 334.633, 334.633, 51.912, 81.973, 35.645, 35.57, 7.38, 12.834, 0, 0, 92.855, 94.311, 92.855, 94.311, 1, 105.605, 105.605, 0.025, 0.134, 88.887, 90.278, 88.887, 90.278, 6.903, 7.38, 12.834, , , 1, 5.851, 0, 0, 12.5, 5.443, 167, 0, 0, 0, 72, 17.268, 17.335, 107.166, 96.478, 100, 0, 0, 34.103, 32.621, 100, 4.425, 100.048, 0, 0, 100.427, 107.398, 0, 0, 0, 0, 0, 13.9, 0, 12.5, 0, 5.443, 167, 0, 0, 0, 72, 1, 0.017, 0.018, 107.166, 96.478, 100, 0, 0, 141, 34.103, 32.621, 100, 4.425, 0, 100.048, 0, 0, 100.427, 107.398, 0, 0, 0, 0, 
5.8, 19.279, 100.3, 71.6, 72.25, , 13.849, 0.985, 594.296, 594.296, 5.5, 332.122, 332.122, 332.122, 51.935, 82.599, 35.753, 35.498, 7.381, 12.887, 0, 0, 92.824, 94.279, 92.824, 94.279, 1, 106.469, 106.469, 0.025, 0.134, 88.185, 89.566, 88.185, 89.566, 6.939, 7.381, 12.887, , , 1, 5.9, 0, 0, 12.5, 5.5, 167, 0, 0, 0, 72, 17.209, 17.237, 106.987, 96.258, 100, 0, 0, 34.352, 32.67, 100, 4.423, 99.448, 0, 0, 99.777, 108.393, 0, 0, 0, 0, 0, 13.9, 0, 12.5, 0, 5.5, 167, 0, 0, 0, 72, 1, 0.017, 0.017, 106.987, 96.258, 100, 0, 0, 141, 34.352, 32.67, 100, 4.423, 0, 99.448, 0, 0, 99.777, 108.393, 0, 0, 0, 0, 
5.85, 19.281, 100.3, 71.6, 72.25, , 13.737, 0.985, 601.964, 601.964, 5.556, 329.486, 329.486, 329.486, 51.955, 83.224, 35.861, 35.426, 7.382, 12.932, 0, 0, 92.673, 94.125, 92.673, 94.125, 1, 107.14, 107.14, 0.025, 0.134, 87.451, 88.821, 87.451, 88.821, 6.978, 7.382, 12.932, , , 1, 5.95, 0, 0, 12.5, 5.556, 167, 0, 0, 0, 72, 17.15, 17.139, 106.808, 96.038, 100, 0, 0, 34.601, 32.72, 100, 4.421, 98.848, 0, 0, 99.127, 109.388, 0, 0, 0, 0, 0, 13.9, 0, 12.5, 0, 5.556, 167, 0, 0, 0, 72, 1, 0.017, 0.017, 106.808, 96.038, 100, 0, 0, 141, 34.601, 32.72, 100, 4.421, 0, 98.848, 0, 0, 99.127, 109.388, 0, 0, 0, 0, 
5.9, 19.283, 100.3, 71.6, 72.25, , 13.635, 0.985, 609.748, 609.748, 5.597, 327.086, 327.086, 327.086, 51.975, 83.85, 35.969, 35.354, 7.383, 12.958, 0, 0, 92.581, 94.033, 92.581, 94.033, 1, 107.816, 107.816, 0.025, 0.134, 86.78, 88.139, 86.78, 88.139, 7.019, 7.383, 12.958, , , 1, 6, 0, 0, 12.5, 5.597, 167, 0, 0, 0, 72, 17.114, 17.082, 106.625, 95.878, 100, 0, 0, 34.771, 32.771, 100, 4.421, 98.544, 0, 0, 98.816, 110.141, 0, 0, 0, 0, 0, 13.9, 0, 12.5, 0, 5.597, 167, 0, 0, 0, 72, 1, 0.017, 0.017, 106.625, 95.878, 100, 0, 0, 141, 34.771, 32.771, 100, 4.421, 0, 98.544, 0, 0, 98.816, 110.141, 0, 0, 0, 0, 
5.95, 19.285, 100.3, 71.6, 72.25, , 13.538, 0.985, 617.531, 617.531, 5.616, 324.814, 324.814, 324.814, 51.989, 84.475, 36.077, 35.282, 7.384, 12.971, 0, 0, 92.505, 93.956, 92.505, 93.956, 1, 108.483, 108.483, 0.025, 0.134, 86.153, 87.503, 86.153, 87.503, 7.059, 7.384, 12.971, , , 1, 6.051, 0, 0, 12.5, 5.616, 167, 0, 0, 0, 72, 17.111, 17.086, 106.436, 95.801, 100, 0, 0, 34.823, 32.823, 100, 4.423, 98.648, 0, 0, 98.972, 110.531, 0, 0, 0, 0, 0, 13.9, 0, 12.5, 0, 5.616, 167, 0, 0, 0, 72, 1, 0.017, 0.017, 106.436, 95.801, 100, 0, 0, 141, 34.823, 32.823, 100, 4.423, 0, 98.648, 0, 0, 98.972, 110.531, 0, 0, 0, 0, 
6, 19.287, 100.3, 71.6, 72.25, , 13.445, 0.985, 625.46, 625.46, 5.635, 322.627, 322.627, 322.627, 51.996, 85.1, 36.049, 35.225, 7.384, 12.973, 0, 0, 92.451, 93.9, 92.451, 93.9, 1, 109.147, 109.147, 0.024, 0.134, 85.562, 86.901, 85.562, 86.901, 7.099, 7.384, 12.973, , , 1, 6.101, 0, 0, 12.5, 5.635, 167, 0, 0, 0, 72, 17.107, 17.09, 106.248, 95.723, 100, 0, 0, 34.876, 32.876, 100, 4.425, 98.752, 0, 0, 99.128, 110.921, 0, 0, 0, 0, 0, 13.9, 0, 12.5, 0, 5.635, 167, 0, 0, 0, 72, 1, 0.017, 0.017, 106.248, 95.723, 100, 0, 0, 141, 34.876, 32.876, 100, 4.425, 0, 98.752, 0, 0, 99.128, 110.921, 0, 0, 0, 0, 
6.05, 19.289, 100.3, 71.6, 72.25, , 13.354, 0.985, 633.351, 633.351, 5.654, 320.499, 320.499, 320.499, 51.997, 85.726, 35.833, 35.189, 7.384, 12.965, 0, 0, 92.399, 93.846, 92.399, 93.846, 1, 109.806, 109.806, 0.025, 0.134, 84.997, 86.327, 84.997, 86.327, 7.131, 7.384, 12.965, , , 1, 6.15, 0, 0, 12.5, 5.654, 167, 0, 0, 0, 72, 17.104, 17.094, 106.06, 95.646, 100, 0, 0, 34.928, 32.928, 100, 4.427, 98.856, 0, 0, 99.284, 111.312, 0, 0, 0, 0, 0, 13.9, 0, 12.5, 0, 5.654, 167, 0, 0, 0, 72, 1, 0.017, 0.017, 106.06, 95.646, 100, 0, 0, 141, 34.928, 32.928, 100, 4.427, 0, 98.856, 0, 0, 99.284, 111.312, 0, 0, 0, 0, 
6.1, 19.291, 100.3, 71.6, 72.25, , 13.26, 0.985, 641.241, 641.241, 5.673, 318.302, 318.302, 318.302, 51.991, 86.351, 35.617, 35.153, 7.384, 12.944, 0, 0, 92.31, 93.755, 92.31, 93.755, 1, 110.469, 110.469, 0.025, 0.134, 84.424, 85.746, 84.424, 85.746, 7.159, 7.384, 12.944, , , 1, 6.2, 0, 0, 12.5, 5.673, 167, 0, 0, 0, 72, 17.101, 17.098, 105.872, 95.569, 100, 0, 0, 34.98, 32.98, 100, 4.429, 98.96, 0, 0, 99.441, 111.702, 0, 0, 0, 0, 0, 13.9, 0, 12.5, 0, 5.673, 167, 0, 0, 0, 72, 1, 0.017, 0.017, 105.872, 95.569, 100, 0, 0, 141, 34.98, 32.98, 100, 4.429, 0, 98.96, 0, 0, 99.441, 111.702, 0, 0, 0, 0, 
6.15, 19.292, 100.3, 71.6, 72.25, , 13.157, 0.985, 649.293, 649.293, 5.7, 315.892, 315.892, 315.892, 51.979, 86.976, 35.401, 35.117, 7.383, 12.913, 0, 0, 92.152, 93.595, 92.152, 93.595, 1, 111.111, 111.111, 0.025, 0.134, 83.805, 85.118, 83.805, 85.118, 7.187, 7.383, 12.913, , , 1, 6.25, 0, 0, 12.5, 5.7, 167, 0, 0, 0, 72, 17.098, 17.114, 105.593, 95.37, 100, 0, 0, 35.057, 33.057, 100, 4.43, 99.115, 0, 0, 99.615, 112.277, 0, 0, 0, 0, 0, 13.9, 0, 12.5, 0, 5.7, 167, 0, 0, 0, 72, 1, 0.017, 0.017, 105.593, 95.37, 100, 0, 0, 141, 35.057, 33.057, 100, 4.43, 0, 99.115, 0, 0, 99.615, 112.277, 0, 0, 0, 0, 
6.2, 19.294, 100.3, 71.6, 72.25, , 13.062, 0.985, 657.344, 657.344, 5.733, 313.646, 313.646, 313.646, 51.969, 87.602, 35.185, 35.081, 7.382, 12.881, 0, 0, 92.031, 93.472, 92.031, 93.472, 1, 111.761, 111.761, 0.025, 0.134, 83.223, 84.528, 83.223, 84.528, 7.215, 7.382, 12.881, , , 1, 6.301, 0, 0, 12.5, 5.733, 167, 0, 0, 0, 72, 17.094, 17.136, 105.26, 95.096, 100, 0, 0, 35.15, 33.15, 100, 4.43, 99.3, 0, 0, 99.8, 112.965, 0, 0, 0, 0, 0, 13.9, 0, 12.5, 0, 5.733, 167, 0, 0, 0, 72, 1, 0.017, 0.017, 105.26, 95.096, 100, 0, 0, 141, 35.15, 33.15, 100, 4.43, 0, 99.3, 0, 0, 99.8, 112.965, 0, 0, 0, 0, 
6.25, 19.296, 100.3, 71.6, 72.25, , 12.952, 0.985, 665.396, 665.396, 5.766, 311.068, 311.068, 311.068, 51.967, 88.227, 35.074, 35.01, 7.381, 12.848, 0, 0, 91.793, 93.23, 91.793, 93.23, 1, 112.408, 112.408, 0.025, 0.134, 82.542, 83.836, 82.542, 83.836, 7.239, 7.381, 12.848, , , 1, 6.351, 0, 0, 12.5, 5.766, 167, 0, 0, 0, 72, 17.09, 17.158, 104.927, 94.822, 100, 0, 0, 35.243, 33.243, 100, 4.43, 99.485, 0, 0, 99.985, 113.653, 0, 0, 0, 0, 0, 13.9, 0, 12.5, 0, 5.766, 167, 0, 0, 0, 72, 1, 0.017, 0.017, 104.927, 94.822, 100, 0, 0, 141, 35.243, 33.243, 100, 4.43, 0, 99.485, 0, 0, 99.985, 113.653, 0, 0, 0, 0, 
6.3, 19.298, 100.3, 71.6, 72.25, , 12.838, 0.985, 673.609, 673.609, 5.799, 308.379, 308.379, 308.379, 51.972, 88.853, 35.108, 34.891, 7.381, 12.82, 0, 0, 91.517, 92.95, 91.517, 92.95, 1, 113.047, 113.047, 0.025, 0.134, 81.82, 83.103, 81.82, 83.103, 7.258, 7.381, 12.82, , , 1, 6.401, 0, 0, 12.5, 5.799, 167, 0, 0, 0, 72, 17.087, 17.18, 104.593, 94.548, 100, 0, 0, 35.335, 33.335, 100, 4.43, 99.67, 0, 0, 100.17, 114.341, 0, 0, 0, 0, 0, 13.9, 0, 12.5, 0, 5.799, 167, 0, 0, 0, 72, 1, 0.017, 0.017, 104.593, 94.548, 100, 0, 0, 141, 35.335, 33.335, 100, 4.43, 0, 99.67, 0, 0, 100.17, 114.341, 0, 0, 0, 0, 
6.35, 19.3, 100.3, 71.6, 72.25, , 12.723, 0.985, 681.821, 681.821, 5.831, 305.678, 305.678, 305.678, 51.986, 89.478, 35.142, 34.772, 7.382, 12.796, 0, 0, 91.22, 92.649, 91.22, 92.649, 1, 113.675, 113.675, 0.025, 0.135, 81.086, 82.356, 81.086, 82.356, 7.277, 7.382, 12.796, , , 1, 6.451, 0, 0, 12.5, 5.831, 167, 0, 0, 0, 72, 17.083, 17.202, 104.26, 94.274, 100, 0, 0, 35.428, 33.428, 100, 4.43, 99.856, 0, 0, 100.356, 115.029, 0, 0, 0, 0, 0, 13.9, 0, 12.5, 0, 5.831, 167, 0, 0, 0, 72, 1, 0.017, 0.017, 104.26, 94.274, 100, 0, 0, 141, 35.428, 33.428, 100, 4.43, 0, 99.856, 0, 0, 100.356, 115.029, 0, 0, 0, 0, 
6.4, 19.302, 100.3, 71.6, 72.25, , 12.649, 0.985, 689.994, 689.994, 5.865, 303.95, 303.95, 303.95, 52.004, 90.103, 35.176, 34.653, 7.382, 12.778, 0, 0, 91.208, 92.636, 91.208, 92.636, 1, 114.296, 114.296, 0.025, 0.135, 80.598, 81.86, 80.598, 81.86, 7.296, 7.382, 12.778, , , 1, 6.501, 0, 0, 12.5, 5.865, 167, 0, 0, 0, 72, 17.053, 17.195, 104, 94.044, 100, 0, 0, 35.521, 33.521, 100, 4.43, 99.937, 0, 0, 100.458, 115.7, 0, 0, 0, 0, 0, 13.9, 0, 12.5, 0, 5.865, 167, 0, 0, 0, 72, 1, 0.017, 0.017, 104, 94.044, 100, 0, 0, 141, 35.521, 33.521, 100, 4.43, 0, 99.937, 0, 0, 100.458, 115.7, 0, 0, 0, 0, 
6.45, 19.304, 100.3, 71.6, 72.25, , 12.471, 0.985, 698.333, 698.333, 5.9, 299.766, 299.766, 299.766, 52.015, 90.729, 35.21, 34.535, 7.382, 12.769, 0, 0, 90.434, 91.849, 90.434, 91.849, 1, 114.921, 114.921, 0.025, 0.135, 79.472, 80.715, 79.472, 80.715, 7.319, 7.382, 12.769, , , 1, 6.55, 0, 0, 12.5, 5.9, 167, 0, 0, 0, 72, 16.93, 17.072, 104, 93.973, 100, 0, 0, 35.617, 33.617, 100, 4.43, 99.648, 0, 0, 100.265, 116.298, 0, 0, 0, 0, 0, 13.9, 0, 12.5, 0, 5.9, 167, 0, 0, 0, 72, 1, 0.017, 0.017, 104, 93.973, 100, 0, 0, 141, 35.617, 33.617, 100, 4.43, 0, 99.648, 0, 0, 100.265, 116.298, 0, 0, 0, 0, 
6.5, 19.306, 100.3, 71.595, 72.25, , 11.269, 0.985, 706.672, 706.672, 5.936, 271.27, 271.27, 271.27, 52.001, 91.354, 35.24, 34.455, 7.383, 12.77, 0, 0, 82.178, 83.464, 82.178, 83.464, 1, 115.516, 115.516, 0.025, 0.135, 71.92, 73.045, 71.92, 73.045, 7.358, 7.383, 12.77, , , 1, 6.601, 0, 0, 12.5, 5.936, 167, 0, 0, 0, 72, 16.807, 16.948, 104, 93.902, 100, 0, 0, 35.713, 33.713, 100, 4.43, 99.36, 0, 0, 100.073, 116.897, 0, 0, 0, 0, 0, 13.9, 0, 12.5, 0, 5.936, 167, 0, 0, 0, 72, 1, 0.017, 0.017, 104, 93.902, 100, 0, 0, 141, 35.713, 33.713, 100, 4.43, 0, 99.36, 0, 0, 100.073, 116.897, 0, 0, 0, 0, 
6.55, 19.308, 100.3, 71.59, 72.25, , 10.161, 0.985, 715.03, 715.03, 5.971, 244.999, 244.999, 244.999, 51.979, 91.98, 35.24, 34.666, 7.384, 12.783, 0, 0, 74.533, 75.701, 74.533, 75.701, 1, 116.036, 116.036, 0.025, 0.134, 64.974, 65.99, 64.974, 65.99, 7.396, 7.384, 12.783, , , 1, 6.651, 0, 0, 12.5, 5.971, 167, 0, 0, 0, 72, 16.684, 16.825, 104, 93.831, 100, 0, 0, 35.81, 33.81, 100, 4.43, 99.071, 0, 0, 99.881, 117.495, 0, 0, 0, 0, 0, 13.9, 0, 12.5, 0, 5.971, 167, 0, 0, 0, 72, 1, 0.016, 0.017, 104, 93.831, 100, 0, 0, 141, 35.81, 33.81, 100, 4.43, 0, 99.071, 0, 0, 99.881, 117.495, 0, 0, 0, 0, 
6.6, 19.31, 100.3, 71.585, 72.25, , 8.944, 0.985, 723.518, 723.518, 6.006, 216.146, 216.146, 216.146, 51.936, 92.605, 35.24, 34.877, 7.384, 12.861, 0, 0, 66.024, 67.058, 66.024, 67.058, 1, 116.521, 116.521, 0.025, 0.134, 57.361, 58.257, 57.361, 58.257, 7.435, 7.384, 12.861, , , 1, 6.701, 0, 0, 12.5, 6.006, 167, 0, 0, 0, 72, 16.561, 16.701, 104, 93.76, 100, 0, 0, 35.906, 33.906, 100, 4.43, 98.783, 0, 0, 99.688, 118.094, 0, 0, 0, 0, 0, 13.9, 0, 12.5, 0, 6.006, 167, 0, 0, 0, 72, 1, 0.016, 0.017, 104, 93.76, 100, 0, 0, 141, 35.906, 33.906, 100, 4.43, 0, 98.783, 0, 0, 99.688, 118.094, 0, 0, 0, 0, 
6.65, 19.312, 100.3, 71.58, 72.25, , 6.513, 0.985, 731.981, 731.981, 6.041, 158.493, 158.493, 158.493, 51.895, 93.23, 35.24, 35.087, 7.383, 13.028, 0, 0, 48.548, 49.308, 48.548, 49.308, 1, 116.91, 116.91, 0.025, 0.134, 42.091, 42.748, 42.091, 42.748, 7.478, 7.383, 13.028, , , 1, 6.751, 0, 0.002, 12.5, 6.041, 167, 0, 0, 0, 72, 16.374, 16.574, 103.993, 93.68, 100, 0, 0, 36.002, 34.002, 100, 4.43, 98.492, 0, 0, 99.492, 118.68, 0, 0, 0, 0, 0, 13.9, 0.002, 12.5, 0, 6.041, 167, 0, 0, 0, 72, 1, 0.016, 0.017, 103.993, 93.68, 100, 0, 0, 141, 36.002, 34.002, 100, 4.43, 0, 98.492, 0, 0, 99.492, 118.68, 0, 0, 0, 0, 
6.7, 19.313, 100.3, 71.575, 72.25, , 3.47, 0.985, 740.531, 740.531, 6.053, 86.307, 86.307, 86.307, 51.876, 93.856, 35.24, 35.298, 7.382, 13.247, 0, 0, 26.488, 26.903, 26.488, 26.903, 1, 117.164, 117.164, 0.025, 0.134, 22.949, 23.306, 22.949, 23.306, 7.537, 7.382, 13.247, , , 1, 6.8, 0, 0.094, 12.5, 6.053, 167, 0, 0, 0, 72, 13.086, 16.292, 103.633, 93.164, 100, 0, 0, 36.102, 34.102, 100, 4.43, 98.092, 0, 0, 99.092, 118.68, 0, 0, 0, 0, 0, 13.9, 0.094, 12.5, 0, 6.053, 167, 0, 0, 0, 72, 1, 0.013, 0.017, 103.633, 93.164, 100, 0, 0, 141, 36.102, 34.102, 100, 4.43, 0, 98.092, 0, 0, 99.092, 118.68, 0, 0, 0, 0, 
6.75, 19.315, 100.3, 71.57, 72.25, , 0.558, 0.985, 749.105, 749.105, 6.065, 17.222, 17.222, 17.222, 51.891, 94.481, 35.225, 35.42, 7.382, 13.542, 0, 0, 5.29, 5.372, 5.29, 5.372, 1, 117.258, 117.258, 0.025, 0.134, 4.615, 4.684, 4.615, 4.684, 7.596, 7.382, 13.542, , , 1, 6.851, 0, 0.186, 12.5, 6.065, 167, 0, 0, 0, 72, 9.798, 16.01, 103.273, 92.648, 100, 0, 0, 36.202, 34.202, 100, 4.43, 97.692, 0, 0, 98.692, 118.68, 0, 0, 0, 0, 0, 13.9, 0.186, 12.5, 0, 6.065, 167, 0, 0, 0, 72, 1, 0.01, 0.016, 103.273, 92.648, 100, 0, 0, 141, 36.202, 34.202, 100, 4.43, 0, 97.692, 0, 0, 98.692, 118.68, 0, 0, 0, 0, 
6.8, 19.317, 100.3, 71.565, 72.25, , -2.432, 0.985, 757.579, 757.579, 6.077, -53.72, -53.72, -53.72, 51.931, 95.107, 35.189, 35.42, 7.382, 13.898, 0, 0, -16.477, -16.737, -16.477, -16.737, 1, 117.213, 117.213, 0.025, 0.134, -14.208, -14.432, -14.208, -14.432, 7.655, 7.382, 13.898, , , 1, 6.901, 0, 0.278, 12.5, 6.077, 167, 0, 0, 0, 72, 6.51, 15.728, 102.913, 92.132, 100, 0, 0, 36.302, 34.302, 100, 4.43, 97.292, 0, 0, 98.292, 118.68, 0, 0, 0, 0, 0, 13.9, 0.278, 12.5, 0, 6.077, 167, 0, 0, 0, 72, 1, 0.006, 0.016, 102.913, 92.132, 100, 0, 0, 141, 36.302, 34.302, 100, 4.43, 0, 97.292, 0, 0, 98.292, 118.68, 0, 0, 0, 0, 
6.85, 19.319, 100.3, 71.56, 72.25, , -4.874, 0.985, 766.228, 766.228, 6.088, -111.649, -111.649, -111.649, 51.999, 95.732, 35.153, 35.42, 7.38, 14.354, 0, 0, -34.25, -34.789, -34.25, -34.789, 1, 117.018, 117.018, 0.024, 0.134, -29.579, -30.042, -29.579, -30.042, 7.714, 7.38, 14.354, , , 1, 6.95, 0, 0.37, 12.5, 6.088, 167, 0, 0, 0, 72, 3.222, 15.446, 102.553, 91.616, 100, 0, 0, 36.402, 34.402, 100, 4.43, 96.892, 0, 0, 97.892, 118.68, 0, 0, 0, 0, 0, 13.9, 0.37, 12.5, 0, 6.088, 167, 0, 0, 0, 72, 1, 0.003, 0.015, 102.553, 91.616, 100, 0, 0, 141, 36.402, 34.402, 100, 4.43, 0, 96.892, 0, 0, 97.892, 118.68, 0, 0, 0, 0, 
6.9, , 100.3, 71.555, , , -6.18, 0.985, 774.875, 774.875, 6.1, -142.656, -142.656, -142.656, 52.067, 96.357, 35.117, 35.42, 7.379, 14.792, 0, 0, -43.71, -44.397, -43.71, -44.397, 1, 116.741, 116.741, 0.024, 0.134, -37.775, -38.368, -37.775, -38.368, 7.746, 7.379, 14.792, , , 1, 7.001, 0, 0.459, 12.5, 6.1, 167, 0, 0, 0, 71.984, 0.004, 15.149, 102.2, 90.987, 100, 0, 0, 36.498, 34.501, 99.839, 4.424, 96.504, 0, 0, 97.507, 118.673, 0, 0, 0, 0, 0, 13.9, 0.459, 12.5, 0, 6.1, 167, 0, 0, 0, 71.984, 1, 0, 0.015, 102.2, 90.987, 100, 0, 0, 141, 36.498, 34.501, 99.839, 4.424, 0, 96.504, 0, 0, 97.507, 118.673, 0, 0, 0, 0, 
6.95, , 100.3, 71.55, , , -6.648, 0.985, 783.524, 783.524, 6.09, -153.755, -153.755, -153.755, 52.133, 90.89, 35.081, 35.42, 7.378, 15.197, 0, 0, -47.017, -47.756, -47.017, -47.756, 1, 116.412, 116.412, 0.024, 0.133, -40.679, -41.317, -40.679, -41.317, 7.778, 7.378, 15.197, , , 1, 7.051, 0, 0.422, 12.5, 6.09, 167, 0, 0, 0, 71.18, 0.199, 14.121, 102.2, 84.817, 100, 0, 0, 36.377, 34.541, 91.801, 4.112, 96.705, 0, 0, 97.869, 118.324, 0, 0, 0, 0, 0, 13.908, 0.422, 12.5, 0, 6.09, 167, 0, 0, 0, 71.18, 1, 0, 0.014, 102.2, 84.817, 100, 0, 0, 141, 36.377, 34.541, 91.801, 4.112, 0, 96.705, 0, 0, 97.869, 118.324, 0, 0, 0, 0, 
7, , 100.3, 71.545, , , -6.174, 0.985, 791.999, 791.999, 6.08, -142.534, -142.534, -142.534, 52.194, 83.283, 35.03, 35.496, 7.378, 15.629, 0, 0, -43.456, -44.139, -43.456, -44.139, 1, 116.084, 116.084, 0.024, 0.133, -37.663, -38.254, -37.663, -38.254, 7.81, 7.378, 15.629, , , 1, 7.1, 0, 0.385, 12.5, 6.08, 167, 0, 0, 0, 70.376, 0.395, 13.093, 102.2, 78.647, 100, 0, 0, 36.256, 34.581, 83.762, 3.801, 96.906, 0, 0, 98.231, 117.975, 0, 0, 0, 0, 0, 13.916, 0.385, 12.5, 0, 6.08, 167, 0, 0, 0, 70.376, 1, 0, 0.013, 102.2, 78.647, 100, 0, 0, 141, 36.256, 34.581, 83.762, 3.801, 0, 96.906, 0, 0, 98.231, 117.975, 0, 0, 0, 0, 
7.05, , 100.3, 71.541, , , -5.808, 0.985, 800.572, 800.572, 6.071, -133.854, -133.854, -133.854, 52.245, 75.675, 34.958, 35.676, 7.377, 16.111, 0, 0, -40.697, -41.336, -40.697, -41.336, 1, 115.786, 115.786, 0.024, 0.133, -35.332, -35.887, -35.332, -35.887, 7.841, 7.377, 16.111, , , 1, 7.151, 0, 0.348, 12.5, 6.071, 167, 0, 0, 0, 69.572, 0.59, 12.065, 102.2, 72.478, 100, 0, 0, 36.136, 34.621, 75.723, 3.49, 97.107, 0, 0, 98.592, 117.626, 0, 0, 0, 0, 0, 13.924, 0.348, 12.5, 0, 6.071, 167, 0, 0, 0, 69.572, 1, 0, 0.012, 102.2, 72.478, 100, 0, 0, 141, 36.136, 34.621, 75.723, 3.49, 0, 97.107, 0, 0, 98.592, 117.626, 0, 0, 0, 0, 
7.1, , 100.3, 71.536, , , -5.701, 0.985, 809.122, 809.122, 6.061, -131.324, -131.324, -131.324, 52.291, 68.067, 34.886, 35.856, 7.377, 16.61, 0, 0, -39.83, -40.454, -39.83, -40.454, 1, 115.496, 115.496, 0.024, 0.132, -34.634, -35.179, -34.634, -35.179, 7.854, 7.377, 16.61, , , 1, 7.201, 0, 0.311, 12.5, 6.061, 167, 0, 0, 0, 68.768, 0.785, 11.037, 102.2, 66.308, 100, 0, 0, 36.015, 34.662, 67.685, 3.178, 97.308, 0, 0, 98.954, 117.277, 0, 0, 0, 0, 0, 13.932, 0.311, 12.5, 0, 6.061, 167, 0, 0, 0, 68.768, 1, 0.001, 0.011, 102.2, 66.308, 100, 0, 0, 141, 36.015, 34.662, 67.685, 3.178, 0, 97.308, 0, 0, 98.954, 117.277, 0, 0, 0, 0, 
7.15, , 100.3, 71.531, , , -5.503, 0.985, 817.597, 817.597, 6.051, -126.647, -126.647, -126.647, 52.334, 60.46, 34.814, 36.036, 7.378, 17.148, 0, 0, -38.318, -38.918, -38.318, -38.918, 1, 115.215, 115.215, 0.024, 0.132, -33.373, -33.898, -33.373, -33.898, 7.866, 7.378, 17.148, , , 1, 7.251, 0, 0.274, 12.5, 6.051, 167, 0, 0, 0, 67.965, 0.981, 10.009, 102.2, 60.139, 100, 0, 0, 35.895, 34.702, 59.646, 2.867, 97.509, 0, 0, 99.316, 116.927, 0, 0, 0, 0, 0, 13.94, 0.274, 12.5, 0, 6.051, 167, 0, 0, 0, 67.965, 1, 0.001, 0.01, 102.2, 60.139, 100, 0, 0, 141, 35.895, 34.702, 59.646, 2.867, 0, 97.509, 0, 0, 99.316, 116.927, 0, 0, 0, 0, 
7.2, , 100.3, 71.526, , , -5.352, 0.985, 826.091, 826.091, 6.041, -123.065, -123.065, -123.065, 52.374, 52.852, 34.742, 36.216, 7.378, 17.706, 0, 0, -37.147, -37.729, -37.147, -37.729, 1, 114.943, 114.943, 0.025, 0.132, -32.405, -32.915, -32.405, -32.915, 7.877, 7.378, 17.706, , , 1, 7.3, 0, 0.237, 12.5, 6.041, 167, 0, 0, 0, 67.161, 1.176, 8.981, 102.2, 53.969, 100, 0, 0, 35.774, 34.742, 51.608, 2.555, 97.71, 0, 0, 99.678, 116.578, 0, 0, 0, 0, 0, 13.948, 0.237, 12.5, 0, 6.041, 167, 0, 0, 0, 67.161, 1, 0.001, 0.009, 102.2, 53.969, 100, 0, 0, 141, 35.774, 34.742, 51.608, 2.555, 0, 97.71, 0, 0, 99.678, 116.578, 0, 0, 0, 0, 
7.25, , 100.3, 71.521, , , -5.336, 0.985, 834.548, 834.548, 6.032, -122.709, -122.709, -122.709, 52.411, 45.245, 34.67, 36.26, 7.38, 18.311, 0, 0, -36.946, -37.524, -36.946, -37.524, 1, 114.674, 114.674, 0.025, 0.132, -32.286, -32.794, -32.286, -32.794, 7.889, 7.38, 18.311, , , 1, 7.35, 0, 0.2, 12.5, 6.032, 167, 0, 0, 0, 66.357, 1.371, 7.953, 102.2, 47.799, 100, 0, 0, 35.654, 34.782, 43.569, 2.244, 97.911, 0, 0, 100.039, 116.229, 0, 0, 0, 0, 0, 13.956, 0.2, 12.5, 0, 6.032, 167, 0, 0, 0, 66.357, 1, 0.001, 0.008, 102.2, 47.799, 100, 0, 0, 141, 35.654, 34.782, 43.569, 2.244, 0, 97.911, 0, 0, 100.039, 116.229, 0, 0, 0, 0, 
7.3, , 100.3, 71.516, , , -5.42, 0.985, 842.937, 842.937, 6.022, -124.712, -124.712, -124.712, 52.436, 37.637, 34.598, 36.116, 7.382, 18.887, 0, 0, -37.456, -38.043, -37.456, -38.043, 1, 114.408, 114.408, 0.025, 0.132, -32.619, -33.13, -32.619, -33.13, 7.954, 7.382, 18.887, , , 1, 7.401, 0, 0.163, 12.5, 6.022, 167, 0, 0, 0, 65.553, 1.567, 6.925, 102.2, 41.63, 100, 0, 0, 35.533, 34.822, 35.531, 1.933, 98.112, 0, 0, 100.401, 115.88, 0, 0, 0, 0, 0, 13.964, 0.163, 12.5, 0, 6.022, 167, 0, 0, 0, 65.553, 1, 0.001, 0.007, 102.2, 41.63, 100, 0, 0, 141, 35.533, 34.822, 35.531, 1.933, 0, 98.112, 0, 0, 100.401, 115.88, 0, 0, 0, 0, 
7.35, , 100.3, 71.511, , , -5.5, 0.985, 851.443, 851.443, 6.012, -126.606, -126.606, -126.606, 52.453, 30.029, 34.526, 35.972, 7.384, 19.38, 0, 0, -37.93, -38.525, -37.93, -38.525, 1, 114.133, 114.133, 0.025, 0.132, -32.604, -33.116, -32.604, -33.116, 8.041, 7.384, 19.38, , , 1, 7.451, 0, 0.126, 12.5, 6.012, 167, 0, 0, 0, 64.749, 1.762, 5.897, 102.2, 35.46, 100, 0, 0, 35.412, 34.863, 27.492, 1.621, 98.313, 0, 0, 100.763, 115.531, 0, 0, 0, 0, 0, 13.973, 0.126, 12.5, 0, 6.012, 167, 0, 0, 0, 64.749, 1, 0.001, 0.006, 102.2, 35.46, 100, 0, 0, 141, 35.412, 34.863, 27.492, 1.621, 0, 98.313, 0, 0, 100.763, 115.531, 0, 0, 0, 0, 
7.4, , 100.3, 71.506, , , -5.641, 0.985, 859.782, 859.782, 6.003, -129.98, -129.98, -129.98, 52.469, 22.422, 34.454, 35.828, 7.386, 19.822, 0, 0, -38.849, -39.457, -38.849, -39.457, 1, 113.853, 113.853, 0.025, 0.132, -33.339, -33.861, -33.339, -33.861, 8.129, 7.386, 19.822, , , 1, 7.501, 0, 0.089, 12.5, 6.003, 167, 0, 0, 0, 63.945, 1.957, 4.869, 102.2, 29.29, 100, 0, 0, 35.292, 34.903, 19.453, 1.31, 98.514, 0, 0, 101.125, 115.182, 0, 0, 0, 0, 0, 13.981, 0.089, 12.5, 0, 6.003, 167, 0, 0, 0, 63.945, 1, 0.002, 0.005, 102.2, 29.29, 100, 0, 0, 141, 35.292, 34.903, 19.453, 1.31, 0, 98.514, 0, 0, 101.125, 115.182, 0, 0, 0, 0, 
7.45, , 100.3, 71.501, , , -5.801, 0.985, 868.122, 868.122, 5.993, -133.79, -133.79, -133.79, 52.488, 14.814, 34.382, 35.684, 7.387, 20.102, 0, 0, -39.892, -40.517, -39.892, -40.517, 1, 113.565, 113.565, 0.025, 0.132, -35.049, -35.598, -35.049, -35.598, 8.217, 7.387, 20.102, , , 1, 7.551, 0, 0.053, 12.5, 5.993, 167, 0, 0, 0, 63.141, 2.153, 3.84, 102.2, 23.121, 100, 0, 0, 35.171, 34.943, 11.415, 0.998, 98.715, 0, 0, 101.486, 114.833, 0, 0, 0, 0, 0, 13.989, 0.053, 12.5, 0, 5.993, 167, 0, 0, 0, 63.141, 1, 0.002, 0.003, 102.2, 23.121, 100, 0, 0, 141, 35.171, 34.943, 11.415, 0.998, 0, 98.715, 0, 0, 101.486, 114.833, 0, 0, 0, 0, 
7.5, , 100.3, 71.496, , , -5.815, 0.985, 876.461, 876.461, 5.983, -134.126, -134.126, -134.126, , 7.206, 34.416, 35.736, 7.388, 20.348, 0, 0, -39.891, -40.516, -39.891, -40.516, 1, 113.273, 113.273, 0.025, 0.132, -35.353, -35.906, -35.353, -35.906, 8.299, 7.388, 20.348, , , 1, 7.6, 0, 0.016, 12.5, 5.983, 167, 0, 0, 0, 62.338, 2.348, 2.812, 102.2, 16.951, 100, 0, 0, 35.051, 34.983, 3.376, 0.687, 98.916, 0, 0, 101.848, 114.484, 0, 0, 0, 0, 0, 13.997, 0.016, 12.5, 0, 5.983, 167, 0, 0, 0, 62.338, 1, 0.002, 0.002, 102.2, 16.951, 100, 0, 0, 141, 35.051, 34.983, 3.376, 0.687, 0, 98.916, 0, 0, 101.848, 114.484, 0, 0, 0, 0, 
7.55, , 100.3, 71.491, , , -5.801, 0.985, 884.8, 884.8, , -133.805, -133.805, -133.805, , 7.121, 34.596, 36.06, 7.388, 20.476, 0, 0, -39.706, -40.328, -39.706, -40.328, 1, 112.981, 112.981, 0.025, 0.132, , , , , 8.374, 7.388, 20.476, , , 1, 7.649, , , , , , , , , , , , , , , , , , , , , , , , , , , , , , , , , , , , , , , , , , , , , , , , , , , , , , , , , , , , , , , , 
7.6, , 100.3, 71.486, , , -5.805, 0.985, 890.221, 890.221, , -133.902, -133.902, -133.902, , 10.691, 34.776, 36.384, 7.388, 20.584, 0, 0, -39.684, -40.306, -39.684, -40.306, 1, 112.832, 112.832, 0.025, 0.132, , , , , 8.448, 7.388, 20.584, , , 1, 7.675, , , , , , , , , , , , , , , , , , , , , , , , , , , , , , , , , , , , , , , , , , , , , , , , , , , , , , , , , , , , , , , , 
7.65, , 100.3, 71.481, , , -5.812, 0.985, 894.391, 894.391, , -134.078, -134.078, -134.078, , 11.371, 34.956, 36.708, 7.387, 20.605, 0, 0, -39.685, -40.307, -39.685, -40.307, 1, 112.686, 112.686, 0.025, 0.132, , , , , 8.523, 7.387, 20.605, , , 1, 7.7, , , , , , , , , , , , , , , , , , , , , , , , , , , , , , , , , , , , , , , , , , , , , , , , , , , , , , , , , , , , , , , , 
7.7, , 100.3, 71.476, , , -5.796, 0.985, 898.56, 898.56, , -133.707, -133.707, -133.707, , 13.019, 35.136, 37.032, 7.386, 20.627, 0, 0, -39.523, -40.142, -39.523, -40.142, 1, 112.542, 112.542, , , , , , , , 7.386, 20.627, , , , 7.725, , , , , , , , , , , , , , , , , , , , , , , , , , , , , , , , , , , , , , , , , , , , , , , , , , , , , , , , , , , , , , , , 
7.75, , 100.3, 71.471, , , -5.804, 0.985, 902.647, 902.647, , -133.901, -133.901, -133.901, , 23.261, , , 7.386, 20.652, , , -39.531, -40.147, -39.531, -40.147, , 112.399, 112.399, , , , , , , , 7.386, 20.652, , , , , , , , , , , , , , , , , , , , , , , , , , , , , , , , , , , , , , , , , , , , , , , , , , , , , , , , , , , , , , , , , , , , 
