Time, (DWRT ATMO) Humidity, (DWRT ATMO) Pressure, (DWRT ATMO) Temperature 1, (DWRT ATMO) Temperature 2, (DWRT CPU) ????????????????????????????????????????????????????????????????, (DWRT CPU) Acceleration, (DWRT CPU) Correction Factor, (DWRT CPU) Distance, (DWRT CPU) Distance 1, (DWRT CPU) Engine RPM, (DWRT CPU) Force, (DWRT CPU) Force 1, (DWRT CPU) Force Drum 1, (DWRT CPU) Gear Ratio, (DWRT CPU) Inductive 1 Signal Strength, (DWRT CPU) Internal Temp 1, (DWRT CPU) Internal Temp 2, (DWRT CPU) LC1 Volts Petrol AFR, (DWRT CPU) LC2 Volts Petrol AFR2, (DWRT CPU) Link 0 Status, (DWRT CPU) Link 1 Status, (DWRT CPU) Power, (DWRT CPU) Power (uncorrected), (DWRT CPU) Power Drum 1, (DWRT CPU) Power Drum 1 (uncorrected), (DWRT CPU) Sampling, (DWRT CPU) Speed, (DWRT CPU) Speed 1, (DWRT CPU) TCP RX kB/s, (DWRT CPU) TCP TX kB/s, (DWRT CPU) Torque, (DWRT CPU) Torque (uncorrected), (DWRT CPU) Torque Drum 1, (DWRT CPU) Torque Drum 1 (uncorrected), (DWRT CPU) UDP RX kB/s, (DWRT CPU) User Analog 1, (DWRT CPU) User Analog 2, (DWRT CPU) User Analog 3, (DWRT CPU) User Analog 4, (Gen) Sampling, (Gen) Sampling Duration, (Harley - ECU Type 14 SW Level 141) Accel Enrichment, (Harley - ECU Type 14 SW Level 141) Decel Enleanment, (Harley - ECU Type 14 SW Level 141) Desired Air/Fuel, (Harley - ECU Type 14 SW Level 141) Engine Speed, (Harley - ECU Type 14 SW Level 141) Engine Temperature, (Harley - ECU Type 14 SW Level 141) Front Adaptive Fuel Factor, (Harley - ECU Type 14 SW Level 141) Front Closed Loop Integrator, (Harley - ECU Type 14 SW Level 141) Front Spark Knock Retard, (Harley - ECU Type 14 SW Level 141) Idle Air Control Motor Position, (Harley - ECU Type 14 SW Level 141) Injector Time Front, (Harley - ECU Type 14 SW Level 141) Injector Time Rear, (Harley - ECU Type 14 SW Level 141) Intake Air Temperature, (Harley - ECU Type 14 SW Level 141) Manifold Absolute Pressure, (Harley - ECU Type 14 SW Level 141) Rear Adaptive Fuel Factor, (Harley - ECU Type 14 SW Level 141) Rear Closed Loop Integrator, (Harley - ECU Type 14 SW Level 141) Rear Spark Knock Retard, (Harley - ECU Type 14 SW Level 141) Spark Advance Front, (Harley - ECU Type 14 SW Level 141) Spark Advance Rear, (Harley - ECU Type 14 SW Level 141) Throttle Position, (Harley - ECU Type 14 SW Level 141) Throttle Position Sensor Voltage, (Harley - ECU Type 14 SW Level 141) VE Front, (Harley - ECU Type 14 SW Level 141) VE New Front, (Harley - ECU Type 14 SW Level 141) VE New Rear, (Harley - ECU Type 14 SW Level 141) VE Rear, (Harley - ECU Type 14 SW Level 141) Vehicle Speed, (Harley - ECU Type 14 SW Level 141) WBO2 AFR Front, (Harley - ECU Type 14 SW Level 141) WBO2 AFR Rear, (PV) Accel Enrichment, (PV) AT Lambda 1, (PV) AT Lambda 2, (PV) Battery Voltage, (PV) Decel Enleanment, (PV) Desired Air/Fuel, (PV) Desired Lambda, (PV) Engine Speed, (PV) Engine Temperature, (PV) Front Adaptive Fuel Factor, (PV) Front Closed Loop Integrator, (PV) Front Spark Knock Retard, (PV) Idle Air Control Motor Position, (PV) Idle Set Speed, (PV) Injector Time Front, (PV) Injector Time Rear, (PV) Intake Air Temperature, (PV) Manifold Absolute Pressure, (PV) Rear Adaptive Fuel Factor, (PV) Rear Closed Loop Integrator, (PV) Rear Spark Knock Retard, (PV) Software Level, (PV) Spark Advance Front, (PV) Spark Advance Rear, (PV) Throttle Position, (PV) Throttle Position Sensor, (PV) Twistgrip Position, (PV) VE Front, (PV) VE New Front, (PV) VE New Rear, (PV) VE Rear, (PV) Vehicle Speed, (PV) Warm-up Fuel AFR (Lambda), (PV) Warm-up Fuel AFR (Ratio), (PV) WBO2 AFR Front, (PV) WBO2 AFR Rear, 
0, , , , , , 0.626, , , , , 16.75, 16.75, 16.75, , , , , , , , , , , , , , , , , , , , , , , , , , , , , , , , , , , , , , , , , , , , , , , , , , , , , , , , , , , , , , , , , , , , , , , , , , , , , , , , , , , , , , , , , , , , 
0.05, , , , , , 0.817, , , , , 21.275, 21.275, 21.275, , , , , , , , , , , , , , 47.589, 47.589, , , , , , , , , , , , 1, 0, , , , , , , , , , , , , , , , , , , , , , , , , , , , , , , , , , , , , , , , , , , , , , , , , , , , , , , , , , , , , , , , 
0.1, , , , , , 0.898, , 6.934, 6.934, , 23.196, 23.196, 23.196, , , , , , , , , 3.204, 3.249, 3.204, 3.249, , 47.65, 47.65, 0.025, 0.135, , , , , 4.975, , , , , 1, 0.075, , , , , , , , , , , , , , , , , , , , , , , , , , , , , , , , , , , , , , , , , , , , , , , , , , , , , , , , , , , , , , , , 
0.15, , , , , , 0.914, , 13.347, 13.347, 2.495, 23.584, 23.584, 23.584, , , , , 7.377, 12.463, 0, 0, 3.156, 3.2, 3.156, 3.2, 1, 47.717, 47.717, 0.025, 0.135, 6.502, 6.596, 6.502, 6.596, 5, 7.377, 12.463, , , 1, 0.126, 0.009, 0, 14.5, 2.495, 140, 0, 0, 0, 48.027, 4.727, 4.626, 102.2, 31.71, 100, 0, 0, 32.012, 32.019, 6, 0.8, 93.513, 0, 0, 102.013, 48.472, 0, 0, 0.009, 0, 0, 14, 0, 14.5, 0, 2.495, 140, 0, 0, 0, 48.027, 1.008, 0.005, 0.005, 102.2, 31.71, 100, 0, 0, 141, 32.012, 32.019, 6, 0.8, 0, 93.513, 0, 0, 102.013, 48.472, 0, 0, 0, 0, 
0.2, , , , , , 0.913, , 18.574, 18.574, 2.498, 23.563, 23.563, 23.563, 52.27, , 35.42, 35.705, 7.379, 12.459, 0, 0, 3.103, 3.146, 3.103, 3.146, 1, 47.8, 47.8, 0.025, 0.136, 6.382, 6.472, 6.382, 6.472, 5.024, 7.379, 12.459, , , 1, 0.201, 0.243, 0, 14.5, 2.498, 140, 0, 0, 0, 48.7, 5.153, 5.284, 102.2, 31.958, 100, 0, 0, 32.3, 32.5, 6, 0.806, 93.85, 0, 0, 102.35, 48.532, 0, 0, 0.243, 0, 0, 14.01, 0, 14.5, 0, 2.498, 140, 0, 0, 0, 48.7, 1.008, 0.005, 0.006, 102.2, 31.958, 100, 0, 0, 141, 32.3, 32.5, 6, 0.806, 0, 93.85, 0, 0, 102.35, 48.532, 0, 0, 0, 0, 
0.25, , , , , , 1.036, , 23.88, 23.88, 2.501, 26.497, 26.497, 26.497, 52.229, , 35.42, 35.561, 7.38, 12.456, 0, 0, 3.371, 3.42, 3.371, 3.42, 1, 47.88, 47.88, 0.025, 0.136, 7.048, 7.147, 7.048, 7.147, 5.048, 7.38, 12.456, , , 1, 0.299, 0.477, 0, 14.5, 2.501, 140, 0, 0, 0, 49.373, 5.579, 5.942, 102.2, 32.206, 100, 0, 0, 32.588, 32.981, 6, 0.812, 94.187, 0, 0, 102.687, 48.592, 0, 0, 0.477, 0, 0, 14.02, 0, 14.5, 0, 2.501, 140, 0, 0, 0, 49.373, 1.008, 0.006, 0.006, 102.2, 32.206, 100, 0, 0, 141, 32.588, 32.981, 6, 0.812, 0, 94.187, 0, 0, 102.687, 48.592, 0, 0, 0, 0, 
0.3, 17.671, , , 74.249, , 1.378, , 27.985, 27.985, 2.504, 34.598, 34.598, 34.598, 52.194, , 35.42, 35.417, 7.38, 12.454, 0, 0, 4.365, 4.427, 4.365, 4.427, 1, 47.934, 47.934, 0.025, 0.136, 9.159, 9.289, 9.159, 9.289, 5.05, 7.38, 12.454, , , 1, 0.351, 0.71, 0, 14.5, 2.504, 140, 0, 0, 0, 50.046, 6.005, 6.599, 102.2, 32.454, 100, 0, 0, 32.877, 33.462, 6, 0.818, 94.523, 0, 0, 103.023, 48.651, 0, 0, 0.71, 0, 0, 14.029, 0, 14.5, 0, 2.504, 140, 0, 0, 0, 50.046, 1.008, 0.006, 0.007, 102.2, 32.454, 100, 0, 0, 141, 32.877, 33.462, 6, 0.818, 0, 94.523, 0, 0, 103.023, 48.651, 0, 0, 0, 0, 
0.35, 17.672, , , 74.249, , 2.019, , 31.487, 31.487, 2.507, 49.805, 49.805, 49.805, 52.159, , 35.42, 35.273, 7.379, 12.452, 0, 0, 6.303, 6.392, 6.303, 6.392, 1, 48.019, 48.019, 0.025, 0.136, 13.202, 13.389, 13.202, 13.389, 5.013, 7.379, 12.452, , , 1, 0.401, 0.944, 0, 14.5, 2.507, 140, 0, 0, 0, 50.719, 6.431, 7.257, 102.2, 32.702, 100, 0, 0, 33.165, 33.942, 6, 0.823, 94.86, 0, 0, 103.36, 48.711, 0, 0, 0.944, 0, 0, 14.039, 0, 14.5, 0, 2.507, 140, 0, 0, 0, 50.719, 1.008, 0.007, 0.007, 102.2, 32.702, 100, 0, 0, 141, 33.165, 33.942, 6, 0.823, 0, 94.86, 0, 0, 103.36, 48.711, 0, 0, 0, 0, 
0.4, 17.673, , , 74.248, , 3.061, , 35.025, 35.025, 2.51, 74.523, 74.523, 74.523, 52.091, , 35.42, 35.129, 7.379, 12.458, 0, 0, 9.46, 9.595, 9.46, 9.595, 1, 48.147, 48.147, 0.025, 0.136, 19.785, 20.068, 19.785, 20.068, 4.977, 7.379, 12.458, , , 1, 0.451, 1.178, 0, 14.5, 2.51, 140, 0, 0, 0, 51.392, 6.857, 7.915, 102.2, 32.95, 100, 0, 0, 33.454, 34.423, 6, 0.829, 95.196, 0, 0, 103.696, 48.77, 0, 0, 1.178, 0, 0, 14.048, 0, 14.5, 0, 2.51, 140, 0, 0, 0, 51.392, 1.008, 0.007, 0.008, 102.2, 32.95, 100, 0, 0, 141, 33.454, 34.423, 6, 0.829, 0, 95.196, 0, 0, 103.696, 48.77, 0, 0, 0, 0, 
0.45, 17.674, , , 74.247, , 4.33, , 38.51, 38.51, 2.518, 104.634, 104.634, 104.634, 51.993, , 35.401, 35.135, 7.379, 12.459, 0, 0, 13.35, 13.541, 13.35, 13.541, 1, 48.326, 48.326, 0.025, 0.136, 27.86, 28.26, 27.86, 28.26, 4.94, 7.379, 12.459, , , 1, 0.5, 1.345, 0, 14.5, 2.518, 140, 0, 0, 0, 53.425, 7.67, 8.978, 102.2, 35.831, 100, 0, 0, 33.762, 34.938, 7.4, 0.895, 96.3, 0, 0, 104.319, 48.997, 0, 0, 1.345, 0, 0, 14.041, 0, 14.5, 0, 2.518, 140, 0, 0, 0, 53.425, 1.008, 0.008, 0.009, 102.2, 35.831, 100, 0, 0, 141, 33.762, 34.938, 7.4, 0.895, 0, 96.3, 0, 0, 104.319, 48.997, 0, 0, 0, 0, 
0.5, 17.675, , , 74.246, , 5.709, , 42.03, 42.03, 2.528, 137.369, 137.369, 137.369, 51.87, , 35.365, 35.279, 7.379, 12.421, 0, 0, 17.619, 17.871, 17.619, 17.871, 1, 48.562, 48.562, 0.025, 0.136, 36.665, 37.191, 36.665, 37.191, 4.908, 7.379, 12.421, , , 1, 0.551, 1.499, 0, 14.5, 2.528, 140, 0, 0, 0, 55.717, 8.556, 10.119, 102.2, 39.213, 100, 0, 0, 34.075, 35.458, 9.067, 0.972, 97.55, 0, 0, 104.996, 49.255, 0, 0, 1.499, 0, 0, 14.031, 0, 14.5, 0, 2.528, 140, 0, 0, 0, 55.717, 1.008, 0.009, 0.01, 102.2, 39.213, 100, 0, 0, 141, 34.075, 35.458, 9.067, 0.972, 0, 97.55, 0, 0, 104.996, 49.255, 0, 0, 0, 0, 
0.55, 17.677, , , 74.246, , 7.133, , 45.568, 45.568, 2.537, 171.16, 171.16, 171.16, 51.707, , 35.329, 35.423, 7.379, 12.38, 0, 0, 22.082, 22.398, 22.082, 22.398, 1, 48.89, 48.89, 0.025, 0.136, 45.8, 46.455, 45.8, 46.455, 4.908, 7.379, 12.38, , , 1, 0.601, 1.653, 0, 14.5, 2.537, 140, 0, 0, 0, 58.008, 9.443, 11.259, 102.2, 42.596, 100, 0, 0, 34.388, 35.979, 10.733, 1.049, 98.8, 0, 0, 105.673, 49.514, 0, 0, 1.653, 0, 0, 14.02, 0, 14.5, 0, 2.537, 140, 0, 0, 0, 58.008, 1.008, 0.009, 0.011, 102.2, 42.596, 100, 0, 0, 141, 34.388, 35.979, 10.733, 1.049, 0, 98.8, 0, 0, 105.673, 49.514, 0, 0, 0, 0, 
0.6, 17.678, , , 74.245, , 8.527, , 49.106, 49.106, 2.547, 204.24, 204.24, 204.24, 51.522, , 35.293, 35.567, 7.38, 12.299, 0, 0, 26.528, 26.907, 26.528, 26.907, 1, 49.277, 49.277, 0.025, 0.136, 54.808, 55.59, 54.808, 55.59, 4.908, 7.38, 12.299, , , 1, 0.651, 1.807, 0, 14.5, 2.547, 140, 0, 0, 0, 60.3, 10.329, 12.4, 102.2, 45.978, 100, 0, 0, 34.7, 36.5, 12.4, 1.126, 100.05, 0, 0, 106.35, 49.772, 0, 0, 1.807, 0, 0, 14.01, 0, 14.5, 0, 2.547, 140, 0, 0, 0, 60.3, 1.008, 0.01, 0.012, 102.2, 45.978, 100, 0, 0, 141, 34.7, 36.5, 12.4, 1.126, 0, 100.05, 0, 0, 106.35, 49.772, 0, 0, 0, 0, 
0.65, 17.679, , , 74.244, , 9.628, , 52.644, 52.644, 2.557, 230.365, 230.365, 230.365, 51.327, , 35.257, 35.711, 7.38, 12.218, 0, 0, 30.198, 30.628, 30.198, 30.628, 1, 49.718, 49.718, 0.025, 0.136, 62.059, 62.943, 62.059, 62.943, 4.908, 7.38, 12.218, , , 1, 0.701, 1.951, 0, 14.491, 2.557, 140, 0, 0, 0, 62.565, 11.218, 13.53, 102.2, 49.482, 100, 0, 0, 34.967, 36.961, 14.148, 1.203, 101.217, 0, 0, 106.941, 50.042, 0, 0, 1.951, 0, 0, 14, 0, 14.491, 0, 2.557, 140, 0, 0, 0, 62.565, 1.008, 0.011, 0.014, 102.2, 49.482, 100, 0, 0, 141, 34.967, 36.961, 14.148, 1.206, 0, 101.217, 0, 0, 106.941, 50.042, 0, 0, 0, 0, 
0.7, 17.68, , , 74.243, , 10.595, , 56.259, 56.259, 2.579, 253.308, 253.308, 253.308, 51.132, , 35.221, 35.724, 7.38, 12.131, 0, 0, 33.53, 34.007, 33.53, 34.007, 1, 50.21, 50.21, 0.025, 0.136, 68.482, 69.457, 68.482, 69.457, 4.909, 7.38, 12.131, , , 1, 0.751, 1.844, 0, 14.274, 2.579, 140, 0, 0, 0, 64.196, 12.168, 14.415, 102.2, 55.899, 100, 0, 0, 34.152, 35.983, 17.843, 1.277, 100.402, 0, 0, 105.474, 50.582, 0, 0, 1.844, 0, 0, 14, 0, 14.274, 0, 2.579, 140, 0, 0, 0, 64.196, 1.008, 0.012, 0.015, 102.2, 55.899, 100, 0, 0, 141, 34.152, 35.983, 17.843, 1.357, 0, 100.402, 0, 0, 105.474, 50.582, 0, 0, 0, 0, 
0.75, 17.681, , , 74.243, , 11.478, , 59.907, 59.907, 2.601, 274.279, 274.279, 274.279, 50.95, , 35.185, 35.616, 7.379, 12.044, 0, 0, 36.679, 37.2, 36.679, 37.2, 1, 50.757, 50.757, 0.025, 0.136, 74.396, 75.454, 74.396, 75.454, 4.919, 7.379, 12.044, , , 1, 0.801, 1.738, 0, 14.057, 2.601, 140, 0, 0, 0, 65.826, 13.118, 15.3, 102.2, 62.316, 100, 0, 0, 33.337, 35.004, 21.539, 1.351, 99.587, 0, 0, 104.007, 51.122, 0, 0, 1.738, 0, 0, 14, 0, 14.057, 0, 2.601, 140, 0, 0, 0, 65.826, 1.008, 0.013, 0.015, 102.2, 62.316, 100, 0, 0, 141, 33.337, 35.004, 21.539, 1.508, 0, 99.587, 0, 0, 104.007, 51.122, 0, 0, 0, 0, 
0.8, 17.682, , , 74.242, , 12.271, , 63.564, 63.564, 2.624, 293.088, 293.088, 293.088, 50.777, , 35.149, 35.508, 7.379, 12.044, 0, 0, 39.614, 40.176, 39.614, 40.176, 1, 51.339, 51.339, 0.025, 0.136, 79.741, 80.876, 79.741, 80.876, 4.931, 7.379, 12.044, , , 1, 0.851, 1.631, 0, 13.839, 2.624, 140, 0, 0, 0, 67.457, 14.068, 16.185, 102.2, 68.734, 100, 0, 0, 32.522, 34.026, 25.235, 1.425, 98.772, 0, 0, 102.539, 51.662, 0, 0, 1.631, 0, 0, 14, 0, 13.839, 0, 2.624, 140, 0, 0, 0, 67.457, 1.008, 0.014, 0.016, 102.2, 68.734, 100, 0, 0, 141, 32.522, 34.026, 25.235, 1.659, 0, 98.772, 0, 0, 102.539, 51.662, 0, 0, 0, 0, 
0.85, 17.683, , , 74.241, , 12.766, , 67.27, 67.27, 2.646, 304.855, 304.855, 304.855, 50.623, , 35.113, 35.4, 7.379, 12.044, 0, 0, 41.677, 42.269, 41.677, 42.269, 1, 51.947, 51.947, 0.025, 0.136, 83.18, 84.366, 83.18, 84.366, 4.943, 7.379, 12.044, , , 1, 0.9, 1.525, 0, 13.622, 2.646, 140, 0, 0, 0, 69.087, 15.018, 17.07, 102.2, 75.151, 100, 0, 0, 31.707, 33.048, 28.93, 1.499, 97.957, 0, 0, 101.072, 52.202, 0, 0, 1.525, 0, 0, 14, 0, 13.622, 0, 2.646, 140, 0, 0, 0, 69.087, 1.008, 0.015, 0.017, 102.2, 75.151, 100, 0, 0, 141, 31.707, 33.048, 28.93, 1.81, 0, 97.957, 0, 0, 101.072, 52.202, 0, 0, 0, 0, 
0.9, 17.685, , , 74.24, , 13.256, , 72.607, 72.607, 2.665, 316.487, 316.487, 316.487, 50.483, , 35.077, 35.292, 7.379, 12.102, 0, 0, 44.038, 44.665, 44.038, 44.665, 1, 52.658, 52.658, 0.025, 0.136, 86.63, 87.866, 86.63, 87.866, 4.955, 7.379, 12.102, , , 1, 0.951, 1.464, 0, 13.408, 2.665, 140, 0, 0, 0, 70, 15.769, 17.75, 102.2, 80.081, 100, 0, 0, 30.906, 32.088, 31.917, 1.653, 96.767, 0, 0, 99.494, 52.648, 0, 0, 1.464, 0, 0, 14, 0, 13.408, 0, 2.665, 140, 0, 0, 0, 70, 1.008, 0.016, 0.018, 102.2, 80.081, 100, 0, 0, 141, 30.906, 32.088, 31.917, 1.928, 0, 96.767, 0, 0, 99.494, 52.648, 0, 0, 0, 0, 
0.95, 17.686, , , 74.24, , 13.582, , 77.093, 77.093, 2.678, 324.249, 324.249, 324.249, 50.343, , 35.004, 35.427, 7.379, 12.16, 0, 0, 45.759, 46.411, 45.759, 46.411, 1, 53.641, 53.641, 0.025, 0.136, 88.941, 90.211, 88.941, 90.211, 4.968, 7.379, 12.16, , , 1, 1.001, 1.461, 0, 13.2, 2.678, 140, 0, 0, 0, 70, 16.267, 18.17, 102.2, 83.118, 100, 0, 0, 30.125, 31.15, 34, 1.909, 95.1, 0, 0, 97.775, 52.972, 0, 0, 1.461, 0, 0, 14, 0, 13.2, 0, 2.678, 140, 0, 0, 0, 70, 1.008, 0.016, 0.019, 102.2, 83.118, 100, 0, 0, 141, 30.125, 31.15, 34, 2.001, 0, 95.1, 0, 0, 97.775, 52.972, 0, 0, 0, 0, 
1, 17.687, , , 74.239, , 13.784, , 80.946, 80.946, 2.692, 329.045, 329.045, 329.045, 50.269, , 34.896, 35.787, 7.38, 12.189, 0, 0, 47.002, 47.672, 47.002, 47.672, 1, 54.305, 54.305, 0.025, 0.135, 90.386, 91.677, 90.386, 91.677, 4.981, 7.38, 12.189, , , 1, 1.051, 1.457, 0, 12.992, 2.692, 140, 0, 0, 0, 70, 16.765, 18.589, 102.2, 86.154, 100, 0, 0, 29.344, 30.212, 36.083, 2.165, 93.433, 0, 0, 96.056, 53.295, 0, 0, 1.457, 0, 0, 14, 0, 12.992, 0, 2.692, 140, 0, 0, 0, 70, 1.008, 0.017, 0.019, 102.2, 86.154, 100, 0, 0, 141, 29.344, 30.212, 36.083, 2.075, 0, 93.433, 0, 0, 96.056, 53.295, 0, 0, 0, 0, 
1.05, 17.688, , , 74.238, , 13.932, , 84.838, 84.838, 2.706, 332.566, 332.566, 332.566, 50.209, , 34.788, 36.147, 7.38, 12.217, 0, 0, 48.093, 48.778, 48.093, 48.778, 1, 54.977, 54.977, 0.025, 0.135, 91.464, 92.771, 91.464, 92.771, 4.994, 7.38, 12.217, , , 1, 1.101, 1.454, 0, 12.783, 2.706, 140, 0, 0, 0, 70, 17.263, 19.009, 102.2, 89.19, 100, 0, 0, 28.562, 29.275, 38.167, 2.421, 91.767, 0, 0, 94.338, 53.619, 0, 0, 1.454, 0, 0, 14, 0, 12.783, 0, 2.706, 140, 0, 0, 0, 70, 1.008, 0.017, 0.019, 102.2, 89.19, 100, 0, 0, 141, 28.562, 29.275, 38.167, 2.149, 0, 91.767, 0, 0, 94.338, 53.619, 0, 0, 0, 0, 
1.1, 17.689, , , 74.237, , 14.066, , 88.73, 88.73, 2.72, 335.761, 335.761, 335.761, 50.162, , 34.68, 36.507, 7.38, 12.177, 0, 0, 49.147, 49.847, 49.147, 49.847, 1, 55.656, 55.656, 0.025, 0.135, 92.43, 93.75, 92.43, 93.75, 5.007, 7.38, 12.177, , , 1, 1.15, 1.451, 0, 12.575, 2.72, 140, 0, 0, 0, 70, 17.761, 19.429, 102.2, 92.227, 100, 0, 0, 27.781, 28.338, 40.25, 2.678, 90.1, 0, 0, 92.619, 53.943, 0, 0, 1.451, 0, 0, 14, 0, 12.575, 0, 2.72, 140, 0, 0, 0, 70, 1.008, 0.018, 0.02, 102.2, 92.227, 100, 0, 0, 141, 27.781, 28.338, 40.25, 2.223, 0, 90.1, 0, 0, 92.619, 53.943, 0, 0, 0, 0, 
1.15, 17.69, , , 74.236, , 14.165, , 92.755, 92.755, 2.759, 338.124, 338.124, 338.124, 50.135, , 34.572, 36.867, 7.38, 12.135, 0, 0, 50.103, 50.817, 50.103, 50.817, 1, 56.342, 56.342, 0.025, 0.134, 93.121, 94.452, 93.121, 94.452, 5.012, 7.38, 12.135, , , 1, 1.201, 1.259, 0, 12.5, 2.759, 140.133, 0, 0, 0, 70, 17.772, 19.288, 102.2, 94.521, 100, 0, 0, 27.533, 28.1, 46.71, 2.91, 89.002, 0, 0, 91.469, 54.803, 0, 0, 1.259, 0, 0, 14, 0, 12.5, 0, 2.759, 140.133, 0, 0, 0, 70, 1.008, 0.018, 0.02, 102.2, 94.521, 100, 0, 0, 141, 27.533, 28.1, 46.71, 2.458, 0, 89.002, 0, 0, 91.469, 54.803, 0, 0, 0, 0, 
1.2, 17.691, 100.35, 73.4, 74.236, , 14.232, 0.986, 96.781, 96.781, 2.812, 339.749, 339.749, 339.749, 50.133, , 34.614, 36.853, 7.38, 12.083, 0, 0, 50.953, 51.677, 50.953, 51.677, 1, 57.033, 57.033, 0.025, 0.134, 93.574, 94.912, 93.574, 94.912, 5.006, 7.38, 12.083, , , 1, 1.251, 0.96, 0, 12.5, 2.812, 140.34, 0, 0, 0, 70, 17.51, 18.831, 102.2, 96.398, 100, 0, 0, 27.585, 28.255, 55.631, 3.128, 88.224, 0, 0, 90.639, 55.964, 0, 0, 0.96, 0, 0, 14, 0, 12.5, 0, 2.812, 140.34, 0, 0, 0, 70, 1.008, 0.018, 0.019, 102.2, 96.398, 100, 0, 0, 141, 27.585, 28.255, 55.631, 2.784, 0, 88.224, 0, 0, 90.639, 55.964, 0, 0, 0, 0, 
1.25, 17.693, 100.35, 73.4, 74.235, , 14.304, 0.986, 100.855, 100.855, 2.865, 341.456, 341.456, 341.456, 50.145, , 34.794, 36.493, 7.38, 12.03, 0, 0, 51.829, 52.566, 51.829, 52.566, 1, 57.727, 57.727, 0.025, 0.134, 94.019, 95.364, 94.019, 95.364, 5.001, 7.38, 12.03, , , 1, 1.301, 0.661, 0, 12.5, 2.865, 140.548, 0, 0, 0, 70, 17.247, 18.375, 102.2, 98.274, 100, 0, 0, 27.637, 28.411, 64.552, 3.345, 87.446, 0, 0, 89.809, 57.124, 0, 0, 0.661, 0, 0, 14, 0, 12.5, 0, 2.865, 140.548, 0, 0, 0, 70, 1.008, 0.017, 0.019, 102.2, 98.274, 100, 0, 0, 141, 27.637, 28.411, 64.552, 3.11, 0, 87.446, 0, 0, 89.809, 57.124, 0, 0, 0, 0, 
1.3, 17.694, 100.35, 73.4, 74.234, , 14.366, 0.986, 104.991, 104.991, 2.918, 342.952, 342.952, 342.952, 50.173, , 34.974, 36.133, 7.38, 12.027, 0, 0, 52.684, 53.434, 52.684, 53.434, 1, 58.416, 58.416, 0.025, 0.134, 94.378, 95.728, 94.378, 95.728, 4.995, 7.38, 12.027, , , 1, 1.351, 0.363, 0, 12.5, 2.918, 140.755, 0, 0, 0, 70, 16.985, 17.919, 102.2, 100.151, 100, 0, 0, 27.689, 28.566, 73.473, 3.563, 86.668, 0, 0, 88.979, 58.285, 0, 0, 0.363, 0, 0, 14, 0, 12.5, 0, 2.918, 140.755, 0, 0, 0, 70, 1.008, 0.017, 0.018, 102.2, 100.151, 100, 0, 0, 141, 27.689, 28.566, 73.473, 3.436, 0, 86.668, 0, 0, 88.979, 58.285, 0, 0, 0, 0, 
1.35, 17.695, 100.35, 73.4, 74.233, , 14.443, 0.986, 109.192, 109.192, 2.971, 344.787, 344.787, 344.787, 50.219, , 35.154, 35.773, 7.38, 12.028, 0, 0, 53.602, 54.367, 53.602, 54.367, 1, 59.125, 59.125, 0.025, 0.134, 94.802, 96.157, 94.802, 96.157, 4.992, 7.38, 12.028, , , 1, 1.401, 0.064, 0, 12.5, 2.971, 140.963, 0, 0, 0, 70, 16.722, 17.462, 102.2, 102.027, 100, 0, 0, 27.741, 28.722, 82.394, 3.781, 85.89, 0, 0, 88.149, 59.446, 0, 0, 0.064, 0, 0, 14, 0, 12.5, 0, 2.971, 140.963, 0, 0, 0, 70, 1.008, 0.017, 0.018, 102.2, 102.027, 100, 0, 0, 141, 27.741, 28.722, 82.394, 3.761, 0, 85.89, 0, 0, 88.149, 59.446, 0, 0, 0, 0, 
1.4, 17.696, 100.35, 73.4, 74.233, , 14.557, 0.986, 113.437, 113.437, 2.997, 347.52, 347.52, 347.52, 50.274, , 35.334, 35.413, 7.38, 12.077, 0, 0, 54.677, 55.458, 54.677, 55.458, 1, 59.831, 59.831, 0.025, 0.134, 95.455, 96.818, 95.455, 96.818, 5.009, 7.38, 12.077, , , 1, 1.451, 0.008, 0, 12.5, 2.997, 141.179, 0, 0, 0, 70, 16.647, 17.333, 102.2, 102.464, 100, 0, 0, 27.795, 28.795, 86.686, 3.913, 85.526, 0, 0, 87.91, 59.989, 0, 0, 0.008, 0, 0, 14, 0, 12.5, 0, 2.997, 141.179, 0, 0, 0, 70, 1.008, 0.017, 0.017, 102.2, 102.464, 100, 0, 0, 141, 27.795, 28.795, 86.686, 3.913, 0, 85.526, 0, 0, 87.91, 59.989, 0, 0, 0, 0, 
1.45, 17.697, 100.35, 73.4, 74.232, , 14.675, 0.986, 117.718, 117.718, 3.018, 350.324, 350.324, 350.324, 50.321, , 35.514, 35.446, 7.379, 12.13, 0, 0, 55.782, 56.579, 55.782, 56.579, 1, 60.545, 60.545, 0.025, 0.135, 96.132, 97.504, 96.132, 97.504, 5.025, 7.379, 12.13, , , 1, 1.501, 0.006, 0, 12.5, 3.018, 141.397, 0, 0, 0, 70, 16.613, 17.277, 102.2, 102.586, 100, 0, 0, 27.849, 28.849, 89.961, 4.027, 85.253, 0, 0, 87.801, 60.396, 0, 0, 0.006, 0, 0, 14, 0, 12.5, 0, 3.018, 141.397, 0, 0, 0, 70, 1.008, 0.017, 0.017, 102.2, 102.586, 100, 0, 0, 141, 27.849, 28.849, 89.961, 4.027, 0, 85.253, 0, 0, 87.801, 60.396, 0, 0, 0, 0, 
1.5, 17.698, 100.35, 73.4, 74.231, , 14.795, 0.986, 122.124, 122.124, 3.038, 353.197, 353.197, 353.197, 50.357, , 35.694, 35.842, 7.379, 12.19, 0, 0, 56.9, 57.713, 56.9, 57.713, 1, 61.259, 61.259, 0.025, 0.135, 96.849, 98.232, 96.849, 98.232, 5.041, 7.379, 12.19, , , 1, 1.551, 0.004, 0, 12.5, 3.038, 141.616, 0, 0, 0, 70, 16.58, 17.22, 102.2, 102.707, 100, 0, 0, 27.904, 28.904, 93.236, 4.14, 84.98, 0, 0, 87.692, 60.803, 0, 0, 0.004, 0, 0, 14, 0, 12.5, 0, 3.038, 141.616, 0, 0, 0, 70, 1.008, 0.017, 0.017, 102.2, 102.707, 100, 0, 0, 141, 27.904, 28.904, 93.236, 4.14, 0, 84.98, 0, 0, 87.692, 60.803, 0, 0, 0, 0, 
1.55, 17.699, 100.35, 73.4, 74.23, , 14.965, 0.986, 126.53, 126.53, 3.058, 357.248, 357.248, 357.248, 50.382, , 35.874, 36.238, 7.378, 12.252, 0, 0, 58.24, 59.072, 58.24, 59.072, 1, 61.98, 61.98, 0.025, 0.135, 97.911, 99.309, 97.911, 99.309, 5.058, 7.378, 12.252, , , 1, 1.601, 0.002, 0, 12.5, 3.058, 141.834, 0, 0, 0, 70, 16.546, 17.163, 102.2, 102.828, 100, 0, 0, 27.959, 28.959, 96.511, 4.254, 84.707, 0, 0, 87.583, 61.211, 0, 0, 0.002, 0, 0, 14, 0, 12.5, 0, 3.058, 141.834, 0, 0, 0, 70, 1.008, 0.017, 0.017, 102.2, 102.828, 100, 0, 0, 141, 27.959, 28.959, 96.511, 4.254, 0, 84.707, 0, 0, 87.583, 61.211, 0, 0, 0, 0, 
1.6, 17.7, 100.35, 73.4, 74.23, , 15.118, 0.986, 130.938, 130.938, 3.087, 360.892, 360.892, 360.892, 50.394, , 36.054, 36.634, 7.378, 12.31, 0, 0, 59.522, 60.371, 59.522, 60.371, 1, 62.714, 62.714, 0.025, 0.135, 98.885, 100.298, 98.885, 100.298, 5.066, 7.378, 12.31, , , 1, 1.651, 0, 0, 12.5, 3.087, 142, 0, 0, 0, 70, 16.52, 17.119, 102.114, 102.911, 100, 0, 0, 28.036, 29, 99.048, 4.344, 84.476, 0, 0, 87.464, 61.788, 0, 0, 0, 0, 0, 13.998, 0, 12.5, 0, 3.087, 142, 0, 0, 0, 70, 1.008, 0.017, 0.017, 102.114, 102.911, 100, 0, 0, 141, 28.036, 29, 99.048, 4.344, 0, 84.476, 0, 0, 87.464, 61.788, 0, 0, 0, 0, 
1.65, 17.7, 100.35, 73.4, 74.229, , 15.277, 0.986, 135.429, 135.429, 3.144, 364.672, 364.672, 364.672, 50.401, , 36.234, 37.03, 7.377, 12.369, 0, 0, 60.862, 61.73, 60.862, 61.73, 1, 63.46, 63.46, 0.025, 0.136, 99.914, 101.343, 99.914, 101.343, 5.072, 7.377, 12.369, , , 1, 1.701, 0, 0, 12.5, 3.144, 142, 0, 0, 0, 70, 16.522, 17.115, 101.754, 102.874, 100, 0, 0, 28.186, 29, 99.248, 4.362, 84.376, 0, 0, 87.314, 62.905, 0, 0, 0, 0, 0, 13.988, 0, 12.5, 0, 3.144, 142, 0, 0, 0, 70, 1.008, 0.017, 0.017, 101.754, 102.874, 100, 0, 0, 141, 28.186, 29, 99.248, 4.362, 0, 84.376, 0, 0, 87.314, 62.905, 0, 0, 0, 0, 
1.7, 17.7, 100.35, 73.4, 74.228, , 15.373, 0.986, 140.008, 140.008, 3.201, 366.982, 366.982, 366.982, 50.408, , 36.246, 37.109, 7.377, 12.429, 0, 0, 61.96, 62.844, 61.96, 62.844, 1, 64.21, 64.21, 0.024, 0.136, 100.534, 101.971, 100.534, 101.971, 5.078, 7.377, 12.429, , , 1, 1.751, 0, 0, 12.5, 3.201, 142, 0, 0, 0, 70, 16.524, 17.111, 101.394, 102.837, 100, 0, 0, 28.336, 29, 99.448, 4.38, 84.276, 0, 0, 87.164, 64.022, 0, 0, 0, 0, 0, 13.978, 0, 12.5, 0, 3.201, 142, 0, 0, 0, 70, 1.008, 0.017, 0.017, 101.394, 102.837, 100, 0, 0, 141, 28.336, 29, 99.448, 4.38, 0, 84.276, 0, 0, 87.164, 64.022, 0, 0, 0, 0, 
1.75, 17.7, 100.35, 73.4, 74.227, , 15.529, 0.986, 144.676, 144.676, 3.259, 370.685, 370.685, 370.685, 50.417, , 36.105, 36.897, 7.377, 12.49, 0, 0, 63.315, 64.218, 63.315, 64.218, 1, 64.964, 64.964, 0.024, 0.136, 101.53, 102.982, 101.53, 102.982, 5.084, 7.377, 12.49, , , 1, 1.801, 0, 0, 12.5, 3.259, 142, 0, 0, 0, 70, 16.526, 17.107, 101.034, 102.8, 100, 0, 0, 28.486, 29, 99.648, 4.398, 84.176, 0, 0, 87.014, 65.139, 0, 0, 0, 0, 0, 13.968, 0, 12.5, 0, 3.259, 142, 0, 0, 0, 70, 1.008, 0.017, 0.017, 101.034, 102.8, 100, 0, 0, 141, 28.486, 29, 99.648, 4.398, 0, 84.176, 0, 0, 87.014, 65.139, 0, 0, 0, 0, 
1.8, 17.7, 100.35, 73.4, 74.227, , 15.622, 0.986, 149.346, 149.346, 3.316, 372.92, 372.92, 372.92, 50.435, , 35.963, 36.684, 7.377, 12.577, 0, 0, 64.449, 65.369, 64.449, 65.369, 1, 65.903, 65.903, 0.024, 0.136, 102.116, 103.574, 102.116, 103.574, 5.094, 7.377, 12.577, , , 1, 1.851, 0, 0, 12.5, 3.316, 142, 0, 0, 0, 70, 16.528, 17.103, 100.674, 102.763, 100, 0, 0, 28.636, 29, 99.848, 4.416, 84.076, 0, 0, 86.864, 66.256, 0, 0, 0, 0, 0, 13.958, 0, 12.5, 0, 3.316, 142, 0, 0, 0, 70, 1.008, 0.017, 0.017, 100.674, 102.763, 100, 0, 0, 141, 28.636, 29, 99.848, 4.416, 0, 84.076, 0, 0, 86.864, 66.256, 0, 0, 0, 0, 
1.85, 17.7, 100.35, 73.4, 74.226, , 15.75, 0.986, 156.305, 156.305, 3.364, 375.98, 375.98, 375.98, 50.459, , 35.821, 36.472, 7.377, 12.671, 0, 0, 66.108, 67.052, 66.108, 67.052, 1, 66.86, 66.86, 0.024, 0.136, 102.893, 104.362, 102.893, 104.362, 5.105, 7.377, 12.671, , , 1, 1.901, 0, 0, 12.5, 3.364, 142, 0, 0, 0, 70, 16.533, 17.098, 100.4, 102.725, 100, 0, 0, 28.763, 29, 100, 4.43, 84, 0, 0, 86.737, 67.202, 0, 0, 0, 0, 0, 13.947, 0, 12.5, 0, 3.364, 142, 0, 0, 0, 70, 1.008, 0.017, 0.017, 100.4, 102.725, 100, 0, 0, 141, 28.763, 29, 100, 4.43, 0, 84, 0, 0, 86.737, 67.202, 0, 0, 0, 0, 
1.9, 17.7, 100.35, 73.4, 74.225, , 15.835, 0.986, 161.212, 161.212, 3.385, 378.01, 378.01, 378.01, 50.482, , 35.679, 36.259, 7.377, 12.784, 0, 0, 67.228, 68.185, 67.228, 68.185, 1, 67.631, 67.631, 0.024, 0.136, 103.4, 104.875, 103.4, 104.875, 5.117, 7.377, 12.784, , , 1, 1.951, 0, 0, 12.5, 3.385, 142, 0, 0, 0, 70, 16.543, 17.092, 100.4, 102.685, 100, 0, 0, 28.817, 29, 100, 4.43, 84, 0, 0, 86.683, 67.608, 0, 0, 0, 0, 0, 13.937, 0, 12.5, 0, 3.385, 142, 0, 0, 0, 70, 1.008, 0.017, 0.017, 100.4, 102.685, 100, 0, 0, 141, 28.817, 29, 100, 4.43, 0, 84, 0, 0, 86.683, 67.608, 0, 0, 0, 0, 
1.95, 17.7, 100.35, 73.4, 74.224, , 15.907, 0.986, 166.077, 166.077, 3.406, 379.755, 379.755, 379.755, 50.507, , 35.6, 36.043, 7.377, 12.902, 0, 0, 68.308, 69.281, 68.308, 69.281, 1, 68.406, 68.406, 0.024, 0.135, 103.826, 105.307, 103.826, 105.307, 5.128, 7.377, 12.902, , , 1, 2.002, 0, 0, 12.5, 3.406, 142, 0, 0, 0, 70, 16.554, 17.085, 100.4, 102.645, 100, 0, 0, 28.872, 29, 100, 4.43, 84, 0, 0, 86.628, 68.013, 0, 0, 0, 0, 0, 13.926, 0, 12.5, 0, 3.406, 142, 0, 0, 0, 70, 1.008, 0.017, 0.017, 100.4, 102.645, 100, 0, 0, 141, 28.872, 29, 100, 4.43, 0, 84, 0, 0, 86.628, 68.013, 0, 0, 0, 0, 
2, 17.7, 100.35, 73.4, 74.224, , 16.023, 0.986, 170.952, 170.952, 3.426, 382.51, 382.51, 382.51, 50.532, , 35.6, 35.824, 7.377, 13.021, 0, 0, 69.581, 70.572, 69.581, 70.572, 1, 69.176, 69.176, 0.024, 0.135, 104.527, 106.017, 104.527, 106.017, 5.153, 7.377, 13.021, , , 1, 2.051, 0, 0, 12.5, 3.426, 142, 0, 0, 0, 70, 16.565, 17.079, 100.4, 102.605, 100, 0, 0, 28.926, 29, 100, 4.43, 84, 0, 0, 86.574, 68.419, 0, 0, 0, 0, 0, 13.915, 0, 12.5, 0, 3.426, 142, 0, 0, 0, 70, 1.008, 0.017, 0.017, 100.4, 102.605, 100, 0, 0, 141, 28.926, 29, 100, 4.43, 0, 84, 0, 0, 86.574, 68.419, 0, 0, 0, 0, 
2.05, 17.7, 100.35, 73.4, 74.223, , 16.032, 0.986, 175.92, 175.92, 3.447, 382.745, 382.745, 382.745, 50.559, , 35.6, 35.604, 7.377, 13.14, 0, 0, 70.405, 71.407, 70.405, 71.407, 1, 69.95, 69.95, 0.024, 0.135, 104.535, 106.026, 104.535, 106.026, 5.193, 7.377, 13.14, , , 1, 2.101, 0, 0, 12.5, 3.447, 142, 0, 0, 0, 70, 16.576, 17.072, 100.4, 102.564, 100, 0, 0, 28.98, 29, 100, 4.43, 84, 0, 0, 86.52, 68.824, 0, 0, 0, 0, 0, 13.904, 0, 12.5, 0, 3.447, 142, 0, 0, 0, 70, 1.008, 0.017, 0.017, 100.4, 102.564, 100, 0, 0, 141, 28.98, 29, 100, 4.43, 0, 84, 0, 0, 86.52, 68.824, 0, 0, 0, 0, 
2.1, 17.7, 100.35, 73.4, 74.222, , 16.125, 0.986, 180.912, 180.912, 3.495, 384.973, 384.973, 384.973, 50.591, , 35.6, 35.385, 7.377, 13.227, 0, 0, 71.601, 72.62, 71.601, 72.62, 1, 70.737, 70.737, 0.024, 0.135, 105.083, 106.581, 105.083, 106.581, 5.234, 7.377, 13.227, , , 1, 2.15, 0, 0, 12.5, 3.495, 142, 0, 0, 0, 70, 16.705, 17.163, 100.17, 102.503, 100, 0, 0, 29.128, 29.064, 100, 4.429, 84.672, 0, 0, 87.044, 69.726, 0, 0, 0, 0, 0, 13.913, 0, 12.5, 0, 3.495, 142, 0, 0, 0, 70, 1.008, 0.017, 0.017, 100.17, 102.503, 100, 0, 0, 141, 29.128, 29.064, 100, 4.429, 0, 84.672, 0, 0, 87.044, 69.726, 0, 0, 0, 0, 
2.15, 17.7, 100.35, 73.4, 74.221, , 16.137, 0.986, 185.988, 185.988, 3.558, 385.283, 385.283, 385.283, 50.627, 83.808, 35.6, 35.165, 7.378, 13.304, 0, 0, 72.457, 73.489, 72.457, 73.489, 1, 71.521, 71.521, 0.024, 0.135, 105.091, 106.589, 105.091, 106.589, 5.275, 7.378, 13.304, , , 1, 2.2, 0, 0, 12.5, 3.558, 142, 0, 0, 0, 70, 16.901, 17.308, 99.81, 102.429, 100, 0, 0, 29.328, 29.164, 100, 4.427, 85.722, 0, 0, 87.894, 70.907, 0, 0, 0, 0, 0, 13.933, 0, 12.5, 0, 3.558, 142, 0, 0, 0, 70, 1.008, 0.017, 0.017, 99.81, 102.429, 100, 0, 0, 141, 29.328, 29.164, 100, 4.427, 0, 85.722, 0, 0, 87.894, 70.907, 0, 0, 0, 0, 
2.2, 17.7, 100.35, 73.4, 74.22, , 16.184, 0.986, 191.107, 191.107, 3.621, 386.418, 386.418, 386.418, 50.671, 73.007, 35.506, 35.303, 7.378, 13.343, 0, 0, 73.474, 74.521, 73.474, 74.521, 1, 72.316, 72.316, 0.025, 0.135, 105.308, 106.81, 105.308, 106.81, 5.312, 7.378, 13.343, , , 1, 2.251, 0, 0, 12.5, 3.621, 142, 0, 0, 0, 70, 17.097, 17.453, 99.45, 102.355, 100, 0, 0, 29.528, 29.264, 100, 4.425, 86.772, 0, 0, 88.744, 72.088, 0, 0, 0, 0, 0, 13.953, 0, 12.5, 0, 3.621, 142, 0, 0, 0, 70, 1.008, 0.017, 0.018, 99.45, 102.355, 100, 0, 0, 141, 29.528, 29.264, 100, 4.425, 0, 86.772, 0, 0, 88.744, 72.088, 0, 0, 0, 0, 
2.25, 17.7, 100.35, 73.4, 74.22, , 16.19, 0.986, 196.352, 196.352, 3.684, 386.579, 386.579, 386.579, 50.722, 62.207, 35.326, 35.771, 7.379, 13.368, 0, 0, 74.307, 75.365, 74.307, 75.365, 1, 73.105, 73.105, 0.025, 0.136, 105.246, 106.747, 105.246, 106.747, 5.344, 7.379, 13.368, , , 1, 2.301, 0, 0, 12.5, 3.684, 142, 0, 0, 0, 70, 17.293, 17.598, 99.09, 102.281, 100, 0, 0, 29.728, 29.364, 100, 4.423, 87.822, 0, 0, 89.594, 73.269, 0, 0, 0, 0, 0, 13.973, 0, 12.5, 0, 3.684, 142, 0, 0, 0, 70, 1.008, 0.017, 0.018, 99.09, 102.281, 100, 0, 0, 141, 29.728, 29.364, 100, 4.423, 0, 87.822, 0, 0, 89.594, 73.269, 0, 0, 0, 0, 
2.3, 17.7, 100.35, 73.4, 74.219, , 16.242, 0.986, 201.588, 201.588, 3.748, 387.832, 387.832, 387.832, 50.78, 51.406, 35.146, 36.239, 7.379, 13.366, 0, 0, 75.352, 76.426, 75.352, 76.426, 1, 73.888, 73.888, 0.025, 0.136, 105.466, 106.971, 105.466, 106.971, 5.376, 7.379, 13.366, , , 1, 2.35, 0, 0, 12.5, 3.748, 142, 0, 0, 0, 70, 17.489, 17.743, 98.73, 102.207, 100, 0, 0, 29.928, 29.464, 100, 4.421, 88.872, 0, 0, 90.444, 74.45, 0, 0, 0, 0, 0, 13.993, 0, 12.5, 0, 3.748, 142, 0, 0, 0, 70, 1.008, 0.017, 0.018, 98.73, 102.207, 100, 0, 0, 141, 29.928, 29.464, 100, 4.421, 0, 88.872, 0, 0, 90.444, 74.45, 0, 0, 0, 0, 
2.35, 17.7, 100.35, 73.4, 74.218, , 16.219, 0.986, 206.946, 206.946, 3.785, 387.317, 387.317, 387.317, 50.82, 61.426, 34.966, 36.707, 7.38, 13.353, 0, 0, 76.06, 77.146, 76.06, 77.146, 1, 74.685, 74.685, 0.025, 0.136, 105.241, 106.742, 105.241, 106.742, 5.408, 7.38, 13.353, , , 1, 2.4, 0, 0, 12.5, 3.785, 142, 0, 0, 0, 70, 17.604, 17.823, 98.6, 102.18, 100, 0, 0, 30.073, 29.5, 100, 4.419, 89.505, 0, 0, 91.005, 75.191, 0, 0, 0, 0, 0, 14, 0, 12.5, 0, 3.785, 142, 0, 0, 0, 70, 1.008, 0.018, 0.018, 98.6, 102.18, 100, 0, 0, 141, 30.073, 29.5, 100, 4.419, 0, 89.505, 0, 0, 91.005, 75.191, 0, 0, 0, 0, 
2.4, 17.7, 100.35, 73.4, 74.217, , 16.248, 0.986, 212.272, 212.272, 3.809, 388.031, 388.031, 388.031, 50.813, 63.259, 34.786, 37.175, 7.38, 13.327, 0, 0, 77.002, 78.101, 77.002, 78.101, 1, 75.486, 75.486, 0.025, 0.137, 105.444, 106.948, 105.444, 106.948, 5.438, 7.38, 13.327, , , 1, 2.45, 0, 0, 12.5, 3.809, 142, 0, 0, 0, 70, 17.672, 17.868, 98.6, 102.18, 100, 0, 0, 30.186, 29.5, 100, 4.416, 89.902, 0, 0, 91.402, 75.686, 0, 0, 0, 0, 0, 14, 0, 12.5, 0, 3.809, 142, 0, 0, 0, 70, 1.008, 0.018, 0.018, 98.6, 102.18, 100, 0, 0, 141, 30.186, 29.5, 100, 4.416, 0, 89.902, 0, 0, 91.402, 75.686, 0, 0, 0, 0, 
2.45, 17.7, 100.35, 73.4, 74.217, , 16.196, 0.986, 217.71, 217.71, 3.832, 386.812, 386.812, 386.812, 50.755, 64.123, 34.85, 37.157, 7.379, 13.295, 0, 0, 77.566, 78.674, 77.566, 78.674, 1, 76.278, 76.278, 0.025, 0.137, 105.234, 106.734, 105.234, 106.734, 5.455, 7.379, 13.295, , , 1, 2.501, 0, 0, 12.5, 3.832, 142, 0, 0, 0, 70, 17.74, 17.912, 98.6, 102.18, 100, 0, 0, 30.3, 29.5, 100, 4.414, 90.3, 0, 0, 91.8, 76.18, 0, 0, 0, 0, 0, 14, 0, 12.5, 0, 3.832, 142, 0, 0, 0, 70, 1.008, 0.018, 0.018, 98.6, 102.18, 100, 0, 0, 141, 30.3, 29.5, 100, 4.414, 0, 90.3, 0, 0, 91.8, 76.18, 0, 0, 0, 0, 
2.5, 17.7, 100.35, 73.4, 74.216, , 16.181, 0.986, 223.236, 223.236, 3.855, 386.472, 386.472, 386.472, 50.648, 64.987, 35.138, 36.689, 7.379, 13.262, 0, 0, 78.31, 79.43, 78.31, 79.43, 1, 77.074, 77.074, 0.025, 0.137, 105.371, 106.874, 105.371, 106.874, 5.471, 7.379, 13.262, , , 1, 2.551, 0, 0, 12.5, 3.855, 142, 0, 0, 0, 70, 17.808, 17.956, 98.6, 102.18, 100, 0, 0, 30.414, 29.5, 100, 4.412, 90.698, 0, 0, 92.198, 76.674, 0, 0, 0, 0, 0, 14, 0, 12.5, 0, 3.855, 142, 0, 0, 0, 70, 1.008, 0.018, 0.018, 98.6, 102.18, 100, 0, 0, 141, 30.414, 29.5, 100, 4.412, 0, 90.698, 0, 0, 92.198, 76.674, 0, 0, 0, 0, 
2.55, 17.7, 100.35, 73.4, 74.215, , 16.155, 0.986, 228.772, 228.772, 3.884, 385.898, 385.898, 385.898, 50.49, 65.852, 35.426, 36.221, 7.378, 13.228, 0, 0, 79.001, 80.13, 79.001, 80.13, 1, 77.867, 77.867, 0.025, 0.137, 105.551, 107.056, 105.551, 107.056, 5.488, 7.378, 13.228, , , 1, 2.601, 0, 0, 12.5, 3.884, 142, 0, 0, 0, 70, 17.889, 18.021, 98.517, 102.152, 100, 0, 0, 30.562, 29.562, 100, 4.41, 91.146, 0, 0, 92.631, 77.26, 0, 0, 0, 0, 0, 13.998, 0, 12.5, 0, 3.884, 142, 0, 0, 0, 70, 1.008, 0.018, 0.018, 98.517, 102.169, 100, 0, 0, 141, 30.562, 29.562, 100, 4.41, 0, 91.146, 0, 0, 92.631, 77.26, 0, 0, 0, 0, 
2.6, 17.7, 100.35, 73.4, 74.214, , 16.179, 0.986, 234.389, 234.389, 3.932, 386.471, 386.471, 386.471, 50.299, 66.716, 35.714, 35.753, 7.378, 13.192, 0, 0, 79.919, 81.06, 79.919, 81.06, 1, 78.651, 78.651, 0.025, 0.137, 106.102, 107.616, 106.102, 107.616, 5.504, 7.378, 13.192, , , 1, 2.651, 0, 0, 12.5, 3.932, 142, 0, 0, 0, 70, 18.008, 18.148, 98.171, 102.034, 100, 0, 0, 30.818, 29.818, 100, 4.41, 91.755, 0, 0, 93.176, 78.137, 0, 0, 0, 0, 0, 13.992, 0, 12.5, 0, 3.932, 142, 0, 0, 0, 70, 1.008, 0.018, 0.018, 98.171, 102.121, 100, 0, 0, 141, 30.818, 29.818, 100, 4.41, 0, 91.755, 0, 0, 93.176, 78.137, 0, 0, 0, 0, 
2.65, 17.7, 100.35, 73.4, 74.214, , 16.17, 0.986, 242.155, 242.155, 3.979, 386.307, 386.307, 386.307, 50.078, 67.58, 36.002, 35.285, 7.377, 13.153, 0, 0, 80.979, 82.135, 80.979, 82.135, 1, 79.579, 79.579, 0.025, 0.137, 106.599, 108.122, 106.599, 108.122, 5.541, 7.377, 13.153, , , 1, 2.701, 0, 0, 12.5, 3.979, 142, 0, 0, 0, 70, 18.127, 18.276, 97.825, 101.916, 100, 0, 0, 31.074, 30.074, 100, 4.41, 92.364, 0, 0, 93.721, 79.013, 0, 0, 0, 0, 0, 13.986, 0, 12.5, 0, 3.979, 142, 0, 0, 0, 70, 1.008, 0.018, 0.018, 97.825, 102.073, 100, 0, 0, 141, 31.074, 30.074, 100, 4.41, 0, 92.364, 0, 0, 93.721, 79.013, 0, 0, 0, 0, 
2.7, 17.7, 100.35, 73.4, 74.213, , 16.194, 0.986, 248.093, 248.093, 4.026, 386.896, 386.896, 386.896, 49.876, 68.444, 36.051, 35.193, 7.377, 13.116, 0, 0, 81.93, 83.099, 81.93, 83.099, 1, 80.551, 80.551, 0.025, 0.136, 107.136, 108.666, 107.136, 108.666, 5.58, 7.377, 13.116, , , 1, 2.751, 0, 0, 12.5, 4.026, 142, 0, 0, 0, 70, 18.246, 18.403, 97.478, 101.798, 100, 0, 0, 31.331, 30.331, 100, 4.41, 92.973, 0, 0, 94.265, 79.889, 0, 0, 0, 0, 0, 13.979, 0, 12.5, 0, 4.026, 142, 0, 0, 0, 70, 1.008, 0.018, 0.018, 97.478, 102.026, 100, 0, 0, 141, 31.331, 30.331, 100, 4.41, 0, 92.973, 0, 0, 94.265, 79.889, 0, 0, 0, 0, 
2.75, 17.7, 100.35, 73.4, 74.212, , 16.18, 0.986, 253.931, 253.931, 4.074, 386.583, 386.583, 386.583, 49.794, 69.308, 35.88, 35.45, 7.377, 13.08, 0, 0, 82.669, 83.848, 82.669, 83.848, 1, 81.342, 81.342, 0.025, 0.136, 107.205, 108.737, 107.205, 108.737, 5.618, 7.377, 13.08, , , 1, 2.801, 0, 0, 12.5, 4.074, 142, 0, 0, 0, 70, 18.366, 18.531, 97.132, 101.68, 100, 0, 0, 31.587, 30.587, 100, 4.41, 93.582, 0, 0, 94.81, 80.765, 0, 0, 0, 0, 0, 13.973, 0, 12.5, 0, 4.074, 142, 0, 0, 0, 70, 1.008, 0.019, 0.019, 97.132, 101.978, 100, 0, 0, 141, 31.587, 30.587, 100, 4.41, 0, 93.582, 0, 0, 94.81, 80.765, 0, 0, 0, 0, 
2.8, 17.7, 100.35, 73.4, 74.211, , 16.151, 0.986, 259.768, 259.768, 4.121, 385.932, 385.932, 385.932, 49.814, 70.172, 35.709, 35.707, 7.377, 13.049, 0, 0, 83.326, 84.514, 83.326, 84.514, 1, 82.129, 82.129, 0.025, 0.136, 106.984, 108.512, 106.984, 108.512, 5.657, 7.377, 13.049, , , 1, 2.851, 0, 0, 12.5, 4.121, 142, 0, 0, 0, 70, 18.485, 18.658, 96.786, 101.562, 100, 0, 0, 31.844, 30.844, 100, 4.41, 94.191, 0, 0, 95.355, 81.642, 0, 0, 0, 0, 0, 13.966, 0, 12.5, 0, 4.121, 142, 0, 0, 0, 70, 1.008, 0.019, 0.019, 96.786, 101.931, 100, 0, 0, 141, 31.844, 30.844, 100, 4.41, 0, 94.191, 0, 0, 95.355, 81.642, 0, 0, 0, 0, 
2.85, 17.7, 100.35, 73.4, 74.211, , 16.081, 0.986, 265.711, 265.711, 4.168, 384.29, 384.29, 384.29, 49.936, 71.036, 35.538, 35.963, 7.377, 13.02, 0, 0, 83.772, 84.968, 83.772, 84.968, 1, 82.913, 82.913, 0.025, 0.136, 106.288, 107.806, 106.288, 107.806, 5.704, 7.377, 13.02, , , 1, 2.901, 0, 0, 12.5, 4.168, 142, 0, 0, 0, 70, 18.604, 18.786, 96.44, 101.444, 100, 0, 0, 32.1, 31.1, 100, 4.41, 94.8, 0, 0, 95.9, 82.518, 0, 0, 0, 0, 0, 13.96, 0, 12.5, 0, 4.168, 142, 0, 0, 0, 70, 1.008, 0.019, 0.019, 96.44, 101.883, 100, 0, 0, 141, 32.1, 31.1, 100, 4.41, 0, 94.8, 0, 0, 95.9, 82.518, 0, 0, 0, 0, 
2.9, 17.7, 100.35, 73.4, 74.21, , 16.059, 0.986, 271.698, 271.698, 4.216, 383.786, 383.786, 383.786, 50.154, 71.9, 35.367, 36.22, 7.377, 12.999, 0, 0, 84.456, 85.661, 84.456, 85.661, 1, 83.701, 83.701, 0.025, 0.135, 105.686, 107.196, 105.686, 107.196, 5.756, 7.377, 12.999, , , 1, 2.951, 0, 0, 12.5, 4.216, 142, 0, 0, 0, 70, 18.723, 18.914, 96.094, 101.326, 100, 0, 0, 32.356, 31.356, 100, 4.41, 95.409, 0, 0, 96.445, 83.394, 0, 0, 0, 0, 0, 13.954, 0, 12.5, 0, 4.216, 142, 0, 0, 0, 70, 1.008, 0.019, 0.019, 96.094, 101.836, 100, 0, 0, 141, 32.356, 31.356, 100, 4.41, 0, 95.409, 0, 0, 96.445, 83.394, 0, 0, 0, 0, 
2.95, 17.701, 100.35, 73.4, 74.21, , 15.99, 0.986, 277.685, 277.685, 4.267, 382.174, 382.174, 382.174, 50.456, 72.764, 35.24, 36.454, 7.378, 12.983, 0, 0, 84.886, 86.096, 84.886, 86.096, 1, 84.48, 84.48, 0.025, 0.135, 104.609, 106.103, 104.609, 106.103, 5.807, 7.378, 12.983, , , 1, 3.001, 0, 0, 12.5, 4.267, 142, 0, 0, 0, 70, 18.83, 19.023, 95.818, 101.21, 100, 0, 0, 32.615, 31.638, 100, 4.41, 96.071, 0, 0, 97.071, 84.341, 0, 0, 0, 0, 0, 13.95, 0, 12.5, 0, 4.267, 142, 0, 0, 0, 70, 1.008, 0.019, 0.019, 95.818, 101.705, 100, 0, 0, 141, 32.615, 31.638, 100, 4.41, 0, 96.071, 0, 0, 97.071, 84.341, 0, 0, 0, 0, 
3, 17.702, 100.35, 73.4, 74.21, , 15.942, 0.986, 283.764, 283.764, 4.324, 381.047, 381.047, 381.047, 50.75, 73.628, 35.24, 36.624, 7.379, 12.97, 0, 0, 85.418, 86.636, 85.418, 86.636, 1, 85.268, 85.268, 0.025, 0.135, 103.685, 105.166, 103.685, 105.166, 5.859, 7.379, 12.97, , , 1, 3.051, 0, 0, 12.5, 4.324, 142, 0, 0, 0, 70, 18.92, 19.111, 95.63, 101.095, 100, 0, 0, 32.875, 31.95, 100, 4.41, 96.8, 0, 0, 97.8, 85.376, 0, 0, 0, 0, 0, 13.95, 0, 12.5, 0, 4.324, 142, 0, 0, 0, 70, 1.008, 0.019, 0.019, 95.63, 101.477, 100, 0, 0, 141, 32.875, 31.95, 100, 4.41, 0, 96.8, 0, 0, 97.8, 85.376, 0, 0, 0, 0, 
3.05, 17.702, 100.35, 73.4, 74.21, , 15.89, 0.986, 289.909, 289.909, 4.381, 379.856, 379.856, 379.856, 50.98, 74.492, 35.24, 36.795, 7.38, 12.96, 0, 0, 85.933, 87.16, 85.933, 87.16, 1, 86.047, 86.047, 0.025, 0.135, 102.881, 104.351, 102.881, 104.351, 5.907, 7.38, 12.96, , , 1, 3.101, 0, 0, 12.5, 4.381, 142, 0, 0, 0, 70, 19.011, 19.198, 95.443, 100.98, 100, 0, 0, 33.135, 32.263, 100, 4.41, 97.529, 0, 0, 98.529, 86.411, 0, 0, 0, 0, 0, 13.95, 0, 12.5, 0, 4.381, 142, 0, 0, 0, 70, 1.008, 0.019, 0.019, 95.443, 101.249, 100, 0, 0, 141, 33.135, 32.263, 100, 4.41, 0, 97.529, 0, 0, 98.529, 86.411, 0, 0, 0, 0, 
3.1, 17.703, 100.35, 73.4, 74.21, , 15.834, 0.986, 296.103, 296.103, 4.438, 378.554, 378.554, 378.554, 51.149, 75.356, 35.24, 36.965, 7.382, 12.939, 0, 0, 86.403, 87.637, 86.403, 87.637, 1, 86.833, 86.833, 0.025, 0.135, 102.204, 103.664, 102.204, 103.664, 5.951, 7.382, 12.939, , , 1, 3.151, 0, 0, 12.5, 4.438, 142, 0, 0, 0, 70, 19.102, 19.286, 95.255, 100.866, 100, 0, 0, 33.396, 32.575, 100, 4.41, 98.258, 0, 0, 99.258, 87.447, 0, 0, 0, 0, 0, 13.95, 0, 12.5, 0, 4.438, 142, 0, 0, 0, 70, 1.008, 0.019, 0.019, 95.255, 101.02, 100, 0, 0, 141, 33.396, 32.575, 100, 4.41, 0, 98.258, 0, 0, 99.258, 87.447, 0, 0, 0, 0, 
3.15, 17.704, 100.35, 73.4, 74.21, , 15.785, 0.986, 302.414, 302.414, 4.495, 377.402, 377.402, 377.402, 51.245, 76.22, 35.24, 37.135, 7.383, 12.909, 0, 0, 86.918, 88.158, 86.918, 88.158, 1, 87.598, 87.598, 0.025, 0.135, 101.69, 103.142, 101.69, 103.142, 5.995, 7.383, 12.909, , , 1, 3.201, 0, 0, 12.5, 4.495, 142, 0, 0, 0, 70, 19.192, 19.373, 95.068, 100.751, 100, 0, 0, 33.656, 32.888, 100, 4.41, 98.988, 0, 0, 99.988, 88.482, 0, 0, 0, 0, 0, 13.95, 0, 12.5, 0, 4.495, 142, 0, 0, 0, 70, 1.008, 0.019, 0.019, 95.068, 100.792, 100, 0, 0, 141, 33.656, 32.888, 100, 4.41, 0, 98.988, 0, 0, 99.988, 88.482, 0, 0, 0, 0, 
3.2, 17.705, 100.35, 73.4, 74.21, , 15.733, 0.986, 308.725, 308.725, 4.541, 376.202, 376.202, 376.202, 51.284, 77.084, 35.222, 37.057, 7.384, 12.867, 0, 0, 87.405, 88.652, 87.405, 88.652, 1, 88.369, 88.369, 0.025, 0.135, 101.291, 102.739, 101.291, 102.739, 6.039, 7.384, 12.867, , , 1, 3.251, 0, 0, 12.5, 4.541, 142, 0, 0, 0, 70, 19.294, 19.468, 95, 100.661, 100, 0, 0, 33.817, 33.133, 100, 4.411, 99.783, 0, 0, 100.75, 89.352, 0, 0, 0, 0, 0, 13.943, 0, 12.5, 0, 4.541, 142, 0, 0, 0, 70, 1.008, 0.019, 0.02, 95, 100.66, 100, 0, 0, 141, 33.817, 33.133, 100, 4.411, 0, 99.783, 0, 0, 100.75, 89.352, 0, 0, 0, 0, 
3.25, 17.706, 100.35, 73.4, 74.21, , 15.633, 0.986, 315.095, 315.095, 4.582, 373.842, 373.842, 373.842, 51.307, 77.948, 35.186, 36.732, 7.384, 12.813, 0, 0, 87.611, 88.859, 87.611, 88.859, 1, 89.147, 89.147, 0.025, 0.135, 100.613, 102.049, 100.613, 102.049, 6.082, 7.384, 12.813, , , 1, 3.302, 0, 0, 12.5, 4.582, 142, 0, 0, 0, 70, 19.401, 19.566, 95, 100.584, 100, 0, 0, 33.921, 33.342, 100, 4.413, 100.617, 0, 0, 101.531, 90.129, 0, 0, 0, 0, 0, 13.933, 0, 12.5, 0, 4.582, 142, 0, 0, 0, 70, 1.008, 0.019, 0.02, 95, 100.583, 100, 0, 0, 141, 33.921, 33.342, 100, 4.413, 0, 100.617, 0, 0, 101.531, 90.129, 0, 0, 0, 0, 
3.3, 17.706, 100.35, 73.4, 74.21, , 15.534, 0.986, 321.472, 321.472, 4.623, 371.532, 371.532, 371.532, 51.335, 78.812, 35.15, 36.407, 7.384, 12.747, 0, 0, 87.824, 89.073, 87.824, 89.073, 1, 89.917, 89.917, 0.025, 0.136, 99.938, 101.366, 99.938, 101.366, 6.123, 7.384, 12.747, , , 1, 3.352, 0, 0, 12.5, 4.623, 142, 0, 0, 0, 70, 19.508, 19.663, 95, 100.506, 100, 0, 0, 34.025, 33.55, 100, 4.415, 101.45, 0, 0, 102.312, 90.906, 0, 0, 0, 0, 0, 13.922, 0, 12.5, 0, 4.623, 142, 0, 0, 0, 70, 1.008, 0.019, 0.02, 95, 100.506, 100, 0, 0, 141, 34.025, 33.55, 100, 4.415, 0, 101.45, 0, 0, 102.312, 90.906, 0, 0, 0, 0, 
3.35, 17.707, 100.35, 73.4, 74.21, , 15.477, 0.986, 328.067, 328.067, 4.663, 370.204, 370.204, 370.204, 51.366, 79.676, 35.113, 36.081, 7.383, 12.666, 0, 0, 88.249, 89.504, 88.249, 89.504, 1, 90.675, 90.675, 0.025, 0.136, 99.521, 100.943, 99.521, 100.943, 6.164, 7.383, 12.666, , , 1, 3.403, 0, 0, 12.5, 4.663, 142, 0, 0, 0, 70, 19.616, 19.761, 95, 100.429, 100, 0, 0, 34.129, 33.758, 100, 4.418, 102.283, 0, 0, 103.094, 91.684, 0, 0, 0, 0, 0, 13.912, 0, 12.5, 0, 4.663, 142, 0, 0, 0, 70, 1.008, 0.019, 0.02, 95, 100.428, 100, 0, 0, 141, 34.129, 33.758, 100, 4.418, 0, 102.283, 0, 0, 103.094, 91.684, 0, 0, 0, 0, 
3.4, 17.708, 100.35, 73.4, 74.21, , 15.42, 0.986, 334.553, 334.553, 4.704, 368.867, 368.867, 368.867, 51.399, 80.54, 35.077, 35.756, 7.382, 12.585, 0, 0, 88.663, 89.924, 88.663, 89.924, 1, 91.428, 91.428, 0.025, 0.136, 99.097, 100.514, 99.097, 100.514, 6.205, 7.382, 12.585, , , 1, 3.452, 0, 0, 12.5, 4.704, 142, 0, 0, 0, 70, 19.723, 19.859, 95, 100.352, 100, 0, 0, 34.233, 33.967, 100, 4.42, 103.117, 0, 0, 103.875, 92.461, 0, 0, 0, 0, 0, 13.902, 0, 12.5, 0, 4.704, 142, 0, 0, 0, 70, 1.008, 0.019, 0.02, 95, 100.351, 100, 0, 0, 141, 34.233, 33.967, 100, 4.42, 0, 103.117, 0, 0, 103.875, 92.461, 0, 0, 0, 0, 
3.45, 17.709, 100.35, 73.4, 74.21, , 15.332, 0.986, 341.309, 341.309, 4.746, 366.814, 366.814, 366.814, 51.431, 81.404, 35.135, 35.6, 7.381, 12.504, 0, 0, 88.913, 90.179, 88.913, 90.179, 1, 92.326, 92.326, 0.025, 0.136, 98.485, 99.893, 98.485, 99.893, 6.239, 7.381, 12.504, , , 1, 3.501, 0, 0, 12.5, 4.746, 142, 0, 0, 0, 70, 19.805, 19.933, 95, 100.269, 100, 0, 0, 34.298, 34.095, 100, 4.422, 103.68, 0, 0, 104.382, 92.941, 0, 0, 0, 0, 0, 13.9, 0, 12.5, 0, 4.746, 142, 0, 0, 0, 70, 1.008, 0.02, 0.02, 95, 100.268, 100, 0, 0, 141, 34.298, 34.095, 100, 4.422, 0, 103.68, 0, 0, 104.382, 92.941, 0, 0, 0, 0, 
3.5, 17.709, 100.35, 73.4, 74.21, , 15.253, 0.986, 350.182, 350.182, 4.788, 364.97, 364.97, 364.97, 51.452, 82.268, 35.279, 35.6, 7.381, 12.424, 0, 0, 89.417, 90.694, 89.417, 90.694, 1, 93.185, 93.185, 0.025, 0.137, 97.949, 99.348, 97.949, 99.348, 6.263, 7.381, 12.424, , , 1, 3.551, 0, 0, 12.5, 4.788, 142, 0, 0, 0, 70, 19.882, 20.003, 95, 100.185, 100, 0, 0, 34.355, 34.209, 100, 4.424, 104.191, 0, 0, 104.836, 93.365, 0, 0, 0, 0, 0, 13.9, 0, 12.5, 0, 4.788, 142, 0, 0, 0, 70, 1.008, 0.02, 0.02, 95, 100.184, 100, 0, 0, 141, 34.355, 34.209, 100, 4.424, 0, 104.191, 0, 0, 104.836, 93.365, 0, 0, 0, 0, 
3.55, 17.71, 100.35, 73.4, 74.21, , 15.195, 0.986, 356.854, 356.854, 4.83, 363.602, 363.602, 363.602, 51.46, 83.132, 35.423, 35.6, 7.381, 12.347, 0, 0, 89.791, 91.074, 89.791, 91.074, 1, 93.94, 93.94, 0.025, 0.137, 97.565, 98.957, 97.565, 98.957, 6.287, 7.381, 12.347, , , 1, 3.601, 0, 0, 12.5, 4.83, 142, 0, 0, 0, 70, 19.959, 20.072, 95, 100.1, 100, 0, 0, 34.411, 34.323, 100, 4.426, 104.702, 0, 0, 105.291, 93.789, 0, 0, 0, 0, 0, 13.9, 0, 12.5, 0, 4.83, 142, 0, 0, 0, 70, 1.008, 0.02, 0.02, 95, 100.1, 100, 0, 0, 141, 34.411, 34.323, 100, 4.426, 0, 104.702, 0, 0, 105.291, 93.789, 0, 0, 0, 0, 
3.6, 17.711, 100.35, 73.4, 74.21, , 15.101, 0.986, 363.71, 363.71, 4.872, 361.4, 361.4, 361.4, 51.462, 83.996, 35.567, 35.6, 7.382, 12.274, 0, 0, 89.955, 91.241, 89.955, 91.241, 1, 94.685, 94.685, 0.025, 0.137, 96.97, 98.355, 96.97, 98.355, 6.311, 7.382, 12.274, , , 1, 3.651, 0, 0, 12.5, 4.872, 142, 0, 0, 0, 70, 20.037, 20.141, 95, 100.016, 100, 0, 0, 34.468, 34.436, 100, 4.429, 105.214, 0, 0, 105.745, 94.213, 0, 0, 0, 0, 0, 13.9, 0, 12.5, 0, 4.872, 142, 0, 0, 0, 70, 1.008, 0.02, 0.02, 95, 100.015, 100, 0, 0, 141, 34.468, 34.436, 100, 4.429, 0, 105.214, 0, 0, 105.745, 94.213, 0, 0, 0, 0, 
3.65, 17.712, 100.35, 73.4, 74.21, , 15.016, 0.986, 370.578, 370.578, 4.913, 359.424, 359.424, 359.424, 51.457, 84.86, 35.711, 35.6, 7.382, 12.208, 0, 0, 90.172, 91.459, 90.172, 91.459, 1, 95.428, 95.428, 0.025, 0.137, 96.449, 97.826, 96.449, 97.826, 6.337, 7.382, 12.208, , , 1, 3.701, 0, 0, 12.5, 4.913, 142, 0, 0, 0, 70, 20.064, 20.162, 94.754, 99.899, 100, 0, 0, 34.523, 34.454, 100, 4.428, 105.614, 0, 0, 106.114, 94.989, 0, 0, 0, 0, 0, 13.9, 0, 12.5, 0, 4.913, 142, 0, 0, 0, 70, 1.008, 0.02, 0.02, 94.754, 99.899, 100, 0, 0, 141, 34.523, 34.454, 100, 4.428, 0, 105.614, 0, 0, 106.114, 94.989, 0, 0, 0, 0, 
3.7, 17.712, 100.35, 73.4, 74.21, , 14.967, 0.986, 377.445, 377.445, 4.952, 358.278, 358.278, 358.278, 51.455, 85.724, 35.63, 35.581, 7.382, 12.148, 0, 0, 90.576, 91.87, 90.576, 91.87, 1, 96.162, 96.162, 0.025, 0.136, 96.145, 97.518, 96.145, 97.518, 6.374, 7.382, 12.148, , , 1, 3.751, 0, 0, 12.5, 4.952, 142, 0, 0, 0, 70, 20.026, 20.122, 94.193, 99.746, 100, 0, 0, 34.575, 34.351, 100, 4.424, 105.873, 0, 0, 106.373, 96.214, 0, 0, 0, 0, 0, 13.9, 0, 12.5, 0, 4.952, 142, 0, 0, 0, 70, 1.008, 0.02, 0.02, 94.193, 99.746, 100, 0, 0, 141, 34.575, 34.351, 100, 4.424, 0, 105.873, 0, 0, 106.373, 96.214, 0, 0, 0, 0, 
3.75, 17.713, 100.35, 73.4, 74.21, , 14.924, 0.986, 384.313, 384.313, 4.991, 357.276, 357.276, 357.276, 51.459, 86.588, 35.342, 35.545, 7.382, 12.095, 0, 0, 91.01, 92.309, 91.01, 92.309, 1, 96.893, 96.893, 0.025, 0.136, 95.87, 97.239, 95.87, 97.239, 6.41, 7.382, 12.095, , , 1, 3.801, 0, 0, 12.5, 4.991, 142, 0, 0, 0, 70, 19.989, 20.081, 93.633, 99.592, 100, 0, 0, 34.627, 34.247, 100, 4.42, 106.133, 0, 0, 106.633, 97.439, 0, 0, 0, 0, 0, 13.9, 0, 12.5, 0, 4.991, 142, 0, 0, 0, 70, 1.008, 0.02, 0.02, 93.633, 99.592, 100, 0, 0, 141, 34.627, 34.247, 100, 4.42, 0, 106.133, 0, 0, 106.633, 97.439, 0, 0, 0, 0, 
3.8, 17.714, 100.35, 73.4, 74.21, , 14.882, 0.986, 391.36, 391.36, 5.03, 356.314, 356.314, 356.314, 51.469, 87.452, 35.054, 35.509, 7.382, 12.051, 0, 0, 91.453, 92.757, 91.453, 92.757, 1, 97.622, 97.622, 0.024, 0.136, 95.592, 96.957, 95.592, 96.957, 6.447, 7.382, 12.051, , , 1, 3.851, 0, 0, 12.5, 5.03, 142, 0, 0, 0, 70, 19.952, 20.041, 93.073, 99.439, 100, 0, 0, 34.678, 34.143, 100, 4.416, 106.392, 0, 0, 106.892, 98.664, 0, 0, 0, 0, 0, 13.9, 0, 12.5, 0, 5.03, 142, 0, 0, 0, 70, 1.008, 0.02, 0.02, 93.073, 99.439, 100, 0, 0, 141, 34.678, 34.143, 100, 4.416, 0, 106.392, 0, 0, 106.892, 98.664, 0, 0, 0, 0, 
3.85, 17.715, 100.349, 73.4, 74.21, , 14.823, 0.986, 398.436, 398.436, 5.069, 354.931, 354.931, 354.931, 51.487, 88.316, 34.766, 35.473, 7.38, 12.024, 0, 0, 91.776, 93.084, 91.776, 93.084, 1, 98.35, 98.35, 0.024, 0.136, 95.19, 96.549, 95.19, 96.549, 6.483, 7.38, 12.024, , , 1, 3.901, 0, 0, 12.5, 5.069, 142, 0, 0, 0, 70, 19.914, 20, 92.513, 99.285, 100, 0, 0, 34.73, 34.039, 100, 4.412, 106.651, 0, 0, 107.151, 99.889, 0, 0, 0, 0, 0, 13.9, 0, 12.5, 0, 5.069, 142, 0, 0, 0, 70, 1.008, 0.02, 0.02, 92.513, 99.285, 100, 0, 0, 141, 34.73, 34.039, 100, 4.412, 0, 106.651, 0, 0, 107.151, 99.889, 0, 0, 0, 0, 
3.9, 17.715, 100.349, 73.4, 74.21, , 14.748, 0.986, 405.512, 405.512, 5.109, 353.188, 353.188, 353.188, 51.51, 89.18, 34.478, 35.437, 7.379, 12.009, 0, 0, 91.996, 93.31, 91.996, 93.31, 1, 99.086, 99.086, 0.024, 0.135, 94.681, 96.032, 94.681, 96.032, 6.518, 7.379, 12.009, , , 1, 3.95, 0, 0, 12.5, 5.109, 142, 0, 0, 0, 70, 19.778, 19.862, 92.183, 99.18, 100, 0, 0, 34.782, 33.968, 100, 4.41, 106.199, 0, 0, 106.666, 100.838, 0, 0, 0, 0, 0, 13.9, 0, 12.5, 0, 5.109, 142, 0, 0, 0, 70, 1.008, 0.019, 0.02, 92.183, 99.131, 100, 0, 0, 141, 34.782, 33.968, 100, 4.41, 0, 106.199, 0, 0, 106.666, 100.838, 0, 0, 0, 0, 
3.95, 17.716, 100.349, 73.4, 74.21, , 14.685, 0.986, 412.711, 412.711, 5.149, 351.706, 351.706, 351.706, 51.534, 90.044, 34.415, 35.532, 7.378, 12.018, 0, 0, 92.282, 93.6, 92.282, 93.6, 1, 99.807, 99.807, 0.024, 0.135, 94.24, 95.584, 94.24, 95.584, 6.553, 7.378, 12.018, , , 1, 4.001, 0, 0, 12.5, 5.149, 142, 0, 0, 0, 70, 19.581, 19.665, 91.995, 99.103, 100, 0, 0, 34.835, 33.915, 100, 4.41, 105.31, 0, 0, 105.725, 101.617, 0, 0, 0, 0, 0, 13.9, 0, 12.5, 0, 5.149, 142, 0, 0, 0, 70, 1.008, 0.019, 0.02, 91.995, 98.976, 100, 0, 0, 141, 34.835, 33.915, 100, 4.41, 0, 105.31, 0, 0, 105.725, 101.617, 0, 0, 0, 0, 
4, 17.717, 100.348, 73.4, 74.21, , 14.598, 0.986, 419.862, 419.862, 5.189, 349.676, 349.676, 349.676, 51.556, 90.908, 34.559, 35.748, 7.378, 12.036, 0, 0, 92.406, 93.727, 92.406, 93.727, 1, 100.523, 100.523, 0.024, 0.135, 93.655, 94.992, 93.655, 94.992, 6.588, 7.378, 12.036, , , 1, 4.051, 0, 0, 12.5, 5.189, 142, 0, 0, 0, 70, 19.385, 19.467, 91.807, 99.026, 100, 0, 0, 34.887, 33.863, 100, 4.41, 104.421, 0, 0, 104.783, 102.397, 0, 0, 0, 0, 0, 13.9, 0, 12.5, 0, 5.189, 142, 0, 0, 0, 70, 1.008, 0.019, 0.02, 91.807, 98.821, 100, 0, 0, 141, 34.887, 33.863, 100, 4.41, 0, 104.421, 0, 0, 104.783, 102.397, 0, 0, 0, 0, 
4.05, 17.718, 100.348, 73.4, 74.21, , 14.536, 0.986, 427.159, 427.159, 5.229, 348.235, 348.235, 348.235, 51.579, 91.772, 34.703, 35.964, 7.377, 12.074, 0, 0, 92.688, 94.014, 92.688, 94.014, 1, 101.239, 101.239, 0.024, 0.135, 93.229, 94.561, 93.229, 94.561, 6.622, 7.377, 12.074, , , 1, 4.1, 0, 0, 12.5, 5.229, 142, 0, 0, 0, 70, 19.188, 19.269, 91.618, 98.948, 100, 0, 0, 34.939, 33.811, 100, 4.41, 103.531, 0, 0, 103.842, 103.176, 0, 0, 0, 0, 0, 13.9, 0, 12.5, 0, 5.229, 142, 0, 0, 0, 70, 1.008, 0.019, 0.02, 91.618, 98.666, 100, 0, 0, 141, 34.939, 33.811, 100, 4.41, 0, 103.531, 0, 0, 103.842, 103.176, 0, 0, 0, 0, 
4.1, 17.719, 100.348, 73.4, 74.21, , 14.508, 0.986, 434.536, 434.536, 5.269, 347.604, 347.604, 347.604, 51.598, 92.636, 34.847, 36.18, 7.377, 12.118, 0, 0, 93.177, 94.509, 93.177, 94.509, 1, 101.951, 101.951, 0.024, 0.135, 93.026, 94.355, 93.026, 94.355, 6.644, 7.377, 12.118, , , 1, 4.151, 0, 0, 12.5, 5.269, 142, 0, 0, 0, 70, 18.991, 19.072, 91.43, 98.871, 100, 0, 0, 34.992, 33.758, 100, 4.41, 102.642, 0, 0, 102.901, 103.955, 0, 0, 0, 0, 0, 13.9, 0, 12.5, 0, 5.269, 142, 0, 0, 0, 70, 1.008, 0.019, 0.02, 91.43, 98.512, 100, 0, 0, 141, 34.992, 33.758, 100, 4.41, 0, 102.642, 0, 0, 102.901, 103.955, 0, 0, 0, 0, 
4.15, 17.719, 100.347, 73.4, 74.21, , 14.433, 0.986, 441.898, 441.898, 5.291, 345.829, 345.829, 345.829, 51.613, 92.659, 34.991, 36.396, 7.378, 12.178, 0, 0, 93.346, 94.68, 93.346, 94.68, 1, 102.669, 102.669, 0.024, 0.135, 92.523, 93.845, 92.523, 93.845, 6.664, 7.378, 12.178, , , 1, 4.201, 0, 0, 12.5, 5.291, 142, 0, 0, 0, 70, 18.876, 18.954, 91.4, 98.728, 100, 0, 0, 35, 33.706, 100, 4.41, 102.15, 0, 0, 102.356, 104.351, 0, 0, 0, 0, 0, 13.9, 0, 12.5, 0, 5.291, 142, 0, 0, 0, 70, 1.008, 0.018, 0.019, 91.4, 98.424, 100, 0, 0, 141, 35, 33.706, 100, 4.41, 0, 102.15, 0, 0, 102.356, 104.351, 0, 0, 0, 0, 
4.2, 17.72, 100.347, 73.4, 74.21, , 14.356, 0.986, 449.298, 449.298, 5.311, 344.033, 344.033, 344.033, 51.625, 89.701, 35.06, 36.294, 7.378, 12.24, 0, 0, 93.495, 94.831, 93.495, 94.831, 1, 103.382, 103.382, 0.024, 0.135, 92.022, 93.336, 92.022, 93.336, 6.683, 7.378, 12.24, , , 1, 4.251, 0, 0, 12.5, 5.311, 142, 0, 0, 0, 70, 18.776, 18.852, 91.4, 98.574, 100, 0, 0, 35, 33.654, 100, 4.41, 101.733, 0, 0, 101.888, 104.674, 0, 0, 0, 0, 0, 13.9, 0, 12.5, 0, 5.311, 142, 0, 0, 0, 70, 1.008, 0.018, 0.019, 91.4, 98.347, 100, 0, 0, 141, 35, 33.654, 100, 4.41, 0, 101.733, 0, 0, 101.888, 104.674, 0, 0, 0, 0, 
4.25, 17.72, 100.346, 73.4, 74.208, , 14.298, 0.986, 456.83, 456.83, 5.331, 342.682, 342.682, 342.682, 51.633, 86.744, 35.06, 35.898, 7.38, 12.306, 0, 0, 93.765, 95.104, 93.765, 95.104, 1, 104.08, 104.08, 0.024, 0.135, 91.647, 92.956, 91.647, 92.956, 6.702, 7.38, 12.306, , , 1, 4.301, 0, 0, 12.5, 5.331, 142, 0, 0, 0, 70, 18.676, 18.75, 91.4, 98.421, 100, 0, 0, 35, 33.602, 100, 4.41, 101.317, 0, 0, 101.419, 104.997, 0, 0, 0, 0, 0, 13.9, 0, 12.5, 0, 5.331, 142, 0, 0, 0, 70, 1.008, 0.018, 0.019, 91.4, 98.27, 100, 0, 0, 141, 35, 33.602, 100, 4.41, 0, 101.317, 0, 0, 101.419, 104.997, 0, 0, 0, 0, 
4.3, 17.72, 100.346, 73.4, 74.207, , 14.19, 0.986, 464.363, 464.363, 5.35, 340.15, 340.15, 340.15, 51.635, 83.786, 35.06, 35.502, 7.382, 12.373, 0, 0, 93.703, 95.041, 93.703, 95.041, 1, 104.784, 104.784, 0.025, 0.135, 90.966, 92.264, 90.966, 92.264, 6.739, 7.382, 12.373, , , 1, 4.351, 0, 0, 12.5, 5.35, 142, 0, 0, 0, 70, 18.576, 18.648, 91.4, 98.267, 100, 0, 0, 35, 33.55, 100, 4.41, 100.9, 0, 0, 100.95, 105.32, 0, 0, 0, 0, 0, 13.9, 0, 12.5, 0, 5.35, 142, 0, 0, 0, 70, 1.008, 0.018, 0.019, 91.4, 98.192, 100, 0, 0, 141, 35, 33.55, 100, 4.41, 0, 100.9, 0, 0, 100.95, 105.32, 0, 0, 0, 0, 
4.35, 17.72, 100.346, 73.4, 74.205, , 14.081, 0.986, 471.98, 471.98, 5.37, 337.59, 337.59, 337.59, 51.635, 80.828, 35.06, 35.106, 7.384, 12.441, 0, 0, 93.618, 94.954, 93.618, 94.954, 1, 105.498, 105.498, 0.025, 0.135, 90.284, 91.572, 90.284, 91.572, 6.789, 7.384, 12.441, , , 1, 4.401, 0, 0, 12.5, 5.37, 142, 0, 0, 0, 70, 18.478, 18.548, 91.4, 98.109, 100, 0, 0, 35.004, 33.5, 100, 4.41, 100.485, 0, 0, 100.485, 105.659, 0, 0, 0, 0, 0, 13.9, 0, 12.5, 0, 5.37, 142, 0, 0, 0, 70, 1.008, 0.018, 0.019, 91.4, 98.103, 100, 0, 0, 141, 35.004, 33.5, 100, 4.41, 0, 100.485, 0, 0, 100.485, 105.659, 0, 0, 0, 0, 
4.4, 17.72, 100.345, 73.4, 74.204, , 13.97, 0.986, 481.943, 481.943, 5.406, 334.996, 334.996, 334.996, 51.633, 77.87, 35.06, 34.71, 7.387, 12.504, 0, 0, 93.688, 95.026, 93.688, 95.026, 1, 106.383, 106.383, 0.025, 0.136, 89.593, 90.872, 89.593, 90.872, 6.839, 7.387, 12.504, , , 1, 4.45, 0, 0, 12.5, 5.406, 142, 0, 0, 0, 70, 18.428, 18.504, 91.4, 97.825, 100, 0, 0, 35.1, 33.5, 100, 4.41, 100.1, 0, 0, 100.1, 106.376, 0, 0, 0, 0, 0, 13.9, 0, 12.5, 0, 5.406, 142, 0, 0, 0, 70, 1.008, 0.018, 0.019, 91.4, 97.82, 100, 0, 0, 141, 35.1, 33.5, 100, 4.41, 0, 100.1, 0, 0, 100.1, 106.376, 0, 0, 0, 0, 
4.45, 17.72, 100.345, 73.4, 74.202, , 13.92, 0.986, 489.596, 489.596, 5.442, 333.819, 333.819, 333.819, 51.637, 74.912, 35.079, 34.632, 7.389, 12.552, 0, 0, 93.96, 95.301, 93.96, 95.301, 1, 107.063, 107.063, 0.025, 0.136, 89.271, 90.546, 89.271, 90.546, 6.889, 7.389, 12.552, , , 1, 4.501, 0, 0, 12.5, 5.442, 142, 0, 0, 0, 70, 18.378, 18.46, 91.4, 97.541, 100, 0, 0, 35.196, 33.5, 100, 4.41, 99.715, 0, 0, 99.715, 107.093, 0, 0, 0, 0, 0, 13.9, 0, 12.5, 0, 5.442, 142, 0, 0, 0, 70, 1.008, 0.018, 0.019, 91.4, 97.538, 100, 0, 0, 141, 35.196, 33.5, 100, 4.41, 0, 99.715, 0, 0, 99.715, 107.093, 0, 0, 0, 0, 
4.5, 17.72, 100.344, 73.4, 74.201, , 13.816, 0.986, 497.355, 497.355, 5.478, 331.381, 331.381, 331.381, 51.648, 71.954, 35.115, 34.848, 7.39, 12.594, 0, 0, 93.869, 95.209, 93.869, 95.209, 1, 107.749, 107.749, 0.025, 0.136, 88.602, 89.867, 88.602, 89.867, 6.942, 7.39, 12.594, , , 1, 4.551, 0, 0, 12.5, 5.478, 142, 0, 0, 0, 70, 18.328, 18.416, 91.4, 97.257, 100, 0, 0, 35.292, 33.5, 100, 4.41, 99.331, 0, 0, 99.331, 107.811, 0, 0, 0, 0, 0, 13.9, 0, 12.5, 0, 5.478, 142, 0, 0, 0, 70, 1.008, 0.018, 0.018, 91.4, 97.255, 100, 0, 0, 141, 35.292, 33.5, 100, 4.41, 0, 99.331, 0, 0, 99.331, 107.811, 0, 0, 0, 0, 
4.55, 17.72, 100.344, 73.4, 74.199, , 13.722, 0.986, 505.138, 505.138, 5.514, 329.176, 329.176, 329.176, 51.664, 68.997, 35.151, 35.064, 7.39, 12.618, 0, 0, 93.831, 95.172, 93.831, 95.172, 1, 108.426, 108.426, 0.025, 0.136, 87.984, 89.239, 87.984, 89.239, 7.002, 7.39, 12.618, , , 1, 4.601, 0, 0, 12.5, 5.514, 142, 0, 0, 0, 70, 18.278, 18.371, 91.4, 96.974, 100, 0, 0, 35.388, 33.5, 100, 4.41, 98.946, 0, 0, 98.946, 108.528, 0, 0, 0, 0, 0, 13.9, 0, 12.5, 0, 5.514, 142, 0, 0, 0, 70, 1.008, 0.018, 0.018, 91.4, 96.972, 100, 0, 0, 141, 35.388, 33.5, 100, 4.41, 0, 98.946, 0, 0, 98.946, 108.528, 0, 0, 0, 0, 
4.6, 17.72, 100.344, 73.4, 74.198, , 13.638, 0.986, 513.056, 513.056, 5.549, 327.213, 327.213, 327.213, 51.688, 66.039, 35.187, 35.28, 7.39, 12.637, 0, 0, 93.854, 95.195, 93.854, 95.195, 1, 109.107, 109.107, 0.025, 0.136, 87.419, 88.666, 87.419, 88.666, 7.061, 7.39, 12.637, , , 1, 4.651, 0, 0, 12.5, 5.549, 142, 0, 0, 0, 70, 18.228, 18.327, 91.4, 96.69, 100, 0, 0, 35.485, 33.5, 100, 4.41, 98.562, 0, 0, 98.562, 109.245, 0, 0, 0, 0, 0, 13.9, 0, 12.5, 0, 5.55, 142, 0, 0, 0, 70, 1.008, 0.018, 0.018, 91.4, 96.69, 100, 0, 0, 141, 35.485, 33.5, 100, 4.41, 0, 98.562, 0, 0, 98.562, 109.245, 0, 0, 0, 0, 
4.65, 17.72, 100.343, 73.4, 74.196, , 13.495, 0.986, 520.947, 520.947, 5.602, 323.839, 323.839, 323.839, 51.717, 63.081, 35.223, 35.496, 7.389, 12.639, 0, 0, 93.449, 94.785, 93.449, 94.785, 1, 109.766, 109.766, 0.025, 0.137, 86.467, 87.701, 86.467, 87.701, 7.12, 7.389, 12.639, , , 1, 4.701, 0, 0, 12.5, 5.602, 142, 0, 0, 0, 70, 18.22, 18.327, 91.098, 96.555, 100, 0, 0, 35.416, 33.5, 100, 4.41, 98.668, 0, 0, 98.752, 109.987, 0, 0, 0, 0, 0, 13.9, 0, 12.5, 0, 5.603, 142, 0, 0, 0, 70, 1.008, 0.018, 0.018, 91.098, 96.586, 100, 0, 0, 141, 35.416, 33.5, 100, 4.41, 0, 98.668, 0, 0, 98.752, 109.987, 0, 0, 0, 0, 
4.7, 17.72, 100.343, 73.4, 74.195, , 13.379, 0.986, 528.837, 528.837, 5.658, 321.115, 321.115, 321.115, 51.746, 60.123, 35.221, 35.488, 7.388, 12.637, 0, 0, 93.22, 94.552, 93.22, 94.552, 1, 110.437, 110.437, 0.025, 0.137, 85.692, 86.915, 85.692, 86.915, 7.179, 7.388, 12.637, , , 1, 4.751, 0, 0, 12.5, 5.658, 142, 0, 0, 0, 70, 18.22, 18.335, 90.738, 96.444, 100, 0, 0, 35.316, 33.5, 100, 4.41, 98.868, 0, 0, 99.052, 110.733, 0, 0, 0, 0, 0, 13.9, 0, 12.5, 0, 5.659, 142, 0, 0, 0, 70, 1.008, 0.018, 0.018, 90.738, 96.512, 100, 0, 0, 141, 35.316, 33.5, 100, 4.41, 0, 98.868, 0, 0, 99.052, 110.733, 0, 0, 0, 0, 
4.75, 17.72, 100.343, 73.4, 74.193, , 13.248, 0.986, 536.889, 536.889, 5.714, 318.048, 318.048, 318.048, 51.774, 57.165, 35.185, 35.273, 7.387, 12.619, 0, 0, 92.881, 94.207, 92.881, 94.207, 1, 111.097, 111.097, 0.025, 0.137, 84.826, 86.038, 84.826, 86.038, 7.238, 7.387, 12.619, , , 1, 4.8, 0, 0, 12.5, 5.714, 142, 0, 0, 0, 70, 18.22, 18.343, 90.378, 96.334, 100, 0, 0, 35.216, 33.5, 100, 4.41, 99.068, 0, 0, 99.352, 111.479, 0, 0, 0, 0, 0, 13.9, 0, 12.5, 0, 5.715, 142, 0, 0, 0, 70, 1.008, 0.018, 0.018, 90.378, 96.438, 100, 0, 0, 141, 35.216, 33.5, 100, 4.41, 0, 99.068, 0, 0, 99.352, 111.479, 0, 0, 0, 0, 
4.8, 17.72, 100.342, 73.4, 74.192, , 13.116, 0.986, 544.94, 544.94, 5.77, 314.923, 314.923, 314.923, 51.801, 54.207, 35.15, 35.058, 7.386, 12.599, 0, 0, 92.508, 93.829, 92.508, 93.829, 1, 111.747, 111.747, 0.025, 0.136, 83.949, 85.148, 83.949, 85.148, 7.297, 7.386, 12.599, , , 1, 4.851, 0, 0, 12.5, 5.77, 142, 0, 0, 0, 70, 18.22, 18.351, 90.018, 96.223, 100, 0, 0, 35.116, 33.5, 100, 4.41, 99.268, 0, 0, 99.652, 112.225, 0, 0, 0, 0, 0, 13.9, 0, 12.5, 0, 5.77, 142, 0, 0, 0, 70, 1.008, 0.018, 0.018, 90.018, 96.364, 100, 0, 0, 141, 35.116, 33.5, 100, 4.41, 0, 99.268, 0, 0, 99.652, 112.225, 0, 0, 0, 0, 
4.85, 17.72, 100.342, 73.4, 74.19, , 12.977, 0.986, 553.061, 553.061, 5.826, 311.653, 311.653, 311.653, 51.828, 51.25, 35.114, 34.843, 7.387, 12.566, 0, 0, 92.076, 93.39, 92.076, 93.39, 1, 112.387, 112.387, 0.025, 0.136, 83.035, 84.222, 83.035, 84.222, 7.356, 7.387, 12.566, , , 1, 4.901, 0, 0, 12.5, 5.826, 142, 0, 0, 0, 70, 18.22, 18.359, 89.658, 96.113, 100, 0, 0, 35.016, 33.5, 100, 4.41, 99.468, 0, 0, 99.952, 112.971, 0, 0, 0, 0, 0, 13.9, 0, 12.5, 0, 5.826, 142, 0, 0, 0, 70, 1.008, 0.018, 0.018, 89.658, 96.29, 100, 0, 0, 141, 35.016, 33.5, 100, 4.41, 0, 99.468, 0, 0, 99.952, 112.971, 0, 0, 0, 0, 
4.9, 17.72, 100.341, 73.4, 74.189, , 12.878, 0.986, 561.204, 561.204, 5.85, 309.339, 309.339, 309.339, 51.85, 55.771, 35.078, 34.628, 7.388, 12.531, 0, 0, 91.911, 93.222, 91.911, 93.222, 1, 113.025, 113.025, 0.025, 0.136, 82.383, 83.56, 82.383, 83.56, 7.415, 7.388, 12.531, , , 1, 4.951, 0, 0, 12.5, 5.85, 142, 0, 0, 0, 70, 18.239, 18.37, 89.6, 96.063, 100, 0, 0, 35.087, 33.5, 100, 4.41, 99.674, 0, 0, 100.174, 113.632, 0, 0, 0, 0, 0, 13.9, 0, 12.5, 0, 5.85, 142, 0, 0, 0, 70, 1.008, 0.018, 0.018, 89.6, 96.214, 100, 0, 0, 141, 35.087, 33.5, 100, 4.41, 0, 99.674, 0, 0, 100.174, 113.632, 0, 0, 0, 0, 
4.95, 17.72, 100.341, 73.4, 74.187, , 12.77, 0.986, 569.405, 569.405, 5.868, 306.8, 306.8, 306.8, 51.867, , 35.096, 34.574, 7.389, 12.485, 0, 0, 91.671, 92.979, 91.671, 92.979, 1, 113.657, 113.657, 0.024, 0.136, 81.681, 82.848, 81.681, 82.848, 7.471, 7.389, 12.485, , , 1, 5.001, 0, 0, 12.5, 5.868, 142, 0, 0, 0, 70, 18.262, 18.383, 89.6, 96.024, 100, 0, 0, 35.191, 33.5, 100, 4.41, 99.882, 0, 0, 100.382, 114.277, 0, 0, 0, 0, 0, 13.9, 0, 12.5, 0, 5.868, 142, 0, 0, 0, 70, 1.008, 0.018, 0.018, 89.6, 96.137, 100, 0, 0, 141, 35.191, 33.5, 100, 4.41, 0, 99.882, 0, 0, 100.382, 114.277, 0, 0, 0, 0, 
5, 17.72, 100.341, 73.4, 74.186, , 12.697, 0.986, 577.63, 577.63, 5.886, 305.088, 305.088, 305.088, 51.88, , 35.168, 34.681, 7.39, 12.44, 0, 0, 91.662, 92.972, 91.662, 92.972, 1, 114.29, 114.29, 0.024, 0.136, 81.205, 82.366, 81.205, 82.366, 7.527, 7.39, 12.44, , , 1, 5.051, 0, 0, 12.5, 5.886, 142, 0, 0, 0, 70, 18.285, 18.395, 89.6, 95.986, 100, 0, 0, 35.295, 33.5, 100, 4.41, 100.089, 0, 0, 100.589, 114.922, 0, 0, 0, 0, 0, 13.9, 0, 12.5, 0, 5.886, 142, 0, 0, 0, 70, 1.008, 0.018, 0.018, 89.6, 96.06, 100, 0, 0, 141, 35.295, 33.5, 100, 4.41, 0, 100.089, 0, 0, 100.589, 114.922, 0, 0, 0, 0, 
5.05, 17.72, 100.34, 73.4, 74.184, , 12.584, 0.986, 585.917, 585.917, 5.905, 302.446, 302.446, 302.446, 51.888, , 35.239, 34.789, 7.391, 12.408, 0, 0, 91.364, 92.668, 91.364, 92.668, 1, 114.908, 114.908, 0.024, 0.135, 80.49, 81.64, 80.49, 81.64, 7.583, 7.391, 12.408, , , 1, 5.101, 0, 0, 12.5, 5.905, 142, 0, 0, 0, 70, 18.308, 18.408, 89.6, 95.947, 100, 0, 0, 35.398, 33.5, 100, 4.41, 100.297, 0, 0, 100.797, 115.568, 0, 0, 0, 0, 0, 13.9, 0, 12.5, 0, 5.905, 142, 0, 0, 0, 70, 1.008, 0.018, 0.018, 89.6, 95.984, 100, 0, 0, 141, 35.398, 33.5, 100, 4.41, 0, 100.297, 0, 0, 100.797, 115.568, 0, 0, 0, 0, 
5.1, 17.72, , , 74.182, , 11.987, , 594.257, 594.257, 5.923, 288.296, 288.296, 288.296, 51.892, , 35.311, 34.896, 7.392, 12.378, 0, 0, 87.507, 88.756, 87.507, 88.756, 1, 115.521, 115.521, 0.024, 0.135, 76.719, 77.814, 76.719, 77.814, 7.639, 7.392, 12.378, , , 1, 5.151, 0, 0, 12.5, 5.923, 142, 0, 0, 0, 70, 18.325, 18.416, 89.6, 95.898, 100, 0, 0, 35.502, 33.502, 100, 4.41, 100.486, 0, 0, 100.988, 116.212, 0, 0, 0, 0, 0, 13.9, 0, 12.5, 0, 5.923, 142, 0, 0, 0, 70, 1.008, 0.018, 0.018, 89.6, 95.898, 100, 0, 0, 141, 35.502, 33.502, 100, 4.41, 0, 100.486, 0, 0, 100.988, 116.212, 0, 0, 0, 0, 
5.15, 17.72, , , 74.181, , 10.052, , 602.602, 602.602, 5.955, 242.409, 242.409, 242.409, 51.911, , 35.383, 35.004, 7.391, 12.375, 0, 0, 73.828, 74.882, 73.828, 74.882, 1, 116.069, 116.069, 0.024, 0.135, 64.502, 65.425, 64.502, 65.425, 7.671, 7.391, 12.375, , , 1, 5.201, 0, 0, 12.5, 5.955, 142, 0, 0, 0, 70, 18.072, 18.221, 89.6, 95.602, 100, 0, 0, 35.602, 33.602, 100, 4.41, 99.783, 0, 0, 100.386, 116.835, 0, 0, 0, 0, 0, 13.9, 0, 12.5, 0, 5.955, 142, 0, 0, 0, 70, 1.008, 0.018, 0.018, 89.6, 95.601, 100, 0, 0, 141, 35.602, 33.602, 100, 4.41, 0, 99.783, 0, 0, 100.386, 116.835, 0, 0, 0, 0, 
5.2, 17.72, , , 74.179, , 7.959, , 611.102, 611.102, 5.988, 192.781, 192.781, 192.781, 51.935, , 35.437, 35.077, 7.39, 12.382, 0, 0, 58.902, 59.743, 58.902, 59.743, 1, 116.513, 116.513, 0.024, 0.135, 51.287, 52.02, 51.287, 52.02, 7.693, 7.39, 12.382, , , 1, 5.251, 0, 0, 12.5, 5.988, 142, 0, 0, 0, 70, 17.819, 18.027, 89.6, 95.306, 100, 0, 0, 35.703, 33.703, 100, 4.41, 99.08, 0, 0, 99.783, 117.457, 0, 0, 0, 0, 0, 13.9, 0, 12.5, 0, 5.988, 142, 0, 0, 0, 70, 1.008, 0.018, 0.018, 89.6, 95.304, 100, 0, 0, 141, 35.703, 33.703, 100, 4.41, 0, 99.08, 0, 0, 99.783, 117.457, 0, 0, 0, 0, 
5.25, 17.72, , , 74.178, , 5.769, , 619.609, 619.609, 6.02, 140.825, 140.825, 140.825, 51.963, , 35.474, 35.114, 7.388, 12.555, 0, 0, 43.16, 43.775, 43.16, 43.775, 1, 116.86, 116.86, 0.024, 0.134, 37.453, 37.989, 37.453, 37.989, 7.714, 7.388, 12.555, , , 1, 5.301, 0, 0, 12.5, 6.02, 142, 0, 0, 0, 70, 17.566, 17.832, 89.6, 95.01, 100, 0, 0, 35.803, 33.803, 100, 4.41, 98.378, 0, 0, 99.181, 118.08, 0, 0, 0, 0, 0, 13.9, 0, 12.5, 0, 6.02, 142, 0, 0, 0, 70, 1.008, 0.017, 0.017, 89.6, 95.007, 100, 0, 0, 141, 35.803, 33.803, 100, 4.41, 0, 98.378, 0, 0, 99.181, 118.08, 0, 0, 0, 0, 
5.3, 17.72, , , 74.176, , 3.186, , 628.115, 628.115, 6.052, 79.576, 79.576, 79.576, 52.001, , 35.51, 35.15, 7.386, 12.735, 0, 0, 24.45, 24.798, 24.45, 24.798, 1, 117.088, 117.088, 0.024, 0.134, 21.154, 21.457, 21.154, 21.457, 7.736, 7.386, 12.735, , , 1, 5.351, 0, 0, 12.5, 6.052, 142, 0, 0, 0, 70, 17.313, 17.637, 89.6, 94.714, 100, 0, 0, 35.904, 33.904, 100, 4.41, 97.675, 0, 0, 98.578, 118.702, 0, 0, 0, 0, 0, 13.9, 0, 12.5, 0, 6.052, 142, 0, 0, 0, 70, 1.008, 0.017, 0.017, 89.6, 94.709, 100, 0, 0, 141, 35.904, 33.904, 100, 4.41, 0, 97.675, 0, 0, 98.578, 118.702, 0, 0, 0, 0, 
5.35, 17.72, , , 74.175, , 0.185, , 636.677, 636.677, 6.083, 8.377, 8.377, 8.377, 52.06, , 35.546, 35.186, 7.384, 13.087, 0, 0, 2.58, 2.616, 2.58, 2.616, 1, 117.17, 117.17, 0.024, 0.134, 2.253, 2.287, 2.253, 2.287, 7.762, 7.384, 13.087, , , 1, 5.401, 0, 0.003, 12.5, 6.083, 142, 0, 0, 0, 70, 16.939, 17.4, 89.586, 94.364, 100, 0, 0, 36.015, 34.027, 99.784, 4.401, 97.027, 0, 0, 98.027, 119.295, 0, 0, 0, 0, 0, 13.9, 0.003, 12.5, 0, 6.083, 142, 0, 0, 0, 70, 1.008, 0.017, 0.017, 89.586, 94.332, 100, 0, 0, 141, 36.015, 34.027, 99.784, 4.401, 0, 97.027, 0, 0, 98.027, 119.295, 0, 0, 0, 0, 
5.4, 17.72, , , 74.173, , -2.24, , 645.294, 645.294, 6.091, -49.145, -49.145, -49.145, 52.122, , 35.583, 35.223, 7.382, 13.444, 0, 0, -15.089, -15.305, -15.089, -15.305, 1, 117.114, 117.114, 0.024, 0.134, -7.037, -7.136, -7.037, -7.136, 7.793, 7.382, 13.444, , , 1, 5.451, 0, 0.084, 12.5, 6.091, 142, 0, 0, 0, 70, 13.656, 16.142, 89.24, 92.725, 100, 0, 0, 36.4, 34.7, 94.378, 4.168, 97.7, 0, 0, 98.7, 119.176, 0, 0, 0, 0, 0, 13.9, 0.084, 12.5, 0, 6.091, 142, 0, 0, 0, 70, 1.008, 0.014, 0.016, 89.24, 92.699, 100, 0, 0, 141, 36.4, 34.7, 94.378, 4.168, 0, 97.7, 0, 0, 98.7, 119.176, 0, 0, 0, 0, 
5.45, 17.72, , , 74.172, , -4.123, , 653.8, 653.8, 6.099, -93.838, -93.838, -93.838, 52.153, , 35.488, 35.334, 7.381, 14.037, 0, 0, -28.787, -29.199, -28.787, -29.199, 1, 116.953, 116.953, 0.024, 0.135, -13.818, -14.013, -13.818, -14.013, 7.824, 7.381, 14.037, , , 1, 5.501, 0, 0.165, 12.5, 6.099, 142, 0, 0, 0, 70, 10.373, 14.884, 88.894, 91.086, 100, 0, 0, 36.785, 35.373, 88.973, 3.935, 98.373, 0, 0, 99.373, 119.057, 0, 0, 0, 0, 0, 13.9, 0.165, 12.5, 0, 6.099, 142, 0, 0, 0, 70, 1.008, 0.01, 0.015, 88.894, 91.067, 100, 0, 0, 141, 36.785, 35.373, 88.973, 3.935, 0, 98.373, 0, 0, 99.373, 119.057, 0, 0, 0, 0, 
5.5, 17.72, , , 74.17, , -5.703, , 662.448, 662.448, 6.106, -131.331, -131.331, -131.331, 52.202, , 35.272, 35.514, 7.38, 14.63, 0, 0, -40.253, -40.827, -40.253, -40.827, 1, 116.704, 116.704, 0.024, 0.135, -25.275, -25.633, -25.275, -25.633, 7.855, 7.38, 14.63, , , 1, 5.551, 0, 0.246, 12.5, 6.106, 142, 0, 0, 0, 70, 7.091, 13.627, 88.548, 89.447, 100, 0, 0, 37.169, 36.046, 83.568, 3.703, 99.046, 0, 0, 100.046, 118.938, 0, 0, 0, 0, 0, 13.9, 0.246, 12.5, 0, 6.106, 142, 0, 0, 0, 70, 1.008, 0.007, 0.013, 88.548, 89.434, 100, 0, 0, 141, 37.169, 36.046, 83.568, 3.703, 0, 99.046, 0, 0, 100.046, 118.938, 0, 0, 0, 0, 
5.55, , , , , , -6.819, , 671.096, 671.096, 6.114, -157.817, -157.817, -157.817, 52.281, , 35.056, 35.694, 7.38, 15.278, 0, 0, -48.3, -48.99, -48.3, -48.99, 1, 116.388, 116.388, 0.025, 0.135, -43.983, -44.607, -43.983, -44.607, 7.885, 7.38, 15.278, , , 1, 5.601, 0, 0.326, 12.5, 6.114, 142, 0, 0, 0, 70, 3.808, 12.369, 88.202, 87.808, 100, 0, 0, 37.554, 36.719, 78.162, 3.47, 99.719, 0, 0, 100.719, 118.818, 0, 0, 0, 0, 0, 13.9, 0.326, 12.5, 0, 6.114, 142, 0, 0, 0, 70, 1.008, 0.004, 0.012, 88.202, 87.801, 100, 0, 0, 141, 37.554, 36.719, 78.162, 3.47, 0, 99.719, 0, 0, 100.719, 118.818, 0, 0, 0, 0, 
5.6, , , , , , -6.783, , 679.571, 679.571, 6.122, -156.971, -156.971, -156.971, , , 34.84, 35.874, 7.38, 15.925, 0, 0, -47.935, -48.62, -47.935, -48.62, 1, 116.038, 116.038, 0.025, 0.135, , , , , 7.914, 7.38, 15.925, , , 1, 5.651, 0, 0.407, 12.5, 6.122, 142, 0, 0, 0, 70, 0.525, 11.111, 87.855, 86.169, 100, 0, 0, 37.938, 37.392, 72.757, 3.237, 100.392, 0, 0, 101.392, 118.699, 0, 0, 0, 0, 0, 13.9, 0.407, 12.5, 0, 6.122, 142, 0, 0, 0, 70, 1.008, 0.001, 0.011, 87.855, 86.169, 100, 0, 0, 141, 37.938, 37.392, 72.757, 3.237, 0, 100.392, 0, 0, 101.392, 118.699, 0, 0, 0, 0, 
5.65, , , , , , -6.239, , 684.988, 684.988, , -144.086, -144.086, -144.086, , , 34.624, 36.054, 7.38, 16.301, 0, 0, -43.915, -44.543, -43.915, -44.543, 1, 115.869, 115.869, 0.025, 0.136, , , , , 7.942, 7.38, 16.301, , , 1, 5.694, , , , , , , , , , , , , , , , , , , , , , , , , , , , , , , , , , , , , , , , , , , , , , , , , , , , , , , , , , , , , , , , 
5.7, , , , , , -6.016, , 689.256, 689.256, , -138.79, -138.79, -138.79, , , , , 7.38, 16.665, 0, 0, -42.238, -42.842, -42.238, -42.842, 1, 115.713, 115.713, 0.025, 0.136, , , , , 7.971, 7.38, 16.665, , , 1, 5.719, , , , , , , , , , , , , , , , , , , , , , , , , , , , , , , , , , , , , , , , , , , , , , , , , , , , , , , , , , , , , , , , 
5.75, , , , , , -5.991, , 693.494, 693.494, , -138.217, -138.217, -138.217, , , , , 7.38, 16.999, 0, 0, -42.007, -42.61, -42.007, -42.61, 1, 115.561, 115.561, , , , , , , , 7.38, 16.999, , , 1, 5.744, , , , , , , , , , , , , , , , , , , , , , , , , , , , , , , , , , , , , , , , , , , , , , , , , , , , , , , , , , , , , , , , 
5.8, , , , , , -5.853, , 697.732, 697.732, , -134.933, -134.933, -134.933, , , , , 7.38, 17.331, 0, 0, -40.953, -41.544, -40.953, -41.544, 1, 115.414, 115.414, , , , , , , , 7.38, 17.331, , , 1, 5.769, , , , , , , , , , , , , , , , , , , , , , , , , , , , , , , , , , , , , , , , , , , , , , , , , , , , , , , , , , , , , , , , 
