Time, (DWRT ATMO) Humidity, (DWRT ATMO) Pressure, (DWRT ATMO) Temperature 1, (DWRT ATMO) Temperature 2, (DWRT CPU) ????????????????????????????????????????????????????????????????, (DWRT CPU) Acceleration, (DWRT CPU) Correction Factor, (DWRT CPU) Distance, (DWRT CPU) Distance 1, (DWRT CPU) Engine RPM, (DWRT CPU) Force, (DWRT CPU) Force 1, (DWRT CPU) Force Drum 1, (DWRT CPU) Gear Ratio, (DWRT CPU) Inductive 1 Signal Strength, (DWRT CPU) Internal Temp 1, (DWRT CPU) Internal Temp 2, (DWRT CPU) LC1 Volts Petrol AFR, (DWRT CPU) LC2 Volts Petrol AFR2, (DWRT CPU) Link 0 Status, (DWRT CPU) Link 1 Status, (DWRT CPU) Power, (DWRT CPU) Power (uncorrected), (DWRT CPU) Power Drum 1, (DWRT CPU) Power Drum 1 (uncorrected), (DWRT CPU) Sampling, (DWRT CPU) Speed, (DWRT CPU) Speed 1, (DWRT CPU) TCP RX kB/s, (DWRT CPU) TCP TX kB/s, (DWRT CPU) Torque, (DWRT CPU) Torque (uncorrected), (DWRT CPU) Torque Drum 1, (DWRT CPU) Torque Drum 1 (uncorrected), (DWRT CPU) UDP RX kB/s, (DWRT CPU) User Analog 1, (DWRT CPU) User Analog 2, (DWRT CPU) User Analog 3, (DWRT CPU) User Analog 4, (Gen) Sampling, (Gen) Sampling Duration, (Harley - ECU Type 14 SW Level 141) Accel Enrichment, (Harley - ECU Type 14 SW Level 141) Decel Enleanment, (Harley - ECU Type 14 SW Level 141) Desired Air/Fuel, (Harley - ECU Type 14 SW Level 141) Engine Speed, (Harley - ECU Type 14 SW Level 141) Engine Temperature, (Harley - ECU Type 14 SW Level 141) Front Adaptive Fuel Factor, (Harley - ECU Type 14 SW Level 141) Front Closed Loop Integrator, (Harley - ECU Type 14 SW Level 141) Front Spark Knock Retard, (Harley - ECU Type 14 SW Level 141) Idle Air Control Motor Position, (Harley - ECU Type 14 SW Level 141) Injector Time Front, (Harley - ECU Type 14 SW Level 141) Injector Time Rear, (Harley - ECU Type 14 SW Level 141) Intake Air Temperature, (Harley - ECU Type 14 SW Level 141) Manifold Absolute Pressure, (Harley - ECU Type 14 SW Level 141) Rear Adaptive Fuel Factor, (Harley - ECU Type 14 SW Level 141) Rear Closed Loop Integrator, (Harley - ECU Type 14 SW Level 141) Rear Spark Knock Retard, (Harley - ECU Type 14 SW Level 141) Spark Advance Front, (Harley - ECU Type 14 SW Level 141) Spark Advance Rear, (Harley - ECU Type 14 SW Level 141) Throttle Position, (Harley - ECU Type 14 SW Level 141) Throttle Position Sensor Voltage, (Harley - ECU Type 14 SW Level 141) VE Front, (Harley - ECU Type 14 SW Level 141) VE New Front, (Harley - ECU Type 14 SW Level 141) VE New Rear, (Harley - ECU Type 14 SW Level 141) VE Rear, (Harley - ECU Type 14 SW Level 141) Vehicle Speed, (Harley - ECU Type 14 SW Level 141) WBO2 AFR Front, (Harley - ECU Type 14 SW Level 141) WBO2 AFR Rear, (PV) Accel Enrichment, (PV) AT Lambda 1, (PV) AT Lambda 2, (PV) Battery Voltage, (PV) Decel Enleanment, (PV) Desired Air/Fuel, (PV) Desired Lambda, (PV) Engine Speed, (PV) Engine Temperature, (PV) Front Adaptive Fuel Factor, (PV) Front Closed Loop Integrator, (PV) Front Spark Knock Retard, (PV) Idle Air Control Motor Position, (PV) Idle Set Speed, (PV) Injector Time Front, (PV) Injector Time Rear, (PV) Intake Air Temperature, (PV) Manifold Absolute Pressure, (PV) Rear Adaptive Fuel Factor, (PV) Rear Closed Loop Integrator, (PV) Rear Spark Knock Retard, (PV) Software Level, (PV) Spark Advance Front, (PV) Spark Advance Rear, (PV) Throttle Position, (PV) Throttle Position Sensor, (PV) Twistgrip Position, (PV) VE Front, (PV) VE New Front, (PV) VE New Rear, (PV) VE Rear, (PV) Vehicle Speed, (PV) Warm-up Fuel AFR (Lambda), (PV) Warm-up Fuel AFR (Ratio), (PV) WBO2 AFR Front, (PV) WBO2 AFR Rear, 
0, , , , , , , , , , , , , , , , , , , , , , , , , , , , , , , , , , , , , , , , 1, 0, , , , , , , , , , , , , , , , , , , , , , , , , , , , , , , , , , , , , , , , , , , , , , , , , , , , , , , , , , , , , , , , 
0.05, , , , , , 1.06, , , , , 27.053, 27.053, 27.053, , , , , , , , , , , , , , , , , , , , , , , , , , , 1, 0.026, , , , , , , , , , , , , , , , , , , , , , , , , , , , , , , , , , , , , , , , , , , , , , , , , , , , , , , , , , , , , , , , 
0.1, , , , , , 1.444, , , , , 36.158, 36.158, 36.158, , , 35.385, 36.262, 7.377, 14.922, 0, 0, , , , , 1, 47.38, 47.38, , , , , , , , 7.377, 14.922, , , 1, 0.099, , , , , , , , , , , , , , , , , , , , , , , , , , , , , , , , , , , , , , , , , , , , , , , , , , , , , , , , , , , , , , , , 
0.15, , , , , , 3.751, , 9.063, 9.063, , 90.881, 90.881, 90.881, , , 35.169, 35.902, 7.377, 14.909, 0, 0, 11.403, 11.583, 11.403, 11.583, 1, 47.542, 47.542, , , , , , , , 7.377, 14.909, , , 1, 0.15, , , , , , , , , , , , , , , , , , , , , , , , , , , , , , , , , , , , , , , , , , , , , , , , , , , , , , , , , , , , , , , , 
0.2, , , , , , 5.862, , 14.915, 14.915, , 140.973, 140.973, 140.973, , , 34.953, 35.542, 7.377, 14.814, 0, 0, 17.843, 18.124, 17.843, 18.124, 1, 47.867, 47.867, , , 41.644, 42.298, 41.644, 42.298, , 7.377, 14.814, , , 1, 0.2, , , , , , , , , , , , , , , , , , , , , , , , , , , , , , , , , , , , , , , , , , , , , , , , , , , , , , , , , , , , , , , , 
0.25, , , , , , 7.514, , 20.166, 20.166, 2.49, 180.172, 180.172, 180.172, , , 34.737, 35.182, 7.377, 14.701, 0, 0, 22.984, 23.345, 22.984, 23.345, 1, 48.392, 48.392, 0.025, 0.133, 47.907, 48.659, 47.907, 48.659, 4.837, 7.377, 14.701, , , 1, 0.349, 0.463, 0, 14.3, 2.49, 151, 0, 0, 0, 54.333, 5.438, 6.737, 116.6, 34.269, 100, 0, 0, 32.417, 31.833, 7.886, 0.885, 86.033, 0, 0, 93.107, 48.16, 0, 0, 0.463, 0, 0, 14.1, 0, 14.3, 0, 2.49, 151, 0, 0, 0, 54.333, 1, 0.006, 0.007, 116.6, 34.269, 100, 0, 0, 141, 32.417, 31.833, 7.886, 0.885, 0, 86.057, 0, 0, 93.107, 48.16, 0, 0.3, 0, 0, 
0.3, , , , , , 8.402, , 25.472, 25.472, 2.502, 201.254, 201.254, 201.254, 52.021, , 34.521, 34.822, 7.377, 14.505, 0, 0, 25.855, 26.261, 25.855, 26.261, 1, 48.853, 48.853, 0.025, 0.133, 53.621, 54.463, 53.621, 54.463, 4.85, 7.377, 14.505, , , 1, 0.401, 1.106, 0, 14.3, 2.502, 151, 0, 0, 0, 59.095, 7.579, 8.118, 116.6, 39.364, 100, 0, 0, 34.44, 33.024, 10.505, 1.006, 93.024, 0, 0, 99.505, 48.603, 0, 0, 1.106, 0, 0, 14.1, 0, 14.3, 0, 2.502, 151, 0, 0, 0, 59.095, 1, 0.008, 0.008, 116.6, 39.364, 100, 0, 0, 141, 34.44, 33.024, 10.505, 1.006, 0, 93.081, 0, 0, 99.505, 48.603, 0, 0.3, 0, 0, 
0.35, 18.99, , , 72.271, , 9.091, , 29.08, 29.08, 2.515, 217.616, 217.616, 217.616, 51.812, , 34.386, 34.543, 7.377, 14.287, 0, 0, 28.203, 28.645, 28.203, 28.645, 1, 49.282, 49.282, 0.025, 0.133, 58.126, 59.039, 58.126, 59.039, 4.863, 7.377, 14.287, , , 1, 0.451, 1.749, 0, 14.3, 2.515, 151, 0, 0, 0, 63.857, 9.719, 9.499, 116.6, 44.459, 100, 0, 0, 36.464, 34.214, 13.124, 1.128, 100.014, 0, 0, 105.903, 49.046, 0, 0, 1.749, 0, 0, 14.1, 0, 14.3, 0, 2.515, 151, 0, 0, 0, 63.857, 1, 0.01, 0.01, 116.6, 44.459, 100, 0, 0, 141, 36.464, 34.214, 13.124, 1.128, 0, 100.105, 0, 0, 105.903, 49.046, 0, 0.3, 0, 0, 
0.4, 18.99, , , 72.272, , 9.656, , 32.653, 32.653, 2.527, 231.015, 231.015, 231.015, 51.604, , 34.674, 34.687, 7.377, 13.985, 0, 0, 30.21, 30.684, 30.21, 30.684, 1, 49.738, 49.738, 0.025, 0.133, 61.86, 62.831, 61.86, 62.831, 4.877, 7.377, 13.985, , , 1, 0.501, 2.391, 0, 14.3, 2.527, 151, 0, 0, 0, 68.619, 11.86, 10.88, 116.6, 49.554, 100, 0, 0, 38.488, 35.405, 15.743, 1.249, 107.005, 0, 0, 112.301, 49.489, 0, 0, 2.391, 0, 0, 14.1, 0, 14.3, 0, 2.527, 151, 0, 0, 0, 68.619, 1, 0.012, 0.011, 116.6, 49.554, 100, 0, 0, 141, 38.488, 35.405, 15.743, 1.249, 0, 107.129, 0, 0, 112.301, 49.489, 0, 0.3, 0, 0, 
0.45, 18.99, , , 72.273, , 10.118, , 36.245, 36.245, 2.543, 241.991, 241.991, 241.991, 51.408, , 34.962, 34.831, 7.377, 13.658, 0, 0, 31.943, 32.444, 31.943, 32.444, 1, 50.226, 50.226, 0.025, 0.133, 64.956, 65.975, 64.956, 65.975, 4.88, 7.377, 13.658, , , 1, 0.55, 2.632, 0, 14.277, 2.543, 151, 0, 0, 0, 71.109, 13.029, 11.623, 116.6, 54.044, 100, 0, 0, 38.957, 35.783, 18.017, 1.35, 109.25, 0, 0, 114.033, 49.981, 0, 0, 2.632, 0, 0, 14.089, 0, 14.277, 0, 2.543, 151, 0, 0, 0, 71.109, 1, 0.013, 0.012, 116.6, 54.044, 100, 0, 0, 141, 38.957, 35.783, 18.017, 1.35, 0, 109.2, 0, 0, 114.033, 49.981, 0, 0.3, 0, 0, 
0.5, 18.99, , , 72.274, , 10.507, , 39.839, 39.839, 2.563, 251.236, 251.236, 251.236, 51.267, , 35.25, 34.975, 7.377, 13.405, 0, 0, 33.486, 34.009, 33.486, 34.009, 1, 50.732, 50.732, 0.025, 0.133, 67.587, 68.648, 67.587, 68.648, 4.881, 7.377, 13.405, , , 1, 0.6, 2.502, 0, 14.234, 2.563, 151, 0, 0, 0, 71.326, 13.227, 11.73, 116.6, 57.974, 100, 0, 0, 37.87, 35.348, 19.974, 1.431, 106.75, 0, 0, 111.098, 50.522, 0, 0, 2.502, 0, 0, 14.067, 0, 14.234, 0, 2.563, 151, 0, 0, 0, 71.326, 1, 0.013, 0.012, 116.6, 57.974, 100, 0, 0, 141, 37.87, 35.348, 19.974, 1.431, 0, 106.7, 0, 0, 111.098, 50.522, 0, 0.3, 0, 0, 
0.55, 18.99, , , 72.275, , 10.853, , 43.487, 43.487, 2.582, 259.444, 259.444, 259.444, 51.155, , 35.538, 35.119, 7.377, 13.174, 0, 0, 34.936, 35.483, 34.936, 35.483, 1, 51.255, 51.255, 0.025, 0.132, 69.944, 71.041, 69.944, 71.041, 4.882, 7.377, 13.174, , , 1, 0.65, 2.371, 0, 14.19, 2.582, 151, 0, 0, 0, 71.543, 13.425, 11.836, 116.6, 61.905, 100, 0, 0, 36.783, 34.913, 21.93, 1.511, 104.25, 0, 0, 108.163, 51.063, 0, 0, 2.371, 0, 0, 14.045, 0, 14.19, 0, 2.582, 151, 0, 0, 0, 71.543, 1, 0.014, 0.012, 116.6, 61.905, 100, 0, 0, 141, 36.783, 34.913, 21.93, 1.511, 0, 104.2, 0, 0, 108.163, 51.063, 0, 0.3, 0, 0, 
0.6, 18.99, , , 72.276, , 11.118, , 47.225, 47.225, 2.602, 265.752, 265.752, 265.752, 51.05, , 35.774, 35.344, 7.377, 13.041, 0, 0, 36.162, 36.728, 36.162, 36.728, 1, 51.795, 51.795, 0.025, 0.132, 71.786, 72.911, 71.786, 72.911, 4.883, 7.377, 13.041, , , 1, 0.7, 2.241, 0, 14.147, 2.602, 151, 0, 0, 0, 71.761, 13.622, 11.943, 116.6, 65.835, 100, 0, 0, 35.696, 34.478, 23.887, 1.592, 101.75, 0, 0, 105.228, 51.605, 0, 0, 2.241, 0, 0, 14.023, 0, 14.147, 0, 2.602, 151, 0, 0, 0, 71.761, 1, 0.014, 0.012, 116.6, 65.835, 100, 0, 0, 141, 35.696, 34.478, 23.887, 1.592, 0, 101.7, 0, 0, 105.228, 51.605, 0, 0.3, 0, 0, 
0.65, 18.99, , , 72.278, , 11.405, , 50.991, 50.991, 2.621, 272.578, 272.578, 272.578, 50.957, , 35.738, 35.992, 7.377, 12.941, 0, 0, 37.595, 38.184, 37.595, 38.184, 1, 52.35, 52.35, 0.025, 0.132, 73.785, 74.942, 73.785, 74.942, 4.895, 7.377, 12.941, , , 1, 0.751, 2.11, 0, 14.103, 2.621, 151, 0, 0, 0, 71.978, 13.82, 12.049, 116.6, 69.766, 100, 0, 0, 34.609, 34.043, 25.843, 1.672, 99.25, 0, 0, 102.293, 52.146, 0, 0, 2.11, 0, 0, 14.002, 0, 14.103, 0, 2.621, 151, 0, 0, 0, 71.978, 1, 0.014, 0.012, 116.6, 69.766, 100, 0, 0, 141, 34.609, 34.043, 25.843, 1.672, 0, 99.2, 0, 0, 102.293, 52.146, 0, 0.3, 0, 0, 
0.7, 18.99, , , 72.279, , 11.702, , 55.285, 55.285, 2.646, 279.641, 279.641, 279.641, 50.859, , 35.702, 36.64, 7.377, 12.913, 0, 0, 39.128, 39.741, 39.128, 39.741, 1, 53.166, 53.166, 0.025, 0.132, 75.84, 77.031, 75.84, 77.031, 4.919, 7.377, 12.913, , , 1, 0.801, 2.058, 0, 13.853, 2.646, 151, 0, 0, 0, 72, 14.23, 12.707, 116.6, 72.044, 100, 0, 0, 33.756, 33.349, 27.331, 1.73, 97.693, 0, 0, 100.506, 52.661, 0, 0, 2.058, 0, 0, 14, 0, 13.853, 0, 2.646, 151, 0, 0, 0, 72, 1, 0.014, 0.013, 116.6, 72.044, 100, 0, 0, 141, 33.756, 33.349, 27.331, 1.73, 0, 97.669, 0, 0, 100.506, 52.661, 0, 0.3, 0, 0, 
0.75, 18.99, , , 72.28, , 11.919, , 60.863, 60.863, 2.671, 284.792, 284.792, 284.792, 50.794, , 35.666, 37.288, 7.377, 12.913, 0, 0, 40.278, 40.909, 40.278, 40.909, 1, 53.836, 53.836, 0.025, 0.132, 77.315, 78.529, 77.315, 78.529, 4.944, 7.377, 12.913, , , 1, 0.85, 2.013, 0, 13.584, 2.671, 151, 0, 0, 0, 72, 14.664, 13.426, 116.6, 74.178, 100, 0, 0, 32.93, 32.626, 28.777, 1.786, 96.241, 0, 0, 98.846, 53.174, 0, 0, 2.013, 0, 0, 14, 0, 13.584, 0, 2.671, 151, 0, 0, 0, 72, 1, 0.015, 0.014, 116.6, 74.178, 100, 0, 0, 141, 32.93, 32.626, 28.777, 1.786, 0, 96.223, 0, 0, 98.846, 53.174, 0, 0.3, 0, 0, 
0.8, 18.99, , , 72.281, , 12.124, , 64.755, 64.755, 2.697, 289.664, 289.664, 289.664, 50.75, 83.857, 35.63, 37.936, 7.377, 12.886, 0, 0, 41.409, 42.058, 41.409, 42.058, 1, 54.42, 54.42, 0.025, 0.132, 78.702, 79.938, 78.702, 79.938, 4.968, 7.377, 12.886, , , 1, 0.9, 1.967, 0, 13.316, 2.697, 151, 0, 0, 0, 72, 15.098, 14.145, 116.6, 76.312, 100, 0, 0, 32.103, 31.903, 30.223, 1.842, 94.788, 0, 0, 97.187, 53.686, 0, 0, 1.967, 0, 0, 14, 0, 13.316, 0, 2.697, 151, 0, 0, 0, 72, 1, 0.015, 0.014, 116.6, 76.312, 100, 0, 0, 141, 32.103, 31.903, 30.223, 1.842, 0, 94.777, 0, 0, 97.187, 53.686, 0, 0.3, 0, 0, 
0.85, 18.99, , , 72.282, , 12.339, , 68.647, 68.647, 2.722, 294.779, 294.779, 294.779, 50.715, 72.95, 35.56, 38.405, 7.377, 12.848, 0, 0, 42.607, 43.276, 42.607, 43.276, 1, 55.016, 55.016, 0.025, 0.132, 80.144, 81.404, 80.144, 81.404, 4.99, 7.377, 12.848, , , 1, 0.95, 1.922, 0, 13.047, 2.722, 151, 0, 0, 0, 72, 15.532, 14.864, 116.6, 78.446, 100, 0, 0, 31.277, 31.18, 31.669, 1.898, 93.336, 0, 0, 95.527, 54.198, 0, 0, 1.922, 0, 0, 14, 0, 13.047, 0, 2.722, 151, 0, 0, 0, 72, 1, 0.016, 0.015, 116.6, 78.446, 100, 0, 0, 141, 31.277, 31.18, 31.669, 1.898, 0, 93.331, 0, 0, 95.527, 54.198, 0, 0.3, 0, 0, 
0.9, 18.99, , , 72.283, , 12.541, , 72.581, 72.581, 2.747, 299.581, 299.581, 299.581, 50.69, 62.044, 35.308, 37.937, 7.377, 12.772, 0, 0, 43.781, 44.468, 43.781, 44.468, 1, 55.623, 55.623, 0.025, 0.132, 81.489, 82.77, 81.489, 82.77, 5, 7.377, 12.772, , , 1, 1, 1.871, 0, 12.792, 2.747, 151, 0, 0, 0, 72, 15.955, 15.552, 116.579, 80.553, 100, 0, 0, 30.483, 30.483, 33.124, 1.953, 92.016, 0, 0, 94.031, 54.716, 0, 0, 1.871, 0, 0, 14, 0, 12.792, 0, 2.747, 151, 0, 0, 0, 72, 1, 0.016, 0.016, 116.572, 80.553, 100, 0, 0, 141, 30.483, 30.483, 33.124, 1.953, 0, 92.016, 0, 0, 94.031, 54.716, 0, 0.3, 0, 0, 
0.95, 18.99, , , 72.284, , 12.748, , 76.569, 76.569, 2.779, 304.509, 304.509, 304.509, 50.686, 51.137, 35.056, 37.469, 7.377, 12.678, 0, 0, 44.991, 45.696, 44.991, 45.696, 1, 56.233, 56.233, 0.025, 0.132, 82.849, 84.149, 82.849, 84.149, 5.01, 7.377, 12.678, , , 1, 1.051, 1.757, 0, 12.695, 2.779, 151, 0, 0, 0, 72, 16.199, 15.76, 116.229, 82.342, 100, 0, 0, 30.192, 30.192, 34.674, 2.012, 92.209, 0, 0, 94.419, 55.319, 0, 0, 1.757, 0, 0, 14, 0, 12.695, 0, 2.779, 151, 0, 0, 0, 72, 1, 0.016, 0.016, 116.223, 82.342, 100, 0, 0, 141, 30.192, 30.192, 34.674, 2.012, 0, 92.209, 0, 0, 94.419, 55.319, 0, 0.3, 0, 0, 
1, 18.99, , , 72.286, , 12.957, , 80.617, 80.617, 2.81, 309.486, 309.486, 309.486, 50.688, 66.977, 34.804, 37.001, 7.377, 12.569, 0, 0, 46.226, 46.951, 46.226, 46.951, 1, 56.865, 56.865, 0.025, 0.133, 84.201, 85.523, 84.201, 85.523, 5.02, 7.377, 12.569, , , 1, 1.101, 1.642, 0, 12.598, 2.81, 151, 0, 0, 0, 72, 16.443, 15.967, 115.879, 84.131, 100, 0, 0, 29.901, 29.901, 36.225, 2.07, 92.403, 0, 0, 94.806, 55.922, 0, 0, 1.642, 0, 0, 14, 0, 12.598, 0, 2.81, 151, 0, 0, 0, 72, 1, 0.016, 0.016, 115.874, 84.131, 100, 0, 0, 141, 29.901, 29.901, 36.225, 2.07, 0, 92.403, 0, 0, 94.806, 55.922, 0, 0.3, 0, 0, 
1.05, 18.99, , , 72.287, , 13.132, , 84.713, 84.713, 2.841, 313.656, 313.656, 313.656, 50.697, 67.907, 34.552, 36.533, 7.377, 12.452, 0, 0, 47.365, 48.109, 47.365, 48.109, 1, 57.503, 57.503, 0.025, 0.133, 85.321, 86.662, 85.321, 86.662, 5.03, 7.377, 12.452, , , 1, 1.15, 1.528, 0, 12.502, 2.841, 151, 0, 0, 0, 72, 16.687, 16.175, 115.528, 85.919, 100, 0, 0, 29.61, 29.61, 37.775, 2.128, 92.597, 0, 0, 95.194, 56.524, 0, 0, 1.528, 0, 0, 14, 0, 12.502, 0, 2.841, 151, 0, 0, 0, 72, 1, 0.017, 0.017, 115.526, 85.919, 100, 0, 0, 141, 29.61, 29.61, 37.775, 2.128, 0, 92.597, 0, 0, 95.194, 56.524, 0, 0.3, 0, 0, 
1.1, 18.99, , , 72.288, , 13.264, , 88.813, 88.813, 2.872, 316.792, 316.792, 316.792, 50.715, 68.838, 34.369, 36.094, 7.377, 12.342, 0, 0, 48.373, 49.131, 48.373, 49.131, 1, 58.147, 58.147, 0.025, 0.134, 86.145, 87.5, 86.145, 87.5, 5.038, 7.377, 12.342, , , 1, 1.201, 1.413, 0, 12.405, 2.872, 151, 0, 0, 0, 72, 16.931, 16.382, 115.178, 87.708, 100, 0, 0, 29.32, 29.32, 39.326, 2.186, 92.791, 0, 0, 95.581, 57.127, 0, 0, 1.413, 0, 0, 14, 0, 12.405, 0, 2.872, 151, 0, 0, 0, 72, 1, 0.017, 0.017, 115.177, 87.708, 100, 0, 0, 141, 29.32, 29.32, 39.326, 2.186, 0, 92.791, 0, 0, 95.581, 57.127, 0, 0.3, 0, 0, 
1.15, 18.99, , , 72.289, , 13.406, , 93.059, 93.059, 2.904, 320.185, 320.185, 320.185, 50.742, 69.768, 34.549, 35.806, 7.377, 12.237, 0, 0, 49.439, 50.213, 49.439, 50.213, 1, 58.795, 58.795, 0.025, 0.134, 87.02, 88.387, 87.02, 88.387, 5.047, 7.377, 12.237, , , 1, 1.251, 1.299, 0, 12.308, 2.904, 151, 0, 0, 0, 72, 17.176, 16.589, 114.828, 89.497, 100, 0, 0, 29.029, 29.029, 40.876, 2.244, 92.984, 0, 0, 95.969, 57.73, 0, 0, 1.299, 0, 0, 14, 0, 12.308, 0, 2.904, 151, 0, 0, 0, 72, 1, 0.017, 0.017, 114.828, 89.497, 100, 0, 0, 141, 29.029, 29.029, 40.876, 2.244, 0, 92.984, 0, 0, 95.969, 57.73, 0, 0.3, 0, 0, 
1.2, 18.99, , , 72.29, , 13.524, , 97.235, 97.235, 2.94, 323.005, 323.005, 323.005, 50.774, 70.698, 34.729, 35.518, 7.377, 12.152, 0, 0, 50.434, 51.225, 50.434, 51.225, 1, 59.447, 59.447, 0.025, 0.135, 87.724, 89.102, 87.724, 89.102, 5.055, 7.377, 12.152, , , 1, 1.3, 1.104, 0, 12.3, 2.94, 151, 0, 0, 0, 72, 17.15, 16.9, 114.8, 90.589, 100, 0, 0, 29, 29, 42.656, 2.299, 93, 0, 0, 95.816, 58.348, 0, 0, 1.104, 0, 0, 14, 0, 12.3, 0, 2.94, 151, 0, 0, 0, 72, 1, 0.017, 0.017, 114.8, 90.589, 100, 0, 0, 141, 29, 29, 42.656, 2.299, 0, 93, 0, 0, 95.816, 58.348, 0, 0.3, 0, 0, 
1.25, 18.99, 100.3, 71.6, 72.291, , 13.654, 0.985, 101.528, 101.528, 2.976, 326.091, 326.091, 326.091, 50.8, 71.628, 34.909, 35.23, 7.377, 12.08, 0, 0, 51.48, 52.289, 51.48, 52.289, 1, 60.108, 60.108, 0.025, 0.135, 88.519, 89.908, 88.519, 89.908, 5.064, 7.377, 12.08, , , 1, 1.35, 0.902, 0, 12.3, 2.976, 151, 0, 0, 0, 72, 17.094, 17.222, 114.8, 91.621, 100, 0, 0, 29, 29, 44.456, 2.353, 93, 0, 0, 95.616, 58.968, 0, 0, 0.902, 0, 0, 14, 0, 12.3, 0, 2.976, 151, 0, 0, 0, 72, 1, 0.017, 0.017, 114.8, 91.621, 100, 0, 0, 141, 29, 29, 44.456, 2.353, 0, 93, 0, 0, 95.616, 58.968, 0, 0.3, 0, 0, 
1.3, 18.99, 100.3, 71.6, 72.292, , 13.783, 0.985, 105.852, 105.852, 3.013, 329.169, 329.169, 329.169, 50.815, 72.559, 35.089, 34.942, 7.377, 12.026, 0, 0, 52.545, 53.371, 52.545, 53.371, 1, 60.781, 60.781, 0.025, 0.135, 89.332, 90.732, 89.332, 90.732, 5.077, 7.377, 12.026, , , 1, 1.401, 0.7, 0, 12.3, 3.013, 151, 0, 0, 0, 72, 17.038, 17.544, 114.8, 92.653, 100, 0, 0, 29, 29, 46.256, 2.407, 93, 0, 0, 95.416, 59.588, 0, 0, 0.7, 0, 0, 14, 0, 12.3, 0, 3.013, 151, 0, 0, 0, 72, 1, 0.017, 0.018, 114.8, 92.653, 100, 0, 0, 141, 29, 29, 46.256, 2.407, 0, 93, 0, 0, 95.416, 59.588, 0, 0.3, 0, 0, 
1.35, 18.99, 100.3, 71.6, 72.294, , 13.915, 0.985, 110.229, 110.229, 3.049, 332.31, 332.31, 332.31, 50.817, 73.489, 35.194, 34.775, 7.377, 11.987, 0, 0, 53.633, 54.477, 53.633, 54.477, 1, 61.462, 61.462, 0.025, 0.135, 90.181, 91.593, 90.181, 91.593, 5.091, 7.377, 11.987, , , 1, 1.451, 0.498, 0, 12.3, 3.049, 151, 0, 0, 0, 72, 16.982, 17.866, 114.8, 93.685, 100, 0, 0, 29, 29, 48.056, 2.461, 93, 0, 0, 95.216, 60.208, 0, 0, 0.498, 0, 0, 14, 0, 12.3, 0, 3.049, 151, 0, 0, 0, 72, 1, 0.017, 0.018, 114.8, 93.685, 100, 0, 0, 141, 29, 29, 48.056, 2.461, 0, 93, 0, 0, 95.216, 60.208, 0, 0.3, 0, 0, 
1.4, 18.99, 100.3, 71.6, 72.295, , 14.041, 0.985, 114.634, 114.634, 3.086, 335.323, 335.323, 335.323, 50.809, 74.419, 34.906, 35.243, 7.377, 11.963, 0, 0, 54.721, 55.582, 54.721, 55.582, 1, 62.144, 62.144, 0.025, 0.134, 91.014, 92.439, 91.014, 92.439, 5.104, 7.377, 11.963, , , 1, 1.501, 0.296, 0, 12.3, 3.086, 151, 0, 0, 0, 72, 16.926, 18.188, 114.8, 94.717, 100, 0, 0, 29, 29, 49.856, 2.515, 93, 0, 0, 95.016, 60.828, 0, 0, 0.296, 0, 0, 14, 0, 12.3, 0, 3.086, 151, 0, 0, 0, 72, 1, 0.017, 0.018, 114.8, 94.717, 100, 0, 0, 141, 29, 29, 49.856, 2.515, 0, 93, 0, 0, 95.016, 60.828, 0, 0.3, 0, 0, 
1.45, 18.99, 100.3, 71.6, 72.296, , 14.149, 0.985, 119.129, 119.129, 3.139, 337.913, 337.913, 337.913, 50.788, 75.349, 34.618, 35.711, 7.378, 11.953, 0, 0, 55.756, 56.631, 55.756, 56.631, 1, 62.836, 62.836, 0.025, 0.134, 91.744, 93.18, 91.744, 93.18, 5.118, 7.378, 11.953, , , 1, 1.551, 0.31, 0, 12.3, 3.139, 151, 0, 0, 0, 72, 17.132, 18.314, 114.482, 95.159, 100, 0, 0, 29, 29, 51.327, 2.569, 93.619, 0, 0, 95.796, 61.966, 0, 0, 0.31, 0, 0, 14, 0, 12.3, 0, 3.139, 151, 0, 0, 0, 72, 1, 0.017, 0.018, 114.482, 95.159, 100, 0, 0, 141, 29, 29, 51.327, 2.569, 0, 93.619, 0, 0, 95.796, 61.966, 0, 0.3, 0, 0, 
1.5, 18.99, 100.3, 71.6, 72.297, , 14.253, 0.985, 123.664, 123.664, 3.193, 340.384, 340.384, 340.384, 50.784, 76.279, 34.33, 36.179, 7.378, 11.95, 0, 0, 56.778, 57.668, 56.778, 57.668, 1, 63.524, 63.524, 0.025, 0.134, 92.423, 93.871, 92.423, 93.871, 5.145, 7.378, 11.95, , , 1, 1.601, 0.343, 0, 12.3, 3.193, 151, 0, 0, 0, 72, 17.368, 18.419, 114.135, 95.55, 100, 0, 0, 29, 29, 52.769, 2.624, 94.292, 0, 0, 96.662, 63.161, 0, 0, 0.343, 0, 0, 14, 0, 12.3, 0, 3.193, 151, 0, 0, 0, 72, 1, 0.017, 0.018, 114.135, 95.55, 100, 0, 0, 141, 29, 29, 52.769, 2.624, 0, 94.292, 0, 0, 96.662, 63.161, 0, 0.3, 0, 0, 
1.55, 18.99, 100.3, 71.6, 72.298, , 14.371, 0.985, 128.238, 128.238, 3.248, 343.208, 343.208, 343.208, 50.797, 77.21, 34.042, 36.647, 7.379, 11.954, 0, 0, 57.883, 58.788, 57.883, 58.788, 1, 64.224, 64.224, 0.025, 0.134, 93.16, 94.62, 93.16, 94.62, 5.177, 7.379, 11.954, , , 1, 1.651, 0.375, 0, 12.3, 3.248, 151, 0, 0, 0, 72, 17.603, 18.524, 113.789, 95.94, 100, 0, 0, 29, 29, 54.212, 2.679, 94.965, 0, 0, 97.527, 64.356, 0, 0, 0.375, 0, 0, 14, 0, 12.3, 0, 3.248, 151, 0, 0, 0, 72, 1, 0.018, 0.018, 113.789, 95.94, 100, 0, 0, 141, 29, 29, 54.212, 2.679, 0, 94.965, 0, 0, 97.527, 64.356, 0, 0.3, 0, 0, 
1.6, 18.99, 100.3, 71.6, 72.299, , 14.488, 0.985, 132.865, 132.865, 3.302, 345.986, 345.986, 345.986, 50.834, 78.14, 33.858, 36.954, 7.38, 11.96, 0, 0, 59.001, 59.922, 59.001, 59.922, 1, 64.922, 64.922, 0.025, 0.133, 93.845, 95.317, 93.845, 95.317, 5.21, 7.38, 11.96, , , 1, 1.701, 0.408, 0, 12.3, 3.302, 151, 0, 0, 0, 72, 17.839, 18.629, 113.443, 96.33, 100, 0, 0, 29, 29, 55.654, 2.734, 95.638, 0, 0, 98.392, 65.551, 0, 0, 0.408, 0, 0, 14, 0, 12.3, 0, 3.302, 151, 0, 0, 0, 72, 1, 0.018, 0.018, 113.443, 96.33, 100, 0, 0, 141, 29, 29, 55.654, 2.734, 0, 95.638, 0, 0, 98.392, 65.551, 0, 0.3, 0, 0, 
1.65, 18.99, 100.3, 71.6, 72.3, , 14.613, 0.985, 138.574, 138.574, 3.356, 348.977, 348.977, 348.977, 50.89, 79.07, 34.218, 36.414, 7.381, 11.968, 0, 0, 60.311, 61.254, 60.311, 61.254, 1, 65.643, 65.643, 0.024, 0.133, 94.521, 96.004, 94.521, 96.004, 5.242, 7.381, 11.968, , , 1, 1.751, 0.441, 0, 12.3, 3.356, 151, 0, 0, 0, 72, 18.074, 18.734, 113.097, 96.721, 100, 0, 0, 29, 29, 57.096, 2.789, 96.312, 0, 0, 99.258, 66.746, 0, 0, 0.441, 0, 0, 14, 0, 12.3, 0, 3.356, 151, 0, 0, 0, 72, 1, 0.018, 0.018, 113.097, 96.721, 100, 0, 0, 141, 29, 29, 57.096, 2.789, 0, 96.312, 0, 0, 99.258, 66.746, 0, 0.3, 0, 0, 
1.7, 18.99, 100.3, 71.6, 72.3, , 14.759, 0.985, 144.626, 144.626, 3.387, 352.481, 352.481, 352.481, 50.991, 80, 34.578, 35.874, 7.382, 11.97, 0, 0, 61.754, 62.722, 61.754, 62.722, 1, 66.688, 66.688, 0.024, 0.133, 95.318, 96.813, 95.318, 96.813, 5.264, 7.382, 11.97, , , 1, 1.801, 0.474, 0, 12.3, 3.387, 151, 0, 0, 0, 72, 18.247, 18.826, 113, 96.968, 100, 0, 0, 29, 29, 57.875, 2.82, 96.8, 0, 0, 99.8, 67.378, 0, 0, 0.474, 0, 0, 14, 0, 12.3, 0, 3.387, 151, 0, 0, 0, 72, 1, 0.018, 0.019, 113, 96.968, 100, 0, 0, 141, 29, 29, 57.875, 2.82, 0, 96.8, 0, 0, 99.8, 67.378, 0, 0.3, 0, 0, 
1.75, 18.99, 100.3, 71.6, 72.3, , 14.889, 0.985, 149.391, 149.391, 3.409, 355.585, 355.585, 355.585, 51.04, 80.931, 34.938, 35.334, 7.382, 11.968, 0, 0, 62.967, 63.955, 62.967, 63.955, 1, 67.435, 67.435, 0.024, 0.133, 96.071, 97.578, 96.071, 97.578, 5.282, 7.382, 11.968, , , 1, 1.851, 0.507, 0, 12.3, 3.409, 151, 0, 0, 0, 72, 18.392, 18.913, 113, 97.16, 100, 0, 0, 29, 29, 58.396, 2.842, 97.217, 0, 0, 100.217, 67.768, 0, 0, 0.507, 0, 0, 14, 0, 12.3, 0, 3.409, 151, 0, 0, 0, 72, 1, 0.018, 0.019, 113, 97.16, 100, 0, 0, 141, 29, 29, 58.396, 2.842, 0, 97.217, 0, 0, 100.217, 67.768, 0, 0.3, 0, 0, 
1.8, 18.99, 100.3, 71.6, 72.3, , 14.975, 0.985, 154.205, 154.205, 3.43, 357.629, 357.629, 357.629, 51.065, 81.861, 35.298, 34.794, 7.383, 11.959, 0, 0, 64.006, 65.011, 64.006, 65.011, 1, 68.153, 68.153, 0.025, 0.133, 96.579, 98.093, 96.579, 98.093, 5.3, 7.383, 11.959, , , 1, 1.9, 0.541, 0, 12.3, 3.43, 151, 0, 0, 0, 72, 18.538, 18.999, 113, 97.351, 100, 0, 0, 29, 29, 58.917, 2.864, 97.633, 0, 0, 100.633, 68.158, 0, 0, 0.541, 0, 0, 14, 0, 12.3, 0, 3.43, 151, 0, 0, 0, 72, 1, 0.019, 0.019, 113, 97.351, 100, 0, 0, 141, 29, 29, 58.917, 2.864, 0, 97.633, 0, 0, 100.633, 68.158, 0, 0.3, 0, 0, 
1.85, 18.99, 100.3, 71.6, 72.3, , 15.089, 0.985, 159.126, 159.126, 3.452, 360.364, 360.364, 360.364, 51.065, 82.791, 35.594, 34.363, 7.384, 11.944, 0, 0, 65.192, 66.216, 65.192, 66.216, 1, 68.893, 68.893, 0.025, 0.132, 97.317, 98.841, 97.317, 98.841, 5.317, 7.384, 11.944, , , 1, 1.95, 0.574, 0, 12.3, 3.452, 151, 0, 0, 0, 72, 18.683, 19.086, 113, 97.543, 100, 0, 0, 29, 29, 59.438, 2.886, 98.05, 0, 0, 101.05, 68.549, 0, 0, 0.574, 0, 0, 14, 0, 12.3, 0, 3.452, 151, 0, 0, 0, 72, 1, 0.019, 0.019, 113, 97.543, 100, 0, 0, 141, 29, 29, 59.438, 2.886, 0, 98.05, 0, 0, 101.05, 68.549, 0, 0.3, 0, 0, 
1.9, 18.99, 100.3, 71.6, 72.3, , 15.177, 0.985, 164.094, 164.094, 3.473, 362.462, 362.462, 362.462, 51.044, 83.721, 35.558, 34.506, 7.384, 11.927, 0, 0, 66.273, 67.314, 66.273, 67.314, 1, 69.624, 69.624, 0.025, 0.132, 97.926, 99.46, 97.926, 99.46, 5.331, 7.384, 11.927, , , 1, 2, 0.607, 0, 12.3, 3.473, 151, 0, 0, 0, 72, 18.828, 19.173, 113, 97.735, 100, 0, 0, 29, 29, 59.958, 2.908, 98.467, 0, 0, 101.467, 68.939, 0, 0, 0.607, 0, 0, 14, 0, 12.3, 0, 3.473, 151, 0, 0, 0, 72, 1, 0.019, 0.019, 113, 97.735, 100, 0, 0, 141, 29, 29, 59.958, 2.908, 0, 98.467, 0, 0, 101.467, 68.939, 0, 0.3, 0, 0, 
1.95, 18.99, 100.3, 71.6, 72.3, , 15.279, 0.985, 169.062, 169.062, 3.528, 364.898, 364.898, 364.898, 51.007, 84.651, 35.523, 34.65, 7.383, 11.909, 0, 0, 67.425, 68.483, 67.425, 68.483, 1, 70.374, 70.374, 0.025, 0.132, 98.645, 100.19, 98.645, 100.19, 5.34, 7.383, 11.909, , , 1, 2.051, 0.521, 0, 12.3, 3.528, 151.177, 0, 0, 0, 72, 18.729, 19.08, 112.841, 98.207, 100, 0, 0, 29.176, 29.088, 63.892, 3.049, 98.102, 0, 0, 101.013, 70.12, 0, 0, 0.521, 0, 0, 14, 0, 12.3, 0, 3.528, 151.177, 0, 0, 0, 72, 1, 0.019, 0.019, 112.841, 98.207, 100, 0, 0, 141, 29.176, 29.088, 63.892, 3.049, 0, 98.102, 0, 0, 101.013, 70.12, 0, 0.3, 0, 0, 
2, 18.99, 100.3, 71.6, 72.3, , 15.367, 0.985, 174.107, 174.107, 3.585, 367.006, 367.006, 367.006, 50.992, 85.582, 35.487, 34.793, 7.382, 11.898, 0, 0, 68.531, 69.608, 68.531, 69.608, 1, 71.113, 71.113, 0.025, 0.133, 99.247, 100.802, 99.247, 100.802, 5.35, 7.382, 11.898, , , 1, 2.101, 0.424, 0, 12.3, 3.585, 151.369, 0, 0, 0, 72, 18.608, 18.972, 112.669, 98.704, 100, 0, 0, 29.368, 29.184, 68.123, 3.201, 97.669, 0, 0, 100.485, 71.37, 0, 0, 0.424, 0, 0, 14, 0, 12.3, 0, 3.585, 151.369, 0, 0, 0, 72, 1, 0.019, 0.019, 112.669, 98.704, 100, 0, 0, 141, 29.368, 29.184, 68.123, 3.201, 0, 97.669, 0, 0, 100.485, 71.37, 0, 0.3, 0, 0, 
2.05, 18.99, 100.3, 71.6, 72.3, , 15.436, 0.985, 179.274, 179.274, 3.642, 368.667, 368.667, 368.667, 50.999, 86.512, 35.451, 34.937, 7.382, 11.896, 0, 0, 69.577, 70.67, 69.577, 70.67, 1, 71.865, 71.865, 0.025, 0.133, 99.681, 101.243, 99.681, 101.243, 5.36, 7.382, 11.896, , , 1, 2.15, 0.326, 0, 12.3, 3.642, 151.562, 0, 0, 0, 72, 18.488, 18.864, 112.497, 99.202, 100, 0, 0, 29.559, 29.28, 72.354, 3.352, 97.237, 0, 0, 99.956, 72.62, 0, 0, 0.326, 0, 0, 14, 0, 12.3, 0, 3.642, 151.562, 0, 0, 0, 72, 1, 0.019, 0.019, 112.497, 99.202, 100, 0, 0, 141, 29.559, 29.28, 72.354, 3.352, 0, 97.237, 0, 0, 99.956, 72.62, 0, 0.3, 0, 0, 
2.1, 18.99, 100.3, 71.6, 72.3, , 15.553, 0.985, 184.362, 184.362, 3.699, 371.458, 371.458, 371.458, 51.031, 87.442, 35.41, 35.09, 7.382, 11.91, 0, 0, 70.845, 71.958, 70.845, 71.958, 1, 72.624, 72.624, 0.025, 0.133, 100.373, 101.947, 100.373, 101.947, 5.373, 7.382, 11.91, , , 1, 2.2, 0.229, 0, 12.3, 3.699, 151.754, 0, 0, 0, 72, 18.367, 18.756, 112.324, 99.699, 100, 0, 0, 29.751, 29.375, 76.585, 3.503, 96.804, 0, 0, 99.427, 73.87, 0, 0, 0.229, 0, 0, 14, 0, 12.3, 0, 3.699, 151.754, 0, 0, 0, 72, 1, 0.019, 0.019, 112.324, 99.699, 100, 0, 0, 141, 29.751, 29.375, 76.585, 3.503, 0, 96.804, 0, 0, 99.427, 73.87, 0, 0.3, 0, 0, 
2.15, 18.99, 100.3, 71.6, 72.3, , 15.583, 0.985, 189.652, 189.652, 3.756, 372.192, 372.192, 372.192, 51.09, 88.372, 35.338, 35.307, 7.381, 11.947, 0, 0, 71.726, 72.853, 71.726, 72.853, 1, 73.389, 73.389, 0.025, 0.133, 100.458, 102.032, 100.458, 102.032, 5.398, 7.381, 11.947, , , 1, 2.25, 0.132, 0, 12.3, 3.756, 151.946, 0, 0, 0, 72, 18.246, 18.647, 112.152, 100.196, 100, 0, 0, 29.943, 29.471, 80.815, 3.655, 96.371, 0, 0, 98.898, 75.12, 0, 0, 0.132, 0, 0, 14, 0, 12.3, 0, 3.756, 151.946, 0, 0, 0, 72, 1, 0.019, 0.019, 112.152, 100.196, 100, 0, 0, 141, 29.943, 29.471, 80.815, 3.655, 0, 96.371, 0, 0, 98.898, 75.12, 0, 0.3, 0, 0, 
2.2, 18.99, 100.3, 71.6, 72.3, , 15.693, 0.985, 194.888, 194.888, 3.789, 374.818, 374.818, 374.818, 51.167, 89.302, 35.265, 35.524, 7.38, 12.002, 0, 0, 72.983, 74.13, 72.983, 74.13, 1, 74.156, 74.156, 0.025, 0.133, 101.013, 102.595, 101.013, 102.595, 5.424, 7.38, 12.002, , , 1, 2.301, 0.092, 0, 12.3, 3.789, 151.85, 0, 0, 0, 72, 18.106, 18.479, 111.968, 100.501, 100, 0, 0, 30.073, 29.5, 83.95, 3.764, 95.688, 0, 0, 98.112, 75.812, 0, 0, 0.092, 0, 0, 14, 0, 12.3, 0, 3.789, 151.85, 0, 0, 0, 72, 1, 0.018, 0.019, 111.968, 100.501, 100, 0, 0, 141, 30.073, 29.5, 83.95, 3.764, 0, 95.688, 0, 0, 98.112, 75.812, 0, 0.3, 0, 0, 
2.25, 18.99, 100.3, 71.6, 72.3, , 15.747, 0.985, 200.277, 200.277, 3.812, 376.128, 376.128, 376.128, 51.238, 90.233, 35.193, 35.741, 7.38, 12.086, 0, 0, 73.993, 75.155, 73.993, 75.155, 1, 74.919, 74.919, 0.025, 0.134, 101.229, 102.814, 101.229, 102.814, 5.45, 7.38, 12.086, , , 1, 2.351, 0.075, 0, 12.3, 3.812, 151.642, 0, 0, 0, 72, 17.959, 18.284, 111.78, 100.731, 100, 0, 0, 30.177, 29.5, 86.658, 3.856, 94.906, 0, 0, 97.227, 76.265, 0, 0, 0.075, 0, 0, 14, 0, 12.3, 0, 3.812, 151.642, 0, 0, 0, 72, 1, 0.018, 0.019, 111.78, 100.731, 100, 0, 0, 141, 30.178, 29.5, 86.658, 3.856, 0, 94.906, 0, 0, 97.227, 76.265, 0, 0.3, 0, 0, 
2.3, 18.99, 100.3, 71.6, 72.3, , 15.82, 0.985, 205.642, 205.642, 3.835, 377.892, 377.892, 377.892, 51.29, 91.163, 35.121, 35.958, 7.38, 12.183, 0, 0, 75.097, 76.276, 75.097, 76.276, 1, 75.694, 75.694, 0.025, 0.134, 101.602, 103.193, 101.602, 103.193, 5.476, 7.38, 12.183, , , 1, 2.4, 0.057, 0, 12.3, 3.835, 151.433, 0, 0, 0, 72, 17.811, 18.089, 111.592, 100.961, 100, 0, 0, 30.281, 29.5, 89.367, 3.947, 94.125, 0, 0, 96.342, 76.718, 0, 0, 0.057, 0, 0, 14, 0, 12.3, 0, 3.835, 151.433, 0, 0, 0, 72, 1, 0.018, 0.018, 111.592, 100.961, 100, 0, 0, 141, 30.282, 29.5, 89.367, 3.947, 0, 94.125, 0, 0, 96.342, 76.718, 0, 0.3, 0, 0, 
2.35, 18.99, 100.3, 71.6, 72.3, , 15.826, 0.985, 211.071, 211.071, 3.859, 378.035, 378.035, 378.035, 51.325, 92.093, 35.072, 36.123, 7.38, 12.304, 0, 0, 75.895, 77.085, 75.895, 77.085, 1, 76.466, 76.466, 0.025, 0.134, 101.569, 103.161, 101.569, 103.161, 5.502, 7.38, 12.304, , , 1, 2.45, 0.039, 0, 12.3, 3.859, 151.225, 0, 0, 0, 72, 17.663, 17.894, 111.403, 101.191, 100, 0, 0, 30.385, 29.5, 92.075, 4.039, 93.344, 0, 0, 95.456, 77.172, 0, 0, 0.039, 0, 0, 14, 0, 12.3, 0, 3.859, 151.225, 0, 0, 0, 72, 1, 0.018, 0.018, 111.403, 101.191, 100, 0, 0, 141, 30.387, 29.5, 92.075, 4.039, 0, 93.344, 0, 0, 95.456, 77.172, 0, 0.3, 0, 0, 
2.4, 18.99, 100.3, 71.6, 72.3, , 15.89, 0.985, 216.597, 216.597, 3.882, 379.578, 379.578, 379.578, 51.344, 93.023, 35.144, 36.015, 7.38, 12.425, 0, 0, 76.973, 78.18, 76.973, 78.18, 1, 77.235, 77.235, 0.025, 0.134, 101.945, 103.542, 101.945, 103.542, 5.528, 7.38, 12.425, , , 1, 2.5, 0.021, 0, 12.3, 3.882, 151.017, 0, 0, 0, 72, 17.515, 17.699, 111.215, 101.422, 100, 0, 0, 30.49, 29.5, 94.783, 4.131, 92.562, 0, 0, 94.571, 77.625, 0, 0, 0.021, 0, 0, 14, 0, 12.3, 0, 3.882, 151.017, 0, 0, 0, 72, 1, 0.018, 0.018, 111.215, 101.422, 100, 0, 0, 141, 30.492, 29.5, 94.783, 4.131, 0, 92.562, 0, 0, 94.571, 77.625, 0, 0.3, 0, 0, 
2.45, 18.99, 100.3, 71.6, 72.3, , 15.874, 0.985, 222.166, 222.166, 3.922, 379.235, 379.235, 379.235, 51.35, 93.954, 35.216, 35.907, 7.379, 12.548, 0, 0, 77.673, 78.89, 77.673, 78.89, 1, 78.013, 78.013, 0.025, 0.134, 101.844, 103.443, 101.844, 103.443, 5.554, 7.379, 12.548, , , 1, 2.551, 0.031, 0, 12.3, 3.922, 151, 0, 0, 0, 72, 17.567, 17.729, 110.869, 101.372, 100, 0, 0, 30.681, 29.68, 95.92, 4.189, 92.776, 0, 0, 94.592, 78.341, 0, 0, 0.031, 0, 0, 14, 0, 12.3, 0, 3.922, 151, 0, 0, 0, 72, 1, 0.018, 0.018, 110.869, 101.372, 100, 0, 0, 141, 30.684, 29.681, 95.92, 4.189, 0, 92.776, 0, 0, 94.592, 78.341, 0, 0.3, 0, 0, 
2.5, 18.99, 100.3, 71.6, 72.3, , 15.875, 0.985, 228.496, 228.496, 3.963, 379.273, 379.273, 379.273, 51.354, 94.884, 35.288, 35.799, 7.379, 12.662, 0, 0, 78.463, 79.693, 78.463, 79.693, 1, 78.795, 78.795, 0.025, 0.134, 101.844, 103.443, 101.844, 103.443, 5.58, 7.379, 12.662, , , 1, 2.601, 0.043, 0, 12.3, 3.963, 151, 0, 0, 0, 72, 17.641, 17.783, 110.509, 101.298, 100, 0, 0, 30.882, 29.88, 96.92, 4.243, 93.076, 0, 0, 94.692, 79.087, 0, 0, 0.043, 0, 0, 14, 0, 12.3, 0, 3.963, 151, 0, 0, 0, 72, 1, 0.018, 0.018, 110.509, 101.298, 100, 0, 0, 141, 30.884, 29.882, 96.92, 4.243, 0, 93.076, 0, 0, 94.692, 79.087, 0, 0.3, 0, 0, 
2.55, 18.99, 100.3, 71.6, 72.3, , 15.87, 0.985, 235.834, 235.834, 4.004, 379.185, 379.185, 379.185, 51.366, 95.814, 35.36, 35.691, 7.378, 12.757, 0, 0, 79.386, 80.63, 79.386, 80.63, 1, 79.889, 79.889, 0.025, 0.134, 101.802, 103.401, 101.802, 103.401, 5.631, 7.378, 12.757, , , 1, 2.65, 0.055, 0, 12.3, 4.004, 151, 0, 0, 0, 72, 17.715, 17.837, 110.149, 101.224, 100, 0, 0, 31.082, 30.08, 97.92, 4.297, 93.376, 0, 0, 94.792, 79.833, 0, 0, 0.055, 0, 0, 14, 0, 12.3, 0, 4.004, 151, 0, 0, 0, 72, 1, 0.018, 0.018, 110.149, 101.224, 100, 0, 0, 141, 31.084, 30.082, 97.92, 4.297, 0, 93.376, 0, 0, 94.792, 79.833, 0, 0.3, 0, 0, 
2.6, 18.99, 100.3, 71.6, 72.3, , 15.882, 0.985, 241.586, 241.586, 4.045, 379.5, 379.5, 379.5, 51.375, 96.744, 35.449, 35.594, 7.378, 12.84, 0, 0, 80.369, 81.627, 80.369, 81.627, 1, 80.66, 80.66, 0.025, 0.134, 101.865, 103.463, 101.865, 103.463, 5.69, 7.378, 12.84, , , 1, 2.7, 0.067, 0, 12.3, 4.045, 151, 0, 0, 0, 72, 17.789, 17.891, 109.789, 101.15, 100, 0, 0, 31.283, 30.28, 98.92, 4.351, 93.676, 0, 0, 94.892, 80.579, 0, 0, 0.067, 0, 0, 14, 0, 12.3, 0, 4.045, 151, 0, 0, 0, 72, 1, 0.018, 0.018, 109.789, 101.15, 100, 0, 0, 141, 31.284, 30.283, 98.92, 4.351, 0, 93.676, 0, 0, 94.892, 80.579, 0, 0.3, 0, 0, 
2.65, 18.99, 100.3, 71.6, 72.3, , 15.848, 0.985, 247.392, 247.392, 4.086, 378.708, 378.708, 378.708, 51.387, 97.674, 35.629, 35.558, 7.378, 12.895, 0, 0, 80.975, 82.243, 80.975, 82.243, 1, 81.44, 81.44, 0.025, 0.133, 101.628, 103.222, 101.628, 103.222, 5.749, 7.378, 12.895, , , 1, 2.751, 0.079, 0, 12.3, 4.086, 151, 0, 0, 0, 72, 17.863, 17.945, 109.429, 101.076, 100, 0, 0, 31.484, 30.48, 99.92, 4.405, 93.976, 0, 0, 94.992, 81.325, 0, 0, 0.079, 0, 0, 14, 0, 12.3, 0, 4.086, 151, 0, 0, 0, 72, 1, 0.018, 0.018, 109.429, 101.076, 100, 0, 0, 141, 31.484, 30.484, 99.92, 4.405, 0, 93.976, 0, 0, 94.992, 81.325, 0, 0.3, 0, 0, 
2.7, 18.99, 100.3, 71.6, 72.3, , 15.811, 0.985, 253.23, 253.23, 4.128, 377.863, 377.863, 377.863, 51.402, 98.605, 35.809, 35.522, 7.378, 12.943, 0, 0, 81.554, 82.831, 81.554, 82.831, 1, 82.211, 82.211, 0.025, 0.133, 101.372, 102.961, 101.372, 102.961, 5.808, 7.378, 12.943, , , 1, 2.801, 0.065, 0, 12.3, 4.128, 151.38, 0, 0, 0, 72, 17.919, 18.03, 109.4, 101.002, 100, 0, 0, 31.785, 30.78, 100, 4.41, 94.475, 0, 0, 95.475, 82.096, 0, 0, 0.065, 0, 0, 14, 0, 12.3, 0, 4.128, 151.38, 0, 0, 0, 72, 1, 0.018, 0.018, 109.4, 101.002, 100, 0, 0, 141, 31.785, 30.785, 100, 4.41, 0, 94.475, 0, 0, 95.475, 82.096, 0, 0.3, 0, 0, 
2.75, 18.99, 100.3, 71.6, 72.3, , 15.777, 0.985, 259.124, 259.124, 4.17, 377.079, 377.079, 377.079, 51.42, 99.535, 35.989, 35.486, 7.379, 12.972, 0, 0, 82.149, 83.435, 82.149, 83.435, 1, 82.989, 82.989, 0.025, 0.133, 101.129, 102.713, 101.129, 102.713, 5.846, 7.379, 12.972, , , 1, 2.851, 0.048, 0, 12.3, 4.17, 151.793, 0, 0, 0, 72, 17.972, 18.12, 109.4, 100.927, 100, 0, 0, 32.095, 31.091, 100, 4.41, 94.992, 0, 0, 95.992, 82.87, 0, 0, 0.048, 0, 0, 14, 0, 12.3, 0, 4.17, 151.793, 0, 0, 0, 72, 1, 0.018, 0.018, 109.4, 100.927, 100, 0, 0, 141, 32.095, 31.095, 100, 4.41, 0, 94.992, 0, 0, 95.992, 82.87, 0, 0.3, 0, 0, 
2.8, 18.99, 100.3, 71.6, 72.3, , 15.734, 0.985, 265.111, 265.111, 4.211, 376.072, 376.072, 376.072, 51.438, 98.043, 36.169, 35.45, 7.379, 12.997, 0, 0, 82.689, 83.982, 82.689, 83.982, 1, 83.76, 83.76, 0.025, 0.133, 100.823, 102.402, 100.823, 102.402, 5.869, 7.379, 12.997, , , 1, 2.901, 0.032, 0, 12.3, 4.211, 152.207, 0, 0, 0, 72, 18.026, 18.209, 109.4, 100.853, 100, 0, 0, 32.405, 31.402, 100, 4.41, 95.508, 0, 0, 96.508, 83.644, 0, 0, 0.032, 0, 0, 14, 0, 12.3, 0, 4.211, 152.207, 0, 0, 0, 72, 1, 0.018, 0.018, 109.4, 100.853, 100, 0, 0, 141, 32.405, 31.405, 100, 4.41, 0, 95.508, 0, 0, 96.508, 83.644, 0, 0.3, 0, 0, 
2.85, 18.99, 100.3, 71.6, 72.3, , 15.678, 0.985, 271.217, 271.217, 4.253, 374.776, 374.776, 374.776, 51.457, 94.13, 36.348, 35.42, 7.38, 13.011, 0, 0, 83.169, 84.47, 83.169, 84.47, 1, 84.522, 84.522, 0.025, 0.133, 100.437, 102.01, 100.437, 102.01, 5.892, 7.38, 13.011, , , 1, 2.951, 0.015, 0, 12.3, 4.253, 152.62, 0, 0, 0, 72, 18.08, 18.298, 109.4, 100.778, 100, 0, 0, 32.715, 31.714, 100, 4.41, 96.025, 0, 0, 97.025, 84.418, 0, 0, 0.015, 0, 0, 14, 0, 12.3, 0, 4.253, 152.62, 0, 0, 0, 72, 1, 0.018, 0.018, 109.4, 100.778, 100, 0, 0, 141, 32.715, 31.715, 100, 4.41, 0, 96.025, 0, 0, 97.025, 84.418, 0, 0.3, 0, 0, 
2.9, 18.99, 100.3, 71.6, 72.3, , 15.608, 0.985, 277.249, 277.249, 4.295, 373.137, 373.137, 373.137, 51.478, 90.217, 36.522, 35.42, 7.38, 13.022, 0, 0, 83.548, 84.855, 83.548, 84.855, 1, 85.289, 85.289, 0.025, 0.132, 99.955, 101.522, 99.955, 101.522, 5.915, 7.38, 13.022, , , 1, 3.001, 0, 0, 12.3, 4.295, 153, 0, 0, 0, 72, 18.136, 18.384, 109.371, 100.698, 100, 0, 0, 33.016, 32.016, 100, 4.41, 96.54, 0, 0, 97.54, 85.19, 0, 0, 0, 0, 0, 14, 0, 12.3, 0, 4.295, 153, 0, 0, 0, 72, 1, 0.018, 0.018, 109.371, 100.698, 100, 0, 0, 141, 33.016, 32.016, 100, 4.41, 0, 96.54, 0, 0, 97.54, 85.19, 0, 0.3, 0, 0, 
2.95, 18.99, 100.3, 71.6, 72.3, , 15.572, 0.985, 283.394, 283.394, 4.338, 372.303, 372.303, 372.303, 51.501, 86.304, 36.695, 35.42, 7.379, 13.024, 0, 0, 84.107, 85.424, 84.107, 85.424, 1, 86.05, 86.05, 0.025, 0.132, 99.687, 101.25, 99.687, 101.25, 5.928, 7.379, 13.024, , , 1, 3.051, 0, 0, 12.3, 4.338, 153, 0, 0, 0, 72, 18.217, 18.436, 109.01, 100.55, 100, 0, 0, 33.217, 32.217, 100, 4.414, 97.042, 0, 0, 98.042, 85.939, 0, 0, 0, 0, 0, 14, 0, 12.3, 0, 4.338, 153, 0, 0, 0, 72, 1, 0.018, 0.018, 109.01, 100.55, 100, 0, 0, 141, 33.217, 32.217, 100, 4.414, 0, 97.042, 0, 0, 98.042, 85.939, 0, 0.3, 0, 0, 
3, 18.991, 100.3, 71.6, 72.298, , 15.504, 0.985, 289.661, 289.661, 4.38, 370.721, 370.721, 370.721, 51.525, 82.391, 36.869, 35.42, 7.379, 13.022, 0, 0, 84.495, 85.818, 84.495, 85.818, 1, 86.811, 86.811, 0.025, 0.132, 99.216, 100.77, 99.216, 100.77, 5.918, 7.379, 13.022, , , 1, 3.101, 0, 0, 12.3, 4.38, 153, 0, 0, 0, 72, 18.297, 18.489, 108.648, 100.401, 100, 0, 0, 33.418, 32.418, 100, 4.418, 97.544, 0, 0, 98.544, 86.688, 0, 0, 0, 0, 0, 14, 0, 12.3, 0, 4.38, 153, 0, 0, 0, 72, 1, 0.018, 0.018, 108.648, 100.401, 100, 0, 0, 141, 33.418, 32.418, 100, 4.418, 0, 97.544, 0, 0, 98.544, 86.688, 0, 0.3, 0, 0, 
3.05, 18.992, 100.3, 71.6, 72.296, , 15.416, 0.985, 295.849, 295.849, 4.422, 368.639, 368.639, 368.639, 51.552, 78.478, 37.043, 35.42, 7.378, 13.005, 0, 0, 84.746, 86.072, 84.746, 86.072, 1, 87.575, 87.575, 0.025, 0.132, 98.608, 100.153, 98.608, 100.153, 5.908, 7.378, 13.005, , , 1, 3.151, 0, 0, 12.3, 4.422, 153, 0, 0, 0, 72, 18.377, 18.541, 108.287, 100.252, 100, 0, 0, 33.618, 32.618, 100, 4.422, 98.046, 0, 0, 99.046, 87.437, 0, 0, 0, 0, 0, 14, 0, 12.3, 0, 4.422, 153, 0, 0, 0, 72, 1, 0.019, 0.019, 108.287, 100.252, 100, 0, 0, 141, 33.618, 32.618, 100, 4.422, 0, 98.046, 0, 0, 99.046, 87.437, 0, 0.3, 0, 0, 
3.1, 18.994, 100.3, 71.6, 72.294, , 15.337, 0.985, 302.16, 302.16, 4.464, 366.788, 366.788, 366.788, 51.582, 74.565, 37.217, 35.42, 7.378, 12.984, 0, 0, 85.047, 86.378, 85.047, 86.378, 1, 88.328, 88.328, 0.025, 0.132, 98.057, 99.593, 98.057, 99.593, 5.897, 7.378, 12.984, , , 1, 3.201, 0, 0, 12.3, 4.464, 153, 0, 0, 0, 72, 18.458, 18.593, 107.925, 100.104, 100, 0, 0, 33.819, 32.819, 100, 4.426, 98.548, 0, 0, 99.548, 88.186, 0, 0, 0, 0, 0, 14, 0, 12.3, 0, 4.464, 153, 0, 0, 0, 72, 1, 0.019, 0.019, 107.925, 100.104, 100, 0, 0, 141, 33.819, 32.819, 100, 4.426, 0, 98.548, 0, 0, 99.548, 88.186, 0, 0.3, 0, 0, 
3.15, 18.995, 100.3, 71.6, 72.292, , 15.271, 0.985, 308.596, 308.596, 4.506, 365.269, 365.269, 365.269, 51.613, 70.652, 36.781, 35.676, 7.377, 12.946, 0, 0, 85.42, 86.758, 85.42, 86.758, 1, 89.08, 89.08, 0.025, 0.132, 97.594, 99.122, 97.594, 99.122, 5.906, 7.377, 12.946, , , 1, 3.251, 0, 0, 12.3, 4.506, 153, 0, 0, 0, 72, 18.543, 18.656, 107.6, 99.962, 100, 0, 0, 33.99, 33, 100, 4.43, 99.093, 0, 0, 100.083, 88.937, 0, 0, 0, 0, 0, 14, 0, 12.3, 0, 4.506, 153, 0, 0, 0, 72, 1, 0.019, 0.019, 107.6, 99.962, 100, 0, 0, 141, 33.99, 33, 100, 4.43, 0, 99.093, 0, 0, 100.083, 88.937, 0, 0.3, 0, 0, 
3.2, 18.996, 100.3, 71.6, 72.29, , 15.188, 0.985, 314.963, 314.963, 4.549, 363.317, 363.317, 363.317, 51.642, 66.739, 36.333, 35.938, 7.377, 12.904, 0, 0, 85.681, 87.02, 85.681, 87.02, 1, 89.819, 89.819, 0.025, 0.133, 97.019, 98.537, 97.019, 98.537, 5.964, 7.377, 12.904, , , 1, 3.301, 0, 0, 12.3, 4.549, 153, 0, 0, 0, 72, 18.671, 18.813, 107.6, 99.886, 100, 0, 0, 33.886, 33, 100, 4.425, 100.027, 0, 0, 100.913, 89.709, 0, 0, 0, 0, 0, 14, 0, 12.3, 0, 4.549, 153, 0, 0, 0, 72, 1, 0.019, 0.019, 107.6, 99.886, 100, 0, 0, 141, 33.886, 33, 100, 4.425, 0, 100.027, 0, 0, 100.913, 89.709, 0, 0.3, 0, 0, 
3.25, 18.997, 100.3, 71.6, 72.288, , 15.126, 0.985, 321.45, 321.45, 4.591, 361.858, 361.858, 361.858, 51.663, 62.826, 35.885, 36.199, 7.378, 12.838, 0, 0, 86.05, 87.395, 86.05, 87.395, 1, 90.566, 90.566, 0.025, 0.133, 96.585, 98.098, 96.585, 98.098, 6.022, 7.378, 12.838, , , 1, 3.351, 0, 0, 12.3, 4.591, 153, 0, 0, 0, 72, 18.8, 18.971, 107.6, 99.809, 100, 0, 0, 33.782, 33, 100, 4.421, 100.961, 0, 0, 101.743, 90.481, 0, 0, 0, 0, 0, 14, 0, 12.3, 0, 4.591, 153, 0, 0, 0, 72, 1, 0.019, 0.019, 107.6, 99.809, 100, 0, 0, 141, 33.782, 33, 100, 4.421, 0, 100.961, 0, 0, 101.743, 90.481, 0, 0.3, 0, 0, 
3.3, 18.998, 100.3, 71.6, 72.286, , 15.078, 0.985, 328.066, 328.066, 4.633, 360.756, 360.756, 360.756, 51.679, 58.913, 35.436, 36.46, 7.378, 12.768, 0, 0, 86.488, 87.84, 86.488, 87.84, 1, 91.311, 91.311, 0.025, 0.133, 96.262, 97.77, 96.262, 97.77, 6.08, 7.378, 12.768, , , 1, 3.401, 0, 0, 12.3, 4.633, 153, 0, 0, 0, 72, 18.929, 19.129, 107.6, 99.732, 100, 0, 0, 33.678, 33, 100, 4.417, 101.894, 0, 0, 102.573, 91.253, 0, 0, 0, 0, 0, 14, 0, 12.3, 0, 4.633, 153, 0, 0, 0, 72, 1, 0.019, 0.019, 107.6, 99.732, 100, 0, 0, 141, 33.678, 33, 100, 4.417, 0, 101.894, 0, 0, 102.573, 91.253, 0, 0.3, 0, 0, 
3.35, 18.999, 100.3, 71.6, 72.285, , 15, 0.985, 334.637, 334.637, 4.676, 358.919, 358.919, 358.919, 51.688, 55, 35.077, 36.64, 7.379, 12.676, 0, 0, 86.738, 88.095, 86.738, 88.095, 1, 92.053, 92.053, 0.025, 0.133, 95.755, 97.255, 95.755, 97.255, 6.138, 7.379, 12.676, , , 1, 3.451, 0, 0, 12.3, 4.676, 153, 0, 0, 0, 72, 19.057, 19.286, 107.6, 99.655, 100, 0, 0, 33.575, 33, 100, 4.413, 102.828, 0, 0, 103.402, 92.024, 0, 0, 0, 0, 0, 14, 0, 12.3, 0, 4.676, 153, 0, 0, 0, 72, 1, 0.019, 0.019, 107.6, 99.655, 100, 0, 0, 141, 33.575, 33, 100, 4.413, 0, 102.828, 0, 0, 103.402, 92.024, 0, 0.3, 0, 0, 
3.4, 19, 100.3, 71.6, 72.283, , 14.906, 0.985, 343.644, 343.644, 4.717, 356.737, 356.737, 356.737, 51.691, 51.087, 35.185, 36.388, 7.379, 12.581, 0, 0, 87.134, 88.498, 87.134, 88.498, 1, 92.941, 92.941, 0.025, 0.133, 95.166, 96.657, 95.166, 96.657, 6.221, 7.379, 12.581, , , 1, 3.5, 0, 0, 12.3, 4.717, 153, 0, 0, 0, 72, 19.186, 19.436, 107.502, 99.56, 100, 0, 0, 33.527, 33.027, 100, 4.41, 103.717, 0, 0, 104.217, 92.816, 0, 0, 0, 0, 0, 14, 0, 12.3, 0, 4.717, 153, 0, 0, 0, 72, 1, 0.019, 0.019, 107.502, 99.56, 100, 0, 0, 141, 33.527, 33.027, 100, 4.41, 0, 103.717, 0, 0, 104.217, 92.816, 0, 0.3, 0, 0, 
3.45, 19.002, 100.3, 71.6, 72.281, , 14.873, 0.985, 350.386, 350.386, 4.755, 355.966, 355.966, 355.966, 51.693, 47.174, 35.293, 36.136, 7.38, 12.472, 0, 0, 87.633, 89.004, 87.633, 89.004, 1, 93.771, 93.771, 0.025, 0.133, 94.959, 96.447, 94.959, 96.447, 6.303, 7.38, 12.472, , , 1, 3.55, 0, 0, 12.3, 4.755, 153, 0, 0, 0, 72, 19.314, 19.566, 107.153, 99.416, 100, 0, 0, 33.624, 33.124, 100, 4.41, 104.492, 0, 0, 104.992, 93.659, 0, 0, 0, 0, 0, 14, 0, 12.3, 0, 4.755, 153, 0, 0, 0, 72, 1, 0.019, 0.019, 107.153, 99.416, 100, 0, 0, 141, 33.624, 33.124, 100, 4.41, 0, 104.492, 0, 0, 104.992, 93.659, 0, 0.3, 0, 0, 
3.5, 19.003, 100.3, 71.6, 72.279, , 14.816, 0.985, 357.121, 357.121, 4.793, 354.649, 354.649, 354.649, 51.696, 43.261, 35.401, 35.884, 7.38, 12.364, 0, 0, 87.987, 89.363, 87.987, 89.363, 1, 94.495, 94.495, 0.025, 0.133, 94.603, 96.085, 94.603, 96.085, 6.386, 7.38, 12.364, , , 1, 3.6, 0, 0, 12.3, 4.793, 153, 0, 0, 0, 72, 19.442, 19.696, 106.805, 99.273, 100, 0, 0, 33.721, 33.221, 100, 4.41, 105.267, 0, 0, 105.767, 94.502, 0, 0, 0, 0, 0, 14, 0, 12.3, 0, 4.793, 153, 0, 0, 0, 72, 1, 0.019, 0.019, 106.805, 99.273, 100, 0, 0, 141, 33.721, 33.221, 100, 4.41, 0, 105.267, 0, 0, 105.767, 94.502, 0, 0.3, 0, 0, 
3.55, 19.004, 100.3, 71.6, 72.277, , 14.743, 0.985, 363.984, 363.984, 4.832, 352.94, 352.94, 352.94, 51.702, 40.875, 35.509, 35.632, 7.38, 12.273, 0, 0, 88.238, 89.619, 88.238, 89.619, 1, 95.226, 95.226, 0.025, 0.133, 94.135, 95.61, 94.135, 95.61, 6.468, 7.38, 12.273, , , 1, 3.651, 0, 0, 12.3, 4.832, 153, 0, 0, 0, 72, 19.57, 19.826, 106.456, 99.13, 100, 0, 0, 33.818, 33.318, 100, 4.41, 106.043, 0, 0, 106.543, 95.345, 0, 0, 0, 0, 0, 14, 0, 12.3, 0, 4.832, 153, 0, 0, 0, 72, 1, 0.02, 0.02, 106.456, 99.13, 100, 0, 0, 141, 33.818, 33.318, 100, 4.41, 0, 106.043, 0, 0, 106.543, 95.345, 0, 0.3, 0, 0, 
3.6, 19.005, 100.3, 71.6, 72.275, , 14.725, 0.985, 370.852, 370.852, 4.87, 352.527, 352.527, 352.527, 51.712, 56.753, 35.554, 35.426, 7.379, 12.184, 0, 0, 88.806, 90.196, 88.806, 90.196, 1, 95.949, 95.949, 0.025, 0.133, 94.007, 95.481, 94.007, 95.481, 6.527, 7.379, 12.184, , , 1, 3.701, 0, 0, 12.3, 4.87, 153, 0, 0, 0, 72, 19.697, 19.956, 106.107, 98.986, 100, 0, 0, 33.915, 33.415, 100, 4.41, 106.818, 0, 0, 107.318, 96.188, 0, 0, 0, 0, 0, 14, 0, 12.3, 0, 4.87, 153, 0, 0, 0, 72, 1, 0.02, 0.02, 106.107, 98.986, 100, 0, 0, 141, 33.915, 33.415, 100, 4.41, 0, 106.818, 0, 0, 107.318, 96.188, 0, 0.3, 0, 0, 
3.65, 19.006, 100.3, 71.6, 72.273, , 14.7, 0.985, 377.773, 377.773, 4.909, 351.974, 351.974, 351.974, 51.724, 58.203, 35.266, 35.462, 7.379, 12.121, 0, 0, 89.33, 90.728, 89.33, 90.728, 1, 96.664, 96.664, 0.025, 0.133, 93.84, 95.311, 93.84, 95.311, 6.585, 7.379, 12.121, , , 1, 3.751, 0, 0, 12.3, 4.909, 153, 0, 0, 0, 72, 19.796, 20.053, 105.8, 98.842, 100, 0, 0, 33.988, 33.476, 100, 4.41, 107.464, 0, 0, 107.964, 97.005, 0, 0, 0, 0, 0, 14, 0, 12.3, 0, 4.909, 153, 0, 0, 0, 72, 1, 0.02, 0.02, 105.8, 98.842, 100, 0, 0, 141, 33.988, 33.476, 100, 4.41, 0, 107.464, 0, 0, 107.964, 97.005, 0, 0.3, 0, 0, 
3.7, 19.007, 100.3, 71.6, 72.271, , 14.627, 0.985, 384.724, 384.724, 4.948, 350.244, 350.244, 350.244, 51.711, 59.654, 34.978, 35.498, 7.379, 12.061, 0, 0, 89.556, 90.957, 89.556, 90.957, 1, 97.393, 97.393, 0.024, 0.133, 93.396, 94.859, 93.396, 94.859, 6.644, 7.379, 12.061, , , 1, 3.801, 0, 0, 12.3, 4.948, 153, 0, 0, 0, 72, 19.676, 19.915, 105.8, 98.694, 100, 0, 0, 33.888, 33.276, 100, 4.41, 107.164, 0, 0, 107.664, 97.627, 0, 0, 0, 0, 0, 14, 0, 12.3, 0, 4.948, 153, 0, 0, 0, 72, 1, 0.02, 0.02, 105.8, 98.694, 100, 0, 0, 141, 33.888, 33.276, 100, 4.41, 0, 107.164, 0, 0, 107.664, 97.627, 0, 0.3, 0, 0, 
3.75, 19.008, 100.3, 71.6, 72.269, , 14.605, 0.985, 391.783, 391.783, 4.988, 349.769, 349.769, 349.769, 51.66, 61.105, 34.69, 35.534, 7.379, 12.041, 0, 0, 90.092, 91.503, 90.092, 91.503, 1, 98.115, 98.115, 0.024, 0.133, 93.367, 94.83, 93.367, 94.83, 6.703, 7.379, 12.041, , , 1, 3.851, 0, 0, 12.3, 4.988, 153, 0, 0, 0, 72, 19.556, 19.777, 105.8, 98.546, 100, 0, 0, 33.788, 33.076, 100, 4.41, 106.864, 0, 0, 107.364, 98.249, 0, 0, 0, 0, 0, 14, 0, 12.3, 0, 4.988, 153, 0, 0, 0, 72, 1, 0.02, 0.02, 105.8, 98.546, 100, 0, 0, 141, 33.788, 33.076, 100, 4.41, 0, 106.864, 0, 0, 107.364, 98.249, 0, 0.3, 0, 0, 
3.8, 19.01, 100.3, 71.6, 72.267, , 14.577, 0.985, 398.859, 398.859, 5.027, 349.128, 349.128, 349.128, 51.563, 62.556, 34.402, 35.57, 7.379, 12.022, 0, 0, 90.583, 92.001, 90.583, 92.001, 1, 98.831, 98.831, 0.024, 0.133, 93.366, 94.83, 93.366, 94.83, 6.738, 7.379, 12.022, , , 1, 3.9, 0, 0, 12.3, 5.027, 153, 0, 0, 0, 72, 19.436, 19.639, 105.8, 98.398, 100, 0, 0, 33.688, 32.876, 100, 4.41, 106.564, 0, 0, 107.064, 98.871, 0, 0, 0, 0, 0, 14, 0, 12.3, 0, 5.027, 153, 0, 0, 0, 72, 1, 0.019, 0.019, 105.8, 98.398, 100, 0, 0, 141, 33.688, 32.876, 100, 4.41, 0, 106.564, 0, 0, 107.064, 98.871, 0, 0.3, 0, 0, 
3.85, 19.011, 100.3, 71.6, 72.266, , 14.52, 0.985, 406.076, 406.076, 5.066, 347.8, 347.8, 347.8, 51.426, 64.007, 34.189, 35.56, 7.381, 12.038, 0, 0, 90.894, 92.318, 90.894, 92.318, 1, 99.539, 99.539, 0.024, 0.132, 93.268, 94.73, 93.268, 94.73, 6.763, 7.381, 12.038, , , 1, 3.95, 0, 0, 12.3, 5.066, 153, 0, 0, 0, 72, 19.316, 19.501, 105.8, 98.25, 100, 0, 0, 33.588, 32.676, 100, 4.41, 106.264, 0, 0, 106.764, 99.493, 0, 0, 0, 0, 0, 14, 0, 12.3, 0, 5.066, 153, 0, 0, 0, 72, 1, 0.019, 0.019, 105.8, 98.25, 100, 0, 0, 141, 33.588, 32.676, 100, 4.41, 0, 106.264, 0, 0, 106.764, 99.493, 0, 0.3, 0, 0, 
3.9, 19.012, 100.3, 71.6, 72.264, , 14.464, 0.985, 413.293, 413.293, 5.103, 346.474, 346.474, 346.474, 51.239, 65.458, 34.368, 35.309, 7.382, 12.054, 0, 0, 91.2, 92.628, 91.2, 92.628, 1, 100.26, 100.26, 0.024, 0.132, 93.244, 94.704, 93.244, 94.704, 6.789, 7.382, 12.054, , , 1, 4.001, 0, 0, 12.301, 5.103, 153, 0, 0, 0, 72, 19.199, 19.368, 105.8, 98.113, 100, 0, 0, 33.505, 32.495, 100, 4.41, 105.961, 0, 0, 106.456, 100.13, 0, 0, 0, 0, 0, 13.999, 0, 12.301, 0, 5.103, 153, 0, 0, 0, 72, 1, 0.019, 0.019, 105.8, 98.113, 100, 0, 0, 141, 33.505, 32.495, 100, 4.41, 0, 105.961, 0, 0, 106.456, 100.13, 0, 0.299, 0, 0, 
3.95, 19.013, 100.3, 71.6, 72.262, , 14.393, 0.985, 420.444, 420.444, 5.118, 344.82, 344.82, 344.82, 51.032, 66.909, 34.547, 35.058, 7.383, 12.111, 0, 0, 91.396, 92.827, 91.396, 92.827, 1, 100.959, 100.959, 0.024, 0.132, 93.176, 94.636, 93.176, 94.636, 6.815, 7.383, 12.111, , , 1, 4.051, 0, 0, 12.309, 5.118, 153, 0, 0, 0, 72, 19.11, 19.273, 105.8, 98.053, 100, 0, 0, 33.545, 32.455, 100, 4.41, 105.639, 0, 0, 106.094, 100.882, 0, 0, 0, 0, 0, 13.991, 0, 12.309, 0, 5.118, 153, 0, 0, 0, 72, 1, 0.019, 0.019, 105.8, 98.053, 100, 0, 0, 141, 33.545, 32.455, 100, 4.41, 0, 105.639, 0, 0, 106.094, 100.882, 0, 0.291, 0, 0, 
4, 19.014, 100.3, 71.6, 72.26, , 14.331, 0.985, 427.755, 427.755, 5.133, 343.375, 343.375, 343.375, 50.821, 68.36, 34.727, 34.807, 7.384, 12.169, 0, 0, 91.65, 93.084, 91.65, 93.084, 1, 101.673, 101.673, 0.025, 0.132, 93.162, 94.623, 93.162, 94.623, 6.835, 7.384, 12.169, , , 1, 4.101, 0, 0, 12.317, 5.133, 153, 0, 0, 0, 72, 19.02, 19.177, 105.8, 97.993, 100, 0, 0, 33.585, 32.415, 100, 4.41, 105.316, 0, 0, 105.731, 101.633, 0, 0, 0, 0, 0, 13.983, 0, 12.317, 0, 5.133, 153, 0, 0, 0, 72, 1, 0.019, 0.019, 105.8, 97.993, 100, 0, 0, 141, 33.585, 32.415, 100, 4.41, 0, 105.316, 0, 0, 105.731, 101.633, 0, 0.283, 0, 0, 
4.05, 19.015, 100.3, 71.6, 72.258, , 14.236, 0.985, 435.184, 435.184, 5.149, 341.164, 341.164, 341.164, 50.619, 69.811, 34.906, 34.556, 7.385, 12.252, 0, 0, 91.695, 93.13, 91.695, 93.13, 1, 102.374, 102.374, 0.025, 0.131, 92.937, 94.393, 92.937, 94.393, 6.85, 7.385, 12.252, , , 1, 4.151, 0, 0, 12.325, 5.149, 153, 0, 0, 0, 72, 18.931, 19.081, 105.8, 97.934, 100, 0, 0, 33.626, 32.374, 100, 4.41, 104.994, 0, 0, 105.368, 102.385, 0, 0, 0, 0, 0, 13.975, 0, 12.325, 0, 5.149, 153, 0, 0, 0, 72, 1, 0.019, 0.019, 105.8, 97.934, 100, 0, 0, 141, 33.626, 32.374, 100, 4.41, 0, 104.994, 0, 0, 105.368, 102.385, 0, 0.275, 0, 0, 
4.1, 19.016, 100.3, 71.6, 72.256, , 14.18, 0.985, 442.627, 442.627, 5.164, 339.847, 339.847, 339.847, 50.42, 71.262, 35.04, 34.401, 7.386, 12.335, 0, 0, 91.97, 93.41, 91.97, 93.41, 1, 103.074, 103.074, 0.025, 0.131, 92.944, 94.401, 92.944, 94.401, 6.866, 7.386, 12.335, , , 1, 4.201, 0, 0, 12.333, 5.164, 153, 0, 0, 0, 72, 18.841, 18.985, 105.8, 97.874, 100, 0, 0, 33.666, 32.334, 100, 4.41, 104.671, 0, 0, 105.005, 103.137, 0, 0, 0, 0, 0, 13.967, 0, 12.333, 0, 5.164, 153, 0, 0, 0, 72, 1, 0.019, 0.019, 105.8, 97.874, 100, 0, 0, 141, 33.666, 32.334, 100, 4.41, 0, 104.671, 0, 0, 105.005, 103.137, 0, 0.267, 0, 0, 
4.15, 19.018, 100.3, 71.6, 72.254, , 14.122, 0.985, 450.051, 450.051, 5.179, 338.489, 338.489, 338.489, 50.226, 72.713, 34.895, 34.834, 7.385, 12.427, 0, 0, 92.221, 93.664, 92.221, 93.664, 1, 103.773, 103.773, 0.025, 0.131, 92.928, 94.387, 92.928, 94.387, 6.881, 7.385, 12.427, , , 1, 4.251, 0, 0, 12.341, 5.179, 153, 0, 0, 0, 72, 18.752, 18.889, 105.8, 97.814, 100, 0, 0, 33.706, 32.294, 100, 4.41, 104.348, 0, 0, 104.642, 103.888, 0, 0, 0, 0, 0, 13.959, 0, 12.341, 0, 5.179, 153, 0, 0, 0, 72, 1, 0.019, 0.019, 105.8, 97.814, 100, 0, 0, 141, 33.706, 32.294, 100, 4.41, 0, 104.348, 0, 0, 104.642, 103.888, 0, 0.259, 0, 0, 
4.2, 19.019, 100.3, 71.6, 72.252, , 14.06, 0.985, 457.584, 457.584, 5.194, 337.062, 337.062, 337.062, 50.038, 74.164, 34.751, 35.268, 7.384, 12.52, 0, 0, 92.447, 93.894, 92.447, 93.894, 1, 104.461, 104.461, 0.025, 0.13, 92.889, 94.346, 92.889, 94.346, 6.909, 7.384, 12.52, , , 1, 4.301, 0, 0, 12.349, 5.194, 153, 0, 0, 0, 72, 18.662, 18.793, 105.8, 97.755, 100, 0, 0, 33.747, 32.253, 100, 4.41, 104.026, 0, 0, 104.279, 104.64, 0, 0, 0, 0, 0, 13.951, 0, 12.349, 0, 5.194, 153, 0, 0, 0, 72, 1, 0.019, 0.019, 105.8, 97.755, 100, 0, 0, 141, 33.747, 32.253, 100, 4.41, 0, 104.026, 0, 0, 104.279, 104.64, 0, 0.251, 0, 0, 
4.25, 19.02, 100.3, 71.6, 72.25, , 13.987, 0.985, 465.116, 465.116, 5.21, 335.352, 335.352, 335.352, 49.85, 75.615, 34.606, 35.702, 7.383, 12.599, 0, 0, 92.584, 94.032, 92.584, 94.032, 1, 105.162, 105.162, 0.025, 0.13, 92.763, 94.217, 92.763, 94.217, 6.947, 7.383, 12.599, , , 1, 4.351, 0, 0, 12.357, 5.21, 153, 0, 0, 0, 72, 18.573, 18.697, 105.8, 97.695, 100, 0, 0, 33.787, 32.213, 100, 4.41, 103.703, 0, 0, 103.916, 105.391, 0, 0, 0, 0, 0, 13.943, 0, 12.357, 0, 5.21, 153, 0, 0, 0, 72, 1, 0.018, 0.018, 105.8, 97.695, 100, 0, 0, 141, 33.787, 32.213, 100, 4.41, 0, 103.703, 0, 0, 103.916, 105.391, 0, 0.243, 0, 0, 
4.3, 19.02, 100.3, 71.6, 72.251, , 13.913, 0.985, 474.471, 474.471, 5.225, 333.633, 333.633, 333.633, 49.664, 77.066, 34.461, 36.136, 7.382, 12.676, 0, 0, 92.842, 94.295, 92.842, 94.295, 1, 106.053, 106.053, 0.025, 0.13, 92.614, 94.066, 92.614, 94.066, 6.986, 7.382, 12.676, , , 1, 4.401, 0, 0, 12.365, 5.225, 153, 0, 0, 0, 72, 18.483, 18.601, 105.8, 97.635, 100, 0, 0, 33.827, 32.173, 100, 4.41, 103.381, 0, 0, 103.553, 106.143, 0, 0, 0, 0, 0, 13.935, 0, 12.365, 0, 5.225, 153, 0, 0, 0, 72, 1, 0.018, 0.018, 105.8, 97.635, 100, 0, 0, 141, 33.827, 32.173, 100, 4.41, 0, 103.381, 0, 0, 103.553, 106.143, 0, 0.235, 0, 0, 
4.35, 19.02, 100.3, 71.6, 72.251, , 13.795, 0.985, 482.721, 482.721, 5.24, 330.855, 330.855, 330.855, 49.652, 78.517, 34.38, 36.558, 7.381, 12.726, 0, 0, 92.704, 94.154, 92.704, 94.154, 1, 106.731, 106.731, 0.025, 0.13, 91.887, 93.326, 91.887, 93.326, 7.025, 7.381, 12.726, , , 1, 4.451, 0, 0, 12.374, 5.24, 153, 0, 0, 0, 72, 18.394, 18.505, 105.8, 97.576, 100, 0, 0, 33.868, 32.132, 100, 4.41, 103.058, 0, 0, 103.19, 106.895, 0, 0, 0, 0, 0, 13.926, 0, 12.374, 0, 5.24, 153, 0, 0, 0, 72, 1, 0.018, 0.018, 105.8, 97.576, 100, 0, 0, 141, 33.868, 32.132, 100, 4.41, 0, 103.058, 0, 0, 103.19, 106.895, 0, 0.226, 0, 0, 
4.4, 19.02, 100.3, 71.6, 72.252, , 13.711, 0.985, 490.505, 490.505, 5.255, 328.885, 328.885, 328.885, 49.776, 79.968, 34.632, 36.918, 7.38, 12.775, 0, 0, 92.744, 94.194, 92.744, 94.194, 1, 107.411, 107.411, 0.025, 0.13, 91.136, 92.563, 91.136, 92.563, 7.062, 7.38, 12.775, , , 1, 4.501, 0, 0, 12.382, 5.255, 153, 0, 0, 0, 72, 18.304, 18.409, 105.8, 97.516, 100, 0, 0, 33.908, 32.092, 100, 4.41, 102.735, 0, 0, 102.827, 107.646, 0, 0, 0, 0, 0, 13.918, 0, 12.382, 0, 5.255, 153, 0, 0, 0, 72, 1, 0.018, 0.018, 105.8, 97.516, 100, 0, 0, 141, 33.908, 32.092, 100, 4.41, 0, 102.735, 0, 0, 102.827, 107.646, 0, 0.218, 0, 0, 
4.45, 19.02, 100.3, 71.6, 72.253, , 13.593, 0.985, 498.287, 498.287, 5.27, 326.119, 326.119, 326.119, 50.023, 81.419, 34.884, 37.278, 7.381, 12.797, 0, 0, 92.538, 93.986, 92.538, 93.986, 1, 108.083, 108.083, 0.025, 0.131, 89.927, 91.336, 89.927, 91.336, 7.091, 7.381, 12.797, , , 1, 4.55, 0, 0, 12.39, 5.27, 153, 0, 0, 0, 72, 18.215, 18.313, 105.8, 97.456, 100, 0, 0, 33.948, 32.052, 100, 4.41, 102.413, 0, 0, 102.465, 108.398, 0, 0, 0, 0, 0, 13.91, 0, 12.39, 0, 5.27, 153, 0, 0, 0, 72, 1, 0.018, 0.018, 105.8, 97.456, 100, 0, 0, 141, 33.948, 32.052, 100, 4.41, 0, 102.413, 0, 0, 102.465, 108.398, 0, 0.21, 0, 0, 
4.5, 19.02, 100.3, 71.6, 72.254, , 13.494, 0.985, 506.071, 506.071, 5.286, 323.785, 323.785, 323.785, 50.396, 82.87, 35.136, 37.638, 7.382, 12.816, 0, 0, 92.44, 93.886, 92.44, 93.886, 1, 108.748, 108.748, 0.025, 0.131, 88.63, 90.018, 88.63, 90.018, 7.121, 7.382, 12.816, , , 1, 4.601, 0, 0, 12.398, 5.286, 153, 0, 0, 0, 72, 18.125, 18.217, 105.8, 97.397, 100, 0, 0, 33.989, 32.011, 100, 4.41, 102.09, 0, 0, 102.102, 109.15, 0, 0, 0, 0, 0, 13.902, 0, 12.398, 0, 5.286, 153, 0, 0, 0, 72, 1, 0.018, 0.018, 105.8, 97.397, 100, 0, 0, 141, 33.989, 32.011, 100, 4.41, 0, 102.09, 0, 0, 102.102, 109.15, 0, 0.202, 0, 0, 
4.55, 19.02, 100.3, 71.6, 72.254, , 13.408, 0.985, 514.009, 514.009, 5.356, 321.768, 321.768, 321.768, 50.873, 84.321, 35.388, 37.998, 7.382, 12.814, 0, 0, 92.43, 93.875, 92.43, 93.875, 1, 109.415, 109.415, 0.025, 0.131, 87.242, 88.609, 87.242, 88.609, 7.151, 7.382, 12.814, , , 1, 4.65, 0, 0, 12.4, 5.356, 153, 0, 0, 0, 72, 18.02, 18.116, 105.302, 96.972, 100, 0, 0, 34.138, 32.138, 100, 4.41, 101.654, 0, 0, 101.723, 109.874, 0, 0, 0, 0, 0, 13.9, 0, 12.4, 0, 5.356, 153, 0, 0, 0, 72, 1, 0.018, 0.018, 105.302, 96.972, 100, 0, 0, 141, 34.138, 32.138, 100, 4.41, 0, 101.654, 0, 0, 101.723, 109.874, 0, 0.2, 0, 0, 
4.6, 19.02, 100.3, 71.6, 72.255, , 13.295, 0.985, 521.911, 521.911, 5.447, 319.124, 319.124, 319.124, 51.265, 85.772, 35.571, 38.202, 7.382, 12.808, 0, 0, 92.217, 93.66, 92.217, 93.66, 1, 110.074, 110.074, 0.025, 0.131, 85.867, 87.213, 85.867, 87.213, 7.181, 7.382, 12.808, , , 1, 4.7, 0, 0, 12.4, 5.447, 153, 0, 0, 0, 72, 17.909, 18.012, 104.609, 96.404, 100, 0, 0, 34.331, 32.33, 100, 4.41, 101.173, 0, 0, 101.338, 110.589, 0, 0, 0, 0, 0, 13.9, 0, 12.4, 0, 5.447, 153, 0, 0, 0, 72, 1, 0.018, 0.018, 104.609, 96.404, 100, 0, 0, 141, 34.331, 32.331, 100, 4.41, 0, 101.173, 0, 0, 101.338, 110.589, 0, 0.2, 0, 0, 
4.65, 19.02, 100.3, 71.6, 72.256, , 13.174, 0.985, 529.887, 529.887, 5.538, 316.275, 316.275, 316.275, 51.526, 87.223, 35.391, 37.59, 7.383, 12.795, 0, 0, 91.935, 93.372, 91.935, 93.372, 1, 110.724, 110.724, 0.025, 0.131, 84.661, 85.987, 84.661, 85.987, 7.215, 7.383, 12.795, , , 1, 4.75, 0, 0, 12.4, 5.538, 153, 0, 0, 0, 72, 17.798, 17.909, 103.917, 95.837, 100, 0, 0, 34.523, 32.521, 100, 4.41, 100.692, 0, 0, 100.954, 111.304, 0, 0, 0, 0, 0, 13.9, 0, 12.4, 0, 5.538, 153, 0, 0, 0, 72, 1, 0.018, 0.018, 103.917, 95.837, 100, 0, 0, 141, 34.523, 32.523, 100, 4.41, 0, 100.692, 0, 0, 100.954, 111.304, 0, 0.2, 0, 0, 
4.7, 19.02, 100.3, 71.6, 72.257, , 13.068, 0.985, 537.853, 537.853, 5.629, 313.777, 313.777, 313.777, 51.655, 88.674, 35.211, 36.978, 7.384, 12.78, 0, 0, 91.737, 93.171, 91.737, 93.171, 1, 111.372, 111.372, 0.025, 0.131, 83.766, 85.079, 83.766, 85.079, 7.248, 7.384, 12.78, , , 1, 4.8, 0, 0, 12.4, 5.629, 153, 0, 0, 0, 72, 17.687, 17.805, 103.225, 95.27, 100, 0, 0, 34.715, 32.713, 100, 4.41, 100.212, 0, 0, 100.569, 112.018, 0, 0, 0, 0, 0, 13.9, 0, 12.4, 0, 5.629, 153, 0, 0, 0, 72, 1, 0.018, 0.018, 103.225, 95.27, 100, 0, 0, 141, 34.715, 32.715, 100, 4.41, 0, 100.212, 0, 0, 100.569, 112.018, 0, 0.2, 0, 0, 
4.75, 19.02, 100.3, 71.6, 72.258, , 12.965, 0.985, 546.055, 546.055, 5.72, 311.357, 311.357, 311.357, 51.657, 90.125, 35.031, 36.366, 7.383, 12.751, 0, 0, 91.564, 92.996, 91.564, 92.996, 1, 112.012, 112.012, 0.025, 0.13, 83.109, 84.412, 83.109, 84.412, 7.281, 7.383, 12.751, , , 1, 4.851, 0, 0, 12.4, 5.72, 153, 0, 0, 0, 72, 17.576, 17.702, 102.532, 94.702, 100, 0, 0, 34.908, 32.904, 100, 4.41, 99.731, 0, 0, 100.185, 112.733, 0, 0, 0, 0, 0, 13.9, 0, 12.4, 0, 5.72, 153, 0, 0, 0, 72, 1, 0.018, 0.018, 102.532, 94.702, 100, 0, 0, 141, 34.908, 32.908, 100, 4.41, 0, 99.731, 0, 0, 100.185, 112.733, 0, 0.2, 0, 0, 
4.8, 19.02, 100.3, 71.6, 72.258, , 12.861, 0.985, 554.118, 554.118, 5.772, 308.91, 308.91, 308.91, 51.539, 89.772, 34.851, 35.754, 7.382, 12.72, 0, 0, 91.359, 92.788, 91.359, 92.788, 1, 112.646, 112.646, 0.025, 0.13, 82.652, 83.947, 82.652, 83.947, 7.315, 7.382, 12.72, , , 1, 4.9, 0, 0, 12.4, 5.772, 153, 0, 0, 0, 72, 17.518, 17.658, 102.124, 94.43, 100, 0, 0, 35.042, 33.041, 100, 4.41, 99.5, 0, 0, 100, 113.344, 0, 0, 0, 0, 0, 13.9, 0, 12.4, 0, 5.772, 153, 0, 0, 0, 72, 1, 0.018, 0.018, 102.124, 94.43, 100, 0, 0, 141, 35.042, 33.042, 100, 4.41, 0, 99.5, 0, 0, 100, 113.344, 0, 0.2, 0, 0, 
4.85, 19.02, 100.3, 71.6, 72.259, , 12.765, 0.985, 562.331, 562.331, 5.787, 306.676, 306.676, 306.676, 51.38, 87.615, 34.752, 35.217, 7.382, 12.685, 0, 0, 91.212, 92.639, 91.212, 92.639, 1, 113.279, 113.279, 0.025, 0.13, 82.309, 83.599, 82.309, 83.599, 7.359, 7.382, 12.685, , , 1, 4.95, 0, 0, 12.4, 5.787, 153, 0, 0, 0, 72, 17.514, 17.673, 101.976, 94.43, 100, 0, 0, 35.124, 33.123, 100, 4.41, 99.5, 0, 0, 100, 113.851, 0, 0, 0, 0, 0, 13.9, 0, 12.4, 0, 5.787, 153, 0, 0, 0, 72, 1, 0.018, 0.018, 101.976, 94.43, 100, 0, 0, 141, 35.124, 33.124, 100, 4.41, 0, 99.5, 0, 0, 100, 113.851, 0, 0.2, 0, 0, 
4.9, 19.02, 100.3, 71.6, 72.26, , 12.687, 0.985, 570.544, 570.544, 5.801, 304.853, 304.853, 304.853, 51.225, 85.458, 35.074, 35.074, 7.382, 12.65, 0, 0, 91.172, 92.599, 91.172, 92.599, 1, 113.916, 113.916, 0.025, 0.13, 82.066, 83.353, 82.066, 83.353, 7.408, 7.382, 12.65, , , 1, 5, 0, 0, 12.4, 5.801, 153, 0, 0, 0, 72, 17.51, 17.689, 101.829, 94.43, 100, 0, 0, 35.206, 33.204, 100, 4.41, 99.5, 0, 0, 100, 114.358, 0, 0, 0, 0, 0, 13.9, 0, 12.4, 0, 5.801, 153, 0, 0, 0, 72, 1, 0.018, 0.018, 101.829, 94.43, 100, 0, 0, 141, 35.206, 33.206, 100, 4.41, 0, 99.5, 0, 0, 100, 114.358, 0, 0.2, 0, 0, 
4.95, 19.02, 100.3, 71.6, 72.261, , 12.606, 0.985, 578.745, 578.745, 5.816, 302.933, 302.933, 302.933, 51.075, 83.302, 35.397, 34.93, 7.381, 12.617, 0, 0, 91.086, 92.512, 91.086, 92.512, 1, 114.534, 114.534, 0.025, 0.13, 81.787, 83.068, 81.787, 83.068, 7.457, 7.381, 12.617, , , 1, 5.05, 0, 0, 12.4, 5.816, 153, 0, 0, 0, 72, 17.506, 17.704, 101.682, 94.43, 100, 0, 0, 35.287, 33.286, 100, 4.41, 99.5, 0, 0, 100, 114.866, 0, 0, 0, 0, 0, 13.9, 0, 12.4, 0, 5.816, 153, 0, 0, 0, 72, 1, 0.018, 0.018, 101.682, 94.43, 100, 0, 0, 141, 35.287, 33.287, 100, 4.41, 0, 99.5, 0, 0, 100, 114.866, 0, 0.2, 0, 0, 
5, 19.02, 100.3, 71.6, 72.261, , 12.454, 0.985, 587.085, 587.085, 5.831, 299.363, 299.363, 299.363, 50.927, 81.145, 35.72, 34.787, 7.379, 12.584, 0, 0, 90.499, 91.917, 90.499, 91.917, 1, 115.156, 115.156, 0.025, 0.129, 81.057, 82.326, 81.057, 82.326, 7.506, 7.379, 12.584, , , 1, 5.101, 0, 0, 12.4, 5.831, 153, 0, 0, 0, 72, 17.502, 17.72, 101.535, 94.43, 100, 0, 0, 35.369, 33.368, 100, 4.41, 99.5, 0, 0, 100, 115.373, 0, 0, 0, 0, 0, 13.9, 0, 12.4, 0, 5.831, 153, 0, 0, 0, 72, 1, 0.018, 0.018, 101.535, 94.43, 100, 0, 0, 141, 35.369, 33.369, 100, 4.41, 0, 99.5, 0, 0, 100, 115.373, 0, 0.2, 0, 0, 
5.05, 19.02, 100.3, 71.6, 72.262, , 11.233, 0.985, 595.424, 595.424, 5.846, 270.414, 270.414, 270.414, 50.791, 78.989, 36.042, 34.643, 7.379, 12.58, 0, 0, 82.083, 83.369, 82.083, 83.369, 1, 115.751, 115.751, 0.025, 0.129, 73.374, 74.523, 73.374, 74.523, 7.549, 7.379, 12.58, , , 1, 5.151, 0, 0, 12.4, 5.846, 153, 0, 0, 0, 72, 17.498, 17.735, 101.388, 94.43, 100, 0, 0, 35.45, 33.449, 100, 4.41, 99.5, 0, 0, 100, 115.88, 0, 0, 0, 0, 0, 13.9, 0, 12.4, 0, 5.846, 153, 0, 0, 0, 72, 1, 0.018, 0.018, 101.388, 94.43, 100, 0, 0, 141, 35.45, 33.45, 100, 4.41, 0, 99.5, 0, 0, 100, 115.88, 0, 0.2, 0, 0, 
5.1, 19.02, 100.3, 71.6, 72.263, , 9.285, 0.985, 603.813, 603.813, 5.861, 224.216, 224.216, 224.216, 50.694, 76.832, 36.32, 34.55, 7.378, 12.585, 0, 0, 68.287, 69.358, 68.287, 69.358, 1, 116.262, 116.262, 0.025, 0.129, 60.937, 61.891, 60.937, 61.891, 7.585, 7.378, 12.585, , , 1, 5.201, 0, 0, 12.4, 5.861, 153, 0, 0, 0, 72, 17.493, 17.751, 101.241, 94.43, 100, 0, 0, 35.532, 33.531, 100, 4.41, 99.5, 0, 0, 100, 116.388, 0, 0, 0, 0, 0, 13.9, 0, 12.4, 0, 5.861, 153, 0, 0, 0, 72, 1, 0.017, 0.018, 101.241, 94.43, 100, 0, 0, 141, 35.532, 33.532, 100, 4.41, 0, 99.5, 0, 0, 100, 116.388, 0, 0.2, 0, 0, 
5.15, 19.02, , , 72.264, , 7.401, , 612.287, 612.287, 5.876, 179.555, 179.555, 179.555, 50.641, 74.675, 36.32, 34.767, 7.378, 12.742, 0, 0, 54.871, 55.732, 54.871, 55.732, 1, 116.67, 116.67, 0.025, 0.129, 48.866, 49.631, 48.866, 49.631, 7.62, 7.378, 12.742, , , 1, 5.251, 0, 0, 12.4, 5.876, 153, 0, 0, 0, 72, 17.489, 17.766, 101.094, 94.43, 100, 0, 0, 35.613, 33.613, 100, 4.41, 99.5, 0, 0, 100, 116.895, 0, 0, 0, 0, 0, 13.9, 0, 12.4, 0, 5.876, 153, 0, 0, 0, 72, 1, 0.017, 0.018, 101.094, 94.43, 100, 0, 0, 141, 35.613, 33.613, 100, 4.41, 0, 99.5, 0, 0, 100, 116.895, 0, 0.2, 0, 0, 
5.2, 19.02, , , 72.264, , 5.593, , 620.775, 620.775, 5.891, 136.656, 136.656, 136.656, 50.65, 72.519, 36.32, 34.984, 7.377, 12.953, 0, 0, 41.902, 42.56, 41.902, 42.56, 1, 116.996, 116.996, 0.025, 0.129, 37.213, 37.796, 37.213, 37.796, 7.656, 7.377, 12.953, , , 1, 5.301, 0, 0, 12.4, 5.891, 153, 0, 0, 0, 72, 17.485, 17.782, 100.947, 94.43, 100, 0, 0, 35.695, 33.694, 100, 4.41, 99.5, 0, 0, 100, 117.402, 0, 0, 0, 0, 0, 13.9, 0, 12.4, 0, 5.891, 153, 0, 0, 0, 72, 1, 0.017, 0.018, 100.947, 94.43, 100, 0, 0, 141, 35.695, 33.695, 100, 4.41, 0, 99.5, 0, 0, 100, 117.402, 0, 0.2, 0, 0, 
5.25, 19.02, , , 72.265, , 3.7, , 629.41, 629.41, 5.906, 91.775, 91.775, 91.775, 50.751, 70.362, 36.32, 35.201, 7.377, 13.45, 0, 0, 28.23, 28.672, 28.23, 28.672, 1, 117.226, 117.226, 0.025, 0.128, 24.95, 25.342, 24.95, 25.342, 7.688, 7.377, 13.45, , , 1, 5.35, 0, 0, 12.4, 5.906, 153, 0, 0, 0, 72, 17.481, 17.797, 100.8, 94.43, 100, 0, 0, 35.777, 33.776, 100, 4.41, 99.5, 0, 0, 100, 117.91, 0, 0, 0, 0, 0, 13.9, 0, 12.4, 0, 5.906, 153, 0, 0, 0, 72, 1, 0.017, 0.018, 100.8, 94.43, 100, 0, 0, 141, 35.777, 33.777, 100, 4.41, 0, 99.5, 0, 0, 100, 117.91, 0, 0.2, 0, 0, 
5.3, 19.02, , , 72.266, , 2.638, , 637.885, 637.885, 5.92, 66.581, 66.581, 66.581, 50.94, , 36.32, 35.418, 7.377, 14.059, 0, 0, 20.512, 20.833, 20.512, 20.833, 1, 117.381, 117.381, 0.025, 0.128, 18.057, 18.341, 18.057, 18.341, 7.707, 7.377, 14.059, , , 1, 5.4, 0, 0, 12.4, 5.92, 153, 0, 0, 0, 72, 17.477, 17.813, 100.653, 94.43, 100, 0, 0, 35.858, 33.858, 100, 4.41, 99.5, 0, 0, 100, 118.417, 0, 0, 0, 0, 0, 13.9, 0, 12.4, 0, 5.92, 153, 0, 0, 0, 72, 1, 0.017, 0.018, 100.653, 94.43, 100, 0, 0, 141, 35.858, 33.858, 100, 4.41, 0, 99.5, 0, 0, 100, 118.417, 0, 0.2, 0, 0, 
5.35, 19.02, , , 72.267, , 1.494, , 646.534, 646.534, 5.935, 39.449, 39.449, 39.449, 51.199, , 36.28, 35.56, 7.377, 14.825, 0, 0, 12.156, 12.346, 12.156, 12.346, 1, 117.49, 117.49, 0.025, 0.128, 10.755, 10.924, 10.755, 10.924, 7.726, 7.377, 14.825, , , 1, 5.451, 0, 0, 12.4, 5.935, 153, 0, 0, 0, 72, 17.473, 17.829, 100.506, 94.43, 100, 0, 0, 35.94, 33.94, 100, 4.41, 99.5, 0, 0, 100, 118.925, 0, 0, 0, 0, 0, 13.9, 0, 12.4, 0, 5.935, 153, 0, 0, 0, 72, 1, 0.017, 0.018, 100.506, 94.43, 100, 0, 0, 141, 35.94, 33.94, 100, 4.41, 0, 99.5, 0, 0, 100, 118.925, 0, 0.2, 0, 0, 
5.4, 19.02, , , 72.267, , -0.92, , 655.132, 655.132, 5.959, -17.835, -17.835, -17.835, 51.557, , 36.028, 35.308, 7.377, 15.659, 0, 0, -5.483, -5.57, -5.483, -5.57, 1, 117.506, 117.506, 0.025, 0.128, -4.467, -4.537, -4.467, -4.537, 7.745, 7.377, 15.659, , , 1, 5.501, 0, 0.035, 12.4, 5.959, 153, 0, 0, 0, 72, 16.678, 17.037, 100.298, 93.824, 100, 0, 0, 36.632, 34.658, 98.186, 4.305, 99.273, 0, 0, 99.943, 119.267, 0, 0, 0, 0, 0, 13.906, 0.035, 12.4, 0, 5.959, 153, 0, 0, 0, 72, 1, 0.016, 0.017, 100.298, 93.824, 100, 0, 0, 141, 36.632, 34.658, 98.186, 4.305, 0, 99.273, 0, 0, 99.943, 119.267, 0, 0.2, 0, 0, 
5.45, 19.02, , , 72.268, , -3.09, , 663.657, 663.657, 6.005, -69.307, -69.307, -69.307, 51.937, , 35.776, 35.056, 7.377, 16.386, 0, 0, -21.305, -21.639, -21.305, -21.639, 1, 117.402, 117.402, 0.025, 0.128, -18.096, -18.379, -18.096, -18.379, 7.759, 7.377, 16.386, , , 1, 5.55, 0, 0.158, 12.4, 6.005, 153, 0, 0, 0, 72, 13.634, 13.948, 99.934, 91.658, 100, 0, 0, 39.061, 37.188, 91.709, 3.902, 98.464, 0, 0, 99.741, 119.142, 0, 0, 0, 0, 0, 13.926, 0.158, 12.4, 0, 6.005, 153, 0, 0, 0, 72, 1, 0.013, 0.014, 99.934, 91.658, 100, 0, 0, 141, 39.061, 37.188, 91.709, 3.902, 0, 98.464, 0, 0, 99.741, 119.142, 0, 0.2, 0, 0, 
5.5, 19.02, , , 72.269, , -4.856, , 672.305, 672.305, 6.05, -111.207, -111.207, -111.207, 52.245, , 35.524, 34.804, 7.377, 17.062, 0, 0, -34.167, -34.704, -34.167, -34.704, 1, 117.199, 117.199, 0.025, 0.128, -29.179, -29.636, -29.179, -29.636, 7.755, 7.377, 17.062, , , 1, 5.601, 0, 0.282, 12.4, 6.05, 153, 0, 0, 0, 72, 10.589, 10.859, 99.569, 89.492, 100, 0, 0, 41.49, 39.719, 85.231, 3.5, 97.654, 0, 0, 99.538, 119.016, 0, 0, 0, 0, 0, 13.946, 0.282, 12.4, 0, 6.05, 153, 0, 0, 0, 72, 1, 0.01, 0.011, 99.569, 89.492, 100, 0, 0, 141, 41.49, 39.719, 85.231, 3.5, 0, 97.654, 0, 0, 99.538, 119.016, 0, 0.2, 0, 0, 
5.55, 19.02, , , 72.27, , -6.182, , 680.954, 680.954, 6.096, -142.697, -142.697, -142.697, 52.465, , 35.272, 34.552, 7.377, 17.4, 0, 0, -43.793, -44.48, -43.793, -44.48, 1, 116.924, 116.924, 0.025, 0.128, -37.456, -38.042, -37.456, -38.042, 7.751, 7.377, 17.4, , , 1, 5.651, 0, 0.405, 12.4, 6.096, 153, 0, 0, 0, 72, 7.545, 7.77, 99.205, 87.326, 100, 0, 0, 43.919, 42.249, 78.753, 3.097, 96.844, 0, 0, 99.336, 118.891, 0, 0, 0, 0, 0, 13.966, 0.405, 12.4, 0, 6.096, 153, 0, 0, 0, 72, 1, 0.007, 0.008, 99.205, 87.326, 100, 0, 0, 141, 43.919, 42.249, 78.753, 3.097, 0, 96.844, 0, 0, 99.336, 118.891, 0, 0.2, 0, 0, 
5.6, , , , , , -6.709, , 689.602, 689.602, 6.142, -155.197, -155.197, -155.197, 52.594, , 35.043, 34.444, 7.377, 17.565, 0, 0, -47.536, -48.279, -47.536, -48.279, 1, 116.592, 116.592, 0.025, 0.128, -40.696, -41.334, -40.696, -41.334, 7.747, 7.377, 17.565, , , 1, 5.7, 0, 0.529, 12.4, 6.142, 153, 0, 0, 0, 72, 4.5, 4.681, 98.84, 85.16, 100, 0, 0, 46.348, 44.779, 72.275, 2.694, 96.034, 0, 0, 99.134, 118.765, 0, 0, 0, 0, 0, 13.987, 0.529, 12.4, 0, 6.142, 153, 0, 0, 0, 72, 1, 0.004, 0.005, 98.84, 85.16, 100, 0, 0, 141, 46.348, 44.779, 72.275, 2.694, 0, 96.034, 0, 0, 99.134, 118.765, 0, 0.2, 0, 0, 
5.65, , , , , , -6.145, , 698.164, 698.164, 6.164, -141.841, -141.841, -141.841, 52.602, , 34.935, 35.092, 7.377, 17.626, 0, 0, -43.309, -43.986, -43.309, -43.986, 1, 116.266, 116.266, 0.025, 0.128, -37.181, -37.763, -37.181, -37.763, 7.743, 7.377, 17.626, , , 1, 5.75, 0, 0.569, 12.4, 6.164, 153, 0, 0, 0, 71.056, 2.435, 2.57, 98.6, 79.025, 100, 0, 0, 47.171, 45.767, 63.413, 2.301, 95.669, 0, 0, 99.135, 118.522, 0, 0, 0, 0, 0, 14, 0.569, 12.4, 0, 6.164, 153, 0, 0, 0, 71.056, 1, 0.002, 0.003, 98.6, 79.025, 100, 0, 0, 141, 47.171, 45.767, 63.413, 2.301, 0, 95.669, 0, 0, 99.135, 118.522, 0, 0.2, 0, 0, 
5.7, , , , , , -5.862, , 706.726, 706.726, 6.142, -135.141, -135.141, -135.141, 52.574, , 34.827, 35.74, 7.377, 17.629, 0, 0, -41.146, -41.791, -41.146, -41.791, 1, 115.968, 115.968, 0.025, 0.127, -35.609, -36.167, -35.609, -36.167, 7.736, 7.377, 17.629, , , 1, 5.792, 0, 0.448, 12.4, 6.142, 153, 0, 0, 0, 68.278, 2.451, 2.541, 98.6, 65.188, 100, 0, 0, 44.582, 43.476, 49.921, 1.928, 96.165, 0, 0, 99.532, 118.028, 0, 0, 0, 0, 0, 14, 0.448, 12.4, 0, 6.142, 153, 0, 0, 0, 68.278, 1, 0.002, 0.003, 98.6, 65.188, 100, 0, 0, 141, 44.582, 43.476, 49.921, 1.928, 0, 96.165, 0, 0, 99.532, 118.028, 0, 0.2, 0, 0, 
5.75, , , , , , -5.86, , 714.855, 714.855, 6.12, -135.102, -135.102, -135.102, 52.545, , 34.719, 36.388, 7.377, 17.584, 0, 0, -41.065, -41.709, -41.065, -41.709, 1, 115.725, 115.725, 0.025, 0.127, -35.918, -36.48, -35.918, -36.48, 7.729, 7.377, 17.584, , , 1, 5.817, 0, 0.327, 12.4, 6.12, 153, 0, 0, 0, 65.5, 2.467, 2.511, 98.6, 51.351, 100, 0, 0, 41.992, 41.185, 36.429, 1.556, 96.661, 0, 0, 99.929, 117.534, 0, 0, 0, 0, 0, 14, 0.327, 12.4, 0, 6.12, 153, 0, 0, 0, 65.5, 1, 0.002, 0.003, 98.6, 51.351, 100, 0, 0, 141, 41.992, 41.185, 36.429, 1.556, 0, 96.661, 0, 0, 99.929, 117.534, 0, 0.2, 0, 0, 
5.8, , , , , , -5.852, , 719.095, 719.095, 6.098, -134.908, -134.908, -134.908, 52.518, , 34.611, 37.036, 7.377, 17.509, 0, 0, -40.955, -41.597, -40.955, -41.597, 1, 115.578, 115.578, 0.025, 0.127, -36.066, -36.631, -36.066, -36.631, 7.721, 7.377, 17.509, , , 1, 5.842, 0, 0.206, 12.4, 6.098, 153, 0, 0, 0, 62.722, 2.483, 2.481, 98.6, 37.513, 100, 0, 0, 39.402, 38.894, 22.937, 1.183, 97.157, 0, 0, 100.325, 117.04, 0, 0, 0, 0, 0, 14, 0.206, 12.4, 0, 6.098, 153, 0, 0, 0, 62.722, 1, 0.003, 0.002, 98.6, 37.513, 100, 0, 0, 141, 39.402, 38.894, 22.937, 1.183, 0, 97.157, 0, 0, 100.325, 117.04, 0, 0.2, 0, 0, 
5.85, , , , , , -5.798, , 723.348, 723.348, 6.076, -133.625, -133.625, -133.625, 52.491, , , , 7.377, 17.555, 0, 0, -40.512, -41.15, -40.512, -41.15, 1, 115.43, 115.43, 0.025, 0.127, -35.985, -36.545, -35.985, -36.545, 7.714, 7.377, 17.555, , , 1, 5.867, 0, 0.085, 12.4, 6.076, 153, 0, 0, 0, 59.944, 2.499, 2.451, 98.6, 23.676, 100, 0, 0, 36.813, 36.604, 9.444, 0.811, 97.653, 0, 0, 100.722, 116.546, 0, 0, 0, 0, 0, 14, 0.085, 12.4, 0, 6.076, 153, 0, 0, 0, 59.944, 1, 0.003, 0.002, 98.6, 23.676, 100, 0, 0, 141, 36.813, 36.604, 9.444, 0.811, 0, 97.653, 0, 0, 100.722, 116.546, 0, 0.2, 0, 0, 
5.9, , , , , , -5.668, , 727.601, 727.601, , -130.55, -130.55, -130.55, , , , , 7.377, 17.681, , , -39.527, -40.15, -39.527, -40.15, , 115.285, 115.285, , , , , , , , 7.377, 17.681, , , , , , , , , , , , , , , , , , , , , , , , , , , , , , , , , , , , , , , , , , , , , , , , , , , , , , , , , , , , , , , , , , , , 
5.95, , , , , , , , 731.853, 731.853, , , , , , , , , , , , , , , , , , 115.146, 115.146, , , , , , , , , , , , , , , , , , , , , , , , , , , , , , , , , , , , , , , , , , , , , , , , , , , , , , , , , , , , , , , , , , , , , , , , , , , , , 
