Time, (DWRT ATMO) Humidity, (DWRT ATMO) Pressure, (DWRT ATMO) Temperature 1, (DWRT ATMO) Temperature 2, (DWRT CPU) ????????????????????????????????????????????????????????????????, (DWRT CPU) Acceleration, (DWRT CPU) Correction Factor, (DWRT CPU) Distance, (DWRT CPU) Distance 1, (DWRT CPU) Engine RPM, (DWRT CPU) Force, (DWRT CPU) Force 1, (DWRT CPU) Force Drum 1, (DWRT CPU) Gear Ratio, (DWRT CPU) Inductive 1 Signal Strength, (DWRT CPU) Internal Temp 1, (DWRT CPU) Internal Temp 2, (DWRT CPU) LC1 Volts Petrol AFR, (DWRT CPU) LC2 Volts Petrol AFR2, (DWRT CPU) Link 0 Status, (DWRT CPU) Link 1 Status, (DWRT CPU) Power, (DWRT CPU) Power (uncorrected), (DWRT CPU) Power Drum 1, (DWRT CPU) Power Drum 1 (uncorrected), (DWRT CPU) Sampling, (DWRT CPU) Speed, (DWRT CPU) Speed 1, (DWRT CPU) TCP RX kB/s, (DWRT CPU) TCP TX kB/s, (DWRT CPU) Torque, (DWRT CPU) Torque (uncorrected), (DWRT CPU) Torque Drum 1, (DWRT CPU) Torque Drum 1 (uncorrected), (DWRT CPU) UDP RX kB/s, (DWRT CPU) User Analog 1, (DWRT CPU) User Analog 2, (DWRT CPU) User Analog 3, (DWRT CPU) User Analog 4, (Gen) Sampling, (Gen) Sampling Duration, (Harley - ECU Type 14 SW Level 141) Accel Enrichment, (Harley - ECU Type 14 SW Level 141) Decel Enleanment, (Harley - ECU Type 14 SW Level 141) Desired Air/Fuel, (Harley - ECU Type 14 SW Level 141) Engine Speed, (Harley - ECU Type 14 SW Level 141) Engine Temperature, (Harley - ECU Type 14 SW Level 141) Front Adaptive Fuel Factor, (Harley - ECU Type 14 SW Level 141) Front Closed Loop Integrator, (Harley - ECU Type 14 SW Level 141) Front Spark Knock Retard, (Harley - ECU Type 14 SW Level 141) Idle Air Control Motor Position, (Harley - ECU Type 14 SW Level 141) Injector Time Front, (Harley - ECU Type 14 SW Level 141) Injector Time Rear, (Harley - ECU Type 14 SW Level 141) Intake Air Temperature, (Harley - ECU Type 14 SW Level 141) Manifold Absolute Pressure, (Harley - ECU Type 14 SW Level 141) Rear Adaptive Fuel Factor, (Harley - ECU Type 14 SW Level 141) Rear Closed Loop Integrator, (Harley - ECU Type 14 SW Level 141) Rear Spark Knock Retard, (Harley - ECU Type 14 SW Level 141) Spark Advance Front, (Harley - ECU Type 14 SW Level 141) Spark Advance Rear, (Harley - ECU Type 14 SW Level 141) Throttle Position, (Harley - ECU Type 14 SW Level 141) Throttle Position Sensor Voltage, (Harley - ECU Type 14 SW Level 141) VE Front, (Harley - ECU Type 14 SW Level 141) VE New Front, (Harley - ECU Type 14 SW Level 141) VE New Rear, (Harley - ECU Type 14 SW Level 141) VE Rear, (Harley - ECU Type 14 SW Level 141) Vehicle Speed, (Harley - ECU Type 14 SW Level 141) WBO2 AFR Front, (Harley - ECU Type 14 SW Level 141) WBO2 AFR Rear, (PV) Accel Enrichment, (PV) AT Lambda 1, (PV) AT Lambda 2, (PV) Battery Voltage, (PV) Decel Enleanment, (PV) Desired Air/Fuel, (PV) Desired Lambda, (PV) Engine Speed, (PV) Engine Temperature, (PV) Front Adaptive Fuel Factor, (PV) Front Closed Loop Integrator, (PV) Front Spark Knock Retard, (PV) Idle Air Control Motor Position, (PV) Idle Set Speed, (PV) Injector Time Front, (PV) Injector Time Rear, (PV) Intake Air Temperature, (PV) Manifold Absolute Pressure, (PV) Rear Adaptive Fuel Factor, (PV) Rear Closed Loop Integrator, (PV) Rear Spark Knock Retard, (PV) Software Level, (PV) Spark Advance Front, (PV) Spark Advance Rear, (PV) Throttle Position, (PV) Throttle Position Sensor, (PV) Twistgrip Position, (PV) VE Front, (PV) VE New Front, (PV) VE New Rear, (PV) VE Rear, (PV) Vehicle Speed, (PV) Warm-up Fuel AFR (Lambda), (PV) Warm-up Fuel AFR (Ratio), (PV) WBO2 AFR Front, (PV) WBO2 AFR Rear, 
0, , , , , , , , , , , , , , , , , , , , , , , , , , , , , , , , , , , , , , , , 1, 0, , , , , , , , , , , , , , , , , , , , , , , , , , , , , , , , , , , , , , , , , , , , , , , , , , , , , , , , , , , , , , , , 
0.05, , , , , , 0.527, , , , , 14.207, 14.207, 14.207, , , , , , , , , , , , , , , , , , , , , , , , , , , 1, 0.025, , , , , , , , , , , , , , , , , , , , , , , , , , , , , , , , , , , , , , , , , , , , , , , , , , , , , , , , , , , , , , , , 
0.1, , , , , , 0.703, , 2.544, 2.544, 1.875, 18.367, 18.367, 18.367, , , , , 7.377, 12.239, , , 1.703, 1.752, 1.703, 1.752, , 35.788, 35.788, , , 4.773, 4.913, 4.773, 4.913, , 7.377, 12.239, , , 1, 0.099, 0.235, 0, 14.407, 1.875, 153, 0, 0, 0, 47.651, 5.421, 5.393, 105.8, 35.261, 100, 0, 0, 21.69, 21.817, 4.262, 0.734, 91.85, 0, 0, 100.35, 36.119, 0, 0, 0.235, 0, 0, 14, 0, 14.407, 0, 1.875, 153, 0, 0, 0, 47.651, 1, 0.005, 0.006, 105.8, 35.261, 100, 0, 0, 141, 21.695, 21.817, 4.262, 0.734, 0, 91.85, 0, 0, 100.35, 36.119, 0, 0, 0, 0, 
0.15, , , , , , 0.673, , 7.791, 7.791, 1.877, 17.67, 17.67, 17.67, 52.32, , , , 7.377, 12.256, 0, 0, 1.642, 1.69, 1.642, 1.69, 1, 35.848, 35.848, , , 4.595, 4.727, 4.595, 4.727, , 7.377, 12.256, , , 1, 0.125, 0.582, 0, 14.416, 1.877, 153, 0, 0, 0, 48.609, 6.12, 6.201, 105.8, 35.616, 100, 0, 0, 21.979, 22.298, 4.646, 0.755, 93.1, 0, 0, 101.6, 36.238, 0, 0, 0.582, 0, 0, 14, 0, 14.416, 0, 1.877, 153, 0, 0, 0, 48.609, 1, 0.006, 0.006, 105.8, 35.616, 100, 0, 0, 141, 21.983, 22.298, 4.646, 0.755, 0, 93.1, 0, 0, 101.6, 36.238, 0, 0, 0, 0, 
0.2, , , , , , 0.816, , 12.697, 12.697, 1.879, 21.042, 21.042, 21.042, 52.32, , 35.674, 36.532, 7.378, 12.264, 0, 0, 1.962, 2.019, 1.962, 2.019, 1, 35.896, 35.896, 0.024, 0.136, 5.479, 5.635, 5.479, 5.635, 4.397, 7.378, 12.264, , , 1, 0.199, 0.928, 0, 14.426, 1.879, 153, 0, 0, 0, 49.567, 6.819, 7.008, 105.8, 35.971, 100, 0, 0, 22.267, 22.779, 5.031, 0.776, 94.35, 0, 0, 102.85, 36.357, 0, 0, 0.928, 0, 0, 14, 0, 14.426, 0, 1.879, 153, 0, 0, 0, 49.567, 1, 0.007, 0.007, 105.8, 35.971, 100, 0, 0, 141, 22.27, 22.779, 5.031, 0.776, 0, 94.35, 0, 0, 102.85, 36.357, 0, 0, 0, 0, 
0.25, , , , , , 1.446, , 16.632, 16.632, 1.881, 35.996, 35.996, 35.996, 52.289, , 35.566, 36.748, 7.378, 12.27, 0, 0, 3.365, 3.462, 3.365, 3.462, 1, 35.96, 35.96, 0.025, 0.137, 9.386, 9.656, 9.386, 9.656, 4.38, 7.378, 12.27, , , 1, 0.347, 1.274, 0, 14.435, 1.881, 153, 0, 0, 0, 50.525, 7.518, 7.816, 105.8, 36.326, 100, 0, 0, 22.556, 23.26, 5.415, 0.797, 95.6, 0, 0, 104.1, 36.476, 0, 0, 1.274, 0, 0, 14, 0, 14.435, 0, 1.881, 153, 0, 0, 0, 50.525, 1, 0.007, 0.008, 105.8, 36.326, 100, 0, 0, 141, 22.557, 23.26, 5.415, 0.797, 0, 95.6, 0, 0, 104.1, 36.476, 0, 0, 0, 0, 
0.3, 21.9, , , 63.79, , 2.411, , 19.952, 19.952, 1.883, 58.89, 58.89, 58.89, 52.209, , 35.458, 36.964, 7.379, 12.27, 0, 0, 5.535, 5.695, 5.535, 5.695, 1, 36.048, 36.048, 0.025, 0.137, 15.421, 15.866, 15.421, 15.866, 4.364, 7.379, 12.27, , , 1, 0.4, 1.62, 0, 14.445, 1.883, 153, 0, 0, 0, 51.483, 8.218, 8.624, 105.8, 36.68, 100, 0, 0, 22.844, 23.74, 5.8, 0.819, 96.85, 0, 0, 105.35, 36.596, 0, 0, 1.62, 0, 0, 14, 0, 14.445, 0, 1.883, 153, 0, 0, 0, 51.483, 1, 0.008, 0.009, 105.8, 36.68, 100, 0, 0, 141, 22.845, 23.74, 5.8, 0.819, 0, 96.85, 0, 0, 105.35, 36.596, 0, 0, 0, 0, 
0.35, 21.901, , , 63.791, , 3.71, , 22.606, 22.606, 1.89, 89.723, 89.723, 89.723, 52.06, , 35.35, 37.18, 7.379, 12.269, 0, 0, 8.471, 8.717, 8.471, 8.717, 1, 36.205, 36.205, 0.025, 0.137, 23.582, 24.265, 23.582, 24.265, 4.347, 7.379, 12.269, , , 1, 0.45, 2.053, 0, 14.39, 1.89, 153.05, 0, 0, 0, 53.155, 8.945, 9.464, 105.8, 39.061, 100, 0, 0, 23.12, 24.241, 7, 0.841, 98.275, 0, 0, 106.375, 36.72, 0, 0, 2.053, 0, 0, 14, 0, 14.39, 0, 1.89, 153.05, 0, 0, 0, 53.155, 1, 0.009, 0.009, 105.8, 39.061, 100, 0, 0, 141, 23.12, 24.241, 7, 0.841, 0, 98.275, 0, 0, 106.375, 36.72, 0, 0, 0, 0, 
0.4, 21.902, , , 63.792, , 5.303, , 25.238, 25.238, 1.901, 127.521, 127.521, 127.521, 51.865, , 35.242, 37.396, 7.38, 12.245, 0, 0, 12.133, 12.485, 12.133, 12.485, 1, 36.408, 36.408, 0.025, 0.137, 33.646, 34.622, 33.646, 34.622, 4.33, 7.38, 12.245, , , 1, 0.501, 2.582, 0, 14.265, 1.901, 153.154, 0, 0, 0, 55.665, 9.705, 10.343, 105.8, 43.636, 100, 0, 0, 23.382, 24.764, 9.083, 0.864, 99.89, 0, 0, 107.156, 36.849, 0, 0, 2.582, 0, 0, 14, 0, 14.265, 0, 1.901, 153.154, 0, 0, 0, 55.665, 1, 0.01, 0.01, 105.8, 43.636, 100, 0, 0, 141, 23.382, 24.764, 9.083, 0.864, 0, 99.89, 0, 0, 107.156, 36.849, 0, 0, 0, 0, 
0.45, 21.902, , , 63.794, , 7.011, , 27.862, 27.862, 1.912, 168.026, 168.026, 168.026, 51.632, , 35.275, 36.941, 7.38, 12.219, 0, 0, 16.077, 16.543, 16.077, 16.543, 1, 36.729, 36.729, 0.025, 0.137, 44.452, 45.74, 44.452, 45.74, 4.338, 7.38, 12.219, , , 1, 0.551, 3.11, 0, 14.14, 1.912, 153.258, 0, 0, 0, 58.176, 10.466, 11.222, 105.8, 48.211, 100, 0, 0, 23.643, 25.287, 11.167, 0.887, 101.504, 0, 0, 107.938, 36.979, 0, 0, 3.11, 0, 0, 14, 0, 14.14, 0, 1.912, 153.258, 0, 0, 0, 58.176, 1, 0.01, 0.011, 105.8, 48.211, 100, 0, 0, 141, 23.643, 25.287, 11.167, 0.887, 0, 101.504, 0, 0, 107.938, 36.979, 0, 0, 0, 0, 
0.5, 21.903, , , 63.795, , 8.635, , 30.543, 30.543, 1.923, 206.567, 206.567, 206.567, 51.39, , 35.311, 36.473, 7.38, 12.175, 0, 0, 19.989, 20.57, 19.989, 20.57, 1, 37.083, 37.083, 0.025, 0.137, 54.893, 56.482, 54.893, 56.482, 4.35, 7.38, 12.175, , , 1, 0.6, 3.638, 0, 14.015, 1.923, 153.362, 0, 0, 0, 60.686, 11.226, 12.1, 105.8, 52.786, 100, 0, 0, 23.905, 25.81, 13.25, 0.91, 103.119, 0, 0, 108.719, 37.109, 0, 0, 3.638, 0, 0, 14, 0, 14.015, 0, 1.923, 153.362, 0, 0, 0, 60.686, 1, 0.011, 0.012, 105.8, 52.786, 100, 0, 0, 141, 23.905, 25.81, 13.25, 0.91, 0, 103.119, 0, 0, 108.719, 37.109, 0, 0, 0, 0, 
0.55, 21.904, , , 63.796, , 10.121, , 33.227, 33.227, 1.933, 241.831, 241.831, 241.831, 51.115, , 35.347, 36.005, 7.379, 12.128, 0, 0, 23.629, 24.318, 23.629, 24.318, 1, 37.573, 37.573, 0.025, 0.137, 64.501, 66.368, 64.501, 66.368, 4.363, 7.379, 12.128, , , 1, 0.651, 4.166, 0, 13.89, 1.933, 153.467, 0, 0, 0, 63.197, 11.987, 12.979, 105.8, 57.361, 100, 0, 0, 24.166, 26.333, 15.333, 0.933, 104.733, 0, 0, 109.5, 37.238, 0, 0, 4.166, 0, 0, 14, 0, 13.89, 0, 1.933, 153.467, 0, 0, 0, 63.197, 1, 0.012, 0.013, 105.8, 57.361, 100, 0, 0, 141, 24.166, 26.333, 15.333, 0.933, 0, 104.733, 0, 0, 109.5, 37.238, 0, 0, 0, 0, 
0.6, 21.905, , , 63.797, , 11.075, , 35.911, 35.911, 1.955, 264.484, 264.484, 264.484, 50.868, , 35.383, 35.537, 7.379, 12.083, 0, 0, 26.193, 26.955, 26.193, 26.955, 1, 38.086, 38.086, 0.025, 0.137, 70.873, 72.924, 70.873, 72.924, 4.375, 7.379, 12.083, , , 1, 0.701, 4.152, 0, 13.708, 1.955, 153.571, 0, 0, 0, 64.992, 13.386, 14.395, 105.8, 63.059, 100, 0, 0, 24.25, 26.676, 18.267, 1.078, 104.931, 0, 0, 108.829, 37.894, 0, 0, 4.152, 0, 0, 14, 0, 13.708, 0, 1.955, 153.571, 0, 0, 0, 64.992, 1, 0.013, 0.014, 105.8, 63.059, 100, 0, 0, 141, 24.25, 26.676, 18.267, 1.078, 0, 104.931, 0, 0, 108.829, 37.894, 0, 0, 0, 0, 
0.65, 21.905, , , 63.798, , 12.021, , 39.278, 39.278, 1.981, 286.937, 286.937, 286.937, 50.676, , 35.419, 35.069, 7.378, 12.037, 0, 0, 28.944, 29.785, 28.944, 29.785, 1, 38.645, 38.645, 0.025, 0.137, 77.168, 79.4, 77.168, 79.4, 4.392, 7.378, 12.037, , , 1, 0.75, 3.882, 0, 13.5, 1.981, 153.675, 0, 0, 0, 66.45, 15.086, 16.064, 105.8, 69.286, 100, 0, 0, 24.25, 26.936, 21.6, 1.28, 104.462, 0, 0, 107.475, 38.796, 0, 0, 3.882, 0, 0, 14, 0, 13.5, 0, 1.981, 153.675, 0, 0, 0, 66.45, 1, 0.015, 0.016, 105.8, 69.286, 100, 0, 0, 141, 24.25, 26.936, 21.6, 1.28, 0, 104.462, 0, 0, 107.475, 38.796, 0, 0, 0, 0, 
0.7, 21.906, , , 63.799, , 12.958, , 43.448, 43.448, 2.008, 309.175, 309.175, 309.175, 50.536, , 35.455, 35.483, 7.378, 12.019, 0, 0, 31.897, 32.822, 31.897, 32.822, 1, 39.445, 39.445, 0.025, 0.137, 83.378, 85.79, 83.378, 85.79, 4.411, 7.378, 12.019, , , 1, 0.8, 3.612, 0, 13.292, 2.008, 153.779, 0, 0, 0, 67.908, 16.787, 17.733, 105.8, 75.514, 100, 0, 0, 24.25, 27.195, 24.933, 1.482, 103.994, 0, 0, 106.121, 39.699, 0, 0, 3.612, 0, 0, 14, 0, 13.292, 0, 2.008, 153.779, 0, 0, 0, 67.908, 1, 0.017, 0.018, 105.8, 75.514, 100, 0, 0, 141, 24.25, 27.195, 24.933, 1.482, 0, 103.994, 0, 0, 106.121, 39.699, 0, 0, 0, 0, 
0.75, 21.907, , , 63.8, , 13.37, , 46.586, 46.586, 2.034, 318.955, 318.955, 318.955, 50.427, , 35.491, 35.915, 7.377, 12.007, 0, 0, 33.461, 34.431, 33.461, 34.431, 1, 40.395, 40.395, 0.025, 0.137, 86.103, 88.594, 86.103, 88.594, 4.431, 7.377, 12.007, , , 1, 0.85, 3.342, 0, 13.083, 2.034, 153.883, 0, 0, 0, 69.367, 18.487, 19.402, 105.8, 81.741, 100, 0, 0, 24.25, 27.454, 28.267, 1.684, 103.525, 0, 0, 104.767, 40.601, 0, 0, 3.342, 0, 0, 14, 0, 13.083, 0, 2.034, 153.883, 0, 0, 0, 69.367, 1, 0.018, 0.019, 105.8, 81.741, 100, 0, 0, 141, 24.25, 27.454, 28.267, 1.684, 0, 103.525, 0, 0, 104.767, 40.601, 0, 0, 0, 0, 
0.8, 21.908, , , 63.802, , 13.641, , 49.444, 49.444, 2.061, 325.406, 325.406, 325.406, 50.412, , 35.527, 36.347, 7.377, 12.011, 0, 0, 34.662, 35.667, 34.662, 35.667, 1, 41.059, 41.059, 0.025, 0.138, 87.885, 90.429, 87.885, 90.429, 4.45, 7.377, 12.011, , , 1, 0.901, 3.072, 0, 12.875, 2.061, 153.988, 0, 0, 0, 70.825, 20.187, 21.071, 105.8, 87.968, 100, 0, 0, 24.25, 27.714, 31.6, 1.887, 103.056, 0, 0, 103.412, 41.504, 0, 0, 3.072, 0, 0, 14, 0, 12.875, 0, 2.061, 153.988, 0, 0, 0, 70.825, 1, 0.02, 0.021, 105.8, 87.968, 100, 0, 0, 141, 24.25, 27.714, 31.6, 1.887, 0, 103.056, 0, 0, 103.412, 41.504, 0, 0, 0, 0, 
0.85, 21.908, , , 63.803, , 13.865, , 52.362, 52.362, 2.081, 330.725, 330.725, 330.725, 50.408, , 35.563, 36.779, 7.377, 12.019, 0, 0, 35.786, 36.822, 35.786, 36.822, 1, 41.718, 41.718, 0.025, 0.138, 89.293, 91.878, 89.293, 91.878, 4.461, 7.377, 12.019, , , 1, 0.951, 2.615, 0, 12.777, 2.081, 154, 0, 0, 0, 71, 20.313, 20.948, 105.8, 90.918, 100, 0, 0, 24.302, 27.39, 33.676, 1.976, 102.162, 0, 0, 102.464, 41.885, 0, 0, 2.615, 0, 0, 14, 0, 12.777, 0, 2.081, 154, 0, 0, 0, 71, 1, 0.02, 0.021, 105.8, 90.918, 100, 0, 0, 141, 24.302, 27.39, 33.676, 1.976, 0, 102.162, 0, 0, 102.464, 41.885, 0, 0, 0, 0, 
0.9, 21.909, , , 63.804, , 13.97, , 55.343, 55.343, 2.1, 333.231, 333.231, 333.231, 50.416, , 35.599, 37.211, 7.377, 12.014, 0, 0, 36.62, 37.68, 36.62, 37.68, 1, 42.387, 42.387, 0.025, 0.138, 89.968, 92.573, 89.968, 92.573, 4.458, 7.377, 12.014, , , 1, 1, 2.131, 0, 12.693, 2.1, 154, 0, 0, 0, 71, 20.182, 20.533, 105.8, 93.422, 100, 0, 0, 24.362, 26.971, 35.581, 2.046, 101.21, 0, 0, 101.571, 42.182, 0, 0, 2.131, 0, 0, 14, 0, 12.693, 0, 2.1, 154, 0, 0, 0, 71, 1, 0.02, 0.021, 105.8, 93.422, 100, 0, 0, 141, 24.362, 26.971, 35.581, 2.046, 0, 101.21, 0, 0, 101.571, 42.182, 0, 0, 0, 0, 
0.95, 21.91, , , 63.805, , 13.982, , 58.375, 58.375, 2.119, 333.528, 333.528, 333.528, 50.395, , 35.531, 36.491, 7.377, 12.004, 0, 0, 37.228, 38.305, 37.228, 38.305, 1, 43.066, 43.066, 0.025, 0.138, 90.068, 92.678, 90.068, 92.678, 4.455, 7.377, 12.004, , , 1, 1.051, 1.648, 0, 12.61, 2.119, 154, 0, 0, 0, 71, 20.052, 20.118, 105.8, 95.925, 100, 0, 0, 24.421, 26.553, 37.486, 2.117, 100.257, 0, 0, 100.679, 42.478, 0, 0, 1.648, 0, 0, 14, 0, 12.61, 0, 2.119, 154, 0, 0, 0, 71, 1, 0.02, 0.02, 105.8, 95.925, 100, 0, 0, 141, 24.421, 26.553, 37.486, 2.117, 0, 100.257, 0, 0, 100.679, 42.478, 0, 0, 0, 0, 
1, 21.911, , , 63.806, , 13.982, , 61.447, 61.447, 2.138, 333.544, 333.544, 333.544, 50.36, , 35.46, 35.747, 7.377, 11.982, 0, 0, 37.811, 38.907, 37.811, 38.907, 1, 43.747, 43.747, 0.024, 0.138, 90.156, 92.768, 90.156, 92.768, 4.452, 7.377, 11.982, , , 1, 1.101, 1.165, 0, 12.527, 2.138, 154, 0, 0, 0, 71, 19.922, 19.703, 105.8, 98.429, 100, 0, 0, 24.481, 26.134, 39.39, 2.187, 99.305, 0, 0, 99.786, 42.775, 0, 0, 1.165, 0, 0, 14, 0, 12.527, 0, 2.138, 154, 0, 0, 0, 71, 1, 0.02, 0.02, 105.8, 98.429, 100, 0, 0, 141, 24.481, 26.134, 39.39, 2.187, 0, 99.305, 0, 0, 99.786, 42.775, 0, 0, 0, 0, 
1.05, 21.912, , , 63.807, , 13.971, , 64.56, 64.56, 2.177, 333.296, 333.296, 333.296, 50.306, , 35.389, 35.003, 7.377, 11.955, 0, 0, 38.362, 39.475, 38.362, 39.475, 1, 44.42, 44.42, 0.024, 0.138, 90.177, 92.789, 90.177, 92.789, 4.448, 7.377, 11.955, , , 1, 1.15, 0.876, 0, 12.5, 2.177, 153.929, 0, 0, 0, 71, 19.567, 19.335, 105.8, 99.542, 100, 0, 0, 24.746, 26.07, 44.867, 2.388, 98.157, 0, 0, 98.727, 43.569, 0, 0, 0.876, 0, 0, 14, 0, 12.5, 0, 2.177, 153.929, 0, 0, 0, 71, 1, 0.02, 0.02, 105.8, 99.542, 100, 0, 0, 141, 24.746, 26.07, 44.867, 2.388, 0, 98.157, 0, 0, 98.727, 43.569, 0, 0, 0, 0, 
1.1, 21.912, , , 63.808, , 13.948, , 67.715, 67.715, 2.226, 332.762, 332.762, 332.762, 50.266, , 35.318, 34.259, 7.377, 11.932, 0, 0, 38.878, 40.005, 38.878, 40.005, 1, 45.096, 45.096, 0.024, 0.138, 90.125, 92.735, 90.125, 92.735, 4.441, 7.377, 11.932, , , 1, 1.2, 0.679, 0, 12.5, 2.226, 153.826, 0, 0, 0, 71, 19.108, 18.99, 105.8, 100, 100, 0, 0, 25.107, 26.174, 52.025, 2.649, 96.917, 0, 0, 97.591, 44.597, 0, 0, 0.679, 0, 0, 14, 0, 12.5, 0, 2.226, 153.826, 0, 0, 0, 71, 1, 0.019, 0.019, 105.8, 100, 100, 0, 0, 141, 25.107, 26.174, 52.025, 2.649, 0, 96.917, 0, 0, 97.591, 44.597, 0, 0, 0, 0, 
1.15, 21.913, , , 63.81, , 13.876, , 70.958, 70.958, 2.275, 331.051, 331.051, 331.051, 50.241, , 35.247, 33.514, 7.377, 11.91, 0, 0, 39.258, 40.397, 39.258, 40.397, 1, 45.769, 45.769, 0.025, 0.138, 89.689, 92.287, 89.689, 92.287, 4.433, 7.377, 11.91, , , 1, 1.251, 0.481, 0, 12.5, 2.275, 153.722, 0, 0, 0, 71, 18.648, 18.645, 105.8, 100.459, 100, 0, 0, 25.469, 26.277, 59.183, 2.91, 95.678, 0, 0, 96.455, 45.625, 0, 0, 0.481, 0, 0, 14, 0, 12.5, 0, 2.275, 153.722, 0, 0, 0, 71, 1, 0.019, 0.019, 105.8, 100.459, 100, 0, 0, 141, 25.469, 26.277, 59.183, 2.91, 0, 95.678, 0, 0, 96.455, 45.625, 0, 0, 0, 0, 
1.2, 21.914, 100.53, 63.16, 63.811, , 13.843, 0.972, 74.227, 74.227, 2.324, 330.287, 330.287, 330.287, 50.244, , 35.273, 33.769, 7.377, 11.891, 0, 0, 39.744, 40.899, 39.744, 40.899, 1, 46.436, 46.436, 0.025, 0.138, 89.474, 92.065, 89.474, 92.065, 4.426, 7.377, 11.891, , , 1, 1.301, 0.284, 0, 12.5, 2.324, 153.618, 0, 0, 0, 71, 18.188, 18.3, 105.8, 100.917, 100, 0, 0, 25.831, 26.38, 66.34, 3.172, 94.438, 0, 0, 95.318, 46.653, 0, 0, 0.284, 0, 0, 14, 0, 12.5, 0, 2.324, 153.618, 0, 0, 0, 71, 1, 0.018, 0.018, 105.8, 100.917, 100, 0, 0, 141, 25.831, 26.38, 66.34, 3.172, 0, 94.438, 0, 0, 95.318, 46.653, 0, 0, 0, 0, 
1.25, 21.915, 100.53, 63.16, 63.812, , 13.827, 0.972, 77.529, 77.529, 2.373, 329.93, 329.93, 329.93, 50.275, , 35.31, 34.135, 7.377, 11.874, 0, 0, 40.273, 41.444, 40.273, 41.444, 1, 47.105, 47.105, 0.025, 0.138, 89.333, 91.92, 89.333, 91.92, 4.421, 7.377, 11.874, , , 1, 1.35, 0.087, 0, 12.5, 2.373, 153.515, 0, 0, 0, 71, 17.729, 17.955, 105.8, 101.376, 100, 0, 0, 26.192, 26.483, 73.498, 3.433, 93.198, 0, 0, 94.182, 47.681, 0, 0, 0.087, 0, 0, 14, 0, 12.5, 0, 2.373, 153.515, 0, 0, 0, 71, 1, 0.018, 0.018, 105.8, 101.376, 100, 0, 0, 141, 26.192, 26.483, 73.498, 3.433, 0, 93.198, 0, 0, 94.182, 47.681, 0, 0, 0, 0, 
1.3, 21.915, 100.529, 63.16, 63.813, , 13.724, 0.972, 80.913, 80.913, 2.396, 327.501, 327.501, 327.501, 50.318, , 35.346, 34.501, 7.377, 11.853, 0, 0, 40.543, 41.719, 40.543, 41.719, 1, 47.775, 47.775, 0.025, 0.137, 88.589, 91.156, 88.589, 91.156, 4.444, 7.377, 11.853, , , 1, 1.4, 0.054, 0, 12.5, 2.396, 153.597, 0, 0, 0, 71, 17.605, 17.871, 105.8, 101.368, 100, 0, 0, 26.393, 26.595, 77.321, 3.571, 92.714, 0, 0, 93.714, 48.199, 0, 0, 0.054, 0, 0, 14, 0, 12.5, 0, 2.396, 153.597, 0, 0, 0, 71, 1, 0.017, 0.018, 105.8, 101.368, 100, 0, 0, 141, 26.393, 26.595, 77.321, 3.571, 0, 92.714, 0, 0, 93.714, 48.199, 0, 0, 0, 0, 
1.35, 21.916, 100.529, 63.16, 63.814, , 13.685, 0.972, 84.334, 84.334, 2.415, 326.574, 326.574, 326.574, 50.368, , 35.383, 34.867, 7.377, 11.831, 0, 0, 40.99, 42.179, 40.99, 42.179, 1, 48.446, 48.446, 0.025, 0.137, 88.259, 90.816, 88.259, 90.816, 4.467, 7.377, 11.831, , , 1, 1.451, 0.053, 0, 12.5, 2.415, 153.71, 0, 0, 0, 71, 17.545, 17.838, 105.8, 101.284, 100, 0, 0, 26.562, 26.708, 80.602, 3.685, 92.373, 0, 0, 93.373, 48.621, 0, 0, 0.053, 0, 0, 14, 0, 12.5, 0, 2.415, 153.71, 0, 0, 0, 71, 1, 0.017, 0.018, 105.8, 101.284, 100, 0, 0, 141, 26.562, 26.708, 80.602, 3.685, 0, 92.373, 0, 0, 93.373, 48.621, 0, 0, 0, 0, 
1.4, 21.917, 100.528, 63.16, 63.815, , 13.633, 0.972, 87.81, 87.81, 2.434, 325.351, 325.351, 325.351, 50.405, , 35.419, 35.233, 7.377, 11.796, 0, 0, 41.392, 42.593, 41.392, 42.593, 1, 49.112, 49.112, 0.025, 0.137, 87.86, 90.405, 87.86, 90.405, 4.49, 7.377, 11.796, , , 1, 1.501, 0.052, 0, 12.5, 2.434, 153.824, 0, 0, 0, 71, 17.485, 17.804, 105.8, 101.201, 100, 0, 0, 26.732, 26.821, 83.882, 3.799, 92.032, 0, 0, 93.032, 49.043, 0, 0, 0.052, 0, 0, 14, 0, 12.5, 0, 2.434, 153.824, 0, 0, 0, 71, 1, 0.017, 0.018, 105.8, 101.201, 100, 0, 0, 141, 26.732, 26.821, 83.882, 3.799, 0, 92.032, 0, 0, 93.032, 49.043, 0, 0, 0, 0, 
1.45, 21.918, 100.528, 63.16, 63.816, , 13.535, 0.972, 91.347, 91.347, 2.452, 323.038, 323.038, 323.038, 50.436, , 35.385, 35.205, 7.377, 11.754, 0, 0, 41.651, 42.859, 41.651, 42.859, 1, 49.771, 49.771, 0.025, 0.137, 87.181, 89.705, 87.181, 89.705, 4.513, 7.377, 11.754, , , 1, 1.551, 0.051, 0, 12.5, 2.452, 153.937, 0, 0, 0, 71, 17.425, 17.77, 105.8, 101.117, 100, 0, 0, 26.902, 26.934, 87.163, 3.914, 91.691, 0, 0, 92.691, 49.465, 0, 0, 0.051, 0, 0, 14, 0, 12.5, 0, 2.452, 153.937, 0, 0, 0, 71, 1, 0.017, 0.018, 105.8, 101.117, 100, 0, 0, 141, 26.902, 26.934, 87.163, 3.914, 0, 91.691, 0, 0, 92.691, 49.465, 0, 0, 0, 0, 
1.5, 21.918, 100.528, 63.16, 63.818, , 13.469, 0.972, 94.885, 94.885, 2.478, 321.486, 321.486, 321.486, 50.459, , 35.349, 35.169, 7.377, 11.708, 0, 0, 42.009, 43.225, 42.009, 43.225, 1, 50.426, 50.426, 0.025, 0.137, 86.727, 89.238, 86.727, 89.238, 4.527, 7.377, 11.708, , , 1, 1.601, 0.056, 0, 12.5, 2.478, 154, 0, 0, 0, 71, 17.419, 17.841, 105.647, 101.136, 100, 0, 0, 27, 27.043, 89.976, 4.018, 91.411, 0, 0, 92.5, 49.974, 0, 0, 0.056, 0, 0, 14, 0, 12.5, 0, 2.478, 154, 0, 0, 0, 71, 1, 0.017, 0.018, 105.647, 101.136, 100, 0, 0, 141, 27, 27.043, 89.976, 4.018, 0, 91.411, 0, 0, 92.5, 49.974, 0, 0, 0, 0, 
1.55, 21.919, 100.527, 63.16, 63.819, , 13.493, 0.972, 98.507, 98.507, 2.513, 322.073, 322.073, 322.073, 50.475, , 35.313, 35.133, 7.377, 11.66, 0, 0, 42.641, 43.875, 42.641, 43.875, 1, 51.08, 51.08, 0.025, 0.137, 86.854, 89.367, 86.854, 89.367, 4.542, 7.377, 11.66, , , 1, 1.651, 0.07, 0, 12.5, 2.513, 154, 0, 0, 0, 71, 17.488, 18.058, 105.283, 101.285, 100, 0, 0, 27, 27.144, 92.194, 4.109, 91.21, 0, 0, 92.5, 50.604, 0, 0, 0.07, 0, 0, 14, 0, 12.5, 0, 2.513, 154, 0, 0, 0, 71, 1, 0.017, 0.018, 105.283, 101.285, 100, 0, 0, 141, 27, 27.144, 92.194, 4.109, 0, 91.21, 0, 0, 92.5, 50.604, 0, 0, 0, 0, 
1.6, 21.92, 100.527, 63.16, 63.82, , 13.502, 0.972, 102.183, 102.183, 2.548, 322.305, 322.305, 322.305, 50.495, , 35.277, 35.097, 7.377, 11.611, 0, 0, 43.223, 44.475, 43.223, 44.475, 1, 51.744, 51.744, 0.025, 0.137, 86.879, 89.392, 86.879, 89.392, 4.557, 7.377, 11.611, , , 1, 1.701, 0.084, 0, 12.5, 2.548, 154, 0, 0, 0, 71, 17.557, 18.274, 104.918, 101.434, 100, 0, 0, 27, 27.245, 94.411, 4.2, 91.008, 0, 0, 92.5, 51.234, 0, 0, 0.084, 0, 0, 14, 0, 12.5, 0, 2.548, 154, 0, 0, 0, 71, 1, 0.017, 0.018, 104.918, 101.434, 100, 0, 0, 141, 27, 27.245, 94.411, 4.2, 0, 91.008, 0, 0, 92.5, 51.234, 0, 0, 0, 0, 
1.65, 21.92, 100.526, 63.16, 63.819, , 13.504, 0.972, 106.317, 106.317, 2.582, 322.37, 322.37, 322.37, 50.539, , 35.241, 35.061, 7.377, 11.56, 0, 0, 43.852, 45.122, 43.852, 45.122, 1, 52.676, 52.676, 0.025, 0.137, 86.84, 89.354, 86.84, 89.354, 4.571, 7.377, 11.56, , , 1, 1.751, 0.099, 0, 12.5, 2.582, 154, 0, 0, 0, 71, 17.625, 18.491, 104.554, 101.583, 100, 0, 0, 27, 27.346, 96.629, 4.292, 90.806, 0, 0, 92.5, 51.863, 0, 0, 0.099, 0, 0, 14, 0, 12.5, 0, 2.582, 154, 0, 0, 0, 71, 1, 0.018, 0.019, 104.554, 101.583, 100, 0, 0, 141, 27, 27.346, 96.629, 4.292, 0, 90.806, 0, 0, 92.5, 51.863, 0, 0, 0, 0, 
1.7, 21.92, 100.526, 63.16, 63.818, , 13.611, 0.972, 111.966, 111.966, 2.617, 324.934, 324.934, 324.934, 50.579, , 35.205, 35.272, 7.377, 11.508, 0, 0, 45.026, 46.33, 45.026, 46.33, 1, 53.465, 53.465, 0.025, 0.137, 87.444, 89.976, 87.444, 89.976, 4.581, 7.377, 11.508, , , 1, 1.801, 0.113, 0, 12.5, 2.617, 154, 0, 0, 0, 71, 17.694, 18.707, 104.189, 101.732, 100, 0, 0, 27, 27.447, 98.847, 4.383, 90.605, 0, 0, 92.5, 52.493, 0, 0, 0.113, 0, 0, 14, 0, 12.5, 0, 2.617, 154, 0, 0, 0, 71, 1, 0.018, 0.019, 104.189, 101.732, 100, 0, 0, 141, 27, 27.447, 98.847, 4.383, 0, 90.605, 0, 0, 92.5, 52.493, 0, 0, 0, 0, 
1.75, 21.92, 100.526, 63.16, 63.817, , 13.68, 0.972, 115.83, 115.83, 2.653, 326.59, 326.59, 326.59, 50.614, , 35.169, 35.488, 7.378, 11.457, 0, 0, 45.819, 47.148, 45.819, 47.148, 1, 54.128, 54.128, 0.024, 0.137, 87.824, 90.368, 87.824, 90.368, 4.589, 7.378, 11.457, , , 1, 1.851, 0.109, 0, 12.5, 2.653, 154, 0, 0, 0, 71, 17.76, 18.809, 104, 101.81, 100, 0, 0, 27.046, 27.592, 100, 4.428, 90.685, 0, 0, 92.777, 53.163, 0, 0, 0.109, 0, 0, 14, 0, 12.5, 0, 2.653, 154, 0, 0, 0, 71, 1, 0.018, 0.019, 104, 101.81, 100, 0, 0, 141, 27.046, 27.592, 100, 4.428, 0, 90.685, 0, 0, 92.777, 53.163, 0, 0, 0, 0, 
1.8, 21.92, 100.525, 63.16, 63.816, , 13.712, 0.972, 119.707, 119.707, 2.689, 327.366, 327.366, 327.366, 50.652, , 35.133, 35.704, 7.378, 11.409, 0, 0, 46.494, 47.844, 46.494, 47.844, 1, 54.79, 54.79, 0.024, 0.137, 87.966, 90.515, 87.966, 90.515, 4.597, 7.378, 11.409, , , 1, 1.901, 0.086, 0, 12.5, 2.689, 154, 0, 0, 0, 71, 17.821, 18.786, 104, 101.81, 100, 0, 0, 27.142, 27.785, 100, 4.424, 91.069, 0, 0, 93.354, 53.879, 0, 0, 0.086, 0, 0, 14, 0, 12.5, 0, 2.689, 154, 0, 0, 0, 71, 1, 0.018, 0.019, 104, 101.81, 100, 0, 0, 141, 27.142, 27.785, 100, 4.424, 0, 91.069, 0, 0, 93.354, 53.879, 0, 0, 0, 0, 
1.85, 21.92, 100.525, 63.16, 63.814, , 13.765, 0.972, 123.635, 123.635, 2.726, 328.624, 328.624, 328.624, 50.689, , 35.097, 35.92, 7.379, 11.363, 0, 0, 47.245, 48.615, 47.245, 48.615, 1, 55.463, 55.463, 0.024, 0.138, 88.241, 90.798, 88.241, 90.798, 4.605, 7.379, 11.363, , , 1, 1.951, 0.063, 0, 12.5, 2.726, 154, 0, 0, 0, 71, 17.883, 18.763, 104, 101.81, 100, 0, 0, 27.238, 27.977, 100, 4.42, 91.454, 0, 0, 93.931, 54.594, 0, 0, 0.063, 0, 0, 14, 0, 12.5, 0, 2.726, 154, 0, 0, 0, 71, 1, 0.018, 0.019, 104, 101.81, 100, 0, 0, 141, 27.238, 27.977, 100, 4.42, 0, 91.454, 0, 0, 93.931, 54.594, 0, 0, 0, 0, 
1.9, 21.92, 100.525, 63.16, 63.813, , 13.832, 0.972, 127.619, 127.619, 2.763, 330.221, 330.221, 330.221, 50.723, , 35.061, 36.136, 7.379, 11.323, 0, 0, 48.049, 49.442, 48.049, 49.442, 1, 56.129, 56.129, 0.024, 0.138, 88.61, 91.177, 88.61, 91.177, 4.62, 7.379, 11.323, , , 1, 2.001, 0.04, 0, 12.5, 2.763, 154, 0, 0, 0, 71, 17.944, 18.74, 104, 101.81, 100, 0, 0, 27.335, 28.169, 100, 4.417, 91.838, 0, 0, 94.508, 55.31, 0, 0, 0.04, 0, 0, 14, 0, 12.5, 0, 2.763, 154, 0, 0, 0, 71, 1, 0.018, 0.019, 104, 101.81, 100, 0, 0, 141, 27.335, 28.169, 100, 4.417, 0, 91.838, 0, 0, 94.508, 55.31, 0, 0, 0, 0, 
1.95, 21.92, 100.524, 63.16, 63.812, , 13.891, 0.972, 131.66, 131.66, 2.8, 331.634, 331.634, 331.634, 50.755, , 34.942, 35.955, 7.38, 11.287, 0, 0, 48.834, 50.249, 48.834, 50.249, 1, 56.801, 56.801, 0.024, 0.138, 88.933, 91.51, 88.933, 91.51, 4.638, 7.38, 11.287, , , 1, 2.051, 0.017, 0, 12.5, 2.8, 154, 0, 0, 0, 71, 18.006, 18.717, 104, 101.81, 100, 0, 0, 27.431, 28.362, 100, 4.413, 92.223, 0, 0, 95.085, 56.025, 0, 0, 0.017, 0, 0, 14, 0, 12.5, 0, 2.8, 154, 0, 0, 0, 71, 1, 0.018, 0.019, 104, 101.81, 100, 0, 0, 141, 27.431, 28.362, 100, 4.413, 0, 92.223, 0, 0, 95.085, 56.025, 0, 0, 0, 0, 
2, 21.92, 100.524, 63.16, 63.811, , 13.962, 0.972, 135.757, 135.757, 2.836, 333.345, 333.345, 333.345, 50.784, , 34.822, 35.766, 7.38, 11.258, 0, 0, 49.669, 51.107, 49.669, 51.107, 1, 57.479, 57.479, 0.024, 0.138, 89.341, 91.928, 89.341, 91.928, 4.656, 7.38, 11.258, , , 1, 2.101, 0, 0, 12.5, 2.836, 154, 0, 0, 0, 71, 18.077, 18.728, 103.896, 101.874, 100, 0, 0, 27.529, 28.529, 100, 4.41, 92.616, 0, 0, 95.674, 56.719, 0, 0, 0, 0, 0, 14, 0, 12.5, 0, 2.836, 154, 0, 0, 0, 71, 1, 0.018, 0.019, 103.896, 101.874, 100, 0, 0, 141, 27.529, 28.529, 100, 4.41, 0, 92.616, 0, 0, 95.674, 56.719, 0, 0, 0, 0, 
2.05, 21.92, 100.523, 63.16, 63.81, , 14.003, 0.972, 139.854, 139.854, 2.874, 334.335, 334.335, 334.335, 50.813, , 34.702, 35.577, 7.379, 11.236, 0, 0, 50.406, 51.865, 50.406, 51.865, 1, 58.161, 58.161, 0.024, 0.138, 89.555, 92.147, 89.555, 92.147, 4.675, 7.379, 11.236, , , 1, 2.151, 0, 0, 12.5, 2.874, 154, 0, 0, 0, 71, 18.171, 18.829, 103.524, 102.104, 100, 0, 0, 27.632, 28.632, 100, 4.41, 93.029, 0, 0, 96.293, 57.359, 0, 0, 0, 0, 0, 14, 0, 12.5, 0, 2.874, 154, 0, 0, 0, 71, 1, 0.018, 0.019, 103.524, 102.104, 100, 0, 0, 141, 27.632, 28.632, 100, 4.41, 0, 93.029, 0, 0, 96.293, 57.359, 0, 0, 0, 0, 
2.1, 21.92, 100.523, 63.16, 63.809, , 14.048, 0.972, 144.019, 144.019, 2.911, 335.413, 335.413, 335.413, 50.843, 87.042, 34.581, 35.388, 7.379, 11.219, 0, 0, 51.158, 52.637, 51.158, 52.637, 1, 58.849, 58.849, 0.025, 0.138, 89.793, 92.392, 89.793, 92.392, 4.701, 7.379, 11.219, , , 1, 2.201, 0, 0, 12.5, 2.911, 154, 0, 0, 0, 71, 18.266, 18.93, 103.152, 102.333, 100, 0, 0, 27.735, 28.735, 100, 4.41, 93.442, 0, 0, 96.913, 57.999, 0, 0, 0, 0, 0, 14, 0, 12.5, 0, 2.911, 154, 0, 0, 0, 71, 1, 0.018, 0.019, 103.152, 102.333, 100, 0, 0, 141, 27.735, 28.735, 100, 4.41, 0, 93.442, 0, 0, 96.913, 57.999, 0, 0, 0, 0, 
2.15, 21.92, 100.523, 63.16, 63.808, , 14.129, 0.972, 148.251, 148.251, 2.948, 337.36, 337.36, 337.36, 50.872, 77.78, 34.461, 35.199, 7.378, 11.207, 0, 0, 52.057, 53.563, 52.057, 53.563, 1, 59.538, 59.538, 0.025, 0.138, 90.265, 92.877, 90.265, 92.877, 4.739, 7.378, 11.207, , , 1, 2.251, 0, 0, 12.5, 2.948, 154, 0, 0, 0, 71, 18.36, 19.031, 102.78, 102.562, 100, 0, 0, 27.837, 28.837, 100, 4.41, 93.855, 0, 0, 97.533, 58.639, 0, 0, 0, 0, 0, 14, 0, 12.5, 0, 2.948, 154, 0, 0, 0, 71, 1, 0.019, 0.019, 102.78, 102.562, 100, 0, 0, 141, 27.837, 28.837, 100, 4.41, 0, 93.855, 0, 0, 97.533, 58.639, 0, 0, 0, 0, 
2.2, 21.92, 100.522, 63.16, 63.806, , 14.213, 0.972, 152.553, 152.553, 2.985, 339.353, 339.353, 339.353, 50.898, 68.518, 34.332, 35.164, 7.378, 11.197, 0, 0, 52.979, 54.513, 52.979, 54.513, 1, 60.227, 60.227, 0.025, 0.138, 90.751, 93.377, 90.751, 93.377, 4.776, 7.378, 11.197, , , 1, 2.301, 0, 0, 12.5, 2.985, 154, 0, 0, 0, 71, 18.455, 19.132, 102.408, 102.792, 100, 0, 0, 27.94, 28.94, 100, 4.41, 94.269, 0, 0, 98.153, 59.279, 0, 0, 0, 0, 0, 14, 0, 12.5, 0, 2.985, 154, 0, 0, 0, 71, 1, 0.019, 0.019, 102.408, 102.792, 100, 0, 0, 141, 27.94, 28.94, 100, 4.41, 0, 94.269, 0, 0, 98.153, 59.279, 0, 0, 0, 0, 
2.25, 21.92, 100.522, 63.16, 63.805, , 14.315, 0.972, 156.878, 156.878, 3.023, 341.791, 341.791, 341.791, 50.922, 59.256, 34.2, 35.183, 7.377, 11.189, 0, 0, 53.976, 55.54, 53.976, 55.54, 1, 60.921, 60.921, 0.025, 0.138, 91.36, 94.005, 91.36, 94.005, 4.814, 7.377, 11.189, , , 1, 2.351, 0, 0, 12.5, 3.023, 154, 0, 0, 0, 71, 18.548, 19.231, 102.2, 102.92, 100, 0, 0, 28.042, 29, 100, 4.412, 94.676, 0, 0, 98.676, 59.965, 0, 0, 0, 0, 0, 14, 0, 12.5, 0, 3.023, 154, 0, 0, 0, 71, 1, 0.019, 0.019, 102.2, 102.92, 100, 0, 0, 141, 28.042, 29, 100, 4.412, 0, 94.676, 0, 0, 98.676, 59.965, 0, 0, 0, 0, 
2.3, 21.92, 100.522, 63.16, 63.804, , 14.452, 0.972, 161.247, 161.247, 3.06, 345.074, 345.074, 345.074, 50.94, 49.995, 34.067, 35.202, 7.377, 11.183, 0, 0, 55.125, 56.722, 55.125, 56.722, 1, 61.614, 61.614, 0.025, 0.138, 92.205, 94.876, 92.205, 94.876, 4.851, 7.377, 11.183, , , 1, 2.401, 0, 0, 12.5, 3.06, 154, 0, 0, 0, 71, 18.638, 19.33, 102.2, 102.92, 100, 0, 0, 28.143, 29, 100, 4.416, 95.076, 0, 0, 99.076, 60.714, 0, 0, 0, 0, 0, 14, 0, 12.5, 0, 3.06, 154, 0, 0, 0, 71, 1, 0.019, 0.019, 102.2, 102.92, 100, 0, 0, 141, 28.143, 29, 100, 4.416, 0, 95.076, 0, 0, 99.076, 60.714, 0, 0, 0, 0, 
2.35, 21.92, 100.521, 63.16, 63.803, , 14.591, 0.972, 165.695, 165.695, 3.098, 348.369, 348.369, 348.369, 50.95, 60.429, 33.935, 35.221, 7.377, 11.179, 0, 0, 56.292, 57.922, 56.292, 57.922, 1, 62.332, 62.332, 0.025, 0.138, 93.069, 95.765, 93.069, 95.765, 4.886, 7.377, 11.179, , , 1, 2.451, 0, 0, 12.5, 3.098, 154, 0, 0, 0, 71, 18.729, 19.428, 102.2, 102.92, 100, 0, 0, 28.243, 29, 100, 4.42, 95.476, 0, 0, 99.476, 61.463, 0, 0, 0, 0, 0, 14, 0, 12.5, 0, 3.098, 154, 0, 0, 0, 71, 1, 0.019, 0.019, 102.2, 102.92, 100, 0, 0, 141, 28.243, 29, 100, 4.42, 0, 95.476, 0, 0, 99.476, 61.463, 0, 0, 0, 0, 
2.4, 21.92, 100.521, 63.16, 63.802, , 14.718, 0.972, 170.186, 170.186, 3.136, 351.415, 351.415, 351.415, 50.95, 63.868, 33.803, 35.24, 7.377, 11.178, 0, 0, 57.433, 59.097, 57.433, 59.097, 1, 63.047, 63.047, 0.025, 0.137, 93.881, 96.601, 93.881, 96.601, 4.921, 7.377, 11.178, , , 1, 2.5, 0, 0, 12.5, 3.136, 154, 0, 0, 0, 71, 18.819, 19.527, 102.2, 102.92, 100, 0, 0, 28.343, 29, 100, 4.424, 95.876, 0, 0, 99.876, 62.212, 0, 0, 0, 0, 0, 14, 0, 12.5, 0, 3.136, 154, 0, 0, 0, 71, 1, 0.019, 0.02, 102.2, 102.92, 100, 0, 0, 141, 28.343, 29, 100, 4.424, 0, 95.876, 0, 0, 99.876, 62.212, 0, 0, 0, 0, 
2.45, 21.92, 100.52, 63.16, 63.801, , 14.839, 0.972, 174.713, 174.713, 3.174, 354.291, 354.291, 354.291, 50.943, 64.707, 33.941, 35.205, 7.377, 11.182, 0, 0, 58.566, 60.262, 58.566, 60.262, 1, 63.762, 63.762, 0.024, 0.137, 94.662, 97.404, 94.662, 97.404, 4.956, 7.377, 11.182, , , 1, 2.55, 0, 0, 12.5, 3.174, 154, 0, 0, 0, 71, 18.909, 19.625, 102.2, 102.92, 100, 0, 0, 28.444, 29, 100, 4.428, 96.276, 0, 0, 100.276, 62.961, 0, 0, 0, 0, 0, 14, 0, 12.5, 0, 3.174, 154, 0, 0, 0, 71, 1, 0.019, 0.02, 102.2, 102.92, 100, 0, 0, 141, 28.444, 29, 100, 4.428, 0, 96.276, 0, 0, 100.276, 62.961, 0, 0, 0, 0, 
2.5, 21.92, 100.52, 63.16, 63.8, , 14.952, 0.972, 179.291, 179.291, 3.211, 356.995, 356.995, 356.995, 50.931, 65.546, 34.085, 35.169, 7.377, 11.191, 0, 0, 59.684, 61.412, 59.684, 61.412, 1, 64.5, 64.5, 0.024, 0.137, 95.408, 98.173, 95.408, 98.173, 4.994, 7.377, 11.191, , , 1, 2.601, 0, 0, 12.5, 3.211, 154, 0, 0, 0, 71, 18.986, 19.702, 102.042, 102.887, 100, 0, 0, 28.5, 29, 100, 4.43, 96.72, 0, 0, 100.676, 63.761, 0, 0, 0, 0, 0, 14, 0, 12.5, 0, 3.211, 154, 0, 0, 0, 71, 1, 0.019, 0.02, 102.042, 102.887, 100, 0, 0, 141, 28.5, 29, 100, 4.43, 0, 96.72, 0, 0, 100.676, 63.761, 0, 0, 0, 0, 
2.55, 21.92, 100.52, 63.16, 63.798, , 15.072, 0.972, 183.905, 183.905, 3.248, 359.856, 359.856, 359.856, 50.919, 66.385, 34.229, 35.133, 7.377, 11.207, 0, 0, 60.847, 62.61, 60.847, 62.61, 1, 65.225, 65.225, 0.024, 0.137, 96.199, 98.987, 96.199, 98.987, 5.045, 7.377, 11.207, , , 1, 2.651, 0, 0, 12.5, 3.248, 154, 0, 0, 0, 71, 19.044, 19.752, 101.682, 102.813, 100, 0, 0, 28.5, 29, 100, 4.43, 97.22, 0, 0, 101.076, 64.628, 0, 0, 0, 0, 0, 14, 0, 12.5, 0, 3.248, 154, 0, 0, 0, 71, 1, 0.019, 0.02, 101.682, 102.813, 100, 0, 0, 141, 28.5, 29, 100, 4.43, 0, 97.22, 0, 0, 101.076, 64.628, 0, 0, 0, 0, 
2.6, 21.92, 100.52, 63.16, 63.797, , 15.206, 0.972, 189.516, 189.516, 3.285, 363.063, 363.063, 363.063, 50.914, 67.224, 34.373, 35.097, 7.377, 11.228, 0, 0, 62.231, 64.035, 62.231, 64.035, 1, 66.298, 66.298, 0.024, 0.137, 97.067, 99.88, 97.067, 99.88, 5.096, 7.377, 11.228, , , 1, 2.701, 0, 0, 12.5, 3.285, 154, 0, 0, 0, 71, 19.102, 19.802, 101.322, 102.739, 100, 0, 0, 28.5, 29, 100, 4.43, 97.72, 0, 0, 101.476, 65.494, 0, 0, 0, 0, 0, 14, 0, 12.5, 0, 3.285, 154, 0, 0, 0, 71, 1, 0.019, 0.02, 101.322, 102.739, 100, 0, 0, 141, 28.5, 29, 100, 4.43, 0, 97.72, 0, 0, 101.476, 65.494, 0, 0, 0, 0, 
2.65, 21.92, 100.52, 63.16, 63.796, , 15.348, 0.972, 195.711, 195.711, 3.322, 366.442, 366.442, 366.442, 50.916, 68.063, 34.517, 35.061, 7.377, 11.258, 0, 0, 63.713, 65.56, 63.713, 65.56, 1, 67.082, 67.082, 0.024, 0.136, 97.963, 100.802, 97.963, 100.802, 5.148, 7.377, 11.258, , , 1, 2.751, 0, 0, 12.5, 3.322, 154, 0, 0, 0, 71, 19.16, 19.851, 100.962, 102.665, 100, 0, 0, 28.5, 29, 100, 4.43, 98.22, 0, 0, 101.876, 66.361, 0, 0, 0, 0, 0, 14, 0, 12.5, 0, 3.322, 154, 0, 0, 0, 71, 1, 0.019, 0.02, 100.962, 102.665, 100, 0, 0, 141, 28.5, 29, 100, 4.43, 0, 98.22, 0, 0, 101.876, 66.361, 0, 0, 0, 0, 
2.7, 21.92, 100.52, 63.16, 63.795, , 15.425, 0.972, 200.518, 200.518, 3.359, 368.291, 368.291, 368.291, 50.926, 68.902, 34.661, 35.166, 7.377, 11.289, 0, 0, 64.744, 66.621, 64.744, 66.621, 1, 67.822, 67.822, 0.024, 0.136, 98.442, 101.293, 98.442, 101.293, 5.199, 7.377, 11.289, , , 1, 2.801, 0, 0, 12.5, 3.359, 154, 0, 0, 0, 71, 19.218, 19.901, 100.602, 102.591, 100, 0, 0, 28.5, 29, 100, 4.43, 98.72, 0, 0, 102.276, 67.227, 0, 0, 0, 0, 0, 14, 0, 12.5, 0, 3.359, 154, 0, 0, 0, 71, 1, 0.019, 0.02, 100.602, 102.591, 100, 0, 0, 141, 28.5, 29, 100, 4.43, 0, 98.72, 0, 0, 102.276, 67.227, 0, 0, 0, 0, 
2.75, 21.92, 100.52, 63.16, 63.794, , 15.506, 0.972, 205.382, 205.382, 3.398, 370.246, 370.246, 370.246, 50.938, 69.74, 34.805, 35.274, 7.377, 11.326, 0, 0, 65.805, 67.713, 65.805, 67.713, 1, 68.573, 68.573, 0.024, 0.136, 98.935, 101.8, 98.935, 101.8, 5.243, 7.377, 11.326, , , 1, 2.851, 0, 0, 12.5, 3.398, 154, 0, 0, 0, 71, 19.293, 19.955, 100.247, 102.55, 100, 0, 0, 28.585, 29, 100, 4.428, 99.256, 0, 0, 102.713, 68.035, 0, 0, 0, 0, 0, 14, 0, 12.5, 0, 3.398, 154, 0, 0, 0, 71, 1, 0.019, 0.02, 100.247, 102.55, 100, 0, 0, 141, 28.585, 29, 100, 4.428, 0, 99.256, 0, 0, 102.713, 68.035, 0, 0, 0, 0, 
2.8, 21.92, 100.52, 63.16, 63.793, , 15.557, 0.972, 210.298, 210.298, 3.439, 371.473, 371.473, 371.473, 50.961, 70.579, 34.949, 35.382, 7.377, 11.362, 0, 0, 66.75, 68.685, 66.75, 68.685, 1, 69.337, 69.337, 0.024, 0.136, 99.214, 102.088, 99.214, 102.088, 5.287, 7.377, 11.362, , , 1, 2.901, 0, 0, 12.5, 3.439, 154, 0, 0, 0, 71, 19.392, 20.016, 99.898, 102.55, 100, 0, 0, 28.779, 29, 100, 4.424, 99.837, 0, 0, 103.198, 68.76, 0, 0, 0, 0, 0, 14, 0, 12.5, 0, 3.439, 154, 0, 0, 0, 71, 1, 0.019, 0.02, 99.898, 102.55, 100, 0, 0, 141, 28.779, 29, 100, 4.424, 0, 99.837, 0, 0, 103.198, 68.76, 0, 0, 0, 0, 
2.85, 21.92, 100.52, 63.16, 63.792, , 15.626, 0.972, 215.266, 215.266, 3.479, 373.136, 373.136, 373.136, 50.996, 71.418, 35.093, 35.49, 7.377, 11.4, 0, 0, 67.788, 69.753, 67.788, 69.753, 1, 70.096, 70.096, 0.024, 0.136, 99.592, 102.477, 99.592, 102.477, 5.331, 7.377, 11.4, , , 1, 2.951, 0, 0, 12.5, 3.479, 154, 0, 0, 0, 71, 19.491, 20.076, 99.549, 102.55, 100, 0, 0, 28.973, 29, 100, 4.421, 100.419, 0, 0, 103.682, 69.486, 0, 0, 0, 0, 0, 14, 0, 12.5, 0, 3.479, 154, 0, 0, 0, 71, 1, 0.019, 0.02, 99.549, 102.55, 100, 0, 0, 141, 28.973, 29, 100, 4.421, 0, 100.419, 0, 0, 103.682, 69.486, 0, 0, 0, 0, 
2.9, 21.92, 100.52, 63.16, 63.791, , 15.637, 0.972, 220.301, 220.301, 3.52, 373.403, 373.403, 373.403, 51.036, 72.257, 35.237, 35.598, 7.377, 11.436, 0, 0, 68.568, 70.555, 68.568, 70.555, 1, 70.852, 70.852, 0.024, 0.136, 99.584, 102.467, 99.584, 102.467, 5.375, 7.377, 11.436, , , 1, 3.001, 0, 0, 12.5, 3.52, 154, 0, 0, 0, 71, 19.59, 20.136, 99.2, 102.55, 100, 0, 0, 29.167, 29, 100, 4.417, 101, 0, 0, 104.167, 70.212, 0, 0, 0, 0, 0, 14, 0, 12.5, 0, 3.52, 154, 0, 0, 0, 71, 1, 0.02, 0.02, 99.2, 102.55, 100, 0, 0, 141, 29.167, 29, 100, 4.417, 0, 101, 0, 0, 104.167, 70.212, 0, 0, 0, 0, 
2.95, 21.92, 100.52, 63.16, 63.79, , 15.695, 0.972, 225.377, 225.377, 3.561, 374.802, 374.802, 374.802, 51.087, 73.096, 35.205, 36.341, 7.378, 11.47, 0, 0, 69.575, 71.59, 69.575, 71.59, 1, 71.616, 71.616, 0.024, 0.136, 99.859, 102.749, 99.859, 102.749, 5.388, 7.378, 11.47, , , 1, 3.051, 0, 0, 12.5, 3.561, 154, 0, 0, 0, 71, 19.689, 20.197, 98.851, 102.55, 100, 0, 0, 29.36, 29, 100, 4.413, 101.581, 0, 0, 104.651, 70.938, 0, 0, 0, 0, 0, 14, 0, 12.5, 0, 3.561, 154, 0, 0, 0, 71, 1, 0.02, 0.02, 98.851, 102.55, 100, 0, 0, 141, 29.36, 29, 100, 4.413, 0, 101.581, 0, 0, 104.651, 70.938, 0, 0, 0, 0, 
3, 21.92, 100.52, 63.16, 63.79, , 15.755, 0.972, 230.541, 230.541, 3.603, 376.244, 376.244, 376.244, 51.136, 73.935, 35.169, 37.097, 7.378, 11.502, 0, 0, 70.587, 72.632, 70.587, 72.632, 1, 72.39, 72.39, 0.024, 0.136, 100.13, 103.029, 100.13, 103.029, 5.387, 7.378, 11.502, , , 1, 3.101, 0, 0, 12.5, 3.603, 154, 0, 0, 0, 71, 19.799, 20.268, 98.6, 102.529, 100, 0, 0, 29.558, 29.029, 100, 4.41, 102.202, 0, 0, 105.116, 71.711, 0, 0, 0, 0, 0, 14, 0, 12.5, 0, 3.603, 154, 0, 0, 0, 71, 1, 0.02, 0.02, 98.6, 102.529, 100, 0, 0, 141, 29.558, 29.029, 100, 4.41, 0, 102.202, 0, 0, 105.116, 71.711, 0, 0, 0, 0, 
3.05, 21.92, 100.52, 63.16, 63.79, , 15.821, 0.972, 235.73, 235.73, 3.648, 377.825, 377.825, 377.825, 51.144, 74.774, 35.133, 37.853, 7.379, 11.531, 0, 0, 71.647, 73.723, 71.647, 73.723, 1, 73.158, 73.158, 0.024, 0.136, 100.53, 103.44, 100.53, 103.44, 5.386, 7.379, 11.531, , , 1, 3.151, 0, 0, 12.5, 3.648, 154, 0, 0, 0, 71, 19.936, 20.366, 98.6, 102.452, 100, 0, 0, 29.764, 29.132, 100, 4.41, 102.926, 0, 0, 105.529, 72.606, 0, 0, 0, 0, 0, 14, 0, 12.5, 0, 3.648, 154, 0, 0, 0, 71, 1, 0.02, 0.02, 98.6, 102.452, 100, 0, 0, 141, 29.764, 29.132, 100, 4.41, 0, 102.926, 0, 0, 105.529, 72.606, 0, 0, 0, 0, 
3.1, 21.92, 100.52, 63.16, 63.79, , 15.829, 0.972, 241.035, 241.035, 3.693, 378.037, 378.037, 378.037, 51.082, 75.613, 35.097, 38.609, 7.379, 11.561, 0, 0, 72.432, 74.531, 72.432, 74.531, 1, 73.929, 73.929, 0.024, 0.137, 100.717, 103.632, 100.717, 103.632, 5.385, 7.379, 11.561, , , 1, 3.201, 0, 0, 12.5, 3.693, 154, 0, 0, 0, 71, 20.074, 20.465, 98.6, 102.376, 100, 0, 0, 29.971, 29.235, 100, 4.41, 103.649, 0, 0, 105.942, 73.501, 0, 0, 0, 0, 0, 14, 0, 12.5, 0, 3.693, 154, 0, 0, 0, 71, 1, 0.02, 0.02, 98.6, 102.376, 100, 0, 0, 141, 29.971, 29.236, 100, 4.41, 0, 103.649, 0, 0, 105.942, 73.501, 0, 0, 0, 0, 
3.15, 21.92, 100.52, 63.16, 63.79, , 15.831, 0.972, 246.369, 246.369, 3.738, 378.108, 378.108, 378.108, 50.95, 76.452, 35.061, 39.365, 7.38, 11.593, 0, 0, 73.202, 75.322, 73.202, 75.322, 1, 74.7, 74.7, 0.025, 0.137, 101.008, 103.933, 101.008, 103.933, 5.395, 7.38, 11.593, , , 1, 3.251, 0, 0, 12.5, 3.738, 154, 0, 0, 0, 71, 20.212, 20.564, 98.6, 102.299, 100, 0, 0, 30.178, 29.337, 100, 4.41, 104.372, 0, 0, 106.355, 74.396, 0, 0, 0, 0, 0, 14, 0, 12.5, 0, 3.738, 154, 0, 0, 0, 71, 1, 0.02, 0.021, 98.6, 102.299, 100, 0, 0, 141, 30.178, 29.339, 100, 4.41, 0, 104.372, 0, 0, 106.355, 74.396, 0, 0, 0, 0, 
3.2, 21.92, 100.52, 63.16, 63.79, , 15.893, 0.972, 251.755, 251.755, 3.783, 379.609, 379.609, 379.609, 50.744, 77.29, 35.166, 38.851, 7.38, 11.624, 0, 0, 74.253, 76.404, 74.253, 76.404, 1, 75.481, 75.481, 0.025, 0.137, 101.829, 104.779, 101.829, 104.779, 5.419, 7.38, 11.624, , , 1, 3.301, 0, 0, 12.5, 3.783, 154, 0, 0, 0, 71, 20.35, 20.663, 98.6, 102.223, 100, 0, 0, 30.384, 29.44, 100, 4.41, 105.095, 0, 0, 106.769, 75.291, 0, 0, 0, 0, 0, 14, 0, 12.5, 0, 3.783, 154, 0, 0, 0, 71, 1, 0.02, 0.021, 98.6, 102.223, 100, 0, 0, 141, 30.384, 29.442, 100, 4.41, 0, 105.095, 0, 0, 106.769, 75.291, 0, 0, 0, 0, 
3.25, 21.92, 100.52, 63.16, 63.79, , 15.874, 0.972, 257.183, 257.183, 3.824, 379.168, 379.168, 379.168, 50.468, 78.129, 35.274, 38.311, 7.38, 11.654, 0, 0, 74.932, 77.102, 74.932, 77.102, 1, 76.256, 76.256, 0.025, 0.137, 102.275, 105.239, 102.275, 105.239, 5.442, 7.38, 11.654, , , 1, 3.351, 0, 0, 12.5, 3.824, 154, 0, 0, 0, 71, 20.458, 20.746, 98.51, 102.143, 100, 0, 0, 30.533, 29.54, 100, 4.41, 105.701, 0, 0, 107.184, 76.108, 0, 0, 0, 0, 0, 13.998, 0, 12.5, 0, 3.824, 154, 0, 0, 0, 71, 1, 0.02, 0.021, 98.51, 102.143, 100, 0, 0, 141, 30.533, 29.542, 100, 4.41, 0, 105.701, 0, 0, 107.184, 76.108, 0, 0, 0, 0, 
3.3, 21.92, 100.52, 63.16, 63.79, , 15.869, 0.972, 262.66, 262.66, 3.861, 379.085, 379.085, 379.085, 50.16, 78.968, 35.382, 37.771, 7.38, 11.684, 0, 0, 75.681, 77.871, 75.681, 77.871, 1, 77.028, 77.028, 0.025, 0.136, 102.883, 105.865, 102.883, 105.865, 5.466, 7.38, 11.684, , , 1, 3.401, 0, 0, 12.5, 3.861, 154, 0, 0, 0, 71, 20.526, 20.808, 98.305, 102.059, 100, 0, 0, 30.609, 29.635, 100, 4.41, 106.157, 0, 0, 107.602, 76.817, 0, 0, 0, 0, 0, 13.995, 0, 12.5, 0, 3.861, 154, 0, 0, 0, 71, 1, 0.02, 0.021, 98.305, 102.059, 100, 0, 0, 141, 30.609, 29.637, 100, 4.41, 0, 106.157, 0, 0, 107.602, 76.817, 0, 0, 0, 0, 
3.35, 21.92, 100.52, 63.16, 63.79, , 15.867, 0.972, 268.191, 268.191, 3.897, 379.065, 379.065, 379.065, 49.855, 79.807, 35.49, 37.231, 7.38, 11.713, 0, 0, 76.434, 78.646, 76.434, 78.646, 1, 77.805, 77.805, 0.025, 0.136, 103.502, 106.501, 103.502, 106.501, 5.492, 7.38, 11.713, , , 1, 3.451, 0, 0, 12.5, 3.897, 154, 0, 0, 0, 71, 20.593, 20.87, 98.099, 101.975, 100, 0, 0, 30.685, 29.73, 100, 4.41, 106.612, 0, 0, 108.02, 77.526, 0, 0, 0, 0, 0, 13.991, 0, 12.5, 0, 3.897, 154, 0, 0, 0, 71, 1, 0.02, 0.021, 98.099, 101.975, 100, 0, 0, 141, 30.685, 29.732, 100, 4.41, 0, 106.612, 0, 0, 108.02, 77.526, 0, 0, 0, 0, 
3.4, 21.92, 100.52, 63.16, 63.79, , 15.87, 0.972, 274.196, 274.196, 3.934, 379.151, 379.151, 379.151, 49.555, 80.646, 35.598, 36.691, 7.38, 11.74, 0, 0, 77.259, 79.496, 77.259, 79.496, 1, 78.584, 78.584, 0.025, 0.136, 104.185, 107.204, 104.185, 107.204, 5.531, 7.38, 11.74, , , 1, 3.501, 0, 0, 12.5, 3.934, 154, 0, 0, 0, 71, 20.66, 20.932, 97.894, 101.891, 100, 0, 0, 30.761, 29.825, 100, 4.41, 107.068, 0, 0, 108.438, 78.236, 0, 0, 0, 0, 0, 13.987, 0, 12.5, 0, 3.934, 154, 0, 0, 0, 71, 1, 0.02, 0.021, 97.894, 101.891, 100, 0, 0, 141, 30.761, 29.827, 100, 4.41, 0, 107.068, 0, 0, 108.438, 78.236, 0, 0, 0, 0, 
3.45, 21.92, 100.52, 63.16, 63.79, , 15.814, 0.972, 281.795, 281.795, 3.97, 377.855, 377.855, 377.855, 49.166, 81.485, 35.741, 36.468, 7.381, 11.754, 0, 0, 78.016, 80.275, 78.016, 80.275, 1, 79.631, 79.631, 0.025, 0.136, 104.65, 107.682, 104.65, 107.682, 5.57, 7.381, 11.754, , , 1, 3.551, 0, 0, 12.5, 3.97, 154, 0, 0, 0, 71, 20.728, 20.994, 97.689, 101.807, 100, 0, 0, 30.837, 29.92, 100, 4.41, 107.524, 0, 0, 108.856, 78.945, 0, 0, 0, 0, 0, 13.983, 0, 12.5, 0, 3.97, 154, 0, 0, 0, 71, 1, 0.021, 0.021, 97.689, 101.807, 100, 0, 0, 141, 30.837, 29.922, 100, 4.41, 0, 107.524, 0, 0, 108.856, 78.945, 0, 0, 0, 0, 
3.5, 21.92, 100.52, 63.16, 63.79, , 15.774, 0.972, 287.555, 287.555, 4.007, 376.916, 376.916, 376.916, 48.868, 82.324, 35.885, 36.252, 7.382, 11.766, 0, 0, 78.577, 80.854, 78.577, 80.854, 1, 80.445, 80.445, 0.025, 0.135, 104.993, 108.034, 104.993, 108.034, 5.609, 7.382, 11.766, , , 1, 3.601, 0, 0, 12.5, 4.007, 154, 0, 0, 0, 71, 20.795, 21.056, 97.484, 101.723, 100, 0, 0, 30.913, 30.016, 100, 4.41, 107.98, 0, 0, 109.274, 79.654, 0, 0, 0, 0, 0, 13.979, 0, 12.5, 0, 4.007, 154, 0, 0, 0, 71, 1, 0.021, 0.021, 97.484, 101.723, 100, 0, 0, 141, 30.913, 30.017, 100, 4.41, 0, 107.98, 0, 0, 109.274, 79.654, 0, 0, 0, 0, 
3.55, 21.92, 100.52, 63.16, 63.79, , 15.692, 0.972, 293.393, 293.393, 4.044, 375.003, 375.003, 375.003, 48.591, 83.163, 36.029, 36.036, 7.382, 11.77, 0, 0, 78.925, 81.212, 78.925, 81.212, 1, 81.22, 81.22, 0.025, 0.135, 105.048, 108.091, 105.048, 108.091, 5.649, 7.382, 11.77, , , 1, 3.65, 0, 0, 12.5, 4.044, 154, 0, 0, 0, 71, 20.862, 21.118, 97.279, 101.639, 100, 0, 0, 30.989, 30.111, 100, 4.41, 108.436, 0, 0, 109.691, 80.364, 0, 0, 0, 0, 0, 13.976, 0, 12.5, 0, 4.044, 154, 0, 0, 0, 71, 1, 0.021, 0.021, 97.279, 101.639, 100, 0, 0, 141, 30.989, 30.112, 100, 4.41, 0, 108.436, 0, 0, 109.691, 80.364, 0, 0, 0, 0, 
3.6, 21.92, 100.52, 63.16, 63.79, , 15.657, 0.972, 299.23, 299.23, 4.08, 374.188, 374.188, 374.188, 48.324, 84.002, 36.173, 35.82, 7.382, 11.77, 0, 0, 79.497, 81.801, 79.497, 81.801, 1, 81.985, 81.985, 0.025, 0.135, 105.399, 108.454, 105.399, 108.454, 5.691, 7.382, 11.77, , , 1, 3.7, 0, 0, 12.5, 4.08, 154, 0, 0, 0, 71, 20.93, 21.18, 97.074, 101.555, 100, 0, 0, 31.065, 30.206, 100, 4.41, 108.892, 0, 0, 110.109, 81.073, 0, 0, 0, 0, 0, 13.972, 0, 12.5, 0, 4.08, 154, 0, 0, 0, 71, 1, 0.021, 0.021, 97.074, 101.555, 100, 0, 0, 141, 31.065, 30.207, 100, 4.41, 0, 108.892, 0, 0, 110.109, 81.073, 0, 0, 0, 0, 
3.65, 21.92, 100.52, 63.16, 63.79, , 15.623, 0.972, 305.107, 305.107, 4.117, 373.416, 373.416, 373.416, 48.068, 84.84, 36.317, 35.604, 7.382, 11.748, 0, 0, 80.068, 82.387, 80.068, 82.387, 1, 82.743, 82.743, 0.025, 0.134, 105.694, 108.758, 105.694, 108.758, 5.734, 7.382, 11.748, , , 1, 3.75, 0, 0, 12.5, 4.117, 154, 0, 0, 0, 71, 20.997, 21.242, 96.868, 101.471, 100, 0, 0, 31.141, 30.301, 100, 4.41, 109.348, 0, 0, 110.527, 81.782, 0, 0, 0, 0, 0, 13.968, 0, 12.5, 0, 4.117, 154, 0, 0, 0, 71, 1, 0.021, 0.021, 96.868, 101.471, 100, 0, 0, 141, 31.141, 30.302, 100, 4.41, 0, 109.348, 0, 0, 110.527, 81.782, 0, 0, 0, 0, 
3.7, 21.92, 100.52, 63.16, 63.79, , 15.561, 0.972, 311.094, 311.094, 4.153, 371.955, 371.955, 371.955, 47.983, 85.679, 36.144, 35.494, 7.382, 11.724, 0, 0, 80.495, 82.827, 80.495, 82.827, 1, 83.506, 83.506, 0.025, 0.134, 105.453, 108.509, 105.453, 108.509, 5.776, 7.382, 11.724, , , 1, 3.801, 0, 0, 12.5, 4.153, 154, 0, 0, 0, 71, 21.064, 21.304, 96.663, 101.387, 100, 0, 0, 31.217, 30.396, 100, 4.41, 109.804, 0, 0, 110.945, 82.491, 0, 0, 0, 0, 0, 13.964, 0, 12.5, 0, 4.153, 154, 0, 0, 0, 71, 1, 0.021, 0.021, 96.663, 101.387, 100, 0, 0, 141, 31.217, 30.397, 100, 4.41, 0, 109.804, 0, 0, 110.945, 82.491, 0, 0, 0, 0, 
3.75, 21.92, 100.52, 63.16, 63.79, , 15.53, 0.972, 317.081, 317.081, 4.19, 371.261, 371.261, 371.261, 48.143, 86.518, 35.964, 35.386, 7.381, 11.687, 0, 0, 81.085, 83.432, 81.085, 83.432, 1, 84.269, 84.269, 0.025, 0.134, 104.957, 107.998, 104.957, 107.998, 5.82, 7.381, 11.687, , , 1, 3.851, 0, 0, 12.5, 4.19, 154, 0, 0, 0, 71, 21.132, 21.366, 96.458, 101.303, 100, 0, 0, 31.293, 30.491, 100, 4.41, 110.26, 0, 0, 111.363, 83.201, 0, 0, 0, 0, 0, 13.96, 0, 12.5, 0, 4.19, 154, 0, 0, 0, 71, 1, 0.021, 0.021, 96.458, 101.303, 100, 0, 0, 141, 31.293, 30.492, 100, 4.41, 0, 110.26, 0, 0, 111.363, 83.201, 0, 0, 0, 0, 
3.8, 21.92, 100.52, 63.16, 63.79, , 15.52, 0.972, 323.187, 323.187, 4.227, 371.05, 371.05, 371.05, 48.52, 87.357, 35.784, 35.278, 7.38, 11.65, 0, 0, 81.776, 84.142, 81.776, 84.142, 1, 85.028, 85.028, 0.025, 0.134, 104.085, 107.1, 104.085, 107.1, 5.87, 7.38, 11.65, , , 1, 3.901, 0, 0, 12.5, 4.227, 154, 0, 0, 0, 71, 21.199, 21.428, 96.253, 101.219, 100, 0, 0, 31.369, 30.586, 100, 4.41, 110.716, 0, 0, 111.781, 83.91, 0, 0, 0, 0, 0, 13.957, 0, 12.5, 0, 4.227, 154, 0, 0, 0, 71, 1, 0.021, 0.021, 96.253, 101.219, 100, 0, 0, 141, 31.369, 30.587, 100, 4.41, 0, 110.716, 0, 0, 111.781, 83.91, 0, 0, 0, 0, 
3.85, 21.92, 100.52, 63.16, 63.79, , 15.503, 0.972, 329.234, 329.234, 4.263, 370.649, 370.649, 370.649, 49.111, 88.196, 35.604, 35.17, 7.38, 11.603, 0, 0, 82.413, 84.796, 82.413, 84.796, 1, 85.786, 85.786, 0.024, 0.133, 102.712, 105.686, 102.712, 105.686, 5.921, 7.38, 11.603, , , 1, 3.951, 0, 0, 12.5, 4.263, 154, 0, 0, 0, 71, 21.267, 21.49, 96.048, 101.135, 100, 0, 0, 31.445, 30.682, 100, 4.41, 111.172, 0, 0, 112.199, 84.619, 0, 0, 0, 0, 0, 13.953, 0, 12.5, 0, 4.263, 154, 0, 0, 0, 71, 1, 0.021, 0.021, 96.048, 101.135, 100, 0, 0, 141, 31.445, 30.682, 100, 4.41, 0, 111.172, 0, 0, 112.199, 84.619, 0, 0, 0, 0, 
3.9, 21.92, 100.52, 63.16, 63.79, , 15.451, 0.972, 335.482, 335.482, 4.313, 369.454, 369.454, 369.454, 49.934, 89.035, 35.424, 35.062, 7.38, 11.558, 0, 0, 82.876, 85.272, 82.876, 85.272, 1, 86.553, 86.553, 0.024, 0.133, 100.773, 103.69, 100.773, 103.69, 5.971, 7.38, 11.558, , , 1, 4.001, 0, 0, 12.5, 4.313, 154, 0, 0, 0, 71, 21.339, 21.559, 95.785, 101.016, 100, 0, 0, 31.548, 30.814, 100, 4.41, 111.707, 0, 0, 112.707, 85.565, 0, 0, 0, 0, 0, 13.947, 0, 12.5, 0, 4.313, 154, 0, 0, 0, 71, 1, 0.022, 0.022, 95.785, 101.016, 100, 0, 0, 141, 31.548, 30.814, 100, 4.41, 0, 111.707, 0, 0, 112.707, 85.565, 0, 0, 0, 0, 
3.95, 21.92, 100.52, 63.16, 63.79, , 15.431, 0.972, 341.666, 341.666, 4.396, 368.998, 368.998, 368.998, 50.699, 89.874, 35.42, 35.66, 7.38, 11.526, 0, 0, 83.483, 85.898, 83.483, 85.898, 1, 87.307, 87.307, 0.024, 0.133, 99.145, 102.014, 99.145, 102.014, 6.022, 7.38, 11.526, , , 1, 4.051, 0, 0, 12.5, 4.396, 154, 0, 0, 0, 71, 21.424, 21.644, 95.376, 100.807, 100, 0, 0, 31.718, 31.041, 100, 4.41, 112.445, 0, 0, 113.445, 87.118, 0, 0, 0, 0, 0, 13.935, 0, 12.5, 0, 4.396, 154, 0, 0, 0, 71, 1, 0.022, 0.022, 95.376, 100.807, 100, 0, 0, 141, 31.718, 31.041, 100, 4.41, 0, 112.445, 0, 0, 113.445, 87.118, 0, 0, 0, 0, 
4, 21.92, 100.52, 63.16, 63.79, , 15.368, 0.972, 347.977, 347.977, 4.479, 367.538, 367.538, 367.538, 51.287, 90.713, 35.42, 36.272, 7.38, 11.496, 0, 0, 83.87, 86.298, 83.87, 86.298, 1, 88.064, 88.064, 0.024, 0.133, 97.619, 100.445, 97.619, 100.445, 6.056, 7.38, 11.496, , , 1, 4.101, 0, 0, 12.5, 4.479, 154, 0, 0, 0, 71, 21.509, 21.729, 94.967, 100.598, 100, 0, 0, 31.889, 31.268, 100, 4.41, 113.184, 0, 0, 114.184, 88.672, 0, 0, 0, 0, 0, 13.924, 0, 12.5, 0, 4.479, 154, 0, 0, 0, 71, 1, 0.022, 0.022, 94.967, 100.598, 100, 0, 0, 141, 31.889, 31.268, 100, 4.41, 0, 113.184, 0, 0, 114.184, 88.672, 0, 0, 0, 0, 
4.05, 21.92, 100.52, 63.16, 63.79, , 15.276, 0.972, 354.4, 354.4, 4.562, 365.359, 365.359, 365.359, 51.665, 91.552, 35.42, 36.884, 7.38, 11.477, 0, 0, 84.089, 86.524, 84.089, 86.524, 1, 88.814, 88.814, 0.024, 0.133, 96.265, 99.052, 96.265, 99.052, 6.089, 7.38, 11.477, , , 1, 4.151, 0, 0, 12.5, 4.562, 154, 0, 0, 0, 71, 21.595, 21.815, 94.558, 100.389, 100, 0, 0, 32.059, 31.495, 100, 4.41, 113.923, 0, 0, 114.923, 90.225, 0, 0, 0, 0, 0, 13.913, 0, 12.5, 0, 4.562, 154, 0, 0, 0, 71, 1, 0.022, 0.022, 94.558, 100.389, 100, 0, 0, 141, 32.059, 31.495, 100, 4.41, 0, 113.923, 0, 0, 114.923, 90.225, 0, 0, 0, 0, 
4.1, 21.92, 100.52, 63.16, 63.79, , 15.225, 0.972, 360.756, 360.756, 4.645, 364.189, 364.189, 364.189, 51.866, 90.204, 35.42, 37.496, 7.38, 11.459, 0, 0, 84.519, 86.968, 84.519, 86.968, 1, 89.559, 89.559, 0.024, 0.133, 95.589, 98.356, 95.589, 98.356, 6.121, 7.38, 11.459, , , 1, 4.201, 0, 0, 12.5, 4.645, 154, 0, 0, 0, 71, 21.68, 21.9, 94.149, 100.18, 100, 0, 0, 32.23, 31.723, 100, 4.41, 114.661, 0, 0, 115.661, 91.779, 0, 0, 0, 0, 0, 13.901, 0, 12.5, 0, 4.645, 154, 0, 0, 0, 71, 1, 0.022, 0.022, 94.149, 100.18, 100, 0, 0, 141, 32.23, 31.723, 100, 4.41, 0, 114.661, 0, 0, 115.661, 91.779, 0, 0, 0, 0, 
4.15, 21.92, 100.52, 63.16, 63.79, , 15.177, 0.972, 367.243, 367.243, 4.69, 363.064, 363.064, 363.064, 51.899, 87.827, 35.42, 38.108, 7.38, 11.452, 0, 0, 84.959, 87.422, 84.959, 87.422, 1, 90.304, 90.304, 0.024, 0.134, 95.218, 97.975, 95.218, 97.975, 6.154, 7.38, 11.452, , , 1, 4.251, 0, 0, 12.5, 4.69, 154, 0, 0, 0, 71, 21.675, 21.887, 93.92, 100.044, 100, 0, 0, 32.3, 31.85, 100, 4.41, 114.85, 0, 0, 115.8, 92.648, 0, 0, 0, 0, 0, 13.9, 0, 12.5, 0, 4.69, 154, 0, 0, 0, 71, 1, 0.022, 0.022, 93.92, 100.044, 100, 0, 0, 141, 32.3, 31.85, 100, 4.41, 0, 114.85, 0, 0, 115.8, 92.648, 0, 0, 0, 0, 
4.2, 21.92, 100.52, 63.16, 63.79, , 15.141, 0.972, 373.733, 373.733, 4.731, 362.229, 362.229, 362.229, 51.904, 85.451, 35.35, 37.771, 7.38, 11.446, 0, 0, 85.474, 87.951, 85.474, 87.951, 1, 91.052, 91.052, 0.024, 0.134, 94.99, 97.742, 94.99, 97.742, 6.17, 7.38, 11.446, , , 1, 4.301, 0, 0, 12.5, 4.731, 154, 0, 0, 0, 71, 21.658, 21.861, 93.715, 99.918, 100, 0, 0, 32.357, 31.964, 100, 4.41, 114.964, 0, 0, 115.857, 93.424, 0, 0, 0, 0, 0, 13.9, 0, 12.5, 0, 4.731, 154, 0, 0, 0, 71, 1, 0.022, 0.022, 93.715, 99.918, 100, 0, 0, 141, 32.357, 31.964, 100, 4.41, 0, 114.964, 0, 0, 115.857, 93.424, 0, 0, 0, 0, 
4.25, 21.92, 100.52, 63.16, 63.79, , 15.071, 0.972, 380.404, 380.404, 4.772, 360.613, 360.613, 360.613, 51.904, 83.074, 35.279, 37.416, 7.38, 11.442, 0, 0, 85.782, 88.268, 85.782, 88.268, 1, 91.791, 91.791, 0.024, 0.134, 94.566, 97.306, 94.566, 97.306, 6.178, 7.38, 11.442, , , 1, 4.351, 0, 0, 12.5, 4.772, 154, 0, 0, 0, 71, 21.641, 21.835, 93.511, 99.792, 100, 0, 0, 32.414, 32.077, 100, 4.41, 115.077, 0, 0, 115.914, 94.2, 0, 0, 0, 0, 0, 13.9, 0, 12.5, 0, 4.772, 154, 0, 0, 0, 71, 1, 0.022, 0.022, 93.511, 99.792, 100, 0, 0, 141, 32.414, 32.077, 100, 4.41, 0, 115.077, 0, 0, 115.914, 94.2, 0, 0, 0, 0, 
4.3, 21.92, 100.52, 63.16, 63.789, , 15.028, 0.972, 387.076, 387.076, 4.813, 359.602, 359.602, 359.602, 51.896, 80.697, 35.208, 37.06, 7.38, 11.439, 0, 0, 86.233, 88.731, 86.233, 88.731, 1, 92.628, 92.628, 0.024, 0.134, 94.311, 97.042, 94.311, 97.042, 6.187, 7.38, 11.439, , , 1, 4.401, 0, 0, 12.5, 4.813, 154, 0, 0, 0, 71, 21.624, 21.809, 93.306, 99.666, 100, 0, 0, 32.47, 32.191, 100, 4.41, 115.191, 0, 0, 115.97, 94.976, 0, 0, 0, 0, 0, 13.9, 0, 12.5, 0, 4.813, 154, 0, 0, 0, 71, 1, 0.022, 0.022, 93.306, 99.666, 100, 0, 0, 141, 32.47, 32.191, 100, 4.41, 0, 115.191, 0, 0, 115.97, 94.976, 0, 0, 0, 0, 
4.35, 21.92, 100.52, 63.16, 63.788, , 14.929, 0.972, 396.083, 396.083, 4.853, 357.282, 357.282, 357.282, 51.885, 78.321, 35.137, 36.704, 7.38, 11.435, 0, 0, 86.591, 89.098, 86.591, 89.098, 1, 93.522, 93.522, 0.025, 0.134, 93.727, 96.442, 93.727, 96.442, 6.196, 7.38, 11.435, , , 1, 4.451, 0, 0, 12.5, 4.853, 154, 0, 0, 0, 71, 21.616, 21.787, 93.11, 99.563, 100, 0, 0, 32.525, 32.25, 100, 4.41, 115.3, 0, 0, 116.025, 95.752, 0, 0, 0, 0, 0, 13.9, 0, 12.5, 0, 4.853, 154, 0, 0, 0, 71, 1, 0.022, 0.022, 93.11, 99.563, 100, 0, 0, 141, 32.525, 32.25, 100, 4.41, 0, 115.3, 0, 0, 116.025, 95.752, 0, 0, 0, 0, 
4.4, 21.92, 100.52, 63.16, 63.787, , 14.871, 0.972, 402.754, 402.754, 4.891, 355.946, 355.946, 355.946, 51.876, 75.944, 35.066, 36.348, 7.379, 11.431, 0, 0, 86.948, 89.464, 86.948, 89.464, 1, 94.258, 94.258, 0.024, 0.134, 93.393, 96.098, 93.393, 96.098, 6.207, 7.379, 11.431, , , 1, 4.501, 0, 0, 12.5, 4.891, 154, 0, 0, 0, 71, 21.618, 21.77, 92.922, 99.486, 100, 0, 0, 32.577, 32.25, 100, 4.41, 115.404, 0, 0, 116.077, 96.529, 0, 0, 0, 0, 0, 13.9, 0, 12.5, 0, 4.891, 154, 0, 0, 0, 71, 1, 0.022, 0.022, 92.922, 99.486, 100, 0, 0, 141, 32.577, 32.25, 100, 4.41, 0, 115.404, 0, 0, 116.077, 96.529, 0, 0, 0, 0, 
4.45, 21.92, 100.52, 63.16, 63.787, , 14.804, 0.972, 409.586, 409.586, 4.929, 354.362, 354.362, 354.362, 51.871, 73.568, 34.959, 36.085, 7.379, 11.425, 0, 0, 87.226, 89.751, 87.226, 89.751, 1, 94.982, 94.982, 0.024, 0.134, 92.989, 95.681, 92.989, 95.681, 6.222, 7.379, 11.425, , , 1, 4.551, 0, 0, 12.5, 4.929, 154, 0, 0, 0, 71, 21.62, 21.754, 92.735, 99.409, 100, 0, 0, 32.629, 32.25, 100, 4.41, 115.508, 0, 0, 116.129, 97.305, 0, 0, 0, 0, 0, 13.9, 0, 12.5, 0, 4.929, 154, 0, 0, 0, 71, 1, 0.022, 0.022, 92.735, 99.409, 100, 0, 0, 141, 32.629, 32.25, 100, 4.41, 0, 115.508, 0, 0, 116.129, 97.305, 0, 0, 0, 0, 
4.5, 21.92, 100.52, 63.16, 63.786, , 14.742, 0.972, 416.454, 416.454, 4.967, 352.928, 352.928, 352.928, 51.868, 71.191, 34.85, 35.83, 7.378, 11.42, 0, 0, 87.541, 90.073, 87.541, 90.073, 1, 95.709, 95.709, 0.024, 0.134, 92.618, 95.299, 92.618, 95.299, 6.237, 7.378, 11.42, , , 1, 4.601, 0, 0, 12.5, 4.967, 154, 0, 0, 0, 71, 21.622, 21.737, 92.548, 99.332, 100, 0, 0, 32.681, 32.25, 100, 4.41, 115.612, 0, 0, 116.181, 98.081, 0, 0, 0, 0, 0, 13.9, 0, 12.5, 0, 4.967, 154, 0, 0, 0, 71, 1, 0.022, 0.022, 92.548, 99.332, 100, 0, 0, 141, 32.681, 32.25, 100, 4.41, 0, 115.612, 0, 0, 116.181, 98.081, 0, 0, 0, 0, 
4.55, 21.92, 100.52, 63.16, 63.785, , 14.666, 0.972, 423.342, 423.342, 5.005, 351.15, 351.15, 351.15, 51.868, 68.814, 34.741, 35.575, 7.378, 11.406, 0, 0, 87.75, 90.289, 87.75, 90.289, 1, 96.436, 96.436, 0.024, 0.134, 92.152, 94.819, 92.152, 94.819, 6.251, 7.378, 11.406, , , 1, 4.652, 0, 0, 12.5, 5.005, 154, 0, 0, 0, 71, 21.624, 21.72, 92.36, 99.255, 100, 0, 0, 32.733, 32.25, 100, 4.41, 115.717, 0, 0, 116.233, 98.857, 0, 0, 0, 0, 0, 13.9, 0, 12.5, 0, 5.005, 154, 0, 0, 0, 71, 1, 0.022, 0.022, 92.36, 99.255, 100, 0, 0, 141, 32.733, 32.25, 100, 4.41, 0, 115.717, 0, 0, 116.233, 98.857, 0, 0, 0, 0, 
4.6, 21.92, 100.52, 63.16, 63.784, , 14.582, 0.972, 430.326, 430.326, 5.03, 349.182, 349.182, 349.182, 51.871, 66.438, 34.631, 35.32, 7.377, 11.391, 0, 0, 87.908, 90.453, 87.908, 90.453, 1, 97.151, 97.151, 0.024, 0.134, 91.631, 94.283, 91.631, 94.283, 6.289, 7.377, 11.391, , , 1, 4.701, 0, 0, 12.5, 5.03, 154, 0, 0, 0, 71, 21.626, 21.716, 92.173, 99.23, 100, 0, 0, 32.785, 32.215, 100, 4.41, 115.785, 0, 0, 116.285, 99.413, 0, 0, 0, 0, 0, 13.9, 0, 12.5, 0, 5.03, 154, 0, 0, 0, 71, 1, 0.022, 0.022, 92.173, 99.23, 100, 0, 0, 141, 32.785, 32.215, 100, 4.41, 0, 115.785, 0, 0, 116.285, 99.413, 0, 0, 0, 0, 
4.65, 21.92, 100.52, 63.16, 63.784, , 14.537, 0.972, 437.352, 437.352, 5.049, 348.125, 348.125, 348.125, 51.872, 64.061, 34.522, 35.065, 7.377, 11.372, 0, 0, 88.288, 90.844, 88.288, 90.844, 1, 97.872, 97.872, 0.024, 0.134, 91.35, 93.994, 91.35, 93.994, 6.357, 7.377, 11.372, , , 1, 4.751, 0, 0, 12.5, 5.049, 154, 0, 0, 0, 71, 21.627, 21.717, 91.985, 99.23, 100, 0, 0, 32.838, 32.162, 100, 4.41, 115.838, 0, 0, 116.338, 99.866, 0, 0, 0, 0, 0, 13.9, 0, 12.5, 0, 5.049, 154, 0, 0, 0, 71, 1, 0.022, 0.022, 91.985, 99.23, 100, 0, 0, 141, 32.838, 32.162, 100, 4.41, 0, 115.838, 0, 0, 116.338, 99.866, 0, 0, 0, 0, 
4.7, 21.92, 100.52, 63.16, 63.783, , 14.423, 0.972, 444.428, 444.428, 5.068, 345.445, 345.445, 345.445, 51.874, 61.685, 34.732, 35.095, 7.377, 11.352, 0, 0, 88.245, 90.8, 88.245, 90.8, 1, 98.583, 98.583, 0.024, 0.134, 90.645, 93.269, 90.645, 93.269, 6.426, 7.377, 11.352, , , 1, 4.801, 0, 0, 12.5, 5.068, 154, 0, 0, 0, 71, 21.628, 21.718, 91.798, 99.23, 100, 0, 0, 32.89, 32.11, 100, 4.41, 115.89, 0, 0, 116.39, 100.319, 0, 0, 0, 0, 0, 13.9, 0, 12.5, 0, 5.068, 154, 0, 0, 0, 71, 1, 0.022, 0.022, 91.798, 99.23, 100, 0, 0, 141, 32.89, 32.11, 100, 4.41, 0, 115.89, 0, 0, 116.39, 100.319, 0, 0, 0, 0, 
4.75, 21.92, 100.52, 63.16, 63.782, , 14.331, 0.972, 451.53, 451.53, 5.088, 343.288, 343.288, 343.288, 51.873, 59.308, 34.948, 35.131, 7.377, 11.327, 0, 0, 88.319, 90.876, 88.319, 90.876, 1, 99.285, 99.285, 0.024, 0.134, 90.079, 92.687, 90.079, 92.687, 6.495, 7.377, 11.327, , , 1, 4.85, 0, 0, 12.5, 5.088, 154, 0, 0, 0, 71, 21.629, 21.719, 91.61, 99.23, 100, 0, 0, 32.942, 32.058, 100, 4.41, 115.942, 0, 0, 116.442, 100.773, 0, 0, 0, 0, 0, 13.9, 0, 12.5, 0, 5.088, 154, 0, 0, 0, 71, 1, 0.022, 0.022, 91.61, 99.23, 100, 0, 0, 141, 32.942, 32.058, 100, 4.41, 0, 115.942, 0, 0, 116.442, 100.773, 0, 0, 0, 0, 
4.8, 21.92, 100.52, 63.16, 63.781, , 14.246, 0.972, 458.72, 458.72, 5.107, 341.301, 341.301, 341.301, 51.872, 56.931, 35.164, 35.167, 7.377, 11.302, 0, 0, 88.427, 90.988, 88.427, 90.988, 1, 99.991, 99.991, 0.024, 0.133, 89.56, 92.153, 89.56, 92.153, 6.564, 7.377, 11.302, , , 1, 4.901, 0, 0, 12.5, 5.107, 154, 0, 0, 0, 71, 21.63, 21.72, 91.422, 99.23, 100, 0, 0, 32.994, 32.006, 100, 4.41, 115.994, 0, 0, 116.494, 101.226, 0, 0, 0, 0, 0, 13.9, 0, 12.5, 0, 5.107, 154, 0, 0, 0, 71, 1, 0.022, 0.022, 91.422, 99.23, 100, 0, 0, 141, 32.994, 32.006, 100, 4.41, 0, 115.994, 0, 0, 116.494, 101.226, 0, 0, 0, 0, 
4.85, 21.92, 100.52, 63.16, 63.781, , 14.135, 0.972, 465.977, 465.977, 5.141, 338.702, 338.702, 338.702, 51.87, 54.555, 35.38, 35.203, 7.377, 11.277, 0, 0, 88.368, 90.926, 88.368, 90.926, 1, 100.686, 100.686, 0.024, 0.133, 88.882, 91.454, 88.882, 91.454, 6.634, 7.377, 11.277, , , 1, 4.951, 0, 0, 12.5, 5.141, 154, 0, 0, 0, 71, 21.618, 21.679, 91.4, 99.042, 100, 0, 0, 33.085, 32, 100, 4.413, 116.085, 0, 0, 116.5, 101.911, 0, 0, 0, 0, 0, 13.9, 0, 12.5, 0, 5.141, 154, 0, 0, 0, 71, 1, 0.022, 0.022, 91.4, 99.042, 100, 0, 0, 141, 33.085, 32, 100, 4.413, 0, 116.085, 0, 0, 116.5, 101.911, 0, 0, 0, 0, 
4.9, 21.92, 100.52, 63.16, 63.78, , 14.024, 0.972, 473.274, 473.274, 5.178, 336.1, 336.1, 336.1, 51.871, 52.178, 35.596, 35.239, 7.377, 11.251, 0, 0, 88.295, 90.849, 88.295, 90.849, 1, 101.38, 101.38, 0.024, 0.133, 88.197, 90.749, 88.197, 90.749, 6.705, 7.377, 11.251, , , 1, 5.001, 0, 0, 12.5, 5.178, 154, 0, 0, 0, 71, 21.605, 21.633, 91.4, 98.829, 100, 0, 0, 33.181, 32, 100, 4.417, 116.181, 0, 0, 116.5, 102.629, 0, 0, 0, 0, 0, 13.9, 0, 12.5, 0, 5.178, 154, 0, 0, 0, 71, 1, 0.022, 0.022, 91.4, 98.829, 100, 0, 0, 141, 33.181, 32, 100, 4.417, 0, 116.181, 0, 0, 116.5, 102.629, 0, 0, 0, 0, 
4.95, 21.92, 100.52, 63.16, 63.779, , 13.926, 0.972, 480.633, 480.633, 5.214, 333.793, 333.793, 333.793, 51.876, , 35.494, 35.452, 7.377, 11.219, 0, 0, 88.287, 90.84, 88.287, 90.84, 1, 102.064, 102.064, 0.024, 0.133, 87.582, 90.116, 87.582, 90.116, 6.775, 7.377, 11.219, , , 1, 5.051, 0, 0, 12.5, 5.214, 154, 0, 0, 0, 71, 21.591, 21.587, 91.4, 98.615, 100, 0, 0, 33.277, 32, 100, 4.421, 116.277, 0, 0, 116.5, 103.346, 0, 0, 0, 0, 0, 13.9, 0, 12.5, 0, 5.214, 154, 0, 0, 0, 71, 1, 0.022, 0.021, 91.4, 98.615, 100, 0, 0, 141, 33.277, 32, 100, 4.421, 0, 116.277, 0, 0, 116.5, 103.346, 0, 0, 0, 0, 
5, 21.92, 100.52, 63.16, 63.778, , 13.81, 0.972, 488.014, 488.014, 5.251, 331.056, 331.056, 331.056, 51.887, , 35.386, 35.668, 7.377, 11.186, 0, 0, 88.15, 90.699, 88.15, 90.699, 1, 102.751, 102.751, 0.024, 0.133, 86.849, 89.36, 86.849, 89.36, 6.845, 7.377, 11.186, , , 1, 5.101, 0, 0, 12.5, 5.251, 154, 0, 0, 0, 71, 21.578, 21.541, 91.4, 98.402, 100, 0, 0, 33.373, 32, 100, 4.425, 116.373, 0, 0, 116.5, 104.063, 0, 0, 0, 0, 0, 13.9, 0, 12.5, 0, 5.251, 154, 0, 0, 0, 71, 1, 0.022, 0.021, 91.4, 98.402, 100, 0, 0, 141, 33.373, 32, 100, 4.425, 0, 116.373, 0, 0, 116.5, 104.063, 0, 0, 0, 0, 
5.05, 21.92, 100.52, 63.16, 63.778, , 13.735, 0.972, 495.457, 495.457, 5.287, 329.296, 329.296, 329.296, 51.901, , 35.278, 35.884, 7.377, 11.152, 0, 0, 88.266, 90.818, 88.266, 90.818, 1, 103.431, 103.431, 0.024, 0.133, 86.363, 88.859, 86.363, 88.859, 6.899, 7.377, 11.152, , , 1, 5.151, 0, 0, 12.5, 5.287, 154, 0, 0, 0, 71, 21.564, 21.495, 91.4, 98.188, 100, 0, 0, 33.469, 32, 100, 4.429, 116.469, 0, 0, 116.5, 104.78, 0, 0, 0, 0, 0, 13.9, 0, 12.5, 0, 5.287, 154, 0, 0, 0, 71, 1, 0.022, 0.021, 91.4, 98.188, 100, 0, 0, 141, 33.469, 32, 100, 4.429, 0, 116.469, 0, 0, 116.5, 104.78, 0, 0, 0, 0, 
5.1, 21.92, 100.52, 63.16, 63.777, , 13.681, 0.972, 502.929, 502.929, 5.337, 328.044, 328.044, 328.044, 51.918, , 35.17, 36.1, 7.377, 11.118, 0, 0, 88.503, 91.063, 88.503, 91.063, 1, 104.108, 104.108, 0.024, 0.133, 86.005, 88.492, 86.005, 88.492, 6.952, 7.377, 11.118, , , 1, 5.2, 0, 0, 12.5, 5.337, 154, 0, 0, 0, 71, 21.399, 21.335, 91.165, 97.904, 100, 0, 0, 33.631, 32.065, 100, 4.427, 116.01, 0, 0, 116.01, 105.661, 0, 0, 0, 0, 0, 13.9, 0, 12.5, 0, 5.337, 154, 0, 0, 0, 71, 1, 0.022, 0.021, 91.165, 97.904, 100, 0, 0, 141, 33.631, 32.065, 100, 4.427, 0, 116.01, 0, 0, 116.01, 105.661, 0, 0, 0, 0, 
5.15, 21.92, 100.52, 63.158, 63.776, , 13.628, 0.972, 510.461, 510.461, 5.392, 326.816, 326.816, 326.816, 51.94, , 35.062, 36.316, 7.377, 11.091, 0, 0, 88.74, 91.309, 88.74, 91.309, 1, 104.781, 104.781, 0.024, 0.133, 85.646, 88.124, 85.646, 88.124, 7.004, 7.377, 11.091, , , 1, 5.251, 0, 0, 12.5, 5.392, 154, 0, 0, 0, 71, 21.163, 21.121, 90.818, 97.585, 100, 0, 0, 33.823, 32.162, 100, 4.424, 115.288, 0, 0, 115.288, 106.617, 0, 0, 0, 0, 0, 13.9, 0, 12.5, 0, 5.392, 154, 0, 0, 0, 71, 1, 0.022, 0.021, 90.818, 97.585, 100, 0, 0, 141, 33.823, 32.162, 100, 4.424, 0, 115.288, 0, 0, 115.288, 106.617, 0, 0, 0, 0, 
5.2, 21.92, 100.52, 63.154, 63.775, , 13.559, 0.972, 518.144, 518.144, 5.447, 325.2, 325.2, 325.2, 51.969, , 35.161, 36.624, 7.378, 11.065, 0, 0, 88.872, 91.444, 88.872, 91.444, 1, 105.446, 105.446, 0.024, 0.133, 85.176, 87.642, 85.176, 87.642, 7.057, 7.378, 11.065, , , 1, 5.301, 0, 0, 12.5, 5.447, 154, 0, 0, 0, 71, 20.926, 20.908, 90.472, 97.267, 100, 0, 0, 34.015, 32.258, 100, 4.42, 114.567, 0, 0, 114.567, 107.574, 0, 0, 0, 0, 0, 13.9, 0, 12.5, 0, 5.447, 154, 0, 0, 0, 71, 1, 0.021, 0.021, 90.472, 97.267, 100, 0, 0, 141, 34.015, 32.258, 100, 4.42, 0, 114.567, 0, 0, 114.567, 107.574, 0, 0, 0, 0, 
5.25, 21.92, 100.52, 63.15, 63.775, , 13.518, 0.972, 528.021, 528.021, 5.502, 324.275, 324.275, 324.275, 52.011, , 35.265, 36.934, 7.379, 11.065, 0, 0, 89.34, 91.926, 89.34, 91.926, 1, 106.233, 106.233, 0.024, 0.134, 84.855, 87.313, 84.855, 87.313, 7.114, 7.379, 11.065, , , 1, 5.35, 0, 0, 12.5, 5.502, 154, 0, 0, 0, 71, 20.69, 20.694, 90.126, 96.949, 100, 0, 0, 34.208, 32.354, 100, 4.416, 113.846, 0, 0, 113.846, 108.531, 0, 0, 0, 0, 0, 13.9, 0, 12.5, 0, 5.502, 154, 0, 0, 0, 71, 1, 0.021, 0.021, 90.126, 96.949, 100, 0, 0, 141, 34.208, 32.354, 100, 4.416, 0, 113.846, 0, 0, 113.846, 108.531, 0, 0, 0, 0, 
5.3, 21.92, 100.52, 63.145, 63.774, , 13.472, 0.972, 535.805, 535.805, 5.558, 323.204, 323.204, 323.204, 52.058, , 35.368, 37.245, 7.381, 11.071, 0, 0, 89.607, 92.201, 89.607, 92.201, 1, 106.985, 106.985, 0.024, 0.134, 84.507, 86.954, 84.507, 86.954, 7.174, 7.381, 11.071, , , 1, 5.4, 0, 0, 12.5, 5.558, 154, 0, 0, 0, 71, 20.453, 20.481, 89.78, 96.63, 100, 0, 0, 34.4, 32.45, 100, 4.412, 113.125, 0, 0, 113.125, 109.488, 0, 0, 0, 0, 0, 13.9, 0, 12.5, 0, 5.558, 154, 0, 0, 0, 71, 1, 0.021, 0.021, 89.78, 96.63, 100, 0, 0, 141, 34.4, 32.45, 100, 4.412, 0, 113.125, 0, 0, 113.125, 109.488, 0, 0, 0, 0, 
5.35, 21.92, 100.52, 63.141, 63.773, , 13.408, 0.972, 543.588, 543.588, 5.605, 321.694, 321.694, 321.694, 52.102, , 35.472, 37.555, 7.382, 11.11, 0, 0, 89.742, 92.34, 89.742, 92.34, 1, 107.65, 107.65, 0.024, 0.134, 84.045, 86.478, 84.045, 86.478, 7.233, 7.382, 11.11, , , 1, 5.45, 0, 0, 12.5, 5.605, 154, 0, 0, 0, 71, 20.184, 20.233, 89.506, 96.426, 100, 0, 0, 34.552, 32.578, 100, 4.41, 111.993, 0, 0, 112.02, 110.309, 0, 0, 0, 0, 0, 13.9, 0, 12.5, 0, 5.605, 154, 0, 0, 0, 71, 1, 0.02, 0.02, 89.506, 96.426, 100, 0, 0, 141, 34.552, 32.578, 100, 4.41, 0, 111.993, 0, 0, 112.02, 110.309, 0, 0, 0, 0, 
5.4, 21.92, 100.52, 63.137, 63.772, , 13.358, 0.972, 551.371, 551.371, 5.642, 320.544, 320.544, 320.544, 52.136, , 35.575, 37.866, 7.384, 11.159, 0, 0, 89.969, 92.573, 89.969, 92.573, 1, 108.307, 108.307, 0.024, 0.134, 83.691, 86.113, 83.691, 86.113, 7.292, 7.384, 11.159, , , 1, 5.501, 0, 0, 12.5, 5.642, 154, 0, 0, 0, 71, 19.881, 19.947, 89.31, 96.346, 100, 0, 0, 34.661, 32.741, 100, 4.41, 110.417, 0, 0, 110.498, 110.984, 0, 0, 0, 0, 0, 13.9, 0, 12.5, 0, 5.642, 154, 0, 0, 0, 71, 1, 0.02, 0.02, 89.31, 96.346, 100, 0, 0, 141, 34.661, 32.741, 100, 4.41, 0, 110.417, 0, 0, 110.498, 110.984, 0, 0, 0, 0, 
5.45, 21.92, 100.52, 63.133, 63.772, , 13.334, 0.972, 559.154, 559.154, 5.68, 319.999, 319.999, 319.999, 52.159, , 35.629, 37.682, 7.384, 11.234, 0, 0, 90.355, 92.971, 90.355, 92.971, 1, 108.96, 108.96, 0.024, 0.134, 83.512, 85.927, 83.512, 85.927, 7.32, 7.384, 11.234, , , 1, 5.551, 0, 0, 12.5, 5.68, 154, 0, 0, 0, 71, 19.578, 19.661, 89.115, 96.266, 100, 0, 0, 34.77, 32.904, 100, 4.41, 108.841, 0, 0, 108.976, 111.659, 0, 0, 0, 0, 0, 13.9, 0, 12.5, 0, 5.68, 154, 0, 0, 0, 71, 1, 0.02, 0.02, 89.115, 96.266, 100, 0, 0, 141, 34.77, 32.904, 100, 4.41, 0, 108.841, 0, 0, 108.976, 111.659, 0, 0, 0, 0, 
5.5, 21.92, 100.52, 63.129, 63.771, , 13.271, 0.972, 567.093, 567.093, 5.718, 318.54, 318.54, 318.54, 52.173, , 35.666, 37.344, 7.384, 11.317, 0, 0, 90.487, 93.106, 90.487, 93.106, 1, 109.619, 109.619, 0.024, 0.134, 83.111, 85.514, 83.111, 85.514, 7.336, 7.384, 11.317, , , 1, 5.601, 0, 0, 12.5, 5.718, 154, 0, 0, 0, 71, 19.275, 19.375, 88.919, 96.185, 100, 0, 0, 34.878, 33.067, 100, 4.41, 107.265, 0, 0, 107.454, 112.334, 0, 0, 0, 0, 0, 13.9, 0, 12.5, 0, 5.718, 154, 0, 0, 0, 71, 1, 0.019, 0.019, 88.919, 96.185, 100, 0, 0, 141, 34.878, 33.067, 100, 4.41, 0, 107.265, 0, 0, 107.454, 112.334, 0, 0, 0, 0, 
5.55, , 100.52, 63.124, , , 13.228, 0.972, 575.053, 575.053, 5.755, 317.532, 317.532, 317.532, 52.175, , 35.704, 37.005, 7.383, 11.415, 0, 0, 90.742, 93.369, 90.742, 93.369, 1, 110.267, 110.267, 0.024, 0.134, 82.842, 85.24, 82.842, 85.24, 7.352, 7.383, 11.415, , , 1, 5.651, 0, 0, 12.5, 5.755, 154, 0, 0, 0, 71, 18.971, 19.089, 88.723, 96.105, 100, 0, 0, 34.987, 33.23, 100, 4.41, 105.689, 0, 0, 105.933, 113.009, 0, 0, 0, 0, 0, 13.9, 0, 12.5, 0, 5.755, 154, 0, 0, 0, 71, 1, 0.019, 0.019, 88.723, 96.105, 100, 0, 0, 141, 34.987, 33.23, 100, 4.41, 0, 105.689, 0, 0, 105.933, 113.009, 0, 0, 0, 0, 
5.6, , 100.52, 63.12, , , 13.162, 0.972, 582.971, 582.971, 5.775, 315.981, 315.981, 315.981, 52.168, , 35.742, 36.666, 7.382, 11.518, 0, 0, 90.824, 93.454, 90.824, 93.454, 1, 110.922, 110.922, 0.024, 0.134, 82.447, 84.833, 82.447, 84.833, 7.368, 7.382, 11.518, , , 1, 5.701, 0, 0, 12.5, 5.775, 154, 0, 0, 0, 71, 18.811, 18.939, 88.535, 96.061, 100, 0, 0, 35.092, 33.296, 100, 4.41, 104.858, 0, 0, 105.154, 113.317, 0, 0, 0, 0, 0, 13.9, 0, 12.5, 0, 5.775, 154, 0, 0, 0, 71, 1, 0.019, 0.019, 88.535, 96.061, 100, 0, 0, 141, 35.092, 33.296, 100, 4.41, 0, 104.858, 0, 0, 105.154, 113.317, 0, 0, 0, 0, 
5.65, , 100.52, 63.116, , , 13.08, 0.972, 590.996, 590.996, 5.792, 314.075, 314.075, 314.075, 52.16, , 35.779, 36.327, 7.382, 11.624, 0, 0, 90.801, 93.43, 90.801, 93.43, 1, 111.571, 111.571, 0.024, 0.134, 81.961, 84.333, 81.961, 84.333, 7.388, 7.382, 11.624, , , 1, 5.751, 0, 0, 12.5, 5.792, 154, 0, 0, 0, 71, 18.671, 18.806, 88.348, 96.023, 100, 0, 0, 35.196, 33.348, 100, 4.41, 104.129, 0, 0, 104.477, 113.576, 0, 0, 0, 0, 0, 13.9, 0, 12.5, 0, 5.792, 154, 0, 0, 0, 71, 1, 0.019, 0.019, 88.348, 96.023, 100, 0, 0, 141, 35.196, 33.348, 100, 4.41, 0, 104.129, 0, 0, 104.477, 113.576, 0, 0, 0, 0, 
5.7, , 100.52, 63.112, , , 13.03, 0.972, 599.094, 599.094, 5.809, 312.905, 312.905, 312.905, 52.151, , 35.674, 36.285, 7.382, 11.73, 0, 0, 90.993, 93.627, 90.993, 93.627, 1, 112.211, 112.211, 0.024, 0.134, 81.669, 84.032, 81.669, 84.032, 7.412, 7.382, 11.73, , , 1, 5.801, 0, 0, 12.5, 5.809, 154, 0, 0, 0, 71, 18.53, 18.674, 88.16, 95.984, 100, 0, 0, 35.3, 33.4, 100, 4.41, 103.4, 0, 0, 103.8, 113.834, 0, 0, 0, 0, 0, 13.9, 0, 12.5, 0, 5.809, 154, 0, 0, 0, 71, 1, 0.018, 0.018, 88.16, 95.984, 100, 0, 0, 141, 35.3, 33.4, 100, 4.41, 0, 103.4, 0, 0, 103.8, 113.834, 0, 0, 0, 0, 
5.75, , 100.52, 63.108, , , 12.955, 0.972, 607.266, 607.266, 5.825, 311.159, 311.159, 311.159, 52.141, , 35.566, 36.249, 7.383, 11.838, 0, 0, 91, 93.633, 91, 93.633, 1, 112.851, 112.851, 0.024, 0.133, 81.228, 83.579, 81.228, 83.579, 7.436, 7.383, 11.838, , , 1, 5.851, 0, 0, 12.5, 5.825, 154, 0, 0, 0, 71, 18.389, 18.542, 87.972, 95.945, 100, 0, 0, 35.404, 33.452, 100, 4.41, 102.671, 0, 0, 103.123, 114.092, 0, 0, 0, 0, 0, 13.9, 0, 12.5, 0, 5.825, 154, 0, 0, 0, 71, 1, 0.018, 0.018, 87.972, 95.945, 100, 0, 0, 141, 35.404, 33.452, 100, 4.41, 0, 102.671, 0, 0, 103.123, 114.092, 0, 0, 0, 0, 
5.8, , 100.52, 63.103, , , 12.89, 0.972, 615.473, 615.473, 5.845, 309.637, 309.637, 309.637, 52.131, , 35.458, 36.213, 7.384, 11.947, 0, 0, 91.072, 93.708, 91.072, 93.708, 1, 113.489, 113.489, 0.024, 0.133, 80.846, 83.186, 80.846, 83.186, 7.46, 7.384, 11.947, , , 1, 5.901, 0, 0, 12.5, 5.845, 154.015, 0, 0, 0, 71, 18.234, 18.398, 87.786, 95.884, 100, 0, 0, 35.512, 33.512, 100, 4.41, 101.862, 0, 0, 102.369, 114.397, 0, 0, 0, 0, 0, 13.9, 0, 12.5, 0, 5.845, 154.015, 0, 0, 0, 71, 1, 0.018, 0.018, 87.786, 95.884, 100, 0, 0, 141, 35.512, 33.512, 100, 4.41, 0, 101.862, 0, 0, 102.369, 114.397, 0, 0, 0, 0, 
5.85, , 100.52, 63.099, , , 12.83, 0.972, 623.686, 623.686, 5.894, 308.233, 308.233, 308.233, 52.123, , 35.35, 36.177, 7.385, 12.062, 0, 0, 91.164, 93.801, 91.164, 93.801, 1, 114.13, 114.13, 0.024, 0.133, 80.494, 82.823, 80.494, 82.823, 7.492, 7.385, 12.062, , , 1, 5.951, 0, 0, 12.5, 5.894, 154.208, 0, 0, 0, 71, 17.907, 18.126, 87.613, 95.564, 100, 0, 0, 35.656, 33.656, 100, 4.412, 100.131, 0, 0, 100.735, 115.233, 0, 0, 0, 0, 0, 13.9, 0, 12.5, 0, 5.894, 154.208, 0, 0, 0, 71, 1, 0.018, 0.018, 87.613, 95.564, 100, 0, 0, 141, 35.656, 33.656, 100, 4.412, 0, 100.131, 0, 0, 100.735, 115.233, 0, 0, 0, 0, 
5.9, , 100.52, 63.095, , , 12.75, 0.972, 631.951, 631.951, 5.942, 306.358, 306.358, 306.358, 52.123, , 35.242, 36.141, 7.386, 12.178, 0, 0, 91.104, 93.74, 91.104, 93.74, 1, 114.755, 114.755, 0.024, 0.133, 80.004, 82.321, 80.004, 82.321, 7.545, 7.386, 12.178, , , 1, 6, 0, 0, 12.5, 5.942, 154.4, 0, 0, 0, 71, 17.58, 17.854, 87.44, 95.244, 100, 0, 0, 35.8, 33.8, 100, 4.414, 98.4, 0, 0, 99.1, 116.07, 0, 0, 0, 0, 0, 13.9, 0, 12.5, 0, 5.942, 154.4, 0, 0, 0, 71, 1, 0.017, 0.018, 87.44, 95.244, 100, 0, 0, 141, 35.8, 33.8, 100, 4.414, 0, 98.4, 0, 0, 99.1, 116.07, 0, 0, 0, 0, 
5.95, , 100.52, 63.091, , , 11.739, 0.972, 640.29, 640.29, 5.991, 282.407, 282.407, 282.407, 52.14, , 35.099, 36.175, 7.385, 12.295, 0, 0, 84.358, 86.8, 84.358, 86.8, 1, 115.37, 115.37, 0.024, 0.133, 73.737, 75.873, 73.737, 75.873, 7.597, 7.385, 12.295, , , 1, 6.051, 0, 0, 12.5, 5.991, 154.592, 0, 0, 0, 71, 17.253, 17.582, 87.267, 94.924, 100, 0, 0, 35.944, 33.944, 100, 4.416, 96.669, 0, 0, 97.465, 116.907, 0, 0, 0, 0, 0, 13.9, 0, 12.5, 0, 5.991, 154.592, 0, 0, 0, 71, 1, 0.017, 0.017, 87.267, 94.924, 100, 0, 0, 141, 35.944, 33.944, 100, 4.416, 0, 96.669, 0, 0, 97.465, 116.907, 0, 0, 0, 0, 
6, , 100.52, 63.087, , , 10.289, 0.972, 648.63, 648.63, 6.04, 248.041, 248.041, 248.041, 52.196, , 34.955, 36.211, 7.384, 12.412, 0, 0, 74.384, 76.537, 74.384, 76.537, 1, 115.906, 115.906, 0.024, 0.133, 64.721, 66.597, 64.721, 66.597, 7.65, 7.384, 12.412, , , 1, 6.101, 0, 0, 12.5, 6.04, 154.785, 0, 0, 0, 71, 16.926, 17.31, 87.094, 94.604, 100, 0, 0, 36.088, 34.088, 100, 4.418, 94.938, 0, 0, 95.831, 117.743, 0, 0, 0, 0, 0, 13.9, 0, 12.5, 0, 6.04, 154.785, 0, 0, 0, 71, 1, 0.017, 0.017, 87.094, 94.604, 100, 0, 0, 141, 36.088, 34.088, 100, 4.418, 0, 94.938, 0, 0, 95.831, 117.743, 0, 0, 0, 0, 
6.05, , 100.52, 63.083, , , 9.232, 0.972, 657.135, 657.135, 6.088, 222.972, 222.972, 222.972, 52.281, , 34.811, 36.247, 7.383, 12.621, 0, 0, 67.162, 69.105, 67.162, 69.105, 1, 116.405, 116.405, 0.024, 0.133, 58.096, 59.778, 58.096, 59.778, 7.702, 7.383, 12.621, , , 1, 6.15, 0, 0, 12.5, 6.088, 154.977, 0, 0, 0, 71, 16.599, 17.038, 86.921, 94.283, 100, 0, 0, 36.233, 34.233, 100, 4.42, 93.208, 0, 0, 94.196, 118.58, 0, 0, 0, 0, 0, 13.9, 0, 12.5, 0, 6.088, 154.977, 0, 0, 0, 71, 1, 0.017, 0.017, 86.921, 94.283, 100, 0, 0, 141, 36.233, 34.233, 100, 4.42, 0, 93.208, 0, 0, 94.196, 118.58, 0, 0, 0, 0, 
6.1, , 100.52, 63.078, , , 6.741, 0.972, 665.561, 665.561, 6.123, 163.89, 163.89, 163.89, 52.411, , 34.667, 36.283, 7.382, 12.88, 0, 0, 49.501, 50.933, 49.501, 50.933, 1, 116.807, 116.807, 0.024, 0.133, 42.658, 43.894, 42.658, 43.894, 7.731, 7.382, 12.88, , , 1, 6.2, 0, 0, 12.5, 6.123, 155.191, 0, 0, 0, 71, 14.957, 16.763, 86.9, 93.892, 100, 0, 0, 36.298, 34.345, 100, 4.385, 92.665, 0, 0, 93.713, 118.798, 0, 0, 0, 0, 0, 13.9, 0, 12.5, 0, 6.123, 155.191, 0, 0, 0, 71, 1, 0.015, 0.017, 86.9, 93.892, 100, 0, 0, 141, 36.298, 34.345, 100, 4.385, 0, 92.665, 0, 0, 93.713, 118.798, 0, 0, 0, 0, 
6.15, , 100.52, 63.074, , , 5.125, 0.972, 674.036, 674.036, 6.157, 125.573, 125.573, 125.573, 52.584, , 34.523, 36.319, 7.381, 13.353, 0, 0, 38.063, 39.165, 38.063, 39.165, 1, 117.093, 117.093, 0.025, 0.133, 32.56, 33.503, 32.56, 33.503, 7.761, 7.381, 13.353, , , 1, 6.251, 0, 0, 12.5, 6.157, 155.409, 0, 0, 0, 71, 13.136, 16.488, 86.9, 93.491, 100, 0, 0, 36.352, 34.453, 100, 4.345, 92.285, 0, 0, 93.387, 118.932, 0, 0, 0, 0, 0, 13.9, 0, 12.5, 0, 6.157, 155.409, 0, 0, 0, 71, 1, 0.013, 0.017, 86.9, 93.491, 100, 0, 0, 141, 36.352, 34.453, 100, 4.345, 0, 92.285, 0, 0, 93.387, 118.932, 0, 0, 0, 0, 
6.2, , 100.52, 63.07, , , 3.655, 0.972, 682.684, 682.684, 6.19, 90.711, 90.711, 90.711, 52.781, , 34.696, 36.285, 7.38, 13.955, 0, 0, 27.546, 28.343, 27.546, 28.343, 1, 117.303, 117.303, 0.025, 0.133, 23.459, 24.138, 23.459, 24.138, 7.791, 7.38, 13.955, , , 1, 6.301, 0, 0, 12.5, 6.19, 155.626, 0, 0, 0, 71, 11.314, 16.213, 86.9, 93.09, 100, 0, 0, 36.406, 34.562, 100, 4.305, 91.904, 0, 0, 93.061, 119.066, 0, 0, 0, 0, 0, 13.9, 0, 12.5, 0, 6.19, 155.626, 0, 0, 0, 71, 1, 0.011, 0.016, 86.9, 93.09, 100, 0, 0, 141, 36.407, 34.562, 100, 4.305, 0, 91.904, 0, 0, 93.061, 119.066, 0, 0, 0, 0, 
6.25, , 100.52, 63.066, , , 2.646, 0.972, 691.159, 691.159, 6.223, 66.769, 66.769, 66.769, 52.999, , 34.876, 36.249, 7.38, 14.847, 0, 0, 20.303, 20.892, 20.303, 20.892, 1, 117.461, 117.461, 0.025, 0.133, 17.217, 17.716, 17.217, 17.716, 7.82, 7.38, 14.847, , , 1, 6.35, 0, 0, 12.5, 6.223, 155.843, 0, 0, 0, 71, 9.493, 15.938, 86.9, 92.689, 100, 0, 0, 36.46, 34.67, 100, 4.265, 91.524, 0, 0, 92.735, 119.201, 0, 0, 0, 0, 0, 13.9, 0, 12.5, 0, 6.223, 155.843, 0, 0, 0, 71, 1, 0.009, 0.016, 86.9, 92.689, 100, 0, 0, 141, 36.461, 34.67, 100, 4.265, 0, 91.524, 0, 0, 92.735, 119.201, 0, 0, 0, 0, 
6.3, , 100.52, 63.062, , , 1.712, 0.972, 699.807, 699.807, 6.252, 44.61, 44.61, 44.61, 53.147, , 35.056, 36.213, 7.38, 15.932, 0, 0, 13.592, 13.987, 13.592, 13.987, 1, 117.565, 117.565, 0.025, 0.133, 12.321, 12.679, 12.321, 12.679, 7.832, 7.38, 15.932, , , 1, 6.401, 0, 0, 12.5, 6.252, 156, 0, 0, 0, 71, 7.638, 15.661, 86.96, 92.314, 100, 0, 0, 36.5, 34.766, 100, 4.223, 91.3, 0, 0, 92.533, 119.3, 0, 0, 0, 0, 0, 13.9, 0, 12.5, 0, 6.252, 156, 0, 0, 0, 71, 1, 0.008, 0.016, 86.96, 92.314, 100, 0, 0, 141, 36.5, 34.766, 100, 4.223, 0, 91.3, 0, 0, 92.533, 119.3, 0, 0, 0, 0, 
6.35, , 100.52, 63.057, , , 1.319, 0.972, 708.455, 708.455, 6.268, 35.29, 35.29, 35.29, 53.262, , 35.236, 36.177, 7.381, 16.953, 0, 0, 10.75, 11.063, 10.75, 11.063, 1, 117.643, 117.643, 0.025, 0.133, 15.728, 16.184, 15.728, 16.184, 7.839, 7.381, 16.953, , , 1, 6.451, 0, 0, 12.5, 6.268, 156, 0, 0, 0, 71, 5.69, 15.375, 87.174, 92.007, 100, 0, 0, 36.5, 34.825, 100, 4.176, 91.479, 0, 0, 92.652, 119.3, 0, 0, 0, 0, 0, 13.9, 0, 12.5, 0, 6.268, 156, 0, 0, 0, 71, 1, 0.006, 0.016, 87.174, 92.007, 100, 0, 0, 141, 36.5, 34.825, 100, 4.176, 0, 91.479, 0, 0, 92.652, 119.3, 0, 0, 0, 0, 
6.4, , 100.52, 63.053, , , -0.858, 0.972, 717.104, 717.104, 6.284, -16.357, -16.357, -16.357, 53.38, , 35.416, 36.141, 7.382, 17.929, 0, 0, -4.979, -5.121, -4.979, -5.121, 1, 117.663, 117.663, 0.025, 0.133, 9.699, 9.982, 9.699, 9.982, 7.845, 7.382, 17.929, , , 1, 6.501, 0, 0, 12.5, 6.284, 156, 0, 0, 0, 71, 3.741, 15.089, 87.389, 91.7, 100, 0, 0, 36.5, 34.885, 100, 4.13, 91.657, 0, 0, 92.771, 119.3, 0, 0, 0, 0, 0, 13.9, 0, 12.5, 0, 6.284, 156, 0, 0, 0, 71, 1, 0.004, 0.015, 87.389, 91.7, 100, 0, 0, 141, 36.5, 34.885, 100, 4.13, 0, 91.657, 0, 0, 92.771, 119.3, 0, 0, 0, 0, 
6.45, , , , , , -2.136, , 725.579, 725.579, 6.3, -46.674, -46.674, -46.674, 53.521, , 35.385, 35.999, 7.382, 18.665, 0, 0, -14.194, -14.604, -14.194, -14.604, 1, 117.576, 117.576, 0.025, 0.133, 17.175, 17.675, 17.175, 17.675, 7.851, 7.382, 18.665, , , 1, 6.547, 0, 0, 12.5, 6.3, 156, 0, 0, 0, 71, 1.793, 14.803, 87.603, 91.393, 100, 0, 0, 36.5, 34.945, 100, 4.083, 91.836, 0, 0, 92.89, 119.3, 0, 0, 0, 0, 0, 13.9, 0, 12.5, 0, 6.3, 156, 0, 0, 0, 71, 1, 0.002, 0.015, 87.603, 91.393, 100, 0, 0, 141, 36.5, 34.945, 100, 4.083, 0, 91.836, 0, 0, 92.89, 119.3, 0, 0, 0, 0, 
6.5, , , , , , -3.167, , 731.373, 731.373, , -71.138, -71.138, -71.138, , , 35.349, 35.855, 7.383, 19.214, 0, 0, -21.643, -22.269, -21.643, -22.269, 1, 117.562, 117.562, , , , , , , , 7.383, 19.214, , , 1, 6.572, , , , , , , , , , , , , , , , , , , , , , , , , , , , , , , , , , , , , , , , , , , , , , , , , , , , , , , , , , , , , , , , 
6.55, , , , , , -5.121, , 735.698, 735.698, , -117.483, -117.483, -117.483, , , 35.313, 35.711, 7.384, 19.532, 0, 0, -35.76, -36.794, -35.76, -36.794, 1, 117.49, 117.49, , , , , , , , 7.384, 19.532, , , 1, 6.596, , , , , , , , , , , , , , , , , , , , , , , , , , , , , , , , , , , , , , , , , , , , , , , , , , , , , , , , , , , , , , , , 
6.6, , , , , , -6.865, , 740.022, 740.022, , -158.859, -158.859, -158.859, , , 35.277, 35.567, 7.385, 19.639, 0, 0, -48.334, -49.732, -48.334, -49.732, 1, 117.359, 117.359, , , , , , , , 7.385, 19.639, , , , 6.622, , , , , , , , , , , , , , , , , , , , , , , , , , , , , , , , , , , , , , , , , , , , , , , , , , , , , , , , , , , , , , , , 
6.65, , , , , , -7.44, , 744.346, 744.346, , -172.506, -172.506, -172.506, , , 35.241, 35.423, , , , , -52.417, -53.933, -52.417, -53.933, , 117.178, 117.178, , , , , , , , , , , , , , , , , , , , , , , , , , , , , , , , , , , , , , , , , , , , , , , , , , , , , , , , , , , , , , , , , , , , , , , , , , , , , 
