Time, (DWRT ATMO) Humidity, (DWRT ATMO) Pressure, (DWRT ATMO) Temperature 1, (DWRT ATMO) Temperature 2, (DWRT CPU) ????????????????????????????????????????????????????????????????, (DWRT CPU) Acceleration, (DWRT CPU) Correction Factor, (DWRT CPU) Distance, (DWRT CPU) Distance 1, (DWRT CPU) Engine RPM, (DWRT CPU) Force, (DWRT CPU) Force 1, (DWRT CPU) Force Drum 1, (DWRT CPU) Gear Ratio, (DWRT CPU) Inductive 1 Signal Strength, (DWRT CPU) Internal Temp 1, (DWRT CPU) Internal Temp 2, (DWRT CPU) LC1 Volts Petrol AFR, (DWRT CPU) LC2 Volts Petrol AFR2, (DWRT CPU) Link 0 Status, (DWRT CPU) Link 1 Status, (DWRT CPU) Power, (DWRT CPU) Power (uncorrected), (DWRT CPU) Power Drum 1, (DWRT CPU) Power Drum 1 (uncorrected), (DWRT CPU) Sampling, (DWRT CPU) Speed, (DWRT CPU) Speed 1, (DWRT CPU) TCP RX kB/s, (DWRT CPU) TCP TX kB/s, (DWRT CPU) Torque, (DWRT CPU) Torque (uncorrected), (DWRT CPU) Torque Drum 1, (DWRT CPU) Torque Drum 1 (uncorrected), (DWRT CPU) UDP RX kB/s, (DWRT CPU) User Analog 1, (DWRT CPU) User Analog 2, (DWRT CPU) User Analog 3, (DWRT CPU) User Analog 4, (Gen) Sampling, (Gen) Sampling Duration, (Harley - ECU Type 14 SW Level 141) Accel Enrichment, (Harley - ECU Type 14 SW Level 141) Decel Enleanment, (Harley - ECU Type 14 SW Level 141) Desired Air/Fuel, (Harley - ECU Type 14 SW Level 141) Engine Speed, (Harley - ECU Type 14 SW Level 141) Engine Temperature, (Harley - ECU Type 14 SW Level 141) Front Adaptive Fuel Factor, (Harley - ECU Type 14 SW Level 141) Front Closed Loop Integrator, (Harley - ECU Type 14 SW Level 141) Front Spark Knock Retard, (Harley - ECU Type 14 SW Level 141) Idle Air Control Motor Position, (Harley - ECU Type 14 SW Level 141) Injector Time Front, (Harley - ECU Type 14 SW Level 141) Injector Time Rear, (Harley - ECU Type 14 SW Level 141) Intake Air Temperature, (Harley - ECU Type 14 SW Level 141) Manifold Absolute Pressure, (Harley - ECU Type 14 SW Level 141) Rear Adaptive Fuel Factor, (Harley - ECU Type 14 SW Level 141) Rear Closed Loop Integrator, (Harley - ECU Type 14 SW Level 141) Rear Spark Knock Retard, (Harley - ECU Type 14 SW Level 141) Spark Advance Front, (Harley - ECU Type 14 SW Level 141) Spark Advance Rear, (Harley - ECU Type 14 SW Level 141) Throttle Position, (Harley - ECU Type 14 SW Level 141) Throttle Position Sensor Voltage, (Harley - ECU Type 14 SW Level 141) VE Front, (Harley - ECU Type 14 SW Level 141) VE New Front, (Harley - ECU Type 14 SW Level 141) VE New Rear, (Harley - ECU Type 14 SW Level 141) VE Rear, (Harley - ECU Type 14 SW Level 141) Vehicle Speed, (Harley - ECU Type 14 SW Level 141) WBO2 AFR Front, (Harley - ECU Type 14 SW Level 141) WBO2 AFR Rear, (PV) Accel Enrichment, (PV) AT Lambda 1, (PV) AT Lambda 2, (PV) Battery Voltage, (PV) Decel Enleanment, (PV) Desired Air/Fuel, (PV) Desired Lambda, (PV) Engine Speed, (PV) Engine Temperature, (PV) Front Adaptive Fuel Factor, (PV) Front Closed Loop Integrator, (PV) Front Spark Knock Retard, (PV) Idle Air Control Motor Position, (PV) Idle Set Speed, (PV) Injector Time Front, (PV) Injector Time Rear, (PV) Intake Air Temperature, (PV) Manifold Absolute Pressure, (PV) Rear Adaptive Fuel Factor, (PV) Rear Closed Loop Integrator, (PV) Rear Spark Knock Retard, (PV) Software Level, (PV) Spark Advance Front, (PV) Spark Advance Rear, (PV) Throttle Position, (PV) Throttle Position Sensor, (PV) Twistgrip Position, (PV) VE Front, (PV) VE New Front, (PV) VE New Rear, (PV) VE Rear, (PV) Vehicle Speed, (PV) Warm-up Fuel AFR (Lambda), (PV) Warm-up Fuel AFR (Ratio), (PV) WBO2 AFR Front, (PV) WBO2 AFR Rear, 
0, , , , , , 2.774, , , , , 67.49, 67.49, 67.49, , , , , , , , , , , , , , , , , , , , , , , , , , , , , , , , , , , , , , , , , , , , , , , , , , , , , , , , , , , , , , , , , , , , , , , , , , , , , , , , , , , , , , , , , , , , 
0.05, , , , , , 2.909, , , , , 70.694, 70.694, 70.694, , , , , 7.377, 13.265, , , , , , , , 35.814, 35.814, , , , , , , , 7.377, 13.265, , , 1, 0.046, , , , , , , , , , , , , , , , , , , , , , , , , , , , , , , , , , , , , , , , , , , , , , , , , , , , , , , , , , , , , , , , 
0.1, , , , , , 3.057, , 3.502, 3.502, , 74.223, 74.223, 74.223, , , , , 7.377, 13.217, 0, 0, 7.238, 7.431, 7.238, 7.431, 1, 36.052, 36.052, , , , , , , , 7.377, 13.217, , , 1, 0.121, , , , , , , , , , , , , , , , , , , , , , , , , , , , , , , , , , , , , , , , , , , , , , , , , , , , , , , , , , , , , , , , 
0.15, 24.89, , , 64.87, , 3.254, , 8.809, 8.809, , 78.906, 78.906, 78.906, , , , , 7.377, 13.17, 0, 0, 7.754, 7.96, 7.754, 7.96, 1, 36.298, 36.298, , , , , , , , 7.377, 13.17, , , 1, 0.181, , , , , , , , , , , , , , , , , , , , , , , , , , , , , , , , , , , , , , , , , , , , , , , , , , , , , , , , , , , , , , , , 
0.2, 24.89, , , 64.871, , 3.724, , 13.506, 13.506, , 90.048, 90.048, 90.048, , , 35.386, 35.55, 7.378, 13.146, 0, 0, 8.805, 9.036, 8.805, 9.036, 1, 36.558, 36.558, 0.024, 0.033, , , , , 4.102, 7.378, 13.146, , , 1, 0.247, , , , , , , , , , , , , , , , , , , , , , , , , , , , , , , , , , , , , , , , , , , , , , , , , , , , , , , , , , , , , , , , 
0.25, 24.89, , , 64.872, , 4.513, , 17.486, 17.486, , 108.773, 108.773, 108.773, , , 35.314, 35.44, 7.379, 13.122, 0, 0, 10.483, 10.757, 10.483, 10.757, 1, 36.802, 36.802, 0.024, 0.033, , , , , 4.104, 7.379, 13.122, , , 1, 0.322, 0.154, 0, 14.5, 1.88, 160, 0, 0, 0, 54.463, 6.695, 6.436, 102.2, 42.03, 100, 0, 0, 24.789, 24.789, 6.231, 0.829, 98.579, 0, 0, 106.521, 36.803, 0, 0, 0.154, 0, 0, 14, 0, 14.5, 0, 1.88, 160, 0, 0, 0, 54.463, 1, 0.006, 0.006, 102.2, 42.03, 100, 0, 0, 141, 24.789, 24.789, 6.231, 0.829, 0, 98.579, 0, 0, 106.521, 36.803, 0, 0, 0, 0, 
0.3, 24.89, , , 64.873, , 5.522, , 20.559, 20.559, , 132.717, 132.717, 132.717, , , 35.241, 35.331, 7.379, 13.073, 0, 0, 12.833, 13.168, 12.833, 13.168, 1, 37.035, 37.035, 0.024, 0.033, , , , , 4.105, 7.379, 13.073, , , 1, 0.382, 0.429, 0, 14.5, 1.89, 160, 0, 0, 0, 55.289, 7.31, 7.073, 102.2, 42.03, 100, 0, 0, 25.306, 25.306, 6.645, 0.846, 99.612, 0, 0, 107.45, 37.06, 0, 0, 0.429, 0, 0, 14, 0, 14.5, 0, 1.89, 160, 0, 0, 0, 55.289, 1, 0.007, 0.007, 102.2, 42.03, 100, 0, 0, 141, 25.306, 25.306, 6.645, 0.846, 0, 99.612, 0, 0, 107.45, 37.06, 0, 0, 0, 0, 
0.35, 24.89, , , 64.875, , 6.625, , 23.243, 23.243, , 158.899, 158.899, 158.899, , , 35.168, 35.222, 7.38, 13.024, 0, 0, 15.471, 15.875, 15.471, 15.875, 1, 37.347, 37.347, 0.024, 0.033, , , , , 4.107, 7.38, 13.024, , , 1, 0.432, 0.703, 0, 14.5, 1.899, 160, 0, 0, 0, 56.116, 7.926, 7.709, 102.2, 42.03, 100, 0, 0, 25.822, 25.822, 7.058, 0.862, 100.645, 0, 0, 108.38, 37.316, 0, 0, 0.703, 0, 0, 14, 0, 14.5, 0, 1.899, 160, 0, 0, 0, 56.116, 1, 0.008, 0.008, 102.2, 42.03, 100, 0, 0, 141, 25.822, 25.822, 7.058, 0.862, 0, 100.645, 0, 0, 108.38, 37.316, 0, 0, 0, 0, 
0.4, 24.89, , , 64.876, , 7.6, , 25.956, 25.956, , 182.03, 182.03, 182.03, , , 35.095, 35.112, 7.38, 12.955, 0, 0, 17.9, 18.368, 17.9, 18.368, 1, 37.684, 37.684, 0.024, 0.034, , , , , 4.123, 7.38, 12.955, , , 1, 0.482, 0.978, 0, 14.5, 1.909, 160, 0, 0, 0, 56.942, 8.542, 8.345, 102.2, 42.03, 100, 0, 0, 26.339, 26.339, 7.471, 0.879, 101.678, 0, 0, 109.31, 37.572, 0, 0, 0.978, 0, 0, 14, 0, 14.5, 0, 1.909, 160, 0, 0, 0, 56.942, 1, 0.008, 0.008, 102.2, 42.03, 100, 0, 0, 141, 26.339, 26.339, 7.471, 0.879, 0, 101.678, 0, 0, 109.31, 37.572, 0, 0, 0, 0, 
0.45, 24.89, , , 64.877, , 8.527, , 28.679, 28.679, , 204.027, 204.027, 204.027, , , 34.929, 35.135, 7.379, 12.886, 0, 0, 20.246, 20.777, 20.246, 20.777, 1, 38.091, 38.091, 0.025, 0.034, , , , , 4.149, 7.379, 12.886, , , 1, 0.532, 1.253, 0, 14.5, 1.918, 160, 0, 0, 0, 57.769, 9.158, 8.982, 102.2, 42.03, 100, 0, 0, 26.855, 26.855, 7.884, 0.895, 102.711, 0, 0, 110.24, 37.828, 0, 0, 1.253, 0, 0, 14, 0, 14.5, 0, 1.918, 160, 0, 0, 0, 57.769, 1, 0.009, 0.009, 102.2, 42.03, 100, 0, 0, 141, 26.855, 26.855, 7.884, 0.895, 0, 102.711, 0, 0, 110.24, 37.828, 0, 0, 0, 0, 
0.5, 24.89, , , 64.878, , 9.319, , 31.426, 31.426, , 222.833, 222.833, 222.833, , , 34.677, 35.279, 7.379, 12.819, 0, 0, 22.356, 22.943, 22.356, 22.943, 1, 38.523, 38.523, 0.025, 0.034, , , , , 4.174, 7.379, 12.819, , , 1, 0.582, 1.319, 0, 14.5, 1.932, 160.27, 0, 0, 0, 60.284, 9.81, 10.017, 102.2, 45.291, 100, 0, 0, 27.403, 27.672, 9.618, 0.969, 104.075, 0, 0, 111.104, 38.151, 0, 0, 1.319, 0, 0, 14, 0, 14.5, 0, 1.932, 160.27, 0, 0, 0, 60.284, 1, 0.01, 0.01, 102.2, 45.291, 100, 0, 0, 141, 27.403, 27.672, 9.618, 0.969, 0, 104.075, 0, 0, 111.104, 38.151, 0, 0, 0, 0, 
0.55, 24.89, , , 64.879, , 10.197, , 34.968, 34.968, , 243.661, 243.661, 243.661, , , 34.425, 35.423, 7.378, 12.752, 0, 0, 24.864, 25.517, 24.864, 25.517, 1, 38.995, 38.995, 0.025, 0.034, , , , , 4.2, 7.378, 12.752, , , 1, 0.632, 1.304, 0, 14.5, 1.948, 160.644, 0, 0, 0, 63.455, 10.476, 11.207, 102.2, 49.698, 100, 0, 0, 27.963, 28.604, 11.865, 1.064, 105.567, 0, 0, 111.944, 38.5, 0, 0, 1.304, 0, 0, 14, 0, 14.5, 0, 1.948, 160.644, 0, 0, 0, 63.455, 1, 0.01, 0.011, 102.2, 49.698, 100, 0, 0, 141, 27.963, 28.604, 11.865, 1.064, 0, 105.567, 0, 0, 111.944, 38.5, 0, 0, 0, 0, 
0.6, 24.89, , , 64.88, , 11.147, , 39.188, 39.188, , 266.211, 266.211, 266.211, , , 34.173, 35.567, 7.378, 12.717, 0, 0, 27.711, 28.437, 27.711, 28.437, 1, 39.709, 39.709, 0.025, 0.034, , , , , 4.216, 7.378, 12.717, , , 1, 0.682, 1.289, 0, 14.5, 1.964, 161.019, 0, 0, 0, 66.627, 11.142, 12.398, 102.2, 54.104, 100, 0, 0, 28.522, 29.537, 14.112, 1.159, 107.06, 0, 0, 112.784, 38.849, 0, 0, 1.289, 0, 0, 14, 0, 14.5, 0, 1.964, 161.019, 0, 0, 0, 66.627, 1, 0.011, 0.013, 102.2, 54.104, 100, 0, 0, 141, 28.522, 29.537, 14.112, 1.159, 0, 107.06, 0, 0, 112.784, 38.849, 0, 0, 0, 0, 
0.65, 24.89, , , 64.881, , 11.814, , 42.2, 42.2, , 282.052, 282.052, 282.052, , , 33.921, 35.711, 7.377, 12.684, 0, 0, 29.8, 30.58, 29.8, 30.58, 1, 40.513, 40.513, 0.025, 0.034, , , , , 4.213, 7.377, 12.684, , , 1, 0.732, 1.274, 0, 14.5, 1.98, 161.393, 0, 0, 0, 69.799, 11.808, 13.588, 102.2, 58.511, 100, 0, 0, 29.082, 30.47, 16.36, 1.254, 108.552, 0, 0, 113.623, 39.198, 0, 0, 1.274, 0, 0, 14, 0, 14.5, 0, 1.98, 161.393, 0, 0, 0, 69.799, 1, 0.012, 0.014, 102.2, 58.511, 100, 0, 0, 141, 29.082, 30.47, 16.36, 1.254, 0, 108.552, 0, 0, 113.623, 39.198, 0, 0, 0, 0, 
0.7, 24.89, , , 64.883, , 12.404, , 45.074, 45.074, , 296.059, 296.059, 296.059, , , 33.987, 35.743, 7.377, 12.706, 0, 0, 31.708, 32.536, 31.708, 32.536, 1, 41.109, 41.109, 0.025, 0.034, , , , , 4.211, 7.377, 12.706, , , 1, 0.782, 1.26, 0, 14.5, 1.996, 161.768, 0, 0, 0, 72.97, 12.474, 14.778, 102.2, 62.918, 100, 0, 0, 29.642, 31.403, 18.607, 1.349, 110.045, 0, 0, 114.463, 39.547, 0, 0, 1.26, 0, 0, 14, 0, 14.5, 0, 1.996, 161.768, 0, 0, 0, 72.97, 1, 0.013, 0.015, 102.2, 62.918, 100, 0, 0, 141, 29.642, 31.403, 18.607, 1.349, 0, 110.045, 0, 0, 114.463, 39.547, 0, 0, 0, 0, 
0.75, 24.89, , , 64.884, , 12.884, , 48.03, 48.03, , 307.452, 307.452, 307.452, , , 34.347, 35.671, 7.377, 12.733, 0, 0, 33.39, 34.263, 33.39, 34.263, 1, 41.719, 41.719, 0.025, 0.034, , , , , 4.208, 7.377, 12.733, , , 1, 0.832, 1.467, 0, 14.351, 2.017, 162, 0, 0, 0, 75, 13.596, 15.788, 102.2, 67.628, 100, 0, 0, 29.589, 31.664, 20.946, 1.449, 110.365, 0, 0, 114.066, 40.002, 0, 0, 1.467, 0, 0, 14, 0, 14.351, 0, 2.017, 162, 0, 0, 0, 75, 1, 0.014, 0.016, 102.2, 67.628, 100, 0, 0, 141, 29.589, 31.664, 20.946, 1.449, 0, 110.365, 0, 0, 114.066, 40.002, 0, 0, 0, 0, 
0.8, 24.89, , , 64.885, , 13.206, , 51.01, 51.01, , 315.105, 315.105, 315.105, , , 34.707, 35.599, 7.377, 12.717, 0, 0, 34.719, 35.626, 34.719, 35.626, 1, 42.347, 42.347, 0.025, 0.034, 1470.86, 1509.299, 1470.86, 1509.299, 4.203, 7.377, 12.717, , , 1, 0.881, 2.068, 0, 13.936, 2.047, 162, 0, 0, 0, 75, 15.53, 16.477, 102.2, 72.833, 100, 0, 0, 28.448, 30.73, 23.436, 1.557, 108.602, 0, 0, 111.473, 40.645, 0, 0, 2.068, 0, 0, 14, 0, 13.936, 0, 2.047, 162, 0, 0, 0, 75, 1, 0.016, 0.017, 102.2, 72.833, 100, 0, 0, 141, 28.448, 30.73, 23.436, 1.557, 0, 108.602, 0, 0, 111.473, 40.645, 0, 0, 0, 0, 
0.85, 24.89, , , 64.886, , 13.442, , 54.012, 54.012, , 320.71, 320.71, 320.71, , , 35.067, 35.527, 7.377, 12.695, 0, 0, 35.854, 36.792, 35.854, 36.792, 1, 42.992, 42.992, 0.025, 0.034, 1109.832, 1138.837, 1109.832, 1138.837, 4.194, 7.377, 12.695, , , 1, 0.932, 2.67, 0, 13.521, 2.076, 162, 0, 0, 0, 75, 17.463, 17.166, 102.2, 78.039, 100, 0, 0, 27.307, 29.797, 25.925, 1.665, 106.838, 0, 0, 108.88, 41.288, 0, 0, 2.67, 0, 0, 14, 0, 13.521, 0, 2.076, 162, 0, 0, 0, 75, 1, 0.017, 0.017, 102.2, 78.039, 100, 0, 0, 141, 27.307, 29.797, 25.925, 1.665, 0, 106.838, 0, 0, 108.88, 41.288, 0, 0, 0, 0, 
0.9, 24.89, , , 64.887, , 13.631, , 57.085, 57.085, , 325.206, 325.206, 325.206, , , 35.427, 35.455, 7.377, 12.607, 0, 0, 36.897, 37.863, 36.897, 37.863, 1, 43.646, 43.646, 0.025, 0.034, 934.002, 958.412, 934.002, 958.412, 4.185, 7.377, 12.607, , , 1, 0.982, 3.272, 0, 13.106, 2.106, 162, 0, 0, 0, 75, 19.397, 17.854, 102.2, 83.244, 100, 0, 0, 26.166, 28.863, 28.415, 1.772, 105.075, 0, 0, 106.286, 41.931, 0, 0, 3.272, 0, 0, 14, 0, 13.106, 0, 2.106, 162, 0, 0, 0, 75, 1, 0.019, 0.018, 102.2, 83.244, 100, 0, 0, 141, 26.166, 28.863, 28.415, 1.772, 0, 105.075, 0, 0, 106.286, 41.931, 0, 0, 0, 0, 
0.95, 24.89, , , 64.888, , 13.69, , 60.205, 60.205, , 326.634, 326.634, 326.634, , , 35.627, 35.447, 7.377, 12.508, 0, 0, 37.605, 38.59, 37.605, 38.59, 1, 44.311, 44.311, 0.025, 0.034, 798.554, 819.425, 798.554, 819.425, 4.176, 7.377, 12.508, , , 1, 1.031, 3.873, 0, 12.691, 2.135, 162, 0, 0, 0, 75, 21.331, 18.543, 102.2, 88.45, 100, 0, 0, 25.025, 27.929, 30.905, 1.88, 103.311, 0, 0, 103.693, 42.574, 0, 0, 3.873, 0, 0, 14, 0, 12.691, 0, 2.135, 162, 0, 0, 0, 75, 1, 0.021, 0.019, 102.2, 88.45, 100, 0, 0, 141, 25.025, 27.929, 30.905, 1.88, 0, 103.311, 0, 0, 103.693, 42.574, 0, 0, 0, 0, 
1, 24.89, , , 64.889, , 13.661, , 63.365, 63.365, 0.134, 325.948, 325.948, 325.948, , 88.789, 35.679, 35.499, 7.377, 12.361, 0, 0, 38.084, 39.081, 38.084, 39.081, 1, 44.968, 44.968, 0.025, 0.034, 676.679, 694.365, 676.679, 694.365, 4.168, 7.377, 12.361, , , 1, 1.082, 3.708, 0, 12.5, 2.167, 162, 0, 0, 0, 75, 21.734, 18.734, 102.2, 91.897, 100, 0, 0, 24.608, 27.392, 37.04, 2.106, 101.524, 0, 0, 101.416, 43.207, 0, 0, 3.708, 0, 0, 14, 0, 12.5, 0, 2.167, 162, 0, 0, 0, 75, 1, 0.022, 0.019, 102.2, 91.897, 100, 0, 0, 141, 24.608, 27.392, 37.04, 2.106, 0, 101.524, 0, 0, 101.416, 43.207, 0, 0, 0, 0, 
1.05, 24.89, 100.47, 64.171, 64.891, , 13.674, 0.975, 66.563, 66.563, 0.319, 326.257, 326.257, 326.257, 7.659, 84.662, 35.731, 35.551, 7.377, 12.205, 0, 0, 38.677, 39.689, 38.677, 39.689, 1, 45.628, 45.628, 0.025, 0.034, 413.772, 424.587, 413.772, 424.587, 4.187, 7.377, 12.205, , , 1, 1.132, 2.888, 0, 12.5, 2.201, 162, 0, 0, 0, 75, 20.835, 18.501, 102.2, 93.963, 100, 0, 0, 24.809, 27.191, 46.04, 2.431, 99.717, 0, 0, 99.408, 43.832, 0, 0, 2.888, 0, 0, 14, 0, 12.5, 0, 2.201, 162, 0, 0, 0, 75, 1, 0.021, 0.019, 102.2, 93.963, 100, 0, 0, 141, 24.809, 27.191, 46.04, 2.431, 0, 99.717, 0, 0, 99.408, 43.832, 0, 0, 0, 0, 
1.1, 24.89, 100.47, 64.175, 64.892, , 13.618, 0.975, 69.82, 69.82, 0.505, 324.947, 324.947, 324.947, 13.462, 80.535, 35.783, 35.603, 7.377, 12.103, 0, 0, 39.077, 40.1, 39.077, 40.1, 1, 46.297, 46.297, 0.025, 0.034, 275.72, 282.928, 275.72, 282.928, 4.205, 7.377, 12.103, , , 1, 1.181, 2.069, 0, 12.5, 2.235, 162, 0, 0, 0, 75, 19.935, 18.268, 102.2, 96.029, 100, 0, 0, 25.01, 26.99, 55.04, 2.756, 97.91, 0, 0, 97.4, 44.456, 0, 0, 2.069, 0, 0, 14, 0, 12.5, 0, 2.235, 162, 0, 0, 0, 75, 1, 0.02, 0.018, 102.2, 96.029, 100, 0, 0, 141, 25.01, 26.99, 55.04, 2.756, 0, 97.91, 0, 0, 97.4, 44.456, 0, 0, 0, 0, 
1.15, 24.89, 100.47, 64.179, 64.893, , 13.531, 0.975, 73.129, 73.129, 0.69, 322.901, 322.901, 322.901, 18.781, 76.408, 35.835, 35.655, 7.377, 12.013, 0, 0, 39.388, 40.418, 39.388, 40.418, 1, 46.948, 46.948, 0.025, 0.034, 215.98, 221.626, 215.98, 221.626, 4.224, 7.377, 12.013, , , 1, 1.231, 1.25, 0, 12.5, 2.268, 162, 0, 0, 0, 75, 19.035, 18.035, 102.2, 98.095, 100, 0, 0, 25.211, 26.789, 64.04, 3.082, 96.102, 0, 0, 95.392, 45.081, 0, 0, 1.25, 0, 0, 14, 0, 12.5, 0, 2.268, 162, 0, 0, 0, 75, 1, 0.019, 0.018, 102.2, 98.095, 100, 0, 0, 141, 25.211, 26.789, 64.04, 3.082, 0, 96.102, 0, 0, 95.392, 45.081, 0, 0, 0, 0, 
1.2, 24.89, 100.47, 64.182, 64.894, , 13.467, 0.975, 76.514, 76.514, 0.876, 321.404, 321.404, 321.404, 23.942, 72.281, 35.852, 35.66, 7.377, 11.976, 0, 0, 39.756, 40.792, 39.756, 40.792, 1, 47.603, 47.603, 0.025, 0.033, 181.823, 186.576, 181.823, 186.576, 4.243, 7.377, 11.976, , , 1, 1.282, 0.43, 0, 12.5, 2.302, 162, 0, 0, 0, 75, 18.136, 17.802, 102.2, 100.161, 100, 0, 0, 25.412, 26.588, 73.04, 3.407, 94.295, 0, 0, 93.384, 45.705, 0, 0, 0.43, 0, 0, 14, 0, 12.5, 0, 2.302, 162, 0, 0, 0, 75, 1, 0.018, 0.018, 102.2, 100.161, 100, 0, 0, 141, 25.412, 26.588, 73.04, 3.407, 0, 94.295, 0, 0, 93.384, 45.705, 0, 0, 0, 0, 
1.25, 24.89, 100.47, 64.186, 64.895, , 13.428, 0.975, 79.939, 79.939, 1.061, 320.482, 320.482, 320.482, 28.687, 68.155, 35.796, 35.566, 7.377, 11.952, 0, 0, 40.186, 41.232, 40.186, 41.232, 1, 48.261, 48.261, 0.025, 0.033, 158.815, 162.966, 158.815, 162.966, 4.265, 7.377, 11.952, , , 1, 1.331, 0.082, 0, 12.5, 2.337, 162, 0, 0, 0, 75, 17.674, 17.669, 102.2, 101.03, 100, 0, 0, 25.668, 26.556, 79.352, 3.627, 92.996, 0, 0, 92.22, 46.398, 0, 0, 0.082, 0, 0, 14, 0, 12.5, 0, 2.337, 162, 0, 0, 0, 75, 1, 0.018, 0.018, 102.2, 101.03, 100, 0, 0, 141, 25.668, 26.556, 79.352, 3.627, 0, 92.996, 0, 0, 92.22, 46.398, 0, 0, 0, 0, 
1.3, 24.89, 100.47, 64.19, 64.896, , 13.361, 0.975, 83.397, 83.397, 1.247, 318.915, 318.915, 318.915, 31.871, 64.028, 35.74, 35.472, 7.377, 11.944, 0, 0, 40.528, 41.583, 40.528, 41.583, 1, 48.908, 48.908, 0.025, 0.033, 140.684, 144.362, 140.684, 144.362, 4.286, 7.377, 11.944, , , 1, 1.381, 0.104, 0, 12.5, 2.374, 162, 0, 0, 0, 75, 17.556, 17.613, 102.2, 100.958, 100, 0, 0, 25.968, 26.656, 83.552, 3.765, 92.096, 0, 0, 91.72, 47.144, 0, 0, 0.104, 0, 0, 14, 0, 12.5, 0, 2.374, 162, 0, 0, 0, 75, 1, 0.018, 0.018, 102.2, 100.957, 100, 0, 0, 141, 25.968, 26.656, 83.552, 3.765, 0, 92.096, 0, 0, 91.72, 47.144, 0, 0, 0, 0, 
1.35, 24.89, 100.47, 64.194, 64.897, , 13.278, 0.975, 86.89, 86.89, 1.433, 316.945, 316.945, 316.945, 34.811, 59.901, 35.683, 35.379, 7.377, 11.942, 0, 0, 40.816, 41.879, 40.816, 41.879, 1, 49.556, 49.556, 0.025, 0.033, 126.457, 129.764, 126.457, 129.764, 4.308, 7.377, 11.942, , , 1, 1.431, 0.126, 0, 12.5, 2.41, 162, 0, 0, 0, 75, 17.438, 17.557, 102.2, 100.886, 100, 0, 0, 26.268, 26.756, 87.752, 3.903, 91.196, 0, 0, 91.22, 47.89, 0, 0, 0.126, 0, 0, 14, 0, 12.5, 0, 2.41, 162, 0, 0, 0, 75, 1, 0.017, 0.017, 102.2, 100.885, 100, 0, 0, 141, 26.268, 26.756, 87.752, 3.903, 0, 91.196, 0, 0, 91.22, 47.89, 0, 0, 0, 0, 
1.4, 24.89, 100.47, 64.198, 64.899, , 13.302, 0.975, 90.427, 90.427, 1.618, 317.533, 317.533, 317.533, 37.145, 55.774, 35.627, 35.285, 7.377, 11.915, 0, 0, 41.432, 42.511, 41.432, 42.511, 1, 50.204, 50.204, 0.025, 0.033, 117.884, 120.967, 117.884, 120.967, 4.33, 7.377, 11.915, , , 1, 1.481, 0.148, 0, 12.5, 2.447, 162, 0, 0, 0, 75, 17.32, 17.501, 102.2, 100.814, 100, 0, 0, 26.568, 26.856, 91.952, 4.041, 90.296, 0, 0, 90.72, 48.636, 0, 0, 0.148, 0, 0, 14, 0, 12.5, 0, 2.447, 162, 0, 0, 0, 75, 1, 0.017, 0.017, 102.2, 100.813, 100, 0, 0, 141, 26.568, 26.856, 91.952, 4.041, 0, 90.296, 0, 0, 90.72, 48.636, 0, 0, 0, 0, 
1.45, 24.89, 100.47, 64.201, 64.9, , 13.236, 0.975, 94.056, 94.056, 1.804, 315.977, 315.977, 315.977, 38.69, 51.647, 35.656, 35.39, 7.377, 11.879, 0, 0, 41.755, 42.845, 41.755, 42.845, 1, 50.851, 50.851, 0.025, 0.033, 112.479, 115.421, 112.479, 115.421, 4.355, 7.377, 11.879, , , 1, 1.532, 0.17, 0, 12.5, 2.483, 162, 0, 0, 0, 75, 17.202, 17.445, 102.2, 100.742, 100, 0, 0, 26.868, 26.956, 96.152, 4.179, 89.396, 0, 0, 90.22, 49.382, 0, 0, 0.17, 0, 0, 14, 0, 12.5, 0, 2.483, 162, 0, 0, 0, 75, 1, 0.017, 0.017, 102.2, 100.74, 100, 0, 0, 141, 26.868, 26.956, 96.152, 4.179, 0, 89.396, 0, 0, 90.22, 49.382, 0, 0, 0, 0, 
1.5, 24.89, 100.47, 64.205, 64.9, , 13.205, 0.975, 97.735, 97.735, 1.989, 315.264, 315.264, 315.264, 39.329, 47.521, 35.764, 35.678, 7.377, 11.82, 0, 0, 42.192, 43.296, 42.192, 43.296, 1, 51.493, 51.493, 0.025, 0.033, 110.18, 113.062, 110.18, 113.062, 4.381, 7.377, 11.82, , , 1, 1.582, 0.171, 0, 12.5, 2.519, 162, 0, 0, 0, 75, 17.203, 17.506, 102.2, 100.792, 100, 0, 0, 27, 27.056, 98.225, 4.261, 89.224, 0, 0, 90.392, 50.128, 0, 0, 0.171, 0, 0, 14, 0, 12.5, 0, 2.519, 162, 0, 0, 0, 75, 1, 0.017, 0.017, 102.2, 100.795, 100, 0, 0, 141, 27, 27.056, 98.225, 4.261, 0, 89.224, 0, 0, 90.392, 50.128, 0, 0, 0, 0, 
1.55, 24.89, 100.47, 64.209, 64.9, , 13.237, 0.975, 101.961, 101.961, 2.1, 316.021, 316.021, 316.021, 38.981, 57.428, 35.872, 35.966, 7.377, 11.753, 0, 0, 42.905, 44.027, 42.905, 44.027, 1, 52.145, 52.145, 0.025, 0.033, 111.591, 114.509, 111.591, 114.509, 4.407, 7.377, 11.753, , , 1, 1.632, 0.155, 0, 12.5, 2.555, 162, 0, 0, 0, 75, 17.297, 17.66, 102.2, 100.939, 100, 0, 0, 27, 27.156, 98.627, 4.299, 89.624, 0, 0, 91.092, 50.874, 0, 0, 0.155, 0, 0, 14, 0, 12.5, 0, 2.555, 162, 0, 0, 0, 75, 1, 0.017, 0.017, 102.2, 100.941, 100, 0, 0, 141, 27, 27.156, 98.627, 4.299, 0, 89.624, 0, 0, 91.092, 50.874, 0, 0, 0, 0, 
1.6, 24.89, 100.47, 64.213, 64.9, , 13.309, 0.975, 107.486, 107.486, 2.106, 317.766, 317.766, 317.766, 37.583, 61.875, 35.98, 36.254, 7.377, 11.684, 0, 0, 43.933, 45.082, 43.933, 45.082, 1, 53.004, 53.004, 0.025, 0.033, 117.014, 120.073, 117.014, 120.073, 4.434, 7.377, 11.684, , , 1, 1.682, 0.139, 0, 12.5, 2.591, 162, 0, 0, 0, 75, 17.391, 17.814, 102.2, 101.085, 100, 0, 0, 27, 27.256, 99.028, 4.337, 90.024, 0, 0, 91.792, 51.62, 0, 0, 0.139, 0, 0, 14, 0, 12.5, 0, 2.591, 162, 0, 0, 0, 75, 1, 0.018, 0.018, 102.2, 101.087, 100, 0, 0, 141, 27, 27.256, 99.028, 4.337, 0, 90.024, 0, 0, 91.792, 51.62, 0, 0, 0, 0, 
1.65, 24.89, 100.47, 64.217, 64.9, , 13.336, 0.975, 111.314, 111.314, 2.091, 318.419, 318.419, 318.419, 35.979, 62.106, 36.088, 36.542, 7.377, 11.615, 0, 0, 44.557, 45.722, 44.557, 45.722, 1, 53.835, 53.835, 0.025, 0.033, 121.317, 124.487, 121.317, 124.487, 4.454, 7.377, 11.615, , , 1, 1.731, 0.123, 0, 12.5, 2.627, 162, 0, 0, 0, 75, 17.485, 17.968, 102.2, 101.232, 100, 0, 0, 27, 27.356, 99.43, 4.375, 90.424, 0, 0, 92.492, 52.366, 0, 0, 0.123, 0, 0, 14, 0, 12.5, 0, 2.627, 162, 0, 0, 0, 75, 1, 0.018, 0.018, 102.2, 101.233, 100, 0, 0, 141, 27, 27.356, 99.43, 4.375, 0, 90.424, 0, 0, 92.492, 52.366, 0, 0, 0, 0, 
1.7, 24.89, 100.47, 64.22, 64.9, , 13.383, 0.975, 115.193, 115.193, 2.076, 319.539, 319.539, 319.539, 34.764, 62.337, 36.084, 36.643, 7.377, 11.555, 0, 0, 45.249, 46.431, 45.249, 46.431, 1, 54.482, 54.482, 0.025, 0.033, 125.979, 129.271, 125.979, 129.271, 4.471, 7.377, 11.555, , , 1, 1.781, 0.107, 0, 12.5, 2.663, 162, 0, 0, 0, 75, 17.579, 18.122, 102.2, 101.378, 100, 0, 0, 27, 27.456, 99.831, 4.413, 90.824, 0, 0, 93.192, 53.112, 0, 0, 0.107, 0, 0, 14, 0, 12.5, 0, 2.663, 162, 0, 0, 0, 75, 1, 0.018, 0.018, 102.2, 101.379, 100, 0, 0, 141, 27, 27.456, 99.831, 4.413, 0, 90.824, 0, 0, 93.192, 53.112, 0, 0, 0, 0, 
1.75, 24.89, 100.47, 64.224, 64.9, , 13.445, 0.975, 119.085, 119.085, 2.061, 321.013, 321.013, 321.013, 33.574, 62.568, 35.976, 36.571, 7.377, 11.501, 0, 0, 45.999, 47.201, 45.999, 47.201, 1, 55.132, 55.132, 0.025, 0.033, 131.032, 134.457, 131.032, 134.457, 4.487, 7.377, 11.501, , , 1, 1.831, 0.089, 0, 12.5, 2.708, 162, 0, 0, 0, 75, 17.685, 18.263, 101.998, 101.525, 100, 0, 0, 27.084, 27.64, 100, 4.43, 91.308, 0, 0, 93.92, 53.996, 0, 0, 0.088, 0, 0, 14, 0, 12.5, 0, 2.708, 162, 0, 0, 0, 75, 1, 0.018, 0.018, 101.998, 101.526, 100, 0, 0, 141, 27.084, 27.64, 100, 4.43, 0, 91.308, 0, 0, 93.92, 53.996, 0, 0, 0, 0, 
1.8, 24.89, 100.47, 64.228, 64.9, , 13.504, 0.975, 123.03, 123.03, 2.047, 322.447, 322.447, 322.447, 32.411, 62.799, 35.868, 36.499, 7.377, 11.459, 0, 0, 46.754, 47.975, 46.754, 47.975, 1, 55.788, 55.788, 0.025, 0.033, 136.341, 139.905, 136.341, 139.905, 4.504, 7.377, 11.459, , , 1, 1.882, 0.069, 0, 12.5, 2.759, 162, 0, 0, 0, 75, 17.801, 18.393, 101.638, 101.673, 100, 0, 0, 27.234, 27.89, 100, 4.43, 91.858, 0, 0, 94.67, 54.989, 0, 0, 0.069, 0, 0, 14, 0, 12.5, 0, 2.759, 162, 0, 0, 0, 75, 1, 0.018, 0.018, 101.638, 101.674, 100, 0, 0, 141, 27.234, 27.89, 100, 4.43, 0, 91.858, 0, 0, 94.67, 54.989, 0, 0, 0, 0, 
1.85, 24.89, 100.47, 64.232, 64.9, , 13.547, 0.975, 127.056, 127.056, 2.032, 323.469, 323.469, 323.469, 31.272, 63.03, 35.76, 36.427, 7.377, 11.425, 0, 0, 47.456, 48.696, 47.456, 48.696, 1, 56.447, 56.447, 0.025, 0.033, 141.753, 145.459, 141.753, 145.459, 4.519, 7.377, 11.425, , , 1, 1.932, 0.049, 0, 12.5, 2.811, 162, 0, 0, 0, 75, 17.917, 18.523, 101.278, 101.82, 100, 0, 0, 27.384, 28.14, 100, 4.43, 92.408, 0, 0, 95.42, 55.982, 0, 0, 0.049, 0, 0, 14, 0, 12.5, 0, 2.811, 162, 0, 0, 0, 75, 1, 0.018, 0.019, 101.278, 101.822, 100, 0, 0, 141, 27.384, 28.14, 100, 4.43, 0, 92.408, 0, 0, 95.42, 55.982, 0, 0, 0, 0, 
1.9, 24.89, 100.47, 64.236, 64.9, , 13.575, 0.975, 131.088, 131.088, 2.017, 324.148, 324.148, 324.148, 30.165, 63.261, 35.652, 36.355, 7.377, 11.397, 0, 0, 48.111, 49.368, 48.111, 49.368, 1, 57.103, 57.103, 0.025, 0.033, 147.273, 151.124, 147.273, 151.124, 4.532, 7.377, 11.397, , , 1, 1.982, 0.029, 0, 12.5, 2.862, 162, 0, 0, 0, 75, 18.033, 18.653, 100.918, 101.968, 100, 0, 0, 27.534, 28.39, 100, 4.43, 92.958, 0, 0, 96.17, 56.975, 0, 0, 0.029, 0, 0, 14, 0, 12.5, 0, 2.862, 162, 0, 0, 0, 75, 1, 0.018, 0.019, 100.918, 101.97, 100, 0, 0, 141, 27.534, 28.39, 100, 4.43, 0, 92.958, 0, 0, 96.17, 56.975, 0, 0, 0, 0, 
1.95, 24.89, 100.47, 64.239, 64.9, , 13.616, 0.975, 135.184, 135.184, 2.002, 325.127, 325.127, 325.127, 29.075, 63.491, 35.413, 36.339, 7.377, 11.371, 0, 0, 48.818, 50.093, 48.818, 50.093, 1, 57.765, 57.765, 0.025, 0.033, 153.266, 157.275, 153.266, 157.275, 4.545, 7.377, 11.371, , , 1, 2.032, 0.009, 0, 12.5, 2.913, 162, 0, 0, 0, 75, 18.149, 18.783, 100.558, 102.115, 100, 0, 0, 27.684, 28.64, 100, 4.43, 93.508, 0, 0, 96.92, 57.968, 0, 0, 0.009, 0, 0, 14, 0, 12.5, 0, 2.913, 162, 0, 0, 0, 75, 1, 0.018, 0.019, 100.558, 102.118, 100, 0, 0, 141, 27.684, 28.64, 100, 4.43, 0, 93.508, 0, 0, 96.92, 57.968, 0, 0, 0, 0, 
2, 24.89, 100.47, 64.243, 64.9, , 13.71, 0.975, 139.349, 139.349, 1.987, 327.383, 327.383, 327.383, 28.004, 63.722, 35.053, 36.375, 7.377, 11.348, 0, 0, 49.723, 51.021, 49.723, 51.021, 1, 58.434, 58.434, 0.025, 0.033, 160.236, 164.427, 160.236, 164.427, 4.557, 7.377, 11.348, , , 1, 2.082, 0, 0, 12.5, 2.946, 162, 0, 0, 0, 75, 18.221, 18.868, 100.4, 102.223, 100, 0, 0, 27.779, 28.779, 100, 4.43, 93.838, 0, 0, 97.396, 58.623, 0, 0, 0, 0, 0, 14, 0, 12.5, 0, 2.946, 162, 0, 0, 0, 75, 1, 0.018, 0.019, 100.4, 102.225, 100, 0, 0, 141, 27.779, 28.779, 100, 4.43, 0, 93.838, 0, 0, 97.396, 58.623, 0, 0, 0, 0, 
2.05, 24.89, 100.47, 64.247, 64.9, , 13.784, 0.975, 143.519, 143.519, 1.973, 329.147, 329.147, 329.147, 26.96, 63.953, 34.693, 36.411, 7.377, 11.325, 0, 0, 50.566, 51.887, 50.566, 51.887, 1, 59.103, 59.103, 0.025, 0.033, 167.399, 171.776, 167.399, 171.776, 4.573, 7.377, 11.325, , , 1, 2.131, 0, 0, 12.5, 2.965, 162, 0, 0, 0, 75, 18.258, 18.918, 100.4, 102.301, 100, 0, 0, 27.831, 28.831, 100, 4.43, 93.994, 0, 0, 97.656, 59.011, 0, 0, 0, 0, 0, 14, 0, 12.5, 0, 2.965, 162, 0, 0, 0, 75, 1, 0.018, 0.019, 100.4, 102.302, 100, 0, 0, 141, 27.831, 28.831, 100, 4.43, 0, 93.994, 0, 0, 97.656, 59.011, 0, 0, 0, 0, 
2.1, 24.89, 100.47, 64.251, 64.9, , 13.847, 0.975, 147.741, 147.741, 1.958, 330.656, 330.656, 330.656, 25.935, 64.184, 34.333, 36.447, 7.377, 11.304, 0, 0, 51.378, 52.721, 51.378, 52.721, 1, 59.777, 59.777, 0.024, 0.033, 174.853, 179.425, 174.853, 179.425, 4.606, 7.377, 11.304, , , 1, 2.181, 0, 0, 12.5, 2.983, 162, 0, 0, 0, 75, 18.296, 18.968, 100.4, 102.378, 100, 0, 0, 27.883, 28.883, 100, 4.43, 94.15, 0, 0, 97.917, 59.4, 0, 0, 0, 0, 0, 14, 0, 12.5, 0, 2.983, 162, 0, 0, 0, 75, 1, 0.018, 0.019, 100.4, 102.379, 100, 0, 0, 141, 27.883, 28.883, 100, 4.43, 0, 94.15, 0, 0, 97.917, 59.4, 0, 0, 0, 0, 
2.15, 24.89, 100.47, 64.255, 64.9, , 13.956, 0.975, 152.034, 152.034, 1.943, 333.263, 333.263, 333.263, 24.938, 64.415, 33.973, 36.483, 7.377, 11.285, 0, 0, 52.375, 53.746, 52.375, 53.746, 1, 60.448, 60.448, 0.024, 0.033, 183.407, 188.203, 183.407, 188.203, 4.639, 7.377, 11.285, , , 1, 2.232, 0, 0, 12.5, 3.002, 162, 0, 0, 0, 75, 18.333, 19.018, 100.4, 102.456, 100, 0, 0, 27.935, 28.935, 100, 4.43, 94.306, 0, 0, 98.177, 59.788, 0, 0, 0, 0, 0, 14, 0, 12.5, 0, 3.002, 162, 0, 0, 0, 75, 1, 0.018, 0.019, 100.4, 102.456, 100, 0, 0, 141, 27.935, 28.935, 100, 4.43, 0, 94.306, 0, 0, 98.177, 59.788, 0, 0, 0, 0, 
2.2, 24.89, 100.47, 64.258, 64.9, , 14.086, 0.975, 156.4, 156.4, 1.928, 336.361, 336.361, 336.361, 23.942, 64.646, 34.043, 36.35, 7.377, 11.274, 0, 0, 53.459, 54.859, 53.459, 54.859, 1, 61.142, 61.142, 0.024, 0.033, 192.72, 197.759, 192.72, 197.759, 4.673, 7.377, 11.274, , , 1, 2.282, 0, 0, 12.5, 3.02, 162, 0, 0, 0, 75, 18.371, 19.068, 100.4, 102.533, 100, 0, 0, 27.988, 28.988, 100, 4.43, 94.462, 0, 0, 98.438, 60.177, 0, 0, 0, 0, 0, 14, 0, 12.5, 0, 3.02, 162, 0, 0, 0, 75, 1, 0.018, 0.019, 100.4, 102.533, 100, 0, 0, 141, 27.988, 28.988, 100, 4.43, 0, 94.462, 0, 0, 98.438, 60.177, 0, 0, 0, 0, 
2.25, 24.89, 100.47, 64.262, 64.9, , 14.212, 0.975, 160.806, 160.806, 1.913, 339.365, 339.365, 339.365, 22.978, 64.877, 34.511, 36.062, 7.377, 11.267, 0, 0, 54.54, 55.969, 54.54, 55.969, 1, 61.834, 61.834, 0.024, 0.033, 202.542, 207.838, 202.542, 207.838, 4.706, 7.377, 11.267, , , 1, 2.331, 0, 0, 12.5, 3.053, 162, 0, 0, 0, 75, 18.438, 19.15, 100.126, 102.55, 100, 0, 0, 28.076, 29, 100, 4.43, 94.805, 0, 0, 98.805, 60.837, 0, 0, 0, 0, 0, 14, 0, 12.5, 0, 3.053, 162, 0, 0, 0, 75, 1, 0.018, 0.019, 100.125, 102.55, 100, 0, 0, 141, 28.076, 29, 100, 4.43, 0, 94.805, 0, 0, 98.805, 60.837, 0, 0, 0, 0, 
2.3, 24.89, 100.47, 64.266, 64.9, , 14.337, 0.975, 165.246, 165.246, 1.898, 342.368, 342.368, 342.368, 22.042, 65.107, 34.979, 35.774, 7.377, 11.267, 0, 0, 55.642, 57.1, 55.642, 57.1, 1, 62.525, 62.525, 0.024, 0.033, 213.097, 218.668, 213.097, 218.668, 4.75, 7.377, 11.267, , , 1, 2.381, 0, 0, 12.5, 3.089, 162, 0, 0, 0, 75, 18.514, 19.242, 99.766, 102.55, 100, 0, 0, 28.176, 29, 100, 4.43, 95.207, 0, 0, 99.207, 61.583, 0, 0, 0, 0, 0, 14, 0, 12.5, 0, 3.089, 162, 0, 0, 0, 75, 1, 0.018, 0.019, 99.764, 102.55, 100, 0, 0, 141, 28.176, 29, 100, 4.43, 0, 95.207, 0, 0, 99.207, 61.583, 0, 0, 0, 0, 
2.35, 24.89, 100.47, 64.27, 64.9, , 14.468, 0.975, 169.768, 169.768, 1.884, 345.471, 345.471, 345.471, 21.121, 65.338, 35.447, 35.486, 7.377, 11.271, 0, 0, 56.779, 58.266, 56.779, 58.266, 1, 63.226, 63.226, 0.024, 0.033, 224.502, 230.371, 224.502, 230.371, 4.797, 7.377, 11.271, , , 1, 2.432, 0, 0, 12.5, 3.126, 162, 0, 0, 0, 75, 18.59, 19.334, 99.406, 102.55, 100, 0, 0, 28.276, 29, 100, 4.43, 95.608, 0, 0, 99.608, 62.329, 0, 0, 0, 0, 0, 14, 0, 12.5, 0, 3.126, 162, 0, 0, 0, 75, 1, 0.019, 0.02, 99.402, 102.55, 100, 0, 0, 141, 28.276, 29, 100, 4.43, 0, 95.608, 0, 0, 99.608, 62.329, 0, 0, 0, 0, 
2.4, 24.89, 100.47, 64.266, 64.9, , 14.608, 0.975, 174.347, 174.347, 1.869, 348.815, 348.815, 348.815, 20.211, 65.569, 35.915, 35.198, 7.377, 11.28, 0, 0, 57.971, 59.489, 57.971, 59.489, 1, 63.938, 63.938, 0.025, 0.033, 236.867, 243.058, 236.867, 243.058, 4.843, 7.377, 11.28, , , 1, 2.482, 0, 0, 12.5, 3.162, 162, 0, 0, 0, 75, 18.666, 19.426, 99.046, 102.55, 100, 0, 0, 28.376, 29, 100, 4.43, 96.01, 0, 0, 100.01, 63.075, 0, 0, 0, 0, 0, 14, 0, 12.5, 0, 3.162, 162, 0, 0, 0, 75, 1, 0.019, 0.02, 99.041, 102.55, 100, 0, 0, 141, 28.376, 29, 100, 4.43, 0, 96.01, 0, 0, 100.01, 63.075, 0, 0, 0, 0, 
2.45, 24.89, 100.47, 64.263, 64.9, , 14.716, 0.975, 178.925, 178.925, 1.854, 351.394, 351.394, 351.394, 19.312, 65.8, 35.972, 35.079, 7.377, 11.296, 0, 0, 59.058, 60.601, 59.058, 60.601, 1, 64.661, 64.661, 0.025, 0.033, 249.696, 256.221, 249.696, 256.221, 4.89, 7.377, 11.296, , , 1, 2.531, 0, 0, 12.5, 3.199, 162, 0, 0, 0, 75, 18.742, 19.518, 98.686, 102.55, 100, 0, 0, 28.476, 29, 100, 4.43, 96.412, 0, 0, 100.412, 63.821, 0, 0, 0, 0, 0, 14, 0, 12.5, 0, 3.199, 162, 0, 0, 0, 75, 1, 0.019, 0.02, 98.68, 102.55, 100, 0, 0, 141, 28.476, 29, 100, 4.43, 0, 96.412, 0, 0, 100.412, 63.821, 0, 0, 0, 0, 
2.5, 24.89, 100.47, 64.259, 64.9, , 14.805, 0.975, 183.56, 183.56, 1.839, 353.535, 353.535, 353.535, 18.435, 66.031, 35.648, 35.115, 7.377, 11.312, 0, 0, 60.08, 61.65, 60.08, 61.65, 1, 65.384, 65.384, 0.025, 0.033, 263.145, 270.021, 263.145, 270.021, 4.914, 7.377, 11.312, , , 1, 2.582, 0, 0, 12.5, 3.252, 162, 0, 0, 0, 75, 18.865, 19.616, 98.6, 102.522, 100, 0, 0, 28.61, 29, 100, 4.429, 97.098, 0, 0, 100.986, 64.818, 0, 0, 0, 0, 0, 14, 0, 12.5, 0, 3.252, 162, 0, 0, 0, 75, 1, 0.019, 0.02, 98.6, 102.522, 100, 0, 0, 141, 28.61, 29, 100, 4.429, 0, 97.098, 0, 0, 100.986, 64.818, 0, 0, 0, 0, 
2.55, 24.89, 100.47, 64.255, 64.9, , 14.913, 0.975, 189.087, 189.087, 1.824, 356.117, 356.117, 356.117, 17.26, 66.262, 35.324, 35.151, 7.377, 11.329, 0, 0, 61.3, 62.902, 61.3, 62.902, 1, 66.398, 66.398, 0.025, 0.033, 280.468, 287.796, 280.468, 287.796, 4.935, 7.377, 11.329, , , 1, 2.632, 0, 0, 12.5, 3.309, 162, 0, 0, 0, 75, 19.004, 19.716, 98.6, 102.487, 100, 0, 0, 28.754, 29, 100, 4.427, 97.864, 0, 0, 101.608, 65.894, 0, 0, 0, 0, 0, 14, 0, 12.5, 0, 3.309, 162, 0, 0, 0, 75, 1, 0.019, 0.02, 98.6, 102.487, 100, 0, 0, 141, 28.754, 29, 100, 4.427, 0, 97.864, 0, 0, 101.608, 65.894, 0, 0, 0, 0, 
2.6, 24.89, 100.47, 64.251, 64.9, , 15.024, 0.975, 195.425, 195.425, 1.81, 358.78, 358.78, 358.78, 16.363, 66.493, 35, 35.187, 7.377, 11.348, 0, 0, 62.665, 64.301, 62.665, 64.301, 1, 67.189, 67.189, 0.025, 0.033, 301.91, 309.799, 301.91, 309.799, 4.957, 7.377, 11.348, , , 1, 2.681, 0, 0, 12.5, 3.366, 162, 0, 0, 0, 75, 19.142, 19.816, 98.6, 102.451, 100, 0, 0, 28.898, 29, 100, 4.425, 98.63, 0, 0, 102.231, 66.97, 0, 0, 0, 0, 0, 14, 0, 12.5, 0, 3.366, 162, 0, 0, 0, 75, 1, 0.019, 0.02, 98.6, 102.451, 100, 0, 0, 141, 28.898, 29, 100, 4.425, 0, 98.63, 0, 0, 102.231, 66.97, 0, 0, 0, 0, 
2.65, 24.89, 100.47, 64.247, 64.9, , 15.118, 0.975, 200.226, 200.226, 1.795, 361.01, 361.01, 361.01, 15.549, 66.723, 34.676, 35.223, 7.377, 11.369, 0, 0, 63.738, 65.402, 63.738, 65.402, 1, 67.929, 67.929, 0.025, 0.033, 319.586, 327.938, 319.586, 327.938, 4.978, 7.377, 11.369, , , 1, 2.732, 0, 0, 12.5, 3.423, 162, 0, 0, 0, 75, 19.281, 19.916, 98.6, 102.416, 100, 0, 0, 29.042, 29, 100, 4.423, 99.397, 0, 0, 102.853, 68.046, 0, 0, 0, 0, 0, 14, 0, 12.5, 0, 3.423, 162, 0, 0, 0, 75, 1, 0.019, 0.02, 98.6, 102.416, 100, 0, 0, 141, 29.042, 29, 100, 4.423, 0, 99.397, 0, 0, 102.853, 68.046, 0, 0, 0, 0, 
2.7, 24.89, 100.47, 64.243, 64.9, , 15.167, 0.975, 205.09, 205.09, 1.78, 362.209, 362.209, 362.209, 14.757, 66.954, 34.614, 35.259, 7.377, 11.393, 0, 0, 64.64, 66.329, 64.64, 66.329, 1, 68.665, 68.665, 0.025, 0.033, 337.924, 346.755, 337.924, 346.755, 5.002, 7.377, 11.393, , , 1, 2.782, 0, 0, 12.5, 3.48, 162, 0, 0, 0, 75, 19.419, 20.016, 98.6, 102.38, 100, 0, 0, 29.187, 29, 100, 4.421, 100.163, 0, 0, 103.476, 69.122, 0, 0, 0, 0, 0, 14, 0, 12.5, 0, 3.48, 162, 0, 0, 0, 75, 1, 0.019, 0.02, 98.6, 102.38, 100, 0, 0, 141, 29.187, 29, 100, 4.421, 0, 100.163, 0, 0, 103.476, 69.122, 0, 0, 0, 0, 
2.75, 24.89, 100.47, 64.24, 64.9, , 15.243, 0.975, 210, 210, 1.765, 364.033, 364.033, 364.033, 13.974, 67.185, 34.794, 35.295, 7.377, 11.418, 0, 0, 65.661, 67.376, 65.661, 67.376, 1, 69.412, 69.412, 0.025, 0.033, 358.488, 367.857, 358.488, 367.857, 5.028, 7.377, 11.418, , , 1, 2.832, 0, 0, 12.5, 3.516, 162, 0, 0, 0, 75, 19.507, 20.075, 98.6, 102.343, 100, 0, 0, 29.279, 29, 100, 4.421, 100.676, 0, 0, 103.896, 69.813, 0, 0, 0, 0, 0, 14, 0, 12.5, 0, 3.516, 162, 0, 0, 0, 75, 1, 0.02, 0.02, 98.6, 102.343, 100, 0, 0, 141, 29.279, 29, 100, 4.421, 0, 100.676, 0, 0, 103.896, 69.813, 0, 0, 0, 0, 
2.8, 24.89, 100.47, 64.236, 64.899, , 15.296, 0.975, 215.022, 215.022, 1.75, 365.305, 365.305, 365.305, 13.215, 67.416, 34.974, 35.331, 7.377, 11.447, 0, 0, 66.601, 68.34, 66.601, 68.34, 1, 70.153, 70.153, 0.025, 0.033, 380.765, 390.717, 380.765, 390.717, 5.054, 7.377, 11.447, , , 1, 2.882, 0, 0, 12.5, 3.538, 162, 0, 0, 0, 75, 19.555, 20.102, 98.6, 102.304, 100, 0, 0, 29.331, 29, 100, 4.423, 100.99, 0, 0, 104.158, 70.201, 0, 0, 0, 0, 0, 14, 0, 12.5, 0, 3.538, 162, 0, 0, 0, 75, 1, 0.02, 0.02, 98.6, 102.304, 100, 0, 0, 141, 29.331, 29, 100, 4.423, 0, 100.99, 0, 0, 104.158, 70.201, 0, 0, 0, 0, 
2.85, 24.89, 100.47, 64.232, 64.898, , 15.391, 0.975, 220.036, 220.036, 1.736, 367.568, 367.568, 367.568, 12.475, 67.647, 35.154, 35.367, 7.377, 11.48, 0, 0, 67.734, 69.502, 67.734, 69.502, 1, 70.892, 70.892, 0.025, 0.033, 406.447, 417.07, 406.447, 417.07, 5.08, 7.377, 11.48, , , 1, 2.931, 0, 0, 12.5, 3.559, 162, 0, 0, 0, 75, 19.603, 20.129, 98.6, 102.266, 100, 0, 0, 29.383, 29, 100, 4.425, 101.303, 0, 0, 104.419, 70.59, 0, 0, 0, 0, 0, 14, 0, 12.5, 0, 3.559, 162, 0, 0, 0, 75, 1, 0.02, 0.02, 98.6, 102.266, 100, 0, 0, 141, 29.383, 29, 100, 4.425, 0, 101.303, 0, 0, 104.419, 70.59, 0, 0, 0, 0, 
2.9, 24.89, 100.47, 64.228, 64.897, , 15.437, 0.975, 225.145, 225.145, 1.721, 368.689, 368.689, 368.689, 11.734, 67.878, 35.334, 35.403, 7.377, 11.513, 0, 0, 68.66, 70.453, 68.66, 70.453, 1, 71.654, 71.654, 0.025, 0.033, 433.296, 444.621, 433.296, 444.621, 5.106, 7.377, 11.513, , , 1, 2.982, 0, 0, 12.5, 3.581, 162, 0, 0, 0, 75, 19.651, 20.156, 98.6, 102.227, 100, 0, 0, 29.435, 29, 100, 4.427, 101.617, 0, 0, 104.681, 70.978, 0, 0, 0, 0, 0, 14, 0, 12.5, 0, 3.581, 162, 0, 0, 0, 75, 1, 0.02, 0.02, 98.6, 102.227, 100, 0, 0, 141, 29.435, 29, 100, 4.427, 0, 101.617, 0, 0, 104.681, 70.978, 0, 0, 0, 0, 
2.95, 24.89, 100.47, 64.224, 64.896, , 15.527, 0.975, 230.334, 230.334, 1.706, 370.848, 370.848, 370.848, 11.022, 68.109, 35.401, 35.439, 7.378, 11.546, 0, 0, 69.791, 71.614, 69.791, 71.614, 1, 72.401, 72.401, 0.025, 0.033, 464.497, 476.637, 464.497, 476.637, 5.133, 7.378, 11.546, , , 1, 3.032, 0, 0, 12.5, 3.602, 162, 0, 0, 0, 75, 19.698, 20.184, 98.6, 102.188, 100, 0, 0, 29.488, 29, 100, 4.429, 101.931, 0, 0, 104.942, 71.367, 0, 0, 0, 0, 0, 14, 0, 12.5, 0, 3.602, 162, 0, 0, 0, 75, 1, 0.02, 0.02, 98.6, 102.188, 100, 0, 0, 141, 29.488, 29, 100, 4.429, 0, 101.931, 0, 0, 104.942, 71.367, 0, 0, 0, 0, 
3, 24.89, 100.47, 64.221, 64.895, , 15.545, 0.975, 235.523, 235.523, 1.691, 371.292, 371.292, 371.292, 10.318, 68.339, 35.365, 35.475, 7.378, 11.579, 0, 0, 70.6, 72.445, 70.6, 72.445, 1, 73.164, 73.164, 0.025, 0.033, 496.699, 509.682, 496.699, 509.682, 5.16, 7.378, 11.579, , , 1, 3.081, 0, 0, 12.5, 3.636, 162, 0, 0, 0, 75, 19.785, 20.235, 98.331, 102.125, 100, 0, 0, 29.646, 29.073, 100, 4.427, 102.523, 0, 0, 105.299, 72.096, 0, 0, 0, 0, 0, 14, 0, 12.5, 0, 3.637, 162, 0, 0, 0, 75, 1, 0.02, 0.02, 98.331, 102.125, 100, 0, 0, 141, 29.646, 29.073, 100, 4.427, 0, 102.523, 0, 0, 105.299, 72.096, 0, 0, 0, 0, 
3.05, 24.89, 100.47, 64.217, 64.894, , 15.611, 0.975, 240.722, 240.722, 1.676, 372.888, 372.888, 372.888, 9.631, 68.57, 35.329, 35.511, 7.379, 11.611, 0, 0, 71.644, 73.515, 71.644, 73.515, 1, 73.922, 73.922, 0.025, 0.033, 535.19, 549.178, 535.19, 549.178, 5.187, 7.379, 11.611, , , 1, 3.132, 0, 0, 12.5, 3.674, 162, 0, 0, 0, 75, 19.883, 20.295, 97.986, 102.053, 100, 0, 0, 29.838, 29.169, 100, 4.423, 103.193, 0, 0, 105.682, 72.932, 0, 0, 0, 0, 0, 14, 0, 12.5, 0, 3.674, 162, 0, 0, 0, 75, 1, 0.02, 0.02, 97.986, 102.053, 100, 0, 0, 141, 29.838, 29.169, 100, 4.423, 0, 103.193, 0, 0, 105.682, 72.932, 0, 0, 0, 0, 
3.1, 24.89, 100.47, 64.213, 64.893, , 15.644, 0.975, 246.13, 246.13, 1.662, 373.685, 373.685, 373.685, 8.954, 68.801, 35.293, 35.547, 7.379, 11.641, 0, 0, 72.537, 74.434, 72.537, 74.434, 1, 74.689, 74.689, 0.024, 0.033, 577.566, 592.66, 577.566, 592.66, 5.217, 7.379, 11.641, , , 1, 3.182, 0, 0, 12.5, 3.712, 162, 0, 0, 0, 75, 19.981, 20.355, 97.641, 101.982, 100, 0, 0, 30.031, 29.265, 100, 4.419, 103.864, 0, 0, 106.065, 73.769, 0, 0, 0, 0, 0, 14, 0, 12.5, 0, 3.712, 162, 0, 0, 0, 75, 1, 0.02, 0.02, 97.641, 101.982, 100, 0, 0, 141, 30.031, 29.265, 100, 4.419, 0, 103.864, 0, 0, 106.065, 73.769, 0, 0, 0, 0, 
3.15, 24.89, 100.47, 64.209, 64.891, , 15.639, 0.975, 251.474, 251.474, 1.647, 373.59, 373.59, 373.59, 8.297, 69.032, 35.257, 35.583, 7.38, 11.667, 0, 0, 73.258, 75.175, 73.258, 75.175, 1, 75.448, 75.448, 0.024, 0.033, 624.33, 640.648, 624.33, 640.648, 5.26, 7.38, 11.667, , , 1, 3.231, 0, 0, 12.5, 3.75, 162, 0, 0, 0, 75, 20.079, 20.414, 97.297, 101.911, 100, 0, 0, 30.223, 29.362, 100, 4.416, 104.534, 0, 0, 106.448, 74.605, 0, 0, 0, 0, 0, 14, 0, 12.5, 0, 3.75, 162, 0, 0, 0, 75, 1, 0.02, 0.02, 97.297, 101.911, 100, 0, 0, 141, 30.223, 29.362, 100, 4.416, 0, 104.534, 0, 0, 106.448, 74.605, 0, 0, 0, 0, 
3.2, 24.89, 100.47, 64.205, 64.89, , 15.654, 0.975, 256.904, 256.904, 1.632, 373.961, 373.961, 373.961, 7.637, 69.263, 35.165, 35.488, 7.38, 11.694, 0, 0, 74.075, 76.012, 74.075, 76.012, 1, 76.227, 76.227, 0.024, 0.033, 679.181, 696.934, 679.181, 696.934, 5.302, 7.38, 11.694, , , 1, 3.281, 0, 0, 12.5, 3.787, 162, 0, 0, 0, 75, 20.177, 20.474, 96.952, 101.84, 100, 0, 0, 30.415, 29.458, 100, 4.412, 105.205, 0, 0, 106.831, 75.442, 0, 0, 0, 0, 0, 14, 0, 12.5, 0, 3.788, 162, 0, 0, 0, 75, 1, 0.02, 0.02, 96.952, 101.84, 100, 0, 0, 141, 30.415, 29.458, 100, 4.412, 0, 105.205, 0, 0, 106.831, 75.442, 0, 0, 0, 0, 
3.25, 24.89, 100.47, 64.202, 64.889, , 15.714, 0.975, 262.409, 262.409, 1.617, 375.398, 375.398, 375.398, 7.006, 69.494, 35.022, 35.273, 7.379, 11.722, 0, 0, 75.113, 77.077, 75.113, 77.077, 1, 76.987, 76.987, 0.024, 0.033, 745.671, 765.162, 745.671, 765.162, 5.345, 7.379, 11.722, , , 1, 3.332, 0, 0, 12.5, 3.839, 162.108, 0, 0, 0, 75, 20.299, 20.569, 96.703, 101.748, 100, 0, 0, 30.581, 29.581, 100, 4.411, 105.986, 0, 0, 107.27, 76.446, 0, 0, 0, 0, 0, 14, 0, 12.5, 0, 3.84, 162.108, 0, 0, 0, 75, 1, 0.02, 0.02, 96.703, 101.748, 100, 0, 0, 141, 30.581, 29.581, 100, 4.411, 0, 105.986, 0, 0, 107.27, 76.446, 0, 0, 0, 0, 
3.3, 24.89, 100.47, 64.198, 64.888, , 15.717, 0.975, 267.968, 267.968, 1.602, 375.493, 375.493, 375.493, 6.38, 69.725, 34.879, 35.058, 7.379, 11.747, 0, 0, 75.88, 77.864, 75.88, 77.864, 1, 77.758, 77.758, 0.024, 0.033, 820.182, 841.621, 820.182, 841.621, 5.389, 7.379, 11.747, , , 1, 3.382, 0, 0, 12.5, 3.902, 162.301, 0, 0, 0, 75, 20.44, 20.693, 96.53, 101.641, 100, 0, 0, 30.725, 29.725, 100, 4.413, 106.855, 0, 0, 107.753, 77.582, 0, 0, 0, 0, 0, 14, 0, 12.5, 0, 3.903, 162.301, 0, 0, 0, 75, 1, 0.02, 0.02, 96.53, 101.641, 100, 0, 0, 141, 30.725, 29.725, 100, 4.413, 0, 106.855, 0, 0, 107.753, 77.582, 0, 0, 0, 0, 
3.35, 24.89, 100.47, 64.194, 64.887, , 15.713, 0.975, 273.536, 273.536, 1.588, 375.414, 375.414, 375.414, 5.765, 69.955, 34.735, 34.843, 7.378, 11.767, 0, 0, 76.609, 78.614, 76.609, 78.614, 1, 78.53, 78.53, 0.024, 0.033, 909.234, 933.002, 909.234, 933.002, 5.446, 7.378, 11.767, , , 1, 3.431, 0, 0, 12.5, 3.965, 162.494, 0, 0, 0, 75, 20.582, 20.818, 96.357, 101.535, 100, 0, 0, 30.869, 29.869, 100, 4.415, 107.724, 0, 0, 108.236, 78.717, 0, 0, 0, 0, 0, 14, 0, 12.5, 0, 3.966, 162.494, 0, 0, 0, 75, 1, 0.02, 0.02, 96.357, 101.535, 100, 0, 0, 141, 30.869, 29.869, 100, 4.415, 0, 107.724, 0, 0, 108.236, 78.717, 0, 0, 0, 0, 
3.4, 24.89, 100.47, 64.19, 64.886, , 15.694, 0.975, 279.915, 279.915, 1.573, 374.988, 374.988, 374.988, 4.985, 70.186, 34.592, 34.628, 7.378, 11.788, 0, 0, 77.357, 79.379, 77.357, 79.379, 1, 79.535, 79.535, 0.024, 0.033, 1039.932, 1067.114, 1039.932, 1067.114, 5.503, 7.378, 11.788, , , 1, 3.481, 0, 0, 12.5, 4.028, 162.687, 0, 0, 0, 75, 20.723, 20.942, 96.184, 101.428, 100, 0, 0, 31.013, 30.013, 100, 4.417, 108.593, 0, 0, 108.718, 79.853, 0, 0, 0, 0, 0, 14, 0, 12.5, 0, 4.029, 162.687, 0, 0, 0, 75, 1, 0.021, 0.021, 96.184, 101.428, 100, 0, 0, 141, 31.013, 30.013, 100, 4.417, 0, 108.593, 0, 0, 108.718, 79.853, 0, 0, 0, 0, 
3.45, 24.89, 100.47, 64.186, 64.885, , 15.637, 0.975, 287.262, 287.262, 1.558, 373.675, 373.675, 373.675, 4.344, 70.417, 34.538, 34.574, 7.378, 11.809, 0, 0, 78.037, 80.076, 78.037, 80.076, 1, 80.376, 80.376, 0.025, 0.033, 1233.518, 1265.762, 1233.518, 1265.762, 5.56, 7.378, 11.809, , , 1, 3.531, 0, 0, 12.5, 4.091, 162.88, 0, 0, 0, 75, 20.865, 21.066, 96.011, 101.321, 100, 0, 0, 31.158, 30.158, 100, 4.419, 109.461, 0, 0, 109.201, 80.988, 0, 0, 0, 0, 0, 14, 0, 12.5, 0, 4.092, 162.88, 0, 0, 0, 75, 1, 0.021, 0.021, 96.011, 101.321, 100, 0, 0, 141, 31.158, 30.158, 100, 4.419, 0, 109.461, 0, 0, 109.201, 80.988, 0, 0, 0, 0, 
3.5, 24.89, 100.47, 64.183, 64.883, , 15.572, 0.975, 293.042, 293.042, 1.543, 372.152, 372.152, 372.152, 3.778, 70.648, 34.574, 34.683, 7.378, 11.825, 0, 0, 78.46, 80.511, 78.46, 80.511, 1, 81.131, 81.131, 0.025, 0.033, 1434.178, 1471.667, 1434.178, 1471.667, 5.613, 7.378, 11.825, , , 1, 3.581, 0, 0, 12.5, 4.147, 163, 0, 0, 0, 75, 20.979, 21.169, 95.833, 101.211, 100, 0, 0, 31.288, 30.288, 100, 4.42, 110.218, 0, 0, 109.835, 82.018, 0, 0, 0, 0, 0, 14, 0, 12.5, 0, 4.147, 163, 0, 0, 0, 75, 1, 0.021, 0.021, 95.833, 101.211, 100, 0, 0, 141, 31.288, 30.288, 100, 4.42, 0, 110.218, 0, 0, 109.835, 82.018, 0, 0, 0, 0, 
3.55, 24.89, 100.47, 64.179, 64.882, , 15.536, 0.975, 298.88, 298.88, 1.528, 371.319, 371.319, 371.319, 3.217, 70.879, 34.61, 34.791, 7.379, 11.831, 0, 0, 79.019, 81.083, 79.019, 81.083, 1, 81.891, 81.891, 0.025, 0.033, 1709.213, 1753.891, 1709.213, 1753.891, 5.623, 7.379, 11.831, , , 1, 3.631, 0, 0, 12.5, 4.19, 163, 0, 0, 0, 75, 21.047, 21.237, 95.645, 101.097, 100, 0, 0, 31.392, 30.392, 100, 4.42, 110.791, 0, 0, 110.717, 82.858, 0, 0, 0, 0, 0, 14, 0, 12.5, 0, 4.19, 163, 0, 0, 0, 75, 1, 0.021, 0.021, 95.645, 101.097, 100, 0, 0, 141, 31.392, 30.392, 100, 4.42, 0, 110.791, 0, 0, 110.717, 82.858, 0, 0, 0, 0, 
3.6, 24.89, 100.47, 64.175, 64.881, , 15.508, 0.975, 304.834, 304.834, 1.514, 370.67, 370.67, 370.67, 2.663, 71.11, 34.647, 34.9, 7.379, 11.832, 0, 0, 79.624, 81.704, 79.624, 81.704, 1, 82.653, 82.653, 0.025, 0.033, 2162.443, 2218.968, 2162.443, 2218.968, 5.633, 7.379, 11.832, , , 1, 3.682, 0, 0, 12.5, 4.233, 163, 0, 0, 0, 75, 21.115, 21.305, 95.458, 100.982, 100, 0, 0, 31.496, 30.496, 100, 4.42, 111.364, 0, 0, 111.599, 83.699, 0, 0, 0, 0, 0, 14, 0, 12.5, 0, 4.233, 163, 0, 0, 0, 75, 1, 0.021, 0.021, 95.458, 100.982, 100, 0, 0, 141, 31.496, 30.496, 100, 4.42, 0, 111.364, 0, 0, 111.599, 83.699, 0, 0, 0, 0, 
3.65, 24.89, 100.47, 64.171, 64.88, , 15.491, 0.975, 310.734, 310.734, 1.499, 370.287, 370.287, 370.287, 2.117, 71.341, 34.683, 35.008, 7.38, 11.822, 0, 0, 80.261, 82.358, 80.261, 82.358, 1, 83.416, 83.416, 0.025, 0.033, 2942.29, 3019.2, 2942.29, 3019.2, 5.643, 7.38, 11.822, , , 1, 3.732, 0, 0, 12.5, 4.277, 163, 0, 0, 0, 75, 21.183, 21.372, 95.27, 100.868, 100, 0, 0, 31.6, 30.6, 100, 4.42, 111.936, 0, 0, 112.48, 84.54, 0, 0, 0, 0, 0, 14, 0, 12.5, 0, 4.277, 163, 0, 0, 0, 75, 1, 0.021, 0.021, 95.27, 100.868, 100, 0, 0, 141, 31.6, 30.6, 100, 4.42, 0, 111.936, 0, 0, 112.48, 84.54, 0, 0, 0, 0, 
3.7, 24.89, 100.47, 64.17, 64.879, , 15.434, 0.975, 316.721, 316.721, 1.484, 368.978, 368.978, 368.978, 1.587, 71.571, 34.85, 35.079, 7.38, 11.806, 0, 0, 80.697, 82.807, 80.697, 82.807, 1, 84.17, 84.17, 0.025, 0.033, 4914.751, 5043.217, 4914.751, 5043.217, 5.653, 7.38, 11.806, , , 1, 3.781, 0, 0, 12.5, 4.32, 163, 0, 0, 0, 75, 21.25, 21.44, 95.082, 100.753, 100, 0, 0, 31.704, 30.704, 100, 4.42, 112.509, 0, 0, 113.362, 85.38, 0, 0, 0, 0, 0, 14, 0, 12.5, 0, 4.32, 163, 0, 0, 0, 75, 1, 0.021, 0.021, 95.082, 100.753, 100, 0, 0, 141, 31.704, 30.704, 100, 4.42, 0, 112.509, 0, 0, 113.362, 85.38, 0, 0, 0, 0, 
3.75, 24.89, 100.47, 64.17, 64.878, , 15.41, 0.975, 322.844, 322.844, 1.469, 368.427, 368.427, 368.427, 1.51, 71.802, 35.138, 35.115, 7.379, 11.773, 0, 0, 81.3, 83.426, 81.3, 83.426, 1, 84.924, 84.924, 0.025, 0.033, 5702.369, 5851.421, 5702.369, 5851.421, 5.679, 7.379, 11.773, , , 1, 3.831, 0, 0, 12.5, 4.35, 163, 0, 0, 0, 75, 21.289, 21.479, 95, 100.661, 100, 0, 0, 31.779, 30.779, 100, 4.419, 112.901, 0, 0, 113.896, 85.967, 0, 0, 0, 0, 0, 14, 0, 12.5, 0, 4.35, 163, 0, 0, 0, 75, 1, 0.021, 0.022, 95, 100.661, 100, 0, 0, 141, 31.779, 30.779, 100, 4.419, 0, 112.901, 0, 0, 113.896, 85.967, 0, 0, 0, 0, 
3.8, 24.89, 100.47, 64.17, 64.877, , 15.372, 0.975, 328.988, 328.988, 1.454, 367.545, 367.545, 367.545, 2.911, 72.033, 35.426, 35.151, 7.379, 11.738, 0, 0, 81.831, 83.971, 81.831, 83.971, 1, 85.68, 85.68, 0.025, 0.033, 5360.655, 5500.774, 5360.655, 5500.774, 5.708, 7.379, 11.738, , , 1, 3.881, 0, 0, 12.5, 4.371, 163, 0, 0, 0, 75, 21.306, 21.496, 95, 100.585, 100, 0, 0, 31.831, 30.831, 100, 4.417, 113.161, 0, 0, 114.158, 86.354, 0, 0, 0, 0, 0, 14, 0, 12.5, 0, 4.371, 163, 0, 0, 0, 75, 1, 0.021, 0.022, 95, 100.585, 100, 0, 0, 141, 31.831, 30.831, 100, 4.417, 0, 113.161, 0, 0, 114.158, 86.354, 0, 0, 0, 0, 
3.85, 24.89, 100.47, 64.17, 64.875, , 15.307, 0.975, 335.133, 335.133, 1.44, 366.037, 366.037, 366.037, 6.319, 72.264, 35.714, 35.187, 7.378, 11.701, 0, 0, 82.204, 84.354, 82.204, 84.354, 1, 86.428, 86.428, 0.025, 0.033, 4836.569, 4962.988, 4836.569, 4962.988, 5.737, 7.378, 11.701, , , 1, 3.932, 0, 0, 12.5, 4.391, 163, 0, 0, 0, 75, 21.323, 21.513, 95, 100.509, 100, 0, 0, 31.883, 30.883, 100, 4.415, 113.422, 0, 0, 114.419, 86.742, 0, 0, 0, 0, 0, 14, 0, 12.5, 0, 4.391, 163, 0, 0, 0, 75, 1, 0.021, 0.022, 95, 100.509, 100, 0, 0, 141, 31.883, 30.883, 100, 4.415, 0, 113.422, 0, 0, 114.419, 86.742, 0, 0, 0, 0, 
3.9, 24.89, 100.47, 64.17, 64.874, , 15.26, 0.975, 341.401, 341.401, 1.425, 364.927, 364.927, 364.927, 11.549, 72.495, 36.002, 35.223, 7.378, 11.664, 0, 0, 82.677, 84.839, 82.677, 84.839, 1, 87.175, 87.175, 0.025, 0.033, 4044.855, 4150.581, 4044.855, 4150.581, 5.766, 7.378, 11.664, , , 1, 3.982, 0, 0, 12.5, 4.412, 163, 0, 0, 0, 75, 21.339, 21.529, 95, 100.433, 100, 0, 0, 31.935, 30.935, 100, 4.413, 113.682, 0, 0, 114.681, 87.13, 0, 0, 0, 0, 0, 14, 0, 12.5, 0, 4.412, 163, 0, 0, 0, 75, 1, 0.021, 0.022, 95, 100.433, 100, 0, 0, 141, 31.935, 30.935, 100, 4.413, 0, 113.682, 0, 0, 114.681, 87.13, 0, 0, 0, 0, 
3.95, 24.89, 100.47, 64.17, 64.873, , 15.237, 0.975, 347.655, 347.655, 1.41, 364.414, 364.414, 364.414, 15.409, 72.726, 36.028, 35.277, 7.378, 11.634, 0, 0, 83.271, 85.449, 83.271, 85.449, 1, 87.926, 87.926, 0.025, 0.033, 2544.035, 2610.532, 2544.035, 2610.532, 5.827, 7.378, 11.634, , , 1, 4.032, 0, 0, 12.5, 4.432, 163, 0, 0, 0, 75, 21.356, 21.546, 95, 100.357, 100, 0, 0, 31.988, 30.988, 100, 4.41, 113.943, 0, 0, 114.942, 87.517, 0, 0, 0, 0, 0, 14, 0, 12.5, 0, 4.432, 163, 0, 0, 0, 75, 1, 0.021, 0.022, 95, 100.357, 100, 0, 0, 141, 31.988, 30.988, 100, 4.41, 0, 113.943, 0, 0, 114.942, 87.517, 0, 0, 0, 0, 
4, 24.89, 100.47, 64.17, 64.872, , 15.219, 0.975, 354.036, 354.036, 1.729, 364.005, 364.005, 364.005, 19.667, 67.367, 35.812, 35.349, 7.378, 11.604, 0, 0, 83.881, 86.075, 83.881, 86.075, 1, 88.672, 88.672, 0.025, 0.033, 513.419, 526.839, 513.419, 526.839, 5.894, 7.378, 11.604, , , 1, 4.082, 0, 0, 12.5, 4.468, 163, 0, 0, 0, 75, 21.363, 21.538, 94.731, 100.285, 100, 0, 0, 32.073, 31.073, 100, 4.413, 114.149, 0, 0, 115.075, 88.246, 0, 0, 0, 0, 0, 13.985, 0, 12.5, 0, 4.468, 163, 0, 0, 0, 75, 1, 0.021, 0.022, 94.731, 100.285, 100, 0, 0, 141, 32.073, 31.073, 100, 4.413, 0, 114.149, 0, 0, 115.075, 88.246, 0, 0, 0, 0, 
4.05, 24.89, 100.47, 64.17, 64.871, , 15.142, 0.975, 360.368, 360.368, 2.191, 362.2, 362.2, 362.2, 24.434, 59.612, 35.596, 35.421, 7.379, 11.581, 0, 0, 84.157, 86.357, 84.157, 86.357, 1, 89.417, 89.417, 0.025, 0.033, 233.697, 239.805, 233.697, 239.805, 5.961, 7.379, 11.581, , , 1, 4.131, 0, 0, 12.5, 4.507, 163, 0, 0, 0, 75, 21.367, 21.523, 94.386, 100.213, 100, 0, 0, 32.169, 31.169, 100, 4.417, 114.341, 0, 0, 115.17, 89.082, 0, 0, 0, 0, 0, 13.966, 0, 12.5, 0, 4.507, 163, 0, 0, 0, 75, 1, 0.021, 0.022, 94.386, 100.213, 100, 0, 0, 141, 32.169, 31.169, 100, 4.417, 0, 114.341, 0, 0, 115.17, 89.082, 0, 0, 0, 0, 
4.1, 24.89, 100.47, 64.17, 64.87, , 15.092, 0.975, 366.854, 366.854, 2.654, 361.042, 361.042, 361.042, 29.19, 51.857, 35.38, 35.493, 7.379, 11.56, 0, 0, 84.583, 86.794, 84.583, 86.794, 1, 90.158, 90.158, 0.024, 0.033, 184.3, 189.123, 184.3, 189.123, 6.028, 7.379, 11.56, , , 1, 4.182, 0, 0, 12.5, 4.547, 163, 0, 0, 0, 75, 21.371, 21.508, 94.041, 100.142, 100, 0, 0, 32.265, 31.265, 100, 4.421, 114.533, 0, 0, 115.266, 89.919, 0, 0, 0, 0, 0, 13.947, 0, 12.5, 0, 4.547, 163, 0, 0, 0, 75, 1, 0.021, 0.021, 94.041, 100.142, 100, 0, 0, 141, 32.265, 31.265, 100, 4.421, 0, 114.533, 0, 0, 115.266, 89.919, 0, 0, 0, 0, 
4.15, 24.891, 100.47, 64.17, 64.871, , 15.023, 0.975, 373.34, 373.34, , 359.429, 359.429, 359.429, , , 35.164, 35.565, 7.381, 11.546, 0, 0, 84.893, 87.112, 84.893, 87.112, 1, 90.901, 90.901, 0.024, 0.033, , , , , 6.086, 7.381, 11.546, , , 1, 4.232, 0, 0, 12.5, 4.586, 163, 0, 0, 0, 75, 21.374, 21.492, 93.697, 100.071, 100, 0, 0, 32.362, 31.362, 100, 4.424, 114.724, 0, 0, 115.362, 90.755, 0, 0, 0, 0, 0, 13.927, 0, 12.5, 0, 4.586, 163, 0, 0, 0, 75, 1, 0.021, 0.021, 93.697, 100.071, 100, 0, 0, 141, 32.362, 31.362, 100, 4.424, 0, 114.724, 0, 0, 115.362, 90.755, 0, 0, 0, 0, 
4.2, 24.893, 100.47, 64.17, 64.873, , 14.983, 0.975, 380.004, 380.004, , 358.516, 358.516, 358.516, , , 35.078, 35.582, 7.382, 11.533, 0, 0, 85.374, 87.604, 85.374, 87.604, 1, 91.637, 91.637, 0.024, 0.033, , , , , 6.138, 7.382, 11.533, , , 1, 4.282, 0, 0, 12.5, 4.625, 163, 0, 0, 0, 75, 21.378, 21.477, 93.352, 100, 100, 0, 0, 32.458, 31.458, 100, 4.428, 114.916, 0, 0, 115.458, 91.592, 0, 0, 0, 0, 0, 13.908, 0, 12.5, 0, 4.625, 163, 0, 0, 0, 75, 1, 0.021, 0.021, 93.352, 100, 100, 0, 0, 141, 32.458, 31.458, 100, 4.428, 0, 114.916, 0, 0, 115.458, 91.592, 0, 0, 0, 0, 
4.25, 24.894, 100.47, 64.17, 64.874, , 14.914, 0.975, 388.388, 388.388, , 356.911, 356.911, 356.911, , , 35.113, 35.547, 7.382, 11.527, 0, 0, 85.856, 88.099, 85.856, 88.099, 1, 92.448, 92.448, 0.024, 0.033, , , , , 6.19, 7.382, 11.527, , , 1, 4.332, 0, 0, 12.5, 4.666, 163, 0, 0, 0, 75, 21.372, 21.464, 93.2, 99.929, 100, 0, 0, 32.5, 31.554, 100, 4.428, 115, 0, 0, 115.554, 92.362, 0, 0, 0, 0, 0, 13.9, 0, 12.5, 0, 4.666, 163, 0, 0, 0, 75, 1, 0.021, 0.021, 93.2, 99.929, 100, 0, 0, 141, 32.5, 31.554, 100, 4.428, 0, 115, 0, 0, 115.554, 92.362, 0, 0, 0, 0, 
4.3, 24.895, 100.47, 64.17, 64.875, , 14.894, 0.975, 395.576, 395.576, , 356.457, 356.457, 356.457, , , 35.148, 35.512, 7.382, 11.521, 0, 0, 86.486, 88.745, 86.486, 88.745, 1, 93.361, 93.361, 0.024, 0.033, , , , , 6.243, 7.382, 11.521, , , 1, 4.381, 0, 0, 12.5, 4.706, 163, 0, 0, 0, 75, 21.359, 21.452, 93.2, 99.858, 100, 0, 0, 32.5, 31.65, 100, 4.424, 115, 0, 0, 115.651, 93.079, 0, 0, 0, 0, 0, 13.9, 0, 12.5, 0, 4.706, 163, 0, 0, 0, 75, 1, 0.021, 0.021, 93.2, 99.858, 100, 0, 0, 141, 32.5, 31.65, 100, 4.424, 0, 115, 0, 0, 115.651, 93.079, 0, 0, 0, 0, 
4.35, 24.896, 100.47, 64.17, 64.876, , 14.84, 0.975, 402.353, 402.353, , 355.193, 355.193, 355.193, , , 35.182, 35.478, 7.382, 11.521, 0, 0, 86.843, 89.111, 86.843, 89.111, 1, 94.085, 94.085, 0.024, 0.033, , , , , 6.285, 7.382, 11.521, , , 1, 4.431, 0, 0, 12.5, 4.747, 163, 0, 0, 0, 75, 21.346, 21.44, 93.2, 99.786, 100, 0, 0, 32.5, 31.746, 100, 4.42, 115, 0, 0, 115.747, 93.796, 0, 0, 0, 0, 0, 13.9, 0, 12.5, 0, 4.747, 163, 0, 0, 0, 75, 1, 0.021, 0.021, 93.2, 99.786, 100, 0, 0, 141, 32.5, 31.746, 100, 4.42, 0, 115, 0, 0, 115.747, 93.796, 0, 0, 0, 0, 
4.4, 24.897, 100.47, 64.17, 64.877, , 14.776, 0.975, 409.174, 409.174, , 353.694, 353.694, 353.694, , , 35.217, 35.443, 7.382, 11.52, 0, 0, 87.145, 89.42, 87.145, 89.42, 1, 94.819, 94.819, 0.024, 0.033, , , , , 6.31, 7.382, 11.52, , , 1, 4.482, 0, 0, 12.5, 4.788, 163, 0, 0, 0, 75, 21.332, 21.429, 93.2, 99.715, 100, 0, 0, 32.5, 31.842, 100, 4.416, 115, 0, 0, 115.844, 94.514, 0, 0, 0, 0, 0, 13.9, 0, 12.5, 0, 4.788, 163, 0, 0, 0, 75, 1, 0.021, 0.021, 93.2, 99.715, 100, 0, 0, 141, 32.5, 31.842, 100, 4.416, 0, 115, 0, 0, 115.844, 94.514, 0, 0, 0, 0, 
4.45, 24.898, 100.47, 64.17, 64.878, , 14.713, 0.975, 416.042, 416.042, , 352.236, 352.236, 352.236, , , 35.265, 35.42, 7.381, 11.521, 0, 0, 87.449, 89.733, 87.449, 89.733, 1, 95.544, 95.544, 0.024, 0.033, , , , , 6.336, 7.381, 11.521, , , 1, 4.532, 0, 0, 12.5, 4.829, 163, 0, 0, 0, 75, 21.319, 21.417, 93.2, 99.644, 100, 0, 0, 32.5, 31.938, 100, 4.412, 115, 0, 0, 115.94, 95.231, 0, 0, 0, 0, 0, 13.9, 0, 12.5, 0, 4.829, 163, 0, 0, 0, 75, 1, 0.021, 0.021, 93.2, 99.644, 100, 0, 0, 141, 32.5, 31.938, 100, 4.412, 0, 115, 0, 0, 115.94, 95.231, 0, 0, 0, 0, 
4.5, 24.899, 100.47, 64.17, 64.879, , 14.624, 0.975, 422.91, 422.91, , 350.143, 350.143, 350.143, , , 35.34, 35.42, 7.38, 11.521, 0, 0, 87.584, 89.872, 87.584, 89.872, 1, 96.26, 96.26, 0.025, 0.033, , , , , 6.361, 7.38, 11.521, , , 1, 4.581, 0, 0, 12.5, 4.867, 163, 0, 0, 0, 75, 21.292, 21.391, 93.123, 99.542, 100, 0, 0, 32.534, 32, 100, 4.41, 115, 0, 0, 115.971, 95.876, 0, 0, 0, 0, 0, 13.9, 0, 12.5, 0, 4.867, 163, 0, 0, 0, 75, 1, 0.021, 0.021, 93.123, 99.542, 100, 0, 0, 141, 32.534, 32, 100, 4.41, 0, 115, 0, 0, 115.971, 95.876, 0, 0, 0, 0, 
4.55, 24.901, 100.47, 64.17, 64.881, , 14.561, 0.975, 429.852, 429.852, , 348.678, 348.678, 348.678, , , 35.415, 35.42, 7.38, 11.51, 0, 0, 87.865, 90.16, 87.865, 90.16, 1, 96.983, 96.983, 0.025, 0.033, , , , , 6.39, 7.38, 11.51, , , 1, 4.631, 0, 0, 12.5, 4.901, 163, 0, 0, 0, 75, 21.243, 21.34, 92.919, 99.388, 100, 0, 0, 32.629, 32, 100, 4.41, 115, 0, 0, 115.896, 96.393, 0, 0, 0, 0, 0, 13.9, 0, 12.5, 0, 4.901, 163, 0, 0, 0, 75, 1, 0.021, 0.021, 92.919, 99.388, 100, 0, 0, 141, 32.629, 32, 100, 4.41, 0, 115, 0, 0, 115.896, 96.393, 0, 0, 0, 0, 
4.6, 24.902, 100.47, 64.17, 64.882, , 14.466, 0.975, 436.919, 436.919, , 346.449, 346.449, 346.449, , , 35.489, 35.42, 7.38, 11.498, 0, 0, 87.951, 90.249, 87.951, 90.249, 1, 97.689, 97.689, 0.025, 0.033, , , , , 6.424, 7.38, 11.498, , , 1, 4.681, 0, 0, 12.5, 4.935, 163, 0, 0, 0, 75, 21.193, 21.289, 92.715, 99.235, 100, 0, 0, 32.723, 32, 100, 4.41, 115, 0, 0, 115.82, 96.91, 0, 0, 0, 0, 0, 13.9, 0, 12.5, 0, 4.935, 163, 0, 0, 0, 75, 1, 0.021, 0.021, 92.715, 99.235, 100, 0, 0, 141, 32.723, 32, 100, 4.41, 0, 115, 0, 0, 115.82, 96.91, 0, 0, 0, 0, 
4.65, 24.903, 100.47, 64.17, 64.883, , 14.43, 0.975, 443.941, 443.941, , 345.614, 345.614, 345.614, , , 35.564, 35.42, 7.38, 11.483, 0, 0, 88.37, 90.68, 88.37, 90.68, 1, 98.402, 98.402, 0.025, 0.033, , , , , 6.459, 7.38, 11.483, , , 1, 4.732, 0, 0, 12.5, 4.969, 163, 0, 0, 0, 75, 21.144, 21.237, 92.511, 99.081, 100, 0, 0, 32.818, 32, 100, 4.41, 115, 0, 0, 115.745, 97.427, 0, 0, 0, 0, 0, 13.9, 0, 12.5, 0, 4.969, 163, 0, 0, 0, 75, 1, 0.021, 0.021, 92.511, 99.081, 100, 0, 0, 141, 32.818, 32, 100, 4.41, 0, 115, 0, 0, 115.745, 97.427, 0, 0, 0, 0, 
4.7, 24.904, 100.47, 64.17, 64.884, , 14.34, 0.975, 451.079, 451.079, , 343.513, 343.513, 343.513, , , 35.506, 35.42, 7.38, 11.467, 0, 0, 88.465, 90.779, 88.465, 90.779, 1, 99.106, 99.106, 0.025, 0.033, , , , , 6.494, 7.38, 11.467, , , 1, 4.781, 0, 0, 12.5, 5.002, 163, 0, 0, 0, 75, 21.094, 21.186, 92.307, 98.927, 100, 0, 0, 32.912, 32, 100, 4.41, 115, 0, 0, 115.669, 97.944, 0, 0, 0, 0, 0, 13.9, 0, 12.5, 0, 5.002, 163, 0, 0, 0, 75, 1, 0.021, 0.021, 92.307, 98.927, 100, 0, 0, 141, 32.912, 32, 100, 4.41, 0, 115, 0, 0, 115.669, 97.944, 0, 0, 0, 0, 
4.75, 24.905, 100.47, 64.17, 64.885, , 14.237, 0.975, 458.243, 458.243, , 341.079, 341.079, 341.079, , , 35.326, 35.42, 7.38, 11.436, 0, 0, 88.46, 90.772, 88.46, 90.772, 1, 99.815, 99.815, 0.025, 0.033, , , , , 6.531, 7.38, 11.436, , , 1, 4.832, 0, 0, 12.5, 5.036, 163, 0, 0, 0, 75, 21.044, 21.134, 92.103, 98.774, 100, 0, 0, 33.007, 32, 100, 4.41, 115, 0, 0, 115.594, 98.461, 0, 0, 0, 0, 0, 13.9, 0, 12.5, 0, 5.036, 163, 0, 0, 0, 75, 1, 0.021, 0.021, 92.103, 98.774, 100, 0, 0, 141, 33.007, 32, 100, 4.41, 0, 115, 0, 0, 115.594, 98.461, 0, 0, 0, 0, 
4.8, 24.906, 100.47, 64.17, 64.886, , 14.136, 0.975, 465.394, 465.394, , 338.725, 338.725, 338.725, , , 35.146, 35.42, 7.379, 11.404, 0, 0, 88.461, 90.773, 88.461, 90.773, 1, 100.507, 100.507, 0.025, 0.033, , , , , 6.578, 7.379, 11.404, , , 1, 4.882, 0, 0, 12.5, 5.07, 163, 0, 0, 0, 75, 20.995, 21.083, 91.899, 98.62, 100, 0, 0, 33.101, 32, 100, 4.41, 115, 0, 0, 115.518, 98.978, 0, 0, 0, 0, 0, 13.9, 0, 12.5, 0, 5.07, 163, 0, 0, 0, 75, 1, 0.021, 0.021, 91.899, 98.62, 100, 0, 0, 141, 33.101, 32, 100, 4.41, 0, 115, 0, 0, 115.518, 98.978, 0, 0, 0, 0, 
4.85, 24.907, 100.47, 64.17, 64.887, , 14.052, 0.975, 472.691, 472.691, , 336.747, 336.747, 336.747, , , 34.966, 35.42, 7.379, 11.368, 0, 0, 88.553, 90.869, 88.553, 90.869, 1, 101.203, 101.203, 0.025, 0.033, , , , , 6.626, 7.379, 11.368, , , 1, 4.931, 0, 0, 12.5, 5.104, 163, 0, 0, 0, 75, 20.945, 21.031, 91.695, 98.467, 100, 0, 0, 33.196, 32, 100, 4.41, 115, 0, 0, 115.443, 99.495, 0, 0, 0, 0, 0, 13.9, 0, 12.5, 0, 5.104, 163, 0, 0, 0, 75, 1, 0.021, 0.021, 91.695, 98.467, 100, 0, 0, 141, 33.196, 32, 100, 4.41, 0, 115, 0, 0, 115.443, 99.495, 0, 0, 0, 0, 
4.9, 24.909, 100.47, 64.17, 64.889, , 13.914, 0.975, 480.031, 480.031, , 333.485, 333.485, 333.485, , , 34.786, 35.42, 7.378, 11.331, 0, 0, 88.295, 90.604, 88.295, 90.604, 1, 101.888, 101.888, 0.025, 0.033, , , , , 6.674, 7.378, 11.331, , , 1, 4.982, 0, 0, 12.5, 5.138, 163, 0, 0, 0, 75, 20.896, 20.98, 91.491, 98.313, 100, 0, 0, 33.29, 32, 100, 4.41, 115, 0, 0, 115.367, 100.012, 0, 0, 0, 0, 0, 13.9, 0, 12.5, 0, 5.138, 163, 0, 0, 0, 75, 1, 0.021, 0.021, 91.491, 98.313, 100, 0, 0, 141, 33.29, 32, 100, 4.41, 0, 115, 0, 0, 115.367, 100.012, 0, 0, 0, 0, 
4.95, 24.91, 100.47, 64.17, 64.89, , 13.84, 0.975, 487.431, 487.431, , 331.757, 331.757, 331.757, , , 34.775, 35.401, 7.378, 11.287, 0, 0, 88.433, 90.744, 88.433, 90.744, 1, 102.577, 102.577, 0.025, 0.033, , , , , 6.722, 7.378, 11.287, , , 1, 5.032, 0, 0, 12.5, 5.172, 163, 0, 0, 0, 75, 20.846, 20.929, 91.287, 98.16, 100, 0, 0, 33.385, 32, 100, 4.41, 115, 0, 0, 115.292, 100.529, 0, 0, 0, 0, 0, 13.9, 0, 12.5, 0, 5.172, 163, 0, 0, 0, 75, 1, 0.021, 0.021, 91.287, 98.16, 100, 0, 0, 141, 33.385, 32, 100, 4.41, 0, 115, 0, 0, 115.292, 100.529, 0, 0, 0, 0, 
5, 24.911, 100.47, 64.17, 64.891, , 13.764, 0.975, 494.874, 494.874, , 329.976, 329.976, 329.976, , , 34.919, 35.365, 7.377, 11.242, 0, 0, 88.543, 90.856, 88.543, 90.856, 1, 103.258, 103.258, 0.025, 0.033, , , , , 6.758, 7.377, 11.242, , , 1, 5.081, 0, 0, 12.5, 5.206, 163, 0, 0, 0, 75, 20.797, 20.877, 91.083, 98.006, 100, 0, 0, 33.48, 32, 100, 4.41, 115, 0, 0, 115.216, 101.046, 0, 0, 0, 0, 0, 13.9, 0, 12.5, 0, 5.206, 163, 0, 0, 0, 75, 1, 0.021, 0.021, 91.083, 98.006, 100, 0, 0, 141, 33.48, 32, 100, 4.41, 0, 115, 0, 0, 115.216, 101.046, 0, 0, 0, 0, 
5.05, 24.912, 100.47, 64.17, 64.892, , 13.656, 0.975, 502.326, 502.326, , 327.457, 327.457, 327.457, , , 35.063, 35.329, 7.377, 11.204, 0, 0, 88.439, 90.748, 88.439, 90.748, 1, 103.938, 103.938, 0.025, 0.033, , , , , 6.793, 7.377, 11.204, , , 1, 5.131, 0, 0, 12.5, 5.24, 163, 0, 0, 0, 75, 20.747, 20.826, 90.879, 97.853, 100, 0, 0, 33.574, 32, 100, 4.41, 115, 0, 0, 115.14, 101.563, 0, 0, 0, 0, 0, 13.9, 0, 12.5, 0, 5.24, 163, 0, 0, 0, 75, 1, 0.021, 0.021, 90.879, 97.853, 100, 0, 0, 141, 33.574, 32, 100, 4.41, 0, 115, 0, 0, 115.14, 101.563, 0, 0, 0, 0, 
5.1, 24.913, 100.47, 64.17, 64.893, , 13.591, 0.975, 509.858, 509.858, , 325.941, 325.941, 325.941, , , 35.207, 35.293, 7.377, 11.165, 0, 0, 88.6, 90.912, 88.6, 90.912, 1, 104.611, 104.611, 0.024, 0.033, , , , , 6.827, 7.377, 11.165, , , 1, 5.182, 0, 0, 12.5, 5.274, 163, 0, 0, 0, 75, 20.698, 20.774, 90.675, 97.699, 100, 0, 0, 33.669, 32, 100, 4.41, 115, 0, 0, 115.065, 102.08, 0, 0, 0, 0, 0, 13.9, 0, 12.5, 0, 5.274, 163, 0, 0, 0, 75, 1, 0.021, 0.021, 90.675, 97.699, 100, 0, 0, 141, 33.669, 32, 100, 4.41, 0, 115, 0, 0, 115.065, 102.08, 0, 0, 0, 0, 
5.15, 24.914, 100.47, 64.17, 64.894, , 13.538, 0.975, 517.436, 517.436, , 324.696, 324.696, 324.696, , , 35.351, 35.257, 7.377, 11.146, 0, 0, 88.821, 91.14, 88.821, 91.14, 1, 105.274, 105.274, 0.024, 0.033, , , , , 6.862, 7.377, 11.146, , , 1, 5.231, 0, 0, 12.5, 5.31, 163, 0, 0, 0, 75, 20.64, 20.715, 90.474, 97.527, 100, 0, 0, 33.772, 32, 100, 4.41, 114.971, 0, 0, 114.971, 102.726, 0, 0, 0, 0, 0, 13.9, 0, 12.5, 0, 5.31, 163, 0, 0, 0, 75, 1, 0.02, 0.02, 90.474, 97.527, 100, 0, 0, 141, 33.772, 32, 100, 4.41, 0, 114.971, 0, 0, 114.971, 102.726, 0, 0, 0, 0, 
5.2, 24.915, 100.47, 64.17, 64.895, , 13.472, 0.975, 527.258, 527.258, , 323.175, 323.175, 323.175, , , 35.345, 35.221, 7.377, 11.128, 0, 0, 89.128, 91.455, 89.128, 91.455, 1, 106.139, 106.139, 0.024, 0.033, , , , , 6.904, 7.377, 11.128, , , 1, 5.281, 0, 0, 12.5, 5.362, 163, 0, 0, 0, 75, 20.532, 20.608, 90.284, 97.257, 100, 0, 0, 33.93, 32, 100, 4.41, 114.761, 0, 0, 114.761, 104.162, 0, 0, 0, 0, 0, 13.9, 0, 12.5, 0, 5.362, 163, 0, 0, 0, 75, 1, 0.02, 0.02, 90.284, 97.257, 100, 0, 0, 141, 33.93, 32, 100, 4.41, 0, 114.761, 0, 0, 114.761, 104.162, 0, 0, 0, 0, 
5.25, 24.917, 100.47, 64.17, 64.897, , 13.418, 0.975, 535.092, 535.092, , 321.917, 321.917, 321.917, , , 35.201, 35.185, 7.378, 11.149, 0, 0, 89.345, 91.679, 89.345, 91.679, 1, 106.807, 106.807, 0.025, 0.033, , , , , 6.951, 7.378, 11.149, , , 1, 5.332, 0, 0, 12.5, 5.413, 163, 0, 0, 0, 75, 20.423, 20.501, 90.095, 96.987, 100, 0, 0, 34.087, 32, 100, 4.41, 114.55, 0, 0, 114.55, 105.598, 0, 0, 0, 0, 0, 13.9, 0, 12.5, 0, 5.413, 163, 0, 0, 0, 75, 1, 0.02, 0.02, 90.095, 96.987, 100, 0, 0, 141, 34.087, 32, 100, 4.41, 0, 114.55, 0, 0, 114.55, 105.598, 0, 0, 0, 0, 
5.3, 24.918, 100.47, 64.17, 64.898, , 13.374, 0.975, 542.809, 542.809, , 320.892, 320.892, 320.892, , , 35.057, 35.149, 7.378, 11.172, 0, 0, 89.605, 91.946, 89.605, 91.946, 1, 107.459, 107.459, 0.025, 0.033, , , , , 6.998, 7.378, 11.172, , , 1, 5.382, 0, 0, 12.5, 5.465, 163, 0, 0, 0, 75, 20.315, 20.394, 89.906, 96.717, 100, 0, 0, 34.245, 32, 100, 4.41, 114.34, 0, 0, 114.34, 107.034, 0, 0, 0, 0, 0, 13.9, 0, 12.5, 0, 5.465, 163, 0, 0, 0, 75, 1, 0.02, 0.02, 89.906, 96.717, 100, 0, 0, 141, 34.245, 32, 100, 4.41, 0, 114.34, 0, 0, 114.34, 107.034, 0, 0, 0, 0, 
5.35, 24.919, 100.47, 64.17, 64.899, , 13.331, 0.975, 550.593, 550.593, , 319.887, 319.887, 319.887, , , 34.913, 35.113, 7.379, 11.239, 0, 0, 89.869, 92.218, 89.869, 92.218, 1, 108.116, 108.116, 0.025, 0.033, , , , , 7.045, 7.379, 11.239, , , 1, 5.431, 0, 0, 12.5, 5.516, 163, 0, 0, 0, 75, 20.207, 20.286, 89.717, 96.447, 100, 0, 0, 34.402, 32, 100, 4.41, 114.13, 0, 0, 114.13, 108.47, 0, 0, 0, 0, 0, 13.9, 0, 12.5, 0, 5.516, 163, 0, 0, 0, 75, 1, 0.02, 0.02, 89.717, 96.447, 100, 0, 0, 141, 34.402, 32, 100, 4.41, 0, 114.13, 0, 0, 114.13, 108.47, 0, 0, 0, 0, 
5.4, 24.92, 100.47, 64.17, 64.9, , 13.274, 0.975, 558.467, 558.467, , 318.559, 318.559, 318.559, , , 34.769, 35.077, 7.381, 11.311, 0, 0, 90.04, 92.393, 90.04, 92.393, 1, 108.781, 108.781, 0.025, 0.033, , , , , 7.092, 7.381, 11.311, , , 1, 5.482, 0, 0, 12.5, 5.568, 163, 0, 0, 0, 75, 20.044, 20.136, 89.463, 96.224, 100, 0, 0, 34.538, 32.076, 100, 4.412, 113.202, 0, 0, 113.24, 109.596, 0, 0, 0, 0, 0, 13.9, 0, 12.5, 0, 5.568, 163, 0, 0, 0, 75, 1, 0.02, 0.02, 89.463, 96.224, 100, 0, 0, 141, 34.557, 32.076, 100, 4.412, 0, 113.202, 0, 0, 113.24, 109.596, 0, 0, 0, 0, 
5.45, , 100.47, 64.17, , , 13.194, 0.975, 566.358, 566.358, , 316.701, 316.701, 316.701, , , 34.794, 35.378, 7.382, 11.414, 0, 0, 90.05, 92.404, 90.05, 92.404, 1, 109.426, 109.426, 0.025, 0.033, , , , , 7.14, 7.382, 11.414, , , 1, 5.532, 0, 0, 12.5, 5.62, 163, 0, 0, 0, 75, 19.792, 19.914, 89.103, 96.076, 100, 0, 0, 34.638, 32.276, 100, 4.416, 111.102, 0, 0, 111.24, 110.218, 0, 0, 0, 0, 0, 13.9, 0, 12.5, 0, 5.62, 163, 0, 0, 0, 75, 1, 0.02, 0.02, 89.103, 96.076, 100, 0, 0, 141, 34.707, 32.276, 100, 4.416, 0, 111.102, 0, 0, 111.24, 110.218, 0, 0, 0, 0, 
5.5, , 100.47, 64.17, , , 13.113, 0.975, 574.254, 574.254, , 314.803, 314.803, 314.803, , , 34.974, 35.99, 7.384, 11.522, 0, 0, 90.044, 92.396, 90.044, 92.396, 1, 110.075, 110.075, 0.025, 0.033, , , , , 7.187, 7.384, 11.522, , , 1, 5.581, 0, 0, 12.5, 5.672, 163, 0, 0, 0, 75, 19.54, 19.692, 88.743, 95.928, 100, 0, 0, 34.738, 32.476, 100, 4.42, 109.002, 0, 0, 109.24, 110.84, 0, 0, 0, 0, 0, 13.9, 0, 12.5, 0, 5.672, 163, 0, 0, 0, 75, 1, 0.02, 0.02, 88.743, 95.928, 100, 0, 0, 141, 34.857, 32.476, 100, 4.42, 0, 109.002, 0, 0, 109.24, 110.84, 0, 0, 0, 0, 
5.55, , 100.47, 64.17, , , 13.064, 0.975, 582.3, 582.3, , 313.665, 313.665, 313.665, , , 35.154, 36.602, 7.384, 11.629, 0, 0, 90.249, 92.607, 90.249, 92.607, 1, 110.72, 110.72, 0.025, 0.033, , , , , 7.235, 7.384, 11.629, , , 1, 5.632, 0, 0, 12.5, 5.724, 163, 0, 0, 0, 75, 19.288, 19.47, 88.383, 95.78, 100, 0, 0, 34.838, 32.676, 100, 4.424, 106.902, 0, 0, 107.24, 111.462, 0, 0, 0, 0, 0, 13.9, 0, 12.5, 0, 5.724, 163, 0, 0, 0, 75, 1, 0.019, 0.019, 88.383, 95.78, 100, 0, 0, 141, 35.007, 32.676, 100, 4.424, 0, 106.902, 0, 0, 107.24, 111.462, 0, 0, 0, 0, 
5.6, , 100.47, 64.17, , , 12.984, 0.975, 590.352, 590.352, , 311.779, 311.779, 311.779, , , 35.334, 37.214, 7.384, 11.736, 0, 0, 90.228, 92.586, 90.228, 92.586, 1, 111.366, 111.366, 0.025, 0.033, , , , , 7.278, 7.384, 11.736, , , 1, 5.682, 0, 0, 12.5, 5.776, 163, 0, 0, 0, 75, 19.036, 19.248, 88.023, 95.632, 100, 0, 0, 34.938, 32.876, 100, 4.428, 104.802, 0, 0, 105.24, 112.084, 0, 0, 0, 0, 0, 13.9, 0, 12.5, 0, 5.776, 163, 0, 0, 0, 75, 1, 0.019, 0.019, 88.023, 95.632, 100, 0, 0, 141, 35.157, 32.876, 100, 4.428, 0, 104.802, 0, 0, 105.24, 112.084, 0, 0, 0, 0, 
5.65, , 100.47, 64.17, , , 12.904, 0.975, 598.404, 598.404, , 309.903, 309.903, 309.903, , , 35.514, 37.826, 7.383, 11.846, 0, 0, 90.199, 92.556, 90.199, 92.556, 1, 112.002, 112.002, 0.025, 0.033, , , , , 7.282, 7.383, 11.846, , , 1, 5.731, 0, 0, 12.5, 5.822, 163, 0, 0, 0, 75, 18.723, 18.961, 87.729, 95.452, 100, 0, 0, 35.059, 33.059, 100, 4.429, 102.985, 0, 0, 103.505, 112.837, 0, 0, 0, 0, 0, 13.9, 0, 12.5, 0, 5.822, 163, 0, 0, 0, 75, 1, 0.019, 0.019, 87.729, 95.452, 100, 0, 0, 141, 35.29, 33.059, 100, 4.429, 0, 102.985, 0, 0, 103.505, 112.837, 0, 0, 0, 0, 
5.7, , 100.47, 64.17, , , 12.832, 0.975, 606.456, 606.456, , 308.224, 308.224, 308.224, , , 35.563, 37.877, 7.382, 11.958, 0, 0, 90.215, 92.572, 90.215, 92.572, 1, 112.642, 112.642, 0.025, 0.033, , , , , 7.287, 7.382, 11.958, , , 1, 5.781, 0, 0, 12.5, 5.857, 163, 0, 0, 0, 75, 18.309, 18.569, 87.541, 95.221, 100, 0, 0, 35.215, 33.215, 100, 4.427, 101.631, 0, 0, 102.203, 113.804, 0, 0, 0, 0, 0, 13.9, 0, 12.5, 0, 5.857, 163, 0, 0, 0, 75, 1, 0.018, 0.019, 87.541, 95.221, 100, 0, 0, 141, 35.394, 33.215, 100, 4.427, 0, 101.631, 0, 0, 102.203, 113.804, 0, 0, 0, 0, 
5.75, , 100.47, 64.17, , , 12.732, 0.975, 614.668, 614.668, , 305.887, 305.887, 305.887, , , 35.491, 37.409, 7.381, 12.068, 0, 0, 90.032, 92.384, 90.032, 92.384, 1, 113.265, 113.265, 0.025, 0.033, , , , , 7.291, 7.381, 12.068, , , 1, 5.831, 0, 0, 12.5, 5.892, 163, 0, 0, 0, 75, 17.895, 18.177, 87.354, 94.99, 100, 0, 0, 35.37, 33.37, 100, 4.425, 100.277, 0, 0, 100.901, 114.771, 0, 0, 0, 0, 0, 13.9, 0, 12.5, 0, 5.892, 163, 0, 0, 0, 75, 1, 0.018, 0.018, 87.354, 94.99, 100, 0, 0, 141, 35.498, 33.37, 100, 4.425, 0, 100.277, 0, 0, 100.901, 114.771, 0, 0, 0, 0, 
5.8, , 100.47, 64.17, , , 12.656, 0.975, 622.881, 622.881, , 304.093, 304.093, 304.093, , , 35.419, 36.941, 7.38, 12.177, 0, 0, 90, 92.352, 90, 92.352, 1, 113.9, 113.9, 0.025, 0.033, , , , , 7.295, 7.38, 12.177, , , 1, 5.882, 0, 0, 12.5, 5.926, 163, 0, 0, 0, 75, 17.481, 17.785, 87.166, 94.758, 100, 0, 0, 35.526, 33.526, 100, 4.423, 98.923, 0, 0, 99.599, 115.738, 0, 0, 0, 0, 0, 13.9, 0, 12.5, 0, 5.926, 163, 0, 0, 0, 75, 1, 0.017, 0.018, 87.166, 94.758, 100, 0, 0, 141, 35.602, 33.526, 100, 4.423, 0, 98.923, 0, 0, 99.599, 115.738, 0, 0, 0, 0, 
5.85, , 100.47, 64.17, , , 12.587, 0.975, 631.117, 631.117, , 302.489, 302.489, 302.489, , , 35.347, 36.473, 7.38, 12.301, 0, 0, 90.015, 92.366, 90.015, 92.366, 1, 114.515, 114.515, 0.025, 0.033, , , , , 7.293, 7.38, 12.301, , , 1, 5.932, 0, 0, 12.5, 5.961, 163, 0, 0, 0, 75, 17.067, 17.393, 86.979, 94.527, 100, 0, 0, 35.682, 33.682, 100, 4.421, 97.569, 0, 0, 98.297, 116.705, 0, 0, 0, 0, 0, 13.9, 0, 12.5, 0, 5.961, 163, 0, 0, 0, 75, 1, 0.017, 0.018, 86.979, 94.527, 100, 0, 0, 141, 35.706, 33.682, 100, 4.421, 0, 97.569, 0, 0, 98.297, 116.705, 0, 0, 0, 0, 
5.9, , 100.47, 64.17, , , 12.391, 0.975, 639.456, 639.456, , 297.874, 297.874, 297.874, , , 35.275, 36.005, 7.38, 12.429, 0, 0, 89.112, 91.44, 89.112, 91.44, 1, 115.136, 115.136, 0.025, 0.033, , , , , 7.291, 7.38, 12.429, , , 1, 5.981, 0, 0, 12.5, 5.986, 163, 0, 0, 0, 75, 16.827, 17.159, 86.787, 94.337, 100, 0, 0, 35.781, 33.781, 100, 4.419, 96.622, 0, 0, 97.403, 117.32, 0, 0, 0, 0, 0, 13.9, 0, 12.5, 0, 5.986, 163, 0, 0, 0, 75, 1, 0.016, 0.017, 86.787, 94.337, 100, 0, 0, 141, 35.782, 33.781, 100, 4.419, 0, 96.622, 0, 0, 97.403, 117.32, 0, 0, 0, 0, 
5.95, , 100.47, 64.17, , , 10.679, 0.975, 647.796, 647.796, , 257.263, 257.263, 257.263, , , 35.24, 35.649, 7.38, 12.544, 0, 0, 77.237, 79.255, 77.237, 79.255, 1, 115.712, 115.712, 0.025, 0.033, , , , , 7.288, 7.38, 12.544, , , 1, 6.031, 0, 0, 12.5, 6.004, 163, 0, 0, 0, 75, 16.723, 17.05, 86.591, 94.176, 100, 0, 0, 35.835, 33.835, 100, 4.417, 95.97, 0, 0, 96.805, 117.658, 0, 0, 0, 0, 0, 13.9, 0, 12.5, 0, 6.004, 163, 0, 0, 0, 75, 1, 0.016, 0.017, 86.591, 94.176, 100, 0, 0, 141, 35.836, 33.835, 100, 4.417, 0, 95.97, 0, 0, 96.805, 117.658, 0, 0, 0, 0, 
6, , 100.47, 64.17, , , 8.63, 0.975, 656.221, 656.221, , 208.672, 208.672, 208.672, , , 35.24, 35.397, 7.379, 12.656, 0, 0, 62.85, 64.492, 62.85, 64.492, 1, 116.189, 116.189, 0.025, 0.033, , , , , 7.287, 7.379, 12.656, , , 1, 6.082, 0, 0, 12.5, 6.022, 163, 0, 0, 0, 75, 16.619, 16.941, 86.395, 94.015, 100, 0, 0, 35.89, 33.89, 100, 4.414, 95.317, 0, 0, 96.208, 117.996, 0, 0, 0, 0, 0, 13.9, 0, 12.5, 0, 6.022, 163, 0, 0, 0, 75, 1, 0.016, 0.017, 86.395, 94.015, 100, 0, 0, 141, 35.89, 33.89, 100, 4.414, 0, 95.317, 0, 0, 96.208, 117.996, 0, 0, 0, 0, 
6.05, , 100.47, 64.17, , , 6.758, 0.975, 664.641, 664.641, , 164.287, 164.287, 164.287, , , 35.24, 35.145, 7.379, 13.09, 0, 0, 49.649, 50.947, 49.649, 50.947, 1, 116.572, 116.572, 0.025, 0.033, , , , , 7.292, 7.379, 13.09, , , 1, 6.131, 0, 0, 12.5, 6.04, 163, 0, 0, 0, 75, 16.516, 16.831, 86.2, 93.854, 100, 0, 0, 35.944, 33.944, 100, 4.412, 94.665, 0, 0, 95.61, 118.335, 0, 0, 0, 0, 0, 13.9, 0, 12.5, 0, 6.04, 163, 0, 0, 0, 75, 1, 0.016, 0.017, 86.2, 93.854, 100, 0, 0, 141, 35.945, 33.944, 100, 4.412, 0, 94.665, 0, 0, 95.61, 118.335, 0, 0, 0, 0, 
6.1, , 100.47, 64.17, , , 4.854, 0.975, 673.171, 673.171, , 119.116, 119.116, 119.116, , , 35.24, 34.893, 7.379, 13.638, 0, 0, 36.118, 37.063, 36.118, 37.063, 1, 116.859, 116.859, 0.025, 0.033, , , , , 7.298, 7.379, 13.638, , , 1, 6.182, 0, 0, 12.5, 6.058, 163, 0, 0, 0, 75, 16.412, 16.722, 86.004, 93.693, 100, 0, 0, 35.999, 33.999, 100, 4.41, 94.013, 0, 0, 95.012, 118.673, 0, 0, 0, 0, 0, 13.9, 0, 12.5, 0, 6.058, 163, 0, 0, 0, 75, 1, 0.016, 0.017, 86.004, 93.693, 100, 0, 0, 141, 35.999, 33.999, 100, 4.41, 0, 94.013, 0, 0, 95.012, 118.673, 0, 0, 0, 0, 
6.15, , 100.47, 64.17, , , 3.117, 0.975, 681.653, 681.653, , 77.929, 77.929, 77.929, , , 35.24, 34.641, 7.379, 13.982, 0, 0, 23.704, 24.323, 23.704, 24.323, 1, 117.057, 117.057, 0.024, 0.033, , , , , 7.303, 7.379, 13.982, , , 1, 6.232, 0, 0, 12.5, 6.072, 163.392, 0, 0, 0, 75, 13.194, 16.65, 86, 93.112, 100, 0, 0, 36.196, 34.196, 100, 4.41, 93.804, 0, 0, 94.804, 118.801, 0, 0, 0, 0, 0, 13.9, 0, 12.5, 0, 6.072, 163.392, 0, 0, 0, 75, 1, 0.013, 0.017, 86, 93.112, 100, 0, 0, 141, 36.196, 34.196, 100, 4.41, 0, 93.804, 0, 0, 94.804, 118.801, 0, 0, 0, 0, 
6.2, , 100.47, 64.17, , , 2.952, 0.975, 688.392, 688.392, , 74.022, 74.022, 74.022, , , , , 7.379, 14.247, 0, 0, 22.533, 23.123, 22.533, 23.123, 1, 117.148, 117.148, 0.024, 0.033, , , , , 7.309, 7.379, 14.247, , , 1, 6.26, 0, 0, 12.5, 6.086, 163.792, 0, 0, 0, 75, 9.912, 16.578, 86, 92.522, 100, 0, 0, 36.396, 34.396, 100, 4.41, 93.604, 0, 0, 94.604, 118.925, 0, 0, 0, 0, 0, 13.9, 0, 12.5, 0, 6.086, 163.792, 0, 0, 0, 75, 1, 0.01, 0.017, 86, 92.522, 100, 0, 0, 141, 36.396, 34.396, 100, 4.41, 0, 93.604, 0, 0, 94.604, 118.925, 0, 0, 0, 0, 
6.25, , 100.47, 64.17, , , 3.15, 0.975, 692.661, 692.661, , 78.722, 78.722, 78.722, , , , , 7.379, 14.82, 0, 0, 23.976, 24.602, 23.976, 24.602, 1, 117.223, 117.223, , , , , , , , 7.379, 14.82, , , 1, 6.285, 0, 0, 12.5, 6.1, 164.192, 0, 0, 0, 75, 6.63, 16.506, 86, 91.932, 100, 0, 0, 36.596, 34.596, 100, 4.41, 93.404, 0, 0, 94.404, 119.048, 0, 0, 0, 0, 0, 13.9, 0, 12.5, 0, 6.1, 164.192, 0, 0, 0, 75, 1, 0.006, 0.016, 86, 91.932, 100, 0, 0, 141, 36.596, 34.596, 100, 4.41, 0, 93.404, 0, 0, 94.404, 119.048, 0, 0, 0, 0, 
6.3, , , , , , 3.135, , 696.954, 696.954, , 78.369, 78.369, 78.369, , , , , 7.38, 15.524, 0, 0, 23.883, 24.508, 23.883, 24.508, 1, 117.301, 117.301, , , , , , , , 7.38, 15.524, , , 1, 6.31, 0, 0, 12.5, 6.114, 164.592, 0, 0, 0, 75, 3.348, 16.435, 86, 91.342, 100, 0, 0, 36.796, 34.796, 100, 4.41, 93.204, 0, 0, 94.204, 119.172, 0, 0, 0, 0, 0, 13.9, 0, 12.5, 0, 6.114, 164.592, 0, 0, 0, 75, 1, 0.003, 0.016, 86, 91.342, 100, 0, 0, 141, 36.796, 34.796, 100, 4.41, 0, 93.204, 0, 0, 94.204, 119.172, 0, 0, 0, 0, 
6.35, , , , , , 3.134, , 701.278, 701.278, , 78.34, 78.34, 78.34, , , , , , , , , 23.89, 24.517, 23.89, 24.517, , 117.382, 117.382, , , , , , , , , , , , , 6.335, 0, 0, 12.5, 6.128, 164.992, 0, 0, 0, 75, 0.066, 16.363, 86, 90.752, 100, 0, 0, 36.996, 34.996, 100, 4.41, 93.004, 0, 0, 94.004, 119.295, 0, 0, 0, 0, 0, 13.9, 0, 12.5, 0, 6.128, 164.992, 0, 0, 0, 75, 1, 0, 0.016, 86, 90.752, 100, 0, 0, 141, 36.996, 34.996, 100, 4.41, 0, 93.004, 0, 0, 94.004, 119.295, 0, 0, 0, 0, 
