Time, (DWRT ATMO) Humidity, (DWRT ATMO) Pressure, (DWRT ATMO) Temperature 1, (DWRT ATMO) Temperature 2, (DWRT CPU) ????????????????????????????????????????????????????????????????, (DWRT CPU) Acceleration, (DWRT CPU) Correction Factor, (DWRT CPU) Distance, (DWRT CPU) Distance 1, (DWRT CPU) Engine RPM, (DWRT CPU) Force, (DWRT CPU) Force 1, (DWRT CPU) Force Drum 1, (DWRT CPU) Gear Ratio, (DWRT CPU) Inductive 1 Signal Strength, (DWRT CPU) Internal Temp 1, (DWRT CPU) Internal Temp 2, (DWRT CPU) LC1 Volts Petrol AFR, (DWRT CPU) LC2 Volts Petrol AFR2, (DWRT CPU) Link 0 Status, (DWRT CPU) Link 1 Status, (DWRT CPU) Power, (DWRT CPU) Power (uncorrected), (DWRT CPU) Power Drum 1, (DWRT CPU) Power Drum 1 (uncorrected), (DWRT CPU) Sampling, (DWRT CPU) Speed, (DWRT CPU) Speed 1, (DWRT CPU) TCP RX kB/s, (DWRT CPU) TCP TX kB/s, (DWRT CPU) Torque, (DWRT CPU) Torque (uncorrected), (DWRT CPU) Torque Drum 1, (DWRT CPU) Torque Drum 1 (uncorrected), (DWRT CPU) UDP RX kB/s, (DWRT CPU) User Analog 1, (DWRT CPU) User Analog 2, (DWRT CPU) User Analog 3, (DWRT CPU) User Analog 4, (Gen) Sampling, (Gen) Sampling Duration, (Harley - ECU Type 14 SW Level 141) Accel Enrichment, (Harley - ECU Type 14 SW Level 141) Decel Enleanment, (Harley - ECU Type 14 SW Level 141) Desired Air/Fuel, (Harley - ECU Type 14 SW Level 141) Engine Speed, (Harley - ECU Type 14 SW Level 141) Engine Temperature, (Harley - ECU Type 14 SW Level 141) Front Adaptive Fuel Factor, (Harley - ECU Type 14 SW Level 141) Front Closed Loop Integrator, (Harley - ECU Type 14 SW Level 141) Front Spark Knock Retard, (Harley - ECU Type 14 SW Level 141) Idle Air Control Motor Position, (Harley - ECU Type 14 SW Level 141) Injector Time Front, (Harley - ECU Type 14 SW Level 141) Injector Time Rear, (Harley - ECU Type 14 SW Level 141) Intake Air Temperature, (Harley - ECU Type 14 SW Level 141) Manifold Absolute Pressure, (Harley - ECU Type 14 SW Level 141) Rear Adaptive Fuel Factor, (Harley - ECU Type 14 SW Level 141) Rear Closed Loop Integrator, (Harley - ECU Type 14 SW Level 141) Rear Spark Knock Retard, (Harley - ECU Type 14 SW Level 141) Spark Advance Front, (Harley - ECU Type 14 SW Level 141) Spark Advance Rear, (Harley - ECU Type 14 SW Level 141) Throttle Position, (Harley - ECU Type 14 SW Level 141) Throttle Position Sensor Voltage, (Harley - ECU Type 14 SW Level 141) VE Front, (Harley - ECU Type 14 SW Level 141) VE New Front, (Harley - ECU Type 14 SW Level 141) VE New Rear, (Harley - ECU Type 14 SW Level 141) VE Rear, (Harley - ECU Type 14 SW Level 141) Vehicle Speed, (Harley - ECU Type 14 SW Level 141) WBO2 AFR Front, (Harley - ECU Type 14 SW Level 141) WBO2 AFR Rear, (PV) Accel Enrichment, (PV) AT Lambda 1, (PV) AT Lambda 2, (PV) Battery Voltage, (PV) Decel Enleanment, (PV) Desired Air/Fuel, (PV) Desired Lambda, (PV) Engine Speed, (PV) Engine Temperature, (PV) Front Adaptive Fuel Factor, (PV) Front Closed Loop Integrator, (PV) Front Spark Knock Retard, (PV) Idle Air Control Motor Position, (PV) Idle Set Speed, (PV) Injector Time Front, (PV) Injector Time Rear, (PV) Intake Air Temperature, (PV) Manifold Absolute Pressure, (PV) Rear Adaptive Fuel Factor, (PV) Rear Closed Loop Integrator, (PV) Rear Spark Knock Retard, (PV) Software Level, (PV) Spark Advance Front, (PV) Spark Advance Rear, (PV) Throttle Position, (PV) Throttle Position Sensor, (PV) Twistgrip Position, (PV) VE Front, (PV) VE New Front, (PV) VE New Rear, (PV) VE Rear, (PV) Vehicle Speed, (PV) Warm-up Fuel AFR (Lambda), (PV) Warm-up Fuel AFR (Ratio), (PV) WBO2 AFR Front, (PV) WBO2 AFR Rear, 
0, , , , , , -3.679, , , , , -85.72, -85.72, -85.72, , , , , , , , , , , , , , , , , , , , , , , , , , , , , , , , , , , , , , , , , , , , , , , , , , , , , , , , , , , , , , , , , , , , , , , , , , , , , , , , , , , , , , , , , , , , 
0.05, , , , , , -3.418, , , , , -79.518, -79.518, -79.518, , , , , , , , , , , , , , , , , , , , , , , , , , , , , , , , , , , , , , , , , , , , , , , , , , , , , , , , , , , , , , , , , , , , , , , , , , , , , , , , , , , , , , , , , , , , 
0.1, , , , , , -3.156, , , , , -73.316, -73.316, -73.316, , , , , , , , , , , , , , 26.45, 26.45, , , , , , , , , , , , 1, 0.038, , , , , , , , , , , , , , , , , , , , , , , , , , , , , , , , , , , , , , , , , , , , , , , , , , , , , , , , , , , , , , , , 
0.15, , , , , , -3.066, , 4.071, 4.071, , -71.178, -71.178, -71.178, , , , , , , , , -4.073, -4.198, -4.073, -4.198, , 26.325, 26.325, , , , , , , , , , , , 1, 0.125, , , , , , , , , , , , , , , , , , , , , , , , , , , , , , , , , , , , , , , , , , , , , , , , , , , , , , , , , , , , , , , , 
0.2, , , , , , -3.09, , 6.966, 6.966, , -71.751, -71.751, -71.751, , , 35.63, 35.959, 7.378, 22.39, 0, 0, -4.494, -4.628, -4.494, -4.628, 1, 26.157, 26.157, , , , , , , , 7.378, 22.39, , , 1, 0.207, , , , , , , , , , , , , , , , , , , , , , , , , , , , , , , , , , , , , , , , , , , , , , , , , , , , , , , , , , , , , , , , 
0.25, , , , , , -3.093, , 9.852, 9.852, 1.805, -71.834, -71.834, -71.834, , , 35.666, 35.743, 7.38, 22.39, 0, 0, -4.809, -4.948, -4.809, -4.948, 1, 25.923, 25.923, 0.025, 0.277, -14.085, -14.512, -14.085, -14.512, 4.567, 7.38, 22.39, , , 1, 0.282, 0, 0, 13.918, 1.805, 174, 0, 0, 0, 36, 2.777, 2.77, 114.8, 22.382, 100, 0, 0, 14.776, 16.816, 0, 0.55, 79.5, 0, 0, 84, 26.492, 0, 0, 0, 0, 0, 14.1, 0, 13.918, 0, 1.805, 174, 0, 0, 0, 36, 1, 0.003, 0.003, 114.8, 22.386, 100, 0, 0, 141, 14.776, 16.816, 0, 0.55, 0, 79.5, 0, 0, 84, 26.492, 0, 0, 0, 0, 
0.3, , 100.57, 62.26, , , -3.003, 0.971, 12.7, 12.7, 1.794, -69.689, -69.689, -69.689, , , 35.702, 35.527, 7.38, 22.39, 0, 0, -4.638, -4.773, -4.638, -4.773, 1, 25.689, 25.689, 0.025, 0.276, -13.665, -14.081, -13.665, -14.081, 4.555, 7.38, 22.39, , , 1, 0.338, 0, 0, 13.938, 1.794, 174, 0, 0, 0, 36, 2.817, 2.792, 114.8, 22.677, 100, 0, 0, 15.076, 16.616, 0, 0.55, 79.5, 0, 0, 84, 26.244, 0, 0, 0, 0, 0, 14.1, 0, 13.938, 0, 1.794, 174, 0, 0, 0, 36, 1, 0.003, 0.003, 114.8, 22.68, 100, 0, 0, 141, 15.076, 16.616, 0, 0.55, 0, 79.5, 0, 0, 84, 26.244, 0, 0, 0, 0, 
0.35, , 100.571, 62.26, , , -2.912, 0.971, 15.547, 15.547, 1.783, -67.544, -67.544, -67.544, 69.333, , 35.738, 35.311, 7.38, 22.39, 0, 0, -4.466, -4.598, -4.466, -4.598, 1, 25.537, 25.537, 0.025, 0.275, -13.246, -13.649, -13.246, -13.649, 4.544, 7.38, 22.39, , , 1, 0.388, 0, 0, 13.958, 1.783, 174, 0, 0, 0, 36, 2.857, 2.814, 114.8, 22.972, 100, 0, 0, 15.376, 16.416, 0, 0.55, 79.5, 0, 0, 84, 25.996, 0, 0, 0, 0, 0, 14.1, 0, 13.958, 0, 1.783, 174, 0, 0, 0, 36, 1, 0.003, 0.003, 114.8, 22.974, 100, 0, 0, 141, 15.376, 16.416, 0, 0.55, 0, 79.5, 0, 0, 84, 25.996, 0, 0, 0, 0, 
0.4, , 100.571, 62.26, , , -2.918, 0.971, 17.689, 17.689, 1.772, -67.684, -67.684, -67.684, 69.305, , 35.774, 35.095, 7.38, 22.39, 0, 0, -4.446, -4.579, -4.446, -4.579, 1, 25.389, 25.389, 0.025, 0.275, -13.271, -13.675, -13.271, -13.675, 4.532, 7.38, 22.39, , , 1, 0.439, 0, 0, 13.978, 1.772, 174, 0, 0, 0, 36, 2.897, 2.836, 114.8, 23.267, 100, 0, 0, 15.676, 16.216, 0, 0.55, 79.5, 0, 0, 84, 25.748, 0, 0, 0, 0, 0, 14.1, 0, 13.978, 0, 1.772, 174, 0, 0, 0, 36, 1, 0.003, 0.003, 114.8, 23.268, 100, 0, 0, 141, 15.676, 16.216, 0, 0.55, 0, 79.5, 0, 0, 84, 25.748, 0, 0, 0, 0, 
0.45, , 100.571, 62.26, , , -2.965, 0.971, 19.557, 19.557, 1.761, -68.804, -68.804, -68.804, 69.316, , 35.599, 35.09, 7.38, 22.39, 0, 0, -4.49, -4.627, -4.49, -4.627, 1, 25.24, 25.24, 0.025, 0.274, -13.487, -13.897, -13.487, -13.897, 4.515, 7.38, 22.39, , , 1, 0.489, 0, 0, 13.998, 1.761, 174, 0, 0, 0, 36, 2.937, 2.858, 114.8, 23.562, 100, 0, 0, 15.976, 16.016, 0, 0.55, 79.5, 0, 0, 84, 25.5, 0, 0, 0, 0, 0, 14.1, 0, 13.998, 0, 1.761, 174, 0, 0, 0, 36, 1, 0.003, 0.003, 114.8, 23.562, 100, 0, 0, 141, 15.976, 16.016, 0, 0.55, 0, 79.5, 0, 0, 84, 25.5, 0, 0, 0, 0, 
0.5, , 100.572, 62.26, , , -2.999, 0.971, 21.418, 21.418, 1.752, -69.605, -69.605, -69.605, 69.371, , 35.383, 35.126, 7.38, 22.39, 0, 0, -4.514, -4.654, -4.514, -4.654, 1, 25.087, 25.087, 0.025, 0.274, -13.64, -14.054, -13.64, -14.054, 4.472, 7.38, 22.39, , , 1, 0.539, 0, 0, 14, 1.752, 174, 0, 0, 0, 36, 2.94, 2.871, 114.8, 23.788, 100, 0, 0, 15.908, 15.908, 0, 0.55, 79.5, 0, 0, 84, 25.364, 0, 0, 0, 0, 0, 14.1, 0, 14, 0, 1.752, 174, 0, 0, 0, 36, 1, 0.003, 0.003, 114.8, 23.789, 100, 0, 0, 141, 15.908, 15.908, 0, 0.55, 0, 79.5, 0, 0, 84, 25.364, 0, 0, 0, 0, 
0.55, , 100.572, 62.26, , , -2.979, 0.971, 23.257, 23.257, 1.743, -69.131, -69.131, -69.131, 69.427, , 35.167, 35.162, 7.38, 22.39, 0, 0, -4.458, -4.598, -4.458, -4.598, 1, 24.934, 24.934, 0.025, 0.274, -13.539, -13.949, -13.539, -13.949, 4.43, 7.38, 22.39, , , 1, 0.589, 0, 0, 14, 1.743, 174, 0, 0, 0, 36, 2.94, 2.883, 114.8, 24.009, 100, 0, 0, 15.808, 15.808, 0, 0.55, 79.5, 0, 0, 84, 25.238, 0, 0, 0, 0, 0, 14.1, 0, 14, 0, 1.743, 174, 0, 0, 0, 36, 1, 0.003, 0.003, 114.8, 24.011, 100, 0, 0, 141, 15.808, 15.808, 0, 0.55, 0, 79.5, 0, 0, 84, 25.238, 0, 0, 0, 0, 
0.6, , 100.572, 62.26, , , -2.959, 0.971, 25.096, 25.096, 1.734, -68.657, -68.657, -68.657, 69.474, , 34.951, 35.198, 7.38, 22.39, 0, 0, -4.403, -4.543, -4.403, -4.543, 1, 24.784, 24.784, 0.025, 0.273, -13.437, -13.844, -13.437, -13.844, 4.388, 7.38, 22.39, , , 1, 0.64, 0, 0, 14, 1.734, 174, 0, 0, 0, 36, 2.94, 2.895, 114.8, 24.23, 100, 0, 0, 15.708, 15.708, 0, 0.55, 79.5, 0, 0, 84, 25.112, 0, 0, 0, 0, 0, 14.1, 0, 14, 0, 1.734, 174, 0, 0, 0, 36, 1, 0.003, 0.003, 114.8, 24.233, 100, 0, 0, 141, 15.708, 15.708, 0, 0.55, 0, 79.5, 0, 0, 84, 25.112, 0, 0, 0, 0, 
0.65, , 100.573, 62.26, , , -2.905, 0.971, 26.915, 26.915, 1.725, -67.374, -67.374, -67.374, 69.522, , 34.735, 35.234, 7.38, 22.39, 0, 0, -4.295, -4.433, -4.295, -4.433, 1, 24.635, 24.635, 0.025, 0.273, -13.18, -13.578, -13.18, -13.578, 4.345, 7.38, 22.39, , , 1, 0.69, 0, 0, 14, 1.725, 174, 0, 0, 0, 36, 2.94, 2.907, 114.8, 24.451, 100, 0, 0, 15.608, 15.608, 0, 0.55, 79.5, 0, 0, 84, 24.986, 0, 0, 0, 0, 0, 14.1, 0, 14, 0, 1.725, 174, 0, 0, 0, 36, 1, 0.003, 0.003, 114.8, 24.455, 100, 0, 0, 141, 15.608, 15.608, 0, 0.55, 0, 79.5, 0, 0, 84, 24.986, 0, 0, 0, 0, 
0.7, 23.81, 100.573, 62.26, 62.89, , -2.834, 0.971, 28.725, 28.725, 1.716, -65.712, -65.712, -65.712, 69.557, , 34.821, 35.27, 7.38, 22.39, 0, 0, -4.164, -4.297, -4.164, -4.297, 1, 24.49, 24.49, 0.025, 0.273, -12.848, -13.237, -12.848, -13.237, 4.336, 7.38, 22.39, , , 1, 0.739, 0, 0, 14, 1.716, 174, 0, 0, 0, 36, 2.94, 2.919, 114.8, 24.672, 100, 0, 0, 15.508, 15.508, 0, 0.55, 79.5, 0, 0, 84, 24.86, 0, 0, 0, 0, 0, 14.1, 0, 14, 0, 1.716, 174, 0, 0, 0, 36, 1, 0.003, 0.003, 114.8, 24.677, 100, 0, 0, 141, 15.508, 15.508, 0, 0.55, 0, 79.5, 0, 0, 84, 24.86, 0, 0, 0, 0, 
0.75, 23.811, 100.574, 62.26, 62.89, , -2.513, 0.971, 30.534, 30.534, 1.707, -58.086, -58.086, -58.086, 69.574, 93.107, 34.965, 35.306, 7.38, 22.39, 0, 0, -3.654, -3.772, -3.654, -3.772, 1, 24.351, 24.351, 0.025, 0.273, -11.318, -11.661, -11.318, -11.661, 4.33, 7.38, 22.39, , , 1, 0.789, 0, 0, 14.018, 1.707, 174, 0, 0, 0, 36, 2.964, 2.924, 114.8, 24.826, 100, 0, 0, 15.316, 15.316, 0, 0.55, 79.408, 0, 0, 84, 24.736, 0, 0, 0, 0, 0, 14.082, 0, 14.018, 0, 1.707, 174, 0, 0, 0, 36, 1, 0.003, 0.003, 114.8, 24.829, 100, 0, 0, 141, 15.316, 15.316, 0, 0.55, 0, 79.408, 0, 0, 84, 24.736, 0, 0, 0, 0, 
0.8, 23.812, 100.574, 62.26, 62.89, , 0.07, 0.971, 32.33, 32.33, 1.697, 3.206, 3.206, 3.206, 69.592, 87.573, 35.109, 35.342, 7.38, 22.39, 0, 0, 0.258, 0.261, 0.258, 0.261, 1, 24.213, 24.213, 0.025, 0.273, 0.998, 1.03, 0.998, 1.03, 4.323, 7.38, 22.39, , , 1, 0.839, 0, 0, 14.038, 1.697, 174, 0, 0, 0, 36, 2.99, 2.928, 114.8, 24.974, 100, 0, 0, 15.116, 15.116, 0, 0.55, 79.308, 0, 0, 84, 24.612, 0, 0, 0, 0, 0, 14.062, 0, 14.038, 0, 1.697, 174, 0, 0, 0, 36, 1, 0.003, 0.003, 114.8, 24.977, 100, 0, 0, 141, 15.116, 15.116, 0, 0.55, 0, 79.308, 0, 0, 84, 24.612, 0, 0, 0, 0, 
0.85, 23.814, 100.574, 62.26, 62.89, , 2.654, 0.971, 34.126, 34.126, 1.688, 64.498, 64.498, 64.498, 68.883, 82.039, 35.253, 35.378, 7.38, 22.39, 0, 0, 4.171, 4.293, 4.171, 4.293, 1, 24.341, 24.341, 0.025, 0.273, 13.315, 13.721, 13.315, 13.721, 4.316, 7.38, 22.39, , , 1, 0.889, 0, 0, 14.058, 1.688, 174, 0, 0, 0, 36, 3.016, 2.932, 114.8, 25.122, 100, 0, 0, 14.916, 14.916, 0, 0.55, 79.208, 0, 0, 84, 24.488, 0, 0, 0, 0, 0, 14.042, 0, 14.058, 0, 1.688, 174, 0, 0, 0, 36, 1, 0.003, 0.003, 114.8, 25.125, 100, 0, 0, 141, 14.916, 14.916, 0, 0.55, 0, 79.208, 0, 0, 84, 24.488, 0, 0, 0, 0, 
0.9, 23.815, 100.575, 62.26, 62.89, , 5.93, 0.971, 35.901, 35.901, 1.679, 142.223, 142.223, 142.223, 67.993, 76.504, 35.397, 35.414, 7.38, 22.148, 0, 0, 9.312, 9.591, 9.312, 9.591, 1, 24.536, 24.536, 0.025, 0.274, 29.659, 30.561, 29.659, 30.561, 4.326, 7.38, 22.148, , , 1, 0.938, 0, 0, 14.078, 1.679, 174, 0, 0, 0, 36, 3.042, 2.936, 114.8, 25.27, 100, 0, 0, 14.716, 14.716, 0, 0.55, 79.108, 0, 0, 84, 24.364, 0, 0, 0, 0, 0, 14.022, 0, 14.078, 0, 1.679, 174, 0, 0, 0, 36, 1, 0.003, 0.003, 114.8, 25.273, 100, 0, 0, 141, 14.716, 14.716, 0, 0.55, 0, 79.108, 0, 0, 84, 24.364, 0, 0, 0, 0, 
0.95, 23.816, 100.575, 62.26, 62.89, , 9.956, 0.971, 37.657, 37.657, 1.67, 237.75, 237.75, 237.75, 66.851, 70.97, 35.449, 35.595, 7.379, 21.781, 0, 0, 15.785, 16.26, 15.785, 16.26, 1, 24.873, 24.873, 0.025, 0.274, 50.365, 51.895, 50.365, 51.895, 4.341, 7.379, 21.781, , , 1, 0.988, 0, 0, 14.098, 1.67, 174, 0, 0, 0, 36, 3.068, 2.94, 114.8, 25.418, 100, 0, 0, 14.516, 14.516, 0, 0.55, 79.008, 0, 0, 84, 24.24, 0, 0, 0, 0, 0, 14.002, 0, 14.098, 0, 1.67, 174, 0, 0, 0, 36, 1, 0.003, 0.003, 114.8, 25.421, 100, 0, 0, 141, 14.516, 14.516, 0, 0.55, 0, 79.008, 0, 0, 84, 24.24, 0, 0, 0, 0, 
1, 23.817, 100.576, 62.26, 62.89, , 13.983, 0.971, 39.412, 39.412, 1.686, 333.277, 333.277, 333.277, 64.386, 65.436, 35.484, 35.804, 7.379, 21.064, 0, 0, 22.258, 22.93, 22.258, 22.93, 1, 25.957, 25.957, 0.025, 0.274, 71.07, 73.23, 71.07, 73.23, 4.356, 7.379, 21.064, , , 1, 1.038, 0.635, 0, 13.806, 1.686, 174, 0, 0, 0, 41.52, 6.35, 6.58, 114.8, 39.268, 100, 0, 0, 15.972, 16.478, 15.61, 1.226, 80.932, 0, 0, 84.46, 25.031, 0, 0, 0.635, 0, 0, 14, 0, 13.806, 0, 1.686, 174, 0, 0, 0, 41.52, 1, 0.006, 0.007, 114.8, 39.512, 100, 0, 0, 141, 15.972, 16.478, 15.61, 1.226, 0, 80.932, 0, 0, 84.46, 25.031, 0, 0, 0, 0, 
1.05, 23.818, 100.576, 62.26, 62.89, , 15.646, 0.971, 42.028, 42.028, 1.704, 372.745, 372.745, 372.745, 61.922, 59.901, 35.519, 36.012, 7.378, 20.149, 0, 0, 25.943, 26.727, 25.943, 26.727, 1, 27.041, 27.041, 0.025, 0.275, 81.623, 84.103, 81.623, 84.103, 4.371, 7.378, 20.149, , , 1, 1.089, 1.325, 0, 13.486, 1.704, 174, 0, 0, 0, 47.52, 9.915, 10.537, 114.8, 54.309, 100, 0, 0, 17.572, 18.628, 32.578, 1.961, 83.032, 0, 0, 84.96, 25.902, 0, 0, 1.325, 0, 0, 14, 0, 13.486, 0, 1.704, 174, 0, 0, 0, 47.52, 1, 0.01, 0.01, 114.8, 54.493, 100, 0, 0, 141, 17.572, 18.628, 32.578, 1.961, 0, 83.032, 0, 0, 84.96, 25.902, 0, 0, 0, 0, 
1.1, 23.819, 100.576, 62.26, 62.89, , 16.987, 0.971, 44.808, 44.808, 1.722, 404.569, 404.569, 404.569, 60.427, 54.367, 35.553, 36.221, 7.378, 18.877, 0, 0, 29.248, 30.132, 29.248, 30.132, 1, 27.98, 27.98, 0.025, 0.274, 90.792, 93.55, 90.792, 93.55, 4.379, 7.378, 18.877, , , 1, 1.139, 2.015, 0, 13.166, 1.722, 174, 0, 0, 0, 53.52, 13.48, 14.494, 114.8, 69.35, 100, 0, 0, 19.172, 20.778, 49.546, 2.696, 85.132, 0, 0, 85.46, 26.773, 0, 0, 2.015, 0, 0, 14, 0, 13.166, 0, 1.723, 174, 0, 0, 0, 53.52, 1, 0.014, 0.014, 114.8, 69.474, 100, 0, 0, 141, 19.172, 20.778, 49.546, 2.696, 0, 85.132, 0, 0, 85.46, 26.773, 0, 0, 0, 0, 
1.15, 23.82, 100.577, 62.26, 62.89, , 17.79, 0.971, 47.347, 47.347, 1.741, 423.64, 423.64, 423.64, 59.636, 48.833, 35.588, 36.429, 7.377, 17.366, 0, 0, 31.593, 32.549, 31.593, 32.549, 1, 28.813, 28.813, 0.025, 0.274, 96.556, 99.489, 96.556, 99.489, 4.384, 7.377, 17.366, , , 1, 1.188, 2.705, 0, 12.846, 1.741, 174, 0, 0, 0, 59.52, 17.045, 18.451, 114.8, 84.391, 100, 0, 0, 20.772, 22.928, 66.514, 3.431, 87.232, 0, 0, 85.96, 27.644, 0, 0, 2.705, 0, 0, 14, 0, 12.846, 0, 1.741, 174, 0, 0, 0, 59.52, 1, 0.017, 0.018, 114.8, 84.455, 100, 0, 0, 141, 20.772, 22.928, 66.514, 3.431, 0, 87.232, 0, 0, 85.96, 27.644, 0, 0, 0, 0, 
1.2, 23.822, 100.577, 62.26, 62.89, , 17.716, 0.971, 49.378, 49.378, 1.759, 421.903, 421.903, 421.903, 58.978, 43.298, 35.477, 36.352, 7.377, 15.968, 0, 0, 32.373, 33.354, 32.373, 33.354, 1, 29.646, 29.646, 0.025, 0.274, 96.766, 99.704, 96.766, 99.704, 4.389, 7.377, 15.968, , , 1, 1.238, 3.395, 0, 12.526, 1.759, 174, 0, 0, 0, 65.52, 20.61, 22.408, 114.8, 99.433, 100, 0, 0, 22.372, 25.078, 83.482, 4.166, 89.332, 0, 0, 86.46, 28.515, 0, 0, 3.395, 0, 0, 14, 0, 12.526, 0, 1.759, 174, 0, 0, 0, 65.52, 1, 0.021, 0.022, 114.8, 99.436, 100, 0, 0, 141, 22.372, 25.078, 83.482, 4.166, 0, 89.332, 0, 0, 86.46, 28.515, 0, 0, 0, 0, 
1.25, 23.823, 100.577, 62.26, 62.89, , 17.649, 0.971, 51.412, 51.412, 1.787, 420.313, 420.313, 420.313, 58.932, 54.471, 35.29, 36.128, 7.377, 14.65, 0, 0, 33.163, 34.168, 33.163, 34.168, 1, 30.473, 30.473, 0.025, 0.274, 96.979, 99.923, 96.979, 99.923, 4.394, 7.377, 14.65, , , 1, 1.289, 3.046, 0, 12.5, 1.787, 174, 0, 0, 0, 66, 20.549, 22.069, 114.8, 100.119, 100, 0, 0, 22.5, 25.394, 87.535, 4.264, 90.171, 0, 0, 87.171, 29.061, 0, 0, 3.046, 0, 0, 14, 0, 12.5, 0, 1.787, 174, 0, 0, 0, 66, 1, 0.021, 0.022, 114.8, 100.119, 100, 0, 0, 141, 22.5, 25.394, 87.535, 4.264, 0, 90.171, 0, 0, 87.171, 29.061, 0, 0, 0, 0, 
1.3, 23.824, 100.578, 62.26, 62.89, , 17.679, 0.971, 53.573, 53.573, 1.816, 421.03, 421.03, 421.03, 58.886, 58.606, 35.103, 35.904, 7.377, 13.676, 0, 0, 34.107, 35.141, 34.107, 35.141, 1, 31.3, 31.3, 0.025, 0.273, 97.247, 100.2, 97.247, 100.2, 4.401, 7.377, 13.676, , , 1, 1.339, 2.606, 0, 12.5, 1.816, 174, 0, 0, 0, 66, 20.173, 21.355, 114.8, 99.888, 100, 0, 0, 22.5, 25.55, 90.765, 4.307, 90.9, 0, 0, 87.9, 29.579, 0, 0, 2.606, 0, 0, 14, 0, 12.5, 0, 1.816, 174, 0, 0, 0, 66, 1, 0.02, 0.021, 114.8, 99.888, 100, 0, 0, 141, 22.5, 25.55, 90.765, 4.307, 0, 90.9, 0, 0, 87.9, 29.579, 0, 0, 0, 0, 
1.35, 23.825, 100.578, 62.26, 62.89, , 17.708, 0.971, 55.735, 55.735, 1.844, 421.747, 421.747, 421.747, 58.721, 58.555, 34.917, 35.68, 7.377, 12.972, 0, 0, 35.05, 36.113, 35.05, 36.113, 1, 32.136, 32.136, 0.025, 0.272, 97.515, 100.477, 97.515, 100.477, 4.409, 7.377, 12.972, , , 1, 1.389, 2.166, 0, 12.5, 1.844, 174, 0, 0, 0, 66, 19.797, 20.641, 114.8, 99.658, 100, 0, 0, 22.5, 25.706, 93.994, 4.35, 91.629, 0, 0, 88.629, 30.097, 0, 0, 2.166, 0, 0, 14, 0, 12.5, 0, 1.845, 174, 0, 0, 0, 66, 1, 0.02, 0.02, 114.8, 99.658, 100, 0, 0, 141, 22.5, 25.706, 93.994, 4.35, 0, 91.629, 0, 0, 88.629, 30.097, 0, 0, 0, 0, 
1.4, 23.826, 100.579, 62.26, 62.89, , 16.229, 0.971, 58.007, 58.007, 1.873, 386.665, 386.665, 386.665, 58.548, 58.505, 34.73, 35.456, 7.377, 12.629, 0, 0, 32.722, 33.715, 32.722, 33.715, 1, 32.973, 32.973, 0.025, 0.271, 89.547, 92.268, 89.547, 92.268, 4.417, 7.377, 12.629, , , 1, 1.439, 1.727, 0, 12.5, 1.873, 174, 0, 0, 0, 66, 19.421, 19.928, 114.8, 99.428, 100, 0, 0, 22.5, 25.862, 97.223, 4.392, 92.358, 0, 0, 89.358, 30.614, 0, 0, 1.727, 0, 0, 14, 0, 12.5, 0, 1.873, 174, 0, 0, 0, 66, 1, 0.019, 0.02, 114.8, 99.428, 100, 0, 0, 141, 22.5, 25.862, 97.223, 4.392, 0, 92.358, 0, 0, 89.358, 30.614, 0, 0, 0, 0, 
1.45, 23.827, 100.579, 62.26, 62.89, , 14.544, 0.971, 60.296, 60.296, 1.905, 346.702, 346.702, 346.702, 58.413, 58.455, 34.942, 35.45, 7.377, 12.594, 0, 0, 29.948, 30.857, 29.948, 30.857, 1, 33.685, 33.685, 0.025, 0.271, 80.456, 82.901, 80.456, 82.901, 4.425, 7.377, 12.594, , , 1, 1.489, 1.32, 0.001, 12.509, 1.905, 174, 0, 0, 0, 65.855, 18.953, 19.16, 114.787, 98.583, 100, 0, 0, 22.547, 26.004, 99.153, 4.402, 92.913, 0, 0, 89.989, 31.12, 0, 0, 1.32, 0, 0, 14, 0.001, 12.509, 0, 1.905, 174, 0, 0, 0, 65.855, 1, 0.019, 0.019, 114.787, 98.583, 100, 0, 0, 141, 22.547, 26.004, 99.153, 4.402, 0, 92.913, 0, 0, 89.989, 31.12, 0, 0, 0, 0, 
1.5, 23.828, 100.579, 62.26, 62.89, , 10.723, 0.971, 62.703, 62.703, 1.952, 256.057, 256.057, 256.057, 58.285, 58.404, 35.23, 35.486, 7.377, 12.659, 0, 0, 22.283, 22.959, 22.283, 22.959, 1, 34.374, 34.374, 0.025, 0.27, 59.694, 61.51, 59.694, 61.51, 4.428, 7.377, 12.659, , , 1, 1.539, 1.158, 0.012, 12.582, 1.952, 174, 0, 0, 0, 64.644, 17.813, 17.997, 114.678, 93.959, 100, 0, 0, 22.941, 26.034, 93.099, 4.167, 92.184, 0, 0, 89.898, 31.534, 0, 0, 1.158, 0, 0, 14, 0.012, 12.582, 0, 1.952, 174, 0, 0, 0, 64.644, 1, 0.018, 0.018, 114.678, 93.959, 100, 0, 0, 141, 22.941, 26.034, 93.099, 4.167, 0, 92.184, 0, 0, 89.898, 31.534, 0, 0, 0, 0, 
1.55, 23.83, 100.58, 62.26, 62.89, , 6.554, 0.971, 65.134, 65.134, 2, 157.162, 157.162, 157.162, 58.666, 58.354, 35.518, 35.522, 7.377, 12.818, 0, 0, 13.82, 14.241, 13.82, 14.241, 1, 34.737, 34.737, 0.025, 0.27, 37.033, 38.161, 37.033, 38.161, 4.426, 7.377, 12.818, , , 1, 1.589, 0.995, 0.022, 12.654, 2, 174, 0, 0, 0, 63.433, 16.674, 16.834, 114.569, 89.336, 100, 0, 0, 23.334, 26.064, 87.046, 3.932, 91.456, 0, 0, 89.807, 31.948, 0, 0, 0.995, 0, 0, 14, 0.022, 12.654, 0, 2, 174, 0, 0, 0, 63.433, 1, 0.017, 0.017, 114.569, 89.336, 100, 0, 0, 141, 23.334, 26.064, 87.046, 3.932, 0, 91.456, 0, 0, 89.807, 31.948, 0, 0, 0, 0, 
1.6, 23.831, 100.58, 62.26, 62.89, , 2.887, 0.971, 67.687, 67.687, 2.048, 70.172, 70.172, 70.172, 59.131, 58.304, 35.806, 35.558, 7.377, 12.917, 0, 0, 6.172, 6.36, 6.172, 6.36, 1, 35.047, 35.047, 0.025, 0.27, 16.902, 17.418, 16.902, 17.418, 4.423, 7.377, 12.917, , , 1, 1.639, 0.833, 0.032, 12.727, 2.048, 174, 0, 0, 0, 62.223, 15.534, 15.67, 114.46, 84.712, 100, 0, 0, 23.728, 26.094, 80.993, 3.697, 90.728, 0, 0, 89.716, 32.362, 0, 0, 0.833, 0, 0, 14, 0.032, 12.727, 0, 2.048, 174, 0, 0, 0, 62.223, 1, 0.015, 0.015, 114.46, 84.712, 100, 0, 0, 141, 23.728, 26.094, 80.993, 3.697, 0, 90.728, 0, 0, 89.716, 32.362, 0, 0, 0, 0, 
1.65, 23.832, 100.58, 62.26, 62.89, , -0.59, 0.971, 70.256, 70.256, 2.095, -12.325, -12.325, -12.325, 60.2, 58.253, 36.094, 35.594, 7.377, 12.959, 0, 0, -1.11, -1.143, -1.11, -1.143, 1, 35.032, 35.032, 0.025, 0.27, -2.2, -2.264, -2.2, -2.264, 4.421, 7.377, 12.959, , , 1, 1.689, 0.67, 0.043, 12.8, 2.095, 174, 0, 0, 0, 61.012, 14.394, 14.507, 114.351, 80.089, 100, 0, 0, 24.121, 26.125, 74.939, 3.462, 90, 0, 0, 89.625, 32.776, 0, 0, 0.67, 0, 0, 14, 0.043, 12.8, 0, 2.095, 174, 0, 0, 0, 61.012, 1, 0.014, 0.014, 114.351, 80.089, 100, 0, 0, 141, 24.121, 26.125, 74.939, 3.462, 0, 90, 0, 0, 89.625, 32.776, 0, 0, 0, 0, 
1.7, 23.833, 100.58, 62.26, 62.89, , -2.392, 0.971, 72.85, 72.85, 2.143, -55.06, -55.06, -55.06, 61.349, 58.203, 36.14, 35.902, 7.377, 12.944, 0, 0, -4.984, -5.133, -4.984, -5.133, 1, 34.98, 34.98, 0.025, 0.27, -11.997, -12.36, -11.997, -12.36, 4.423, 7.377, 12.944, , , 1, 1.739, 0.507, 0.053, 12.873, 2.143, 174, 0, 0, 0, 59.801, 13.254, 13.343, 114.242, 75.465, 100, 0, 0, 24.515, 26.155, 68.886, 3.227, 89.272, 0, 0, 89.534, 33.19, 0, 0, 0.507, 0, 0, 14, 0.053, 12.873, 0, 2.143, 174, 0, 0, 0, 59.801, 1, 0.013, 0.013, 114.242, 75.465, 100, 0, 0, 141, 24.515, 26.155, 68.886, 3.227, 0, 89.272, 0, 0, 89.534, 33.19, 0, 0, 0, 0, 
1.75, 23.834, 100.58, 62.26, 62.89, , -3.596, 0.971, 75.436, 75.436, 2.191, -83.634, -83.634, -83.634, 62.809, 58.153, 36.14, 36.262, 7.378, 12.871, 0, 0, -7.562, -7.79, -7.562, -7.79, 1, 34.795, 34.795, 0.025, 0.27, -18.434, -18.992, -18.434, -18.992, 4.434, 7.378, 12.871, , , 1, 1.789, 0.345, 0.063, 12.946, 2.191, 174, 0, 0, 0, 58.591, 12.114, 12.18, 114.133, 70.842, 100, 0, 0, 24.908, 26.185, 62.833, 2.993, 88.544, 0, 0, 89.443, 33.604, 0, 0, 0.345, 0, 0, 14, 0.063, 12.946, 0, 2.191, 174, 0, 0, 0, 58.591, 1, 0.012, 0.012, 114.133, 70.842, 100, 0, 0, 141, 24.908, 26.185, 62.833, 2.993, 0, 88.544, 0, 0, 89.443, 33.604, 0, 0, 0, 0, 
1.8, 23.835, 100.58, 62.26, 62.89, , -3.102, 0.971, 78.003, 78.003, 2.238, -71.905, -71.905, -71.905, 64.291, 58.102, 36.14, 36.622, 7.378, 12.797, 0, 0, -6.454, -6.649, -6.454, -6.649, 1, 34.625, 34.625, 0.025, 0.27, -15.307, -15.771, -15.307, -15.771, 4.444, 7.378, 12.797, , , 1, 1.839, 0.182, 0.073, 13.018, 2.238, 174, 0, 0, 0, 57.38, 10.974, 11.016, 114.024, 66.218, 100, 0, 0, 25.301, 26.215, 56.78, 2.758, 87.816, 0, 0, 89.352, 34.018, 0, 0, 0.182, 0, 0, 14, 0.073, 13.018, 0, 2.238, 174, 0, 0, 0, 57.38, 1, 0.011, 0.011, 114.024, 66.218, 100, 0, 0, 141, 25.301, 26.215, 56.78, 2.758, 0, 87.816, 0, 0, 89.352, 34.018, 0, 0, 0, 0, 
1.85, 23.836, 100.58, 62.26, 62.89, , -2.938, 0.971, 80.556, 80.556, 2.286, -68.024, -68.024, -68.024, 65.813, 58.052, 36.14, 36.982, 7.379, 12.723, 0, 0, -6.059, -6.242, -6.059, -6.242, 1, 34.482, 34.482, 0.025, 0.271, -13.962, -14.385, -13.962, -14.385, 4.454, 7.379, 12.723, , , 1, 1.889, 0.02, 0.084, 13.091, 2.286, 174, 0, 0, 0, 56.169, 9.835, 9.853, 113.915, 61.595, 100, 0, 0, 25.695, 26.246, 50.726, 2.523, 87.087, 0, 0, 89.261, 34.432, 0, 0, 0.02, 0, 0, 14, 0.084, 13.091, 0, 2.286, 174, 0, 0, 0, 56.169, 1, 0.01, 0.01, 113.915, 61.595, 100, 0, 0, 141, 25.695, 26.246, 50.726, 2.523, 0, 87.087, 0, 0, 89.261, 34.432, 0, 0, 0, 0, 
1.9, 23.838, 100.58, 62.26, 62.89, , -3.195, 0.971, 83.093, 83.093, 2.299, -74.131, -74.131, -74.131, 67.122, 58.002, 36.14, 37.342, 7.379, 12.738, 0, 0, -6.572, -6.769, -6.572, -6.769, 1, 34.327, 34.327, 0.025, 0.271, -14.884, -15.336, -14.884, -15.336, 4.466, 7.379, 12.738, , , 1, 1.939, 0, 0.083, 13.216, 2.299, 174, 0, 0, 0, 53.159, 8.262, 8.29, 113.73, 53.136, 100, 0, 0, 25.75, 26.155, 40.308, 2.123, 85.595, 0, 0, 88.378, 34.372, 0, 0, 0, 0, 0, 14, 0.083, 13.216, 0, 2.299, 174, 0, 0, 0, 53.159, 1, 0.008, 0.008, 113.73, 53.136, 100, 0, 0, 141, 25.75, 26.155, 40.308, 2.123, 0, 85.595, 0, 0, 88.378, 34.372, 0, 0, 0, 0, 
1.95, 23.839, 100.58, 62.26, 62.89, , -3.495, 0.971, 85.614, 85.614, 2.308, -81.256, -81.256, -81.256, 68.249, 57.951, 35.989, 37.037, 7.38, 12.866, 0, 0, -7.171, -7.387, -7.171, -7.387, 1, 34.16, 34.16, 0.025, 0.271, -16.102, -16.592, -16.102, -16.592, 4.491, 7.38, 12.866, , , 1, 1.989, 0, 0.081, 13.348, 2.308, 174, 0, 0, 0, 49.855, 6.619, 6.662, 113.531, 44.155, 100, 0, 0, 25.75, 26.045, 29.295, 1.695, 83.998, 0, 0, 87.387, 34.234, 0, 0, 0, 0, 0, 14, 0.081, 13.348, 0, 2.308, 174, 0, 0, 0, 49.855, 1, 0.006, 0.006, 113.531, 44.155, 100, 0, 0, 141, 25.75, 26.045, 29.295, 1.695, 0, 83.998, 0, 0, 87.387, 34.234, 0, 0, 0, 0, 
2, 23.84, 100.58, 62.26, 62.89, , -3.824, 0.971, 88.125, 88.125, 2.317, -89.06, -89.06, -89.06, 68.951, 57.901, 35.809, 36.605, 7.38, 13.12, 0, 0, -7.829, -8.064, -7.829, -8.064, 1, 33.973, 33.973, 0.025, 0.271, -17.517, -18.05, -17.517, -18.05, 4.515, 7.38, 13.12, , , 1, 2.039, 0, 0.079, 13.481, 2.317, 174, 0, 0, 0, 46.551, 4.976, 5.035, 113.333, 35.174, 100, 0, 0, 25.75, 25.935, 18.282, 1.268, 82.401, 0, 0, 86.395, 34.096, 0, 0, 0, 0, 0, 14, 0.079, 13.481, 0, 2.317, 174, 0, 0, 0, 46.551, 1, 0.005, 0.005, 113.333, 35.174, 100, 0, 0, 141, 25.75, 25.935, 18.282, 1.268, 0, 82.401, 0, 0, 86.395, 34.096, 0, 0, 0, 0, 
2.05, 23.84, 100.58, 62.26, 62.89, , -2.929, 0.971, 90.636, 90.636, 2.326, -67.821, -67.821, -67.821, 69.453, 57.851, 35.629, 36.173, 7.379, 13.548, 0, 0, -5.956, -6.135, -5.956, -6.135, 1, 33.775, 33.775, 0.025, 0.271, -13.237, -13.641, -13.237, -13.641, 4.54, 7.379, 13.548, , , 1, 2.089, 0, 0.076, 13.613, 2.326, 174, 0, 0, 0, 43.247, 3.332, 3.407, 113.135, 26.193, 100, 0, 0, 25.75, 25.825, 7.269, 0.841, 80.804, 0, 0, 85.404, 33.959, 0, 0, 0, 0, 0, 14, 0.076, 13.613, 0, 2.326, 174, 0, 0, 0, 43.247, 1, 0.003, 0.003, 113.135, 26.193, 100, 0, 0, 141, 25.75, 25.825, 7.269, 0.841, 0, 80.804, 0, 0, 85.404, 33.959, 0, 0, 0, 0, 
2.1, 23.84, 100.58, 62.26, 62.89, , -1.647, 0.971, 93.146, 93.146, 2.327, -37.409, -37.409, -37.409, 69.31, 57.8, 35.449, 35.741, 7.379, 14.152, 0, 0, -3.284, -3.384, -3.284, -3.384, 1, 33.678, 33.678, 0.025, 0.271, -7.159, -7.378, -7.159, -7.378, 4.565, 7.379, 14.152, , , 1, 2.139, 0, 0.07, 13.7, 2.327, 174, 0, 0, 0, 40.667, 2.213, 2.291, 113, 20.134, 100, 0, 0, 25.7, 25.7, 0, 0.55, 79.732, 0, 0, 84.732, 33.844, 0, 0, 0, 0, 0, 14, 0.07, 13.7, 0, 2.327, 174, 0, 0, 0, 40.667, 1, 0.002, 0.002, 113, 20.134, 100, 0, 0, 141, 25.7, 25.7, 0, 0.55, 0, 79.732, 0, 0, 84.732, 33.844, 0, 0, 0, 0, 
2.15, 23.84, 100.58, 62.26, 62.89, , 2.332, 0.971, 95.609, 95.609, 2.314, 56.98, 56.98, 56.98, 69.025, 57.75, 35.269, 35.309, 7.378, 15.042, 0, 0, 5.142, 5.297, 5.142, 5.297, 1, 33.603, 33.603, 0.025, 0.271, 11.713, 12.069, 11.713, 12.069, 4.575, 7.378, 15.042, , , 1, 2.189, 0, 0.054, 13.7, 2.314, 174, 0, 0, 0, 39.625, 2.205, 2.264, 113, 19.75, 100, 0, 0, 25.544, 25.544, 0, 0.55, 79.68, 0, 0, 84.68, 33.778, 0, 0, 0, 0, 0, 14, 0.054, 13.7, 0, 2.314, 174, 0, 0, 0, 39.625, 1, 0.002, 0.002, 113, 19.75, 100, 0, 0, 141, 25.544, 25.544, 0, 0.55, 0, 79.68, 0, 0, 84.68, 33.778, 0, 0, 0, 0, 
2.2, 23.84, 100.58, 62.26, 62.89, , 6.678, 0.971, 98.067, 98.067, 2.301, 160.093, 160.093, 160.093, 68.557, 57.7, 35.24, 35.21, 7.378, 15.859, 0, 0, 14.353, 14.787, 14.353, 14.787, 1, 33.912, 33.912, 0.025, 0.271, 32.33, 33.313, 32.33, 33.313, 4.585, 7.378, 15.859, , , 1, 2.239, 0, 0.038, 13.7, 2.301, 174, 0, 0, 0, 38.583, 2.198, 2.237, 113, 19.366, 100, 0, 0, 25.388, 25.388, 0, 0.55, 79.628, 0, 0, 84.628, 33.713, 0, 0, 0, 0, 0, 14, 0.038, 13.7, 0, 2.301, 174, 0, 0, 0, 38.583, 1, 0.002, 0.002, 113, 19.366, 100, 0, 0, 141, 25.388, 25.388, 0, 0.55, 0, 79.628, 0, 0, 84.628, 33.713, 0, 0, 0, 0, 
2.25, 23.84, 100.58, 62.26, 62.89, , 10.306, 0.971, 100.526, 100.526, 2.288, 246.169, 246.169, 246.169, 68.088, 57.649, 35.24, 35.174, 7.377, 16.546, 0, 0, 22.334, 23.009, 22.334, 23.009, 1, 34.255, 34.255, 0.025, 0.27, 49.655, 51.164, 49.655, 51.164, 4.595, 7.377, 16.546, , , 1, 2.289, 0, 0.023, 13.7, 2.288, 174, 0, 0, 0, 37.542, 2.191, 2.21, 113, 18.981, 100, 0, 0, 25.231, 25.231, 0, 0.55, 79.576, 0, 0, 84.576, 33.647, 0, 0, 0, 0, 0, 14, 0.023, 13.7, 0, 2.288, 174, 0, 0, 0, 37.542, 1, 0.002, 0.002, 113, 18.981, 100, 0, 0, 141, 25.231, 25.231, 0, 0.55, 0, 79.576, 0, 0, 84.576, 33.647, 0, 0, 0, 0, 
2.3, 23.84, 100.58, 62.26, 62.89, , 13.805, 0.971, 102.984, 102.984, 2.275, 329.192, 329.192, 329.192, 67.714, 57.599, 35.24, 35.138, 7.377, 17.013, 0, 0, 30.075, 30.985, 30.075, 30.985, 1, 34.901, 34.901, 0.025, 0.27, 66.377, 68.395, 66.377, 68.395, 4.606, 7.377, 17.013, , , 1, 2.339, 0, 0.007, 13.7, 2.275, 174, 0, 0, 0, 36.5, 2.184, 2.183, 113, 18.597, 100, 0, 0, 25.075, 25.075, 0, 0.55, 79.524, 0, 0, 84.524, 33.582, 0, 0, 0, 0, 0, 14, 0.007, 13.7, 0, 2.275, 174, 0, 0, 0, 36.5, 1, 0.002, 0.002, 113, 18.597, 100, 0, 0, 141, 25.075, 25.075, 0, 0.55, 0, 79.524, 0, 0, 84.524, 33.582, 0, 0, 0, 0, 
2.35, 23.84, 100.58, 62.26, 62.89, , 16.146, 0.971, 105.442, 105.442, 2.301, 384.744, 384.744, 384.744, 67.351, 57.549, 35.24, 35.102, 7.378, 17.052, 0, 0, 35.657, 36.738, 35.657, 36.738, 1, 35.58, 35.58, 0.025, 0.27, 77.686, 80.046, 77.686, 80.046, 4.594, 7.378, 17.052, , , 1, 2.389, 0.098, 0, 13.571, 2.301, 174, 0, 0, 0, 39.12, 3.805, 3.82, 113, 27.346, 100, 0, 0, 25.208, 25.234, 10.8, 0.954, 80.683, 0, 0, 85.387, 34.132, 0, 0, 0.098, 0, 0, 14, 0, 13.57, 0, 2.301, 174, 0, 0, 0, 39.12, 1, 0.004, 0.004, 113, 27.346, 100, 0, 0, 141, 25.208, 25.234, 10.8, 0.954, 0, 80.683, 0, 0, 85.387, 34.132, 0, 0, 0, 0, 
2.4, 23.84, 100.58, 62.26, 62.89, , 17.784, 0.971, 107.933, 107.933, 2.36, 423.62, 423.62, 423.62, 67.045, 57.498, 35.24, 35.066, 7.379, 16.741, 0, 0, 39.815, 41.023, 39.815, 41.023, 1, 36.431, 36.431, 0.025, 0.269, 85.736, 88.34, 85.736, 88.34, 4.581, 7.379, 16.741, , , 1, 2.439, 0.279, 0, 13.332, 2.36, 174, 0, 0, 0, 45.12, 6.93, 6.994, 113, 43.876, 100, 0, 0, 25.608, 25.684, 30.8, 1.73, 82.875, 0, 0, 87.031, 35.251, 0, 0, 0.279, 0, 0, 14, 0, 13.33, 0, 2.36, 174, 0, 0, 0, 45.12, 1, 0.007, 0.007, 113, 43.876, 100, 0, 0, 141, 25.608, 25.684, 30.8, 1.73, 0, 82.875, 0, 0, 87.031, 35.251, 0, 0, 0, 0, 
2.45, 23.84, 100.58, 62.26, 62.89, , 17.197, 0.971, 110.557, 110.557, 2.419, 409.688, 409.688, 409.688, 66.666, 57.448, 35.391, 35.06, 7.38, 15.69, 0, 0, 39.461, 40.66, 39.461, 40.66, 1, 37.272, 37.272, 0.025, 0.269, 83.472, 86.007, 83.472, 86.007, 4.568, 7.38, 15.69, , , 1, 2.489, 0.46, 0, 13.093, 2.419, 174, 0, 0, 0, 51.12, 10.055, 10.168, 113, 60.406, 100, 0, 0, 26.008, 26.134, 50.8, 2.506, 85.066, 0, 0, 88.674, 36.37, 0, 0, 0.46, 0, 0, 14, 0, 13.09, 0, 2.419, 174, 0, 0, 0, 51.12, 1, 0.01, 0.01, 113, 60.406, 100, 0, 0, 141, 26.008, 26.134, 50.8, 2.506, 0, 85.066, 0, 0, 88.674, 36.37, 0, 0, 0, 0, 
2.5, 23.84, 100.58, 62.26, 62.89, , 16.845, 0.971, 113.22, 113.22, 2.478, 401.358, 401.358, 401.358, 66.12, 57.397, 35.571, 35.06, 7.382, 14.627, 0, 0, 39.75, 40.958, 39.75, 40.958, 1, 38.09, 38.09, 0.025, 0.269, 82.759, 85.272, 82.759, 85.272, 4.555, 7.382, 14.627, , , 1, 2.539, 0.642, 0, 12.854, 2.478, 174, 0, 0, 0, 57.12, 13.18, 13.342, 113, 76.936, 100, 0, 0, 26.408, 26.584, 70.8, 3.282, 87.257, 0, 0, 90.318, 37.489, 0, 0, 0.642, 0, 0, 14, 0, 12.85, 0, 2.478, 174, 0, 0, 0, 57.12, 1, 0.013, 0.013, 113, 76.936, 100, 0, 0, 141, 26.408, 26.584, 70.8, 3.282, 0, 87.257, 0, 0, 90.318, 37.489, 0, 0, 0, 0, 
2.55, 23.84, 100.58, 62.26, 62.89, , 16.793, 0.971, 115.934, 115.934, 2.537, 400.156, 400.156, 400.156, 65.21, 57.347, 35.751, 35.06, 7.383, 13.538, 0, 0, 40.856, 42.096, 40.856, 42.096, 1, 39.116, 39.116, 0.025, 0.268, 84.021, 86.572, 84.021, 86.572, 4.551, 7.383, 13.538, , , 1, 2.588, 0.823, 0, 12.615, 2.537, 174, 0, 0, 0, 63.12, 16.305, 16.516, 113, 93.466, 100, 0, 0, 26.808, 27.034, 90.8, 4.058, 89.448, 0, 0, 91.961, 38.608, 0, 0, 0.823, 0, 0, 14, 0, 12.61, 0, 2.537, 174, 0, 0, 0, 63.12, 1, 0.016, 0.016, 113, 93.466, 100, 0, 0, 141, 26.808, 27.034, 90.8, 4.058, 0, 89.448, 0, 0, 91.961, 38.608, 0, 0, 0, 0, 
2.6, 23.84, 100.58, 62.26, 62.89, , 16.892, 0.971, 119.703, 119.703, 2.567, 402.51, 402.51, 402.51, 64.013, 57.297, 35.931, 35.06, 7.384, 12.566, 0, 0, 42.061, 43.339, 42.061, 43.339, 1, 40.306, 40.306, 0.025, 0.268, 85.653, 88.254, 85.653, 88.254, 4.552, 7.384, 12.566, , , 1, 2.638, 0.85, 0, 12.5, 2.567, 174, 0, 0, 0, 66, 17.779, 18.07, 113, 101.135, 100, 0, 0, 27.028, 27.335, 100, 4.43, 90.5, 0, 0, 92.722, 39.602, 0, 0, 0.85, 0, 0, 14, 0, 12.5, 0, 2.583, 174, 0, 0, 0, 66, 1, 0.018, 0.018, 113, 101.135, 100, 0, 0, 141, 27.028, 27.335, 100, 4.43, 0, 90.5, 0, 0, 92.722, 39.602, 0, 0, 0, 0, 
2.65, 23.84, 100.58, 62.26, 62.89, , 17.044, 0.971, 123.871, 123.871, 2.572, 406.123, 406.123, 406.123, 63.313, 57.246, 36.111, 35.06, 7.384, 11.892, 0, 0, 43.284, 44.6, 43.284, 44.6, 1, 41.175, 41.175, 0.025, 0.268, 87.366, 90.02, 87.366, 90.02, 4.553, 7.384, 11.892, , , 1, 2.688, 0.734, 0, 12.5, 2.572, 174, 0, 0, 0, 66, 17.729, 18.128, 113, 101.256, 100, 0, 0, 27.083, 27.498, 100, 4.43, 90.5, 0, 0, 92.667, 40.48, 0, 0, 0.734, 0, 0, 14, 0, 12.5, 0, 2.619, 174, 0, 0, 0, 66, 1, 0.018, 0.018, 113, 101.256, 100, 0, 0, 141, 27.083, 27.498, 100, 4.43, 0, 90.5, 0, 0, 92.667, 40.48, 0, 0, 0, 0, 
2.7, 23.84, 100.58, 62.26, 62.89, , 17.02, 0.971, 126.79, 126.79, 2.577, 405.59, 405.59, 405.59, 62.769, 57.196, 36.049, 34.969, 7.384, 11.383, 0, 0, 44.095, 45.434, 44.095, 45.434, 1, 41.989, 41.989, 0.025, 0.268, 87.892, 90.559, 87.892, 90.559, 4.553, 7.384, 11.383, , , 1, 2.738, 0.618, 0, 12.5, 2.577, 174, 0, 0, 0, 66, 17.679, 18.185, 113, 101.376, 100, 0, 0, 27.137, 27.661, 100, 4.43, 90.5, 0, 0, 92.612, 41.358, 0, 0, 0.618, 0, 0, 14, 0, 12.5, 0, 2.655, 174, 0, 0, 0, 66, 1, 0.018, 0.018, 113, 101.376, 100, 0, 0, 141, 27.137, 27.661, 100, 4.43, 0, 90.5, 0, 0, 92.612, 41.358, 0, 0, 0, 0, 
2.75, 23.84, 100.58, 62.26, 62.89, , 17.072, 0.971, 129.741, 129.741, 2.582, 406.838, 406.838, 406.838, 62.464, 57.146, 35.941, 34.861, 7.382, 11.347, 0, 0, 45.096, 46.466, 45.096, 46.466, 1, 42.8, 42.8, 0.025, 0.268, 88.612, 91.3, 88.612, 91.3, 4.565, 7.382, 11.347, , , 1, 2.789, 0.503, 0, 12.5, 2.582, 174, 0, 0, 0, 66, 17.629, 18.243, 113, 101.497, 100, 0, 0, 27.191, 27.824, 100, 4.43, 90.5, 0, 0, 92.558, 42.236, 0, 0, 0.503, 0, 0, 14, 0, 12.5, 0, 2.691, 174, 0, 0, 0, 66, 1, 0.018, 0.018, 113, 101.497, 100, 0, 0, 141, 27.191, 27.824, 100, 4.43, 0, 90.5, 0, 0, 92.558, 42.236, 0, 0, 0, 0, 
2.8, 23.84, 100.58, 62.26, 62.89, , 17.212, 0.971, 132.735, 132.735, 2.588, 410.176, 410.176, 410.176, 62.342, 57.095, 35.833, 34.753, 7.381, 11.341, 0, 0, 46.32, 47.729, 46.32, 47.729, 1, 43.621, 43.621, 0.025, 0.269, 89.562, 92.28, 89.562, 92.28, 4.596, 7.381, 11.341, , , 1, 2.839, 0.387, 0, 12.5, 2.588, 174, 0, 0, 0, 66, 17.579, 18.3, 113, 101.618, 100, 0, 0, 27.246, 27.987, 100, 4.43, 90.5, 0, 0, 92.503, 43.115, 0, 0, 0.387, 0, 0, 14, 0, 12.5, 0, 2.727, 174, 0, 0, 0, 66, 1, 0.018, 0.018, 113, 101.618, 100, 0, 0, 141, 27.246, 27.987, 100, 4.43, 0, 90.5, 0, 0, 92.503, 43.115, 0, 0, 0, 0, 
2.85, 23.84, 100.58, 62.26, 62.89, , 17.359, 0.971, 135.834, 135.834, 2.643, 413.658, 413.658, 413.658, 62.329, 57.045, 35.725, 34.645, 7.379, 11.429, 0, 0, 47.604, 49.05, 47.604, 49.05, 1, 44.45, 44.45, 0.025, 0.269, 90.218, 92.956, 90.218, 92.956, 4.626, 7.379, 11.429, , , 1, 2.888, 0.306, 0, 12.5, 2.643, 174, 0, 0, 0, 66, 17.587, 18.321, 113, 101.734, 100, 0, 0, 27.298, 28.096, 100, 4.43, 91.085, 0, 0, 93.378, 43.602, 0, 0, 0.306, 0, 0, 14, 0, 12.5, 0, 2.757, 174, 0, 0, 0, 66, 1, 0.018, 0.018, 113, 101.734, 100, 0, 0, 141, 27.298, 28.096, 100, 4.43, 0, 91.085, 0, 0, 93.378, 43.602, 0, 0, 0, 0, 
2.9, 23.84, 100.58, 62.26, 62.89, , 17.496, 0.971, 138.996, 138.996, 2.702, 416.927, 416.927, 416.927, 62.412, 56.995, 35.617, 34.537, 7.378, 11.505, 0, 0, 48.884, 50.368, 48.884, 50.368, 1, 45.286, 45.286, 0.025, 0.269, 90.807, 93.564, 90.807, 93.564, 4.657, 7.378, 11.505, , , 1, 2.939, 0.227, 0, 12.5, 2.702, 174, 0, 0, 0, 66, 17.601, 18.339, 113, 101.849, 100, 0, 0, 27.35, 28.2, 100, 4.43, 91.707, 0, 0, 94.311, 44.055, 0, 0, 0.227, 0, 0, 14, 0, 12.5, 0, 2.787, 174, 0, 0, 0, 66, 1, 0.018, 0.018, 113, 101.849, 100, 0, 0, 141, 27.35, 28.2, 100, 4.43, 0, 91.707, 0, 0, 94.311, 44.055, 0, 0, 0, 0, 
2.95, 23.84, 100.58, 62.26, 62.89, , 17.618, 0.971, 142.239, 142.239, 2.761, 419.852, 419.852, 419.852, 62.476, 56.944, 35.57, 35.185, 7.378, 11.541, 0, 0, 50.149, 51.669, 50.149, 51.669, 1, 46.128, 46.128, 0.025, 0.27, 91.343, 94.117, 91.343, 94.117, 4.686, 7.378, 11.541, , , 1, 2.989, 0.148, 0, 12.5, 2.761, 174, 0, 0, 0, 66, 17.615, 18.357, 113, 101.965, 100, 0, 0, 27.402, 28.304, 100, 4.43, 92.33, 0, 0, 95.245, 44.508, 0, 0, 0.148, 0, 0, 14, 0, 12.5, 0, 2.816, 174, 0, 0, 0, 66, 1, 0.018, 0.018, 113, 101.965, 100, 0, 0, 141, 27.402, 28.304, 100, 4.43, 0, 92.33, 0, 0, 95.245, 44.508, 0, 0, 0, 0, 
3, 23.84, 100.58, 62.26, 62.89, , 17.835, 0.971, 145.525, 145.525, 2.819, 425.007, 425.007, 425.007, 62.523, 56.894, 35.534, 35.977, 7.378, 11.571, 0, 0, 51.713, 53.282, 51.713, 53.282, 1, 46.977, 46.977, 0.025, 0.27, 92.404, 95.211, 92.404, 95.211, 4.712, 7.378, 11.571, , , 1, 3.038, 0.069, 0, 12.5, 2.819, 174, 0, 0, 0, 66, 17.628, 18.374, 113, 102.081, 100, 0, 0, 27.454, 28.408, 100, 4.43, 92.952, 0, 0, 96.178, 44.961, 0, 0, 0.069, 0, 0, 14, 0, 12.5, 0, 2.846, 174, 0, 0, 0, 66, 1, 0.018, 0.018, 113, 102.081, 100, 0, 0, 141, 27.454, 28.408, 100, 4.43, 0, 92.952, 0, 0, 96.178, 44.961, 0, 0, 0, 0, 
3.05, 23.84, 100.58, 62.26, 62.89, , 18.066, 0.971, 148.863, 148.863, 2.882, 430.513, 430.513, 430.513, 62.546, 56.844, 35.498, 36.769, 7.379, 11.576, 0, 0, 53.348, 54.967, 53.348, 54.967, 1, 47.838, 47.838, 0.025, 0.27, 93.57, 96.411, 93.57, 96.411, 4.737, 7.379, 11.576, , , 1, 3.089, 0, 0.001, 12.5, 2.882, 174, 0, 0, 0, 66, 17.655, 18.401, 112.935, 102.185, 100, 0, 0, 27.53, 28.512, 100, 4.43, 93.614, 0, 0, 97.072, 45.531, 0, 0, 0, 0, 0, 14, 0.001, 12.5, 0, 2.883, 174, 0, 0, 0, 66, 1, 0.018, 0.018, 112.935, 102.185, 100, 0, 0, 141, 27.53, 28.512, 100, 4.43, 0, 93.614, 0, 0, 97.072, 45.531, 0, 0, 0, 0, 
3.1, 23.84, 100.58, 62.26, 62.89, , 18.304, 0.971, 152.254, 152.254, 2.971, 436.157, 436.157, 436.157, 62.561, 56.793, 35.462, 37.561, 7.379, 11.582, 0, 0, 55.031, 56.7, 55.031, 56.7, 1, 48.715, 48.715, 0.025, 0.27, 94.783, 97.661, 94.783, 97.661, 4.762, 7.379, 11.582, , , 1, 3.139, 0, 0.01, 12.5, 2.971, 174, 0, 0, 0, 66, 17.783, 18.492, 112.395, 102.222, 100, 0, 0, 27.78, 28.612, 100, 4.428, 94.568, 0, 0, 97.675, 46.96, 0, 0, 0, 0, 0, 14, 0.01, 12.5, 0, 2.972, 174, 0, 0, 0, 66, 1, 0.018, 0.018, 112.395, 102.222, 100, 0, 0, 141, 27.78, 28.612, 100, 4.428, 0, 94.568, 0, 0, 97.675, 46.96, 0, 0, 0, 0, 
3.15, 23.84, 100.58, 62.26, 62.89, , 18.527, 0.971, 155.688, 155.688, 3.06, 441.472, 441.472, 441.472, 62.586, 56.743, 35.426, 38.353, 7.38, 11.59, 0, 0, 56.713, 58.435, 56.713, 58.435, 1, 49.605, 49.605, 0.025, 0.271, 95.897, 98.808, 95.897, 98.808, 4.787, 7.38, 11.59, , , 1, 3.189, 0, 0.019, 12.5, 3.06, 174, 0, 0, 0, 66, 17.911, 18.583, 111.855, 102.259, 100, 0, 0, 28.03, 28.712, 100, 4.426, 95.522, 0, 0, 98.277, 48.389, 0, 0, 0, 0, 0, 14, 0.019, 12.5, 0, 3.061, 174, 0, 0, 0, 66, 1, 0.018, 0.018, 111.855, 102.259, 100, 0, 0, 141, 28.03, 28.712, 100, 4.426, 0, 95.522, 0, 0, 98.277, 48.389, 0, 0, 0, 0, 
3.2, 23.84, 100.58, 62.26, 62.89, , 18.679, 0.971, 159.245, 159.245, 3.149, 445.105, 445.105, 445.105, 62.631, 56.693, 35.39, 37.996, 7.38, 11.601, 0, 0, 58.197, 59.966, 58.197, 59.966, 1, 50.506, 50.506, 0.025, 0.271, 96.606, 99.538, 96.606, 99.538, 4.803, 7.38, 11.601, , , 1, 3.239, 0, 0.028, 12.5, 3.149, 174, 0, 0, 0, 66, 18.039, 18.674, 111.315, 102.296, 100, 0, 0, 28.28, 28.812, 100, 4.424, 96.476, 0, 0, 98.88, 49.818, 0, 0, 0, 0, 0, 14, 0.028, 12.5, 0, 3.149, 174, 0, 0, 0, 66, 1, 0.018, 0.019, 111.315, 102.296, 100, 0, 0, 141, 28.28, 28.812, 100, 4.424, 0, 96.476, 0, 0, 98.88, 49.818, 0, 0, 0, 0, 
3.25, 23.84, 100.58, 62.26, 62.89, , 18.71, 0.971, 162.864, 162.864, 3.237, 445.861, 445.861, 445.861, 62.71, 56.642, 35.354, 37.42, 7.38, 11.631, 0, 0, 59.308, 61.111, 59.308, 61.111, 1, 51.408, 51.408, 0.025, 0.271, 96.652, 99.584, 96.652, 99.584, 4.819, 7.38, 11.631, , , 1, 3.289, 0, 0.037, 12.5, 3.237, 174, 0, 0, 0, 66, 18.167, 18.765, 110.775, 102.333, 100, 0, 0, 28.53, 28.912, 100, 4.422, 97.43, 0, 0, 99.482, 51.247, 0, 0, 0, 0, 0, 14, 0.037, 12.5, 0, 3.238, 174, 0, 0, 0, 66, 1, 0.018, 0.019, 110.775, 102.333, 100, 0, 0, 141, 28.53, 28.912, 100, 4.422, 0, 97.43, 0, 0, 99.482, 51.247, 0, 0, 0, 0, 
3.3, 23.84, 100.58, 62.26, 62.89, , 17.894, 0.971, 166.895, 166.895, 3.319, 426.514, 426.514, 426.514, 62.92, 56.592, 35.318, 36.844, 7.379, 11.661, 0, 0, 57.653, 59.405, 57.653, 59.405, 1, 52.636, 52.636, 0.025, 0.271, 92.301, 95.103, 92.301, 95.103, 4.835, 7.379, 11.661, , , 1, 3.338, 0, 0.046, 12.5, 3.319, 174, 0, 0, 0, 66, 18.281, 18.843, 110.278, 102.36, 100, 0, 0, 28.756, 29, 100, 4.42, 98.301, 0, 0, 100.087, 52.559, 0, 0, 0, 0, 0, 14, 0.046, 12.5, 0, 3.319, 174, 0, 0, 0, 66, 1, 0.018, 0.019, 110.278, 102.36, 100, 0, 0, 141, 28.756, 29, 100, 4.42, 0, 98.301, 0, 0, 100.087, 52.559, 0, 0, 0, 0, 
3.35, 23.84, 100.58, 62.26, 62.89, , 14.136, 0.971, 172.455, 172.455, 3.352, 337.395, 337.395, 337.395, 63.203, 56.542, 35.282, 36.268, 7.379, 11.698, 0, 0, 46.331, 47.741, 46.331, 47.741, 1, 53.571, 53.571, 0.025, 0.272, 72.806, 75.015, 72.806, 75.015, 4.85, 7.379, 11.698, , , 1, 3.389, 0, 0.056, 12.5, 3.352, 174, 0, 0, 0, 66, 18.289, 18.828, 110.09, 102.321, 100, 0, 0, 28.808, 29, 100, 4.418, 98.666, 0, 0, 100.71, 53.012, 0, 0, 0, 0, 0, 14, 0.056, 12.5, 0, 3.352, 174, 0, 0, 0, 66, 1, 0.018, 0.019, 110.09, 102.321, 100, 0, 0, 141, 28.808, 29, 100, 4.418, 0, 98.666, 0, 0, 100.71, 53.012, 0, 0, 0, 0, 
3.4, 23.84, 100.58, 62.26, 62.89, , 9.535, 0.971, 176.386, 176.386, 3.385, 228.246, 228.246, 228.246, 63.611, 56.491, 35.246, 35.692, 7.378, 11.735, 0, 0, 31.489, 32.448, 31.489, 32.448, 1, 54.157, 54.157, 0.025, 0.272, 49.449, 50.949, 49.449, 50.949, 4.864, 7.378, 11.735, , , 1, 3.439, 0, 0.065, 12.5, 3.385, 174, 0, 0, 0, 66, 18.298, 18.812, 109.902, 102.283, 100, 0, 0, 28.86, 29, 100, 4.416, 99.03, 0, 0, 101.332, 53.466, 0, 0, 0, 0, 0, 14, 0.065, 12.5, 0, 3.385, 174, 0, 0, 0, 66, 1, 0.018, 0.019, 109.902, 102.283, 100, 0, 0, 141, 28.86, 29, 100, 4.416, 0, 99.03, 0, 0, 101.332, 53.466, 0, 0, 0, 0, 
3.45, 23.84, 100.58, 62.26, 62.89, , 4.889, 0.971, 180.308, 180.308, 3.419, 118.042, 118.042, 118.042, 64.226, 56.441, 35.27, 35.691, 7.378, 11.778, 0, 0, 16.346, 16.845, 16.346, 16.845, 1, 54.532, 54.532, 0.025, 0.272, 26.057, 26.846, 26.057, 26.846, 4.877, 7.378, 11.778, , , 1, 3.488, 0, 0.074, 12.5, 3.419, 174, 0, 0, 0, 66, 18.306, 18.796, 109.715, 102.244, 100, 0, 0, 28.912, 29, 100, 4.413, 99.395, 0, 0, 101.954, 53.919, 0, 0, 0, 0, 0, 14, 0.074, 12.5, 0, 3.419, 174, 0, 0, 0, 66, 1, 0.018, 0.019, 109.715, 102.244, 100, 0, 0, 141, 28.912, 29, 100, 4.413, 0, 99.395, 0, 0, 101.954, 53.919, 0, 0, 0, 0, 
3.5, 23.84, 100.58, 62.26, 62.89, , 0.623, 0.971, 184.265, 184.265, 3.452, 16.825, 16.825, 16.825, 65.092, 56.391, 35.306, 35.799, 7.377, 11.824, 0, 0, 2.32, 2.393, 2.32, 2.393, 1, 54.67, 54.67, 0.025, 0.271, 4.637, 4.775, 4.637, 4.775, 4.89, 7.377, 11.824, , , 1, 3.538, 0, 0.084, 12.5, 3.452, 174, 0, 0, 0, 66, 18.314, 18.781, 109.528, 102.205, 100, 0, 0, 28.965, 29, 100, 4.411, 99.759, 0, 0, 102.577, 54.372, 0, 0, 0, 0, 0, 14, 0.084, 12.5, 0, 3.452, 174, 0, 0, 0, 66, 1, 0.018, 0.019, 109.528, 102.205, 100, 0, 0, 141, 28.965, 29, 100, 4.411, 0, 99.759, 0, 0, 102.577, 54.372, 0, 0, 0, 0, 
3.55, 23.84, 100.58, 62.26, 62.89, , -3.035, 0.971, 188.247, 188.247, 3.492, -69.951, -69.951, -69.951, 66.134, 56.34, 35.342, 35.907, 7.377, 11.9, 0, 0, -9.812, -10.108, -9.812, -10.108, 1, 54.587, 54.587, 0.025, 0.271, -13.657, -14.074, -13.657, -14.074, 4.904, 7.377, 11.9, , , 1, 3.589, 0, 0.103, 12.514, 3.492, 174, 0, 0, 0, 65.68, 17.273, 17.706, 109.285, 98.09, 100, 0, 0, 29.128, 29.096, 93.2, 4.163, 99.626, 0, 0, 102.871, 54.68, 0, 0, 0, 0, 0, 14, 0.103, 12.514, 0, 3.492, 174, 0, 0, 0, 65.68, 1, 0.017, 0.018, 109.285, 98.09, 100, 0, 0, 141, 29.128, 29.096, 93.2, 4.163, 0, 99.626, 0, 0, 102.871, 54.68, 0, 0, 0, 0, 
3.6, 23.84, 100.58, 62.26, 62.89, , -5.803, 0.971, 192.273, 192.273, 3.543, -135.628, -135.628, -135.628, 67.115, 56.29, 35.378, 36.015, 7.377, 11.986, 0, 0, -19.051, -19.627, -19.051, -19.627, 1, 54.347, 54.347, 0.025, 0.271, -27.337, -28.17, -27.337, -28.17, 4.954, 7.377, 11.986, , , 1, 3.639, 0, 0.141, 12.554, 3.543, 174, 0, 0, 0, 64.68, 14.001, 14.382, 108.925, 86.06, 100, 0, 0, 29.528, 29.396, 73.2, 3.391, 98.526, 0, 0, 102.47, 54.68, 0, 0, 0, 0, 0, 14, 0.141, 12.554, 0, 3.543, 174, 0, 0, 0, 64.68, 1, 0.014, 0.015, 108.925, 86.06, 100, 0, 0, 141, 29.528, 29.396, 73.2, 3.391, 0, 98.526, 0, 0, 102.47, 54.68, 0, 0, 0, 0, 
3.65, 23.84, 100.58, 62.26, 62.89, , -6.956, 0.971, 196.299, 196.299, 3.595, -162.982, -162.982, -162.982, 67.956, 56.24, 35.414, 36.123, 7.378, 12.238, 0, 0, -22.839, -23.531, -22.839, -23.531, 1, 54.02, 54.02, 0.025, 0.271, -32.776, -33.774, -32.776, -33.774, 5.017, 7.378, 12.238, , , 1, 3.688, 0, 0.179, 12.594, 3.595, 174, 0, 0, 0, 63.68, 10.729, 11.058, 108.565, 74.03, 100, 0, 0, 29.928, 29.696, 53.2, 2.619, 97.426, 0, 0, 102.068, 54.68, 0, 0, 0, 0, 0, 14, 0.179, 12.594, 0, 3.595, 174, 0, 0, 0, 63.68, 1, 0.011, 0.011, 108.565, 74.03, 100, 0, 0, 141, 29.928, 29.696, 53.2, 2.619, 0, 97.426, 0, 0, 102.068, 54.68, 0, 0, 0, 0, 
3.7, 23.84, 100.58, 62.26, 62.89, , -6.379, 0.971, 200.325, 200.325, 3.647, -149.319, -149.319, -149.319, 68.577, 56.189, 35.39, 36.019, 7.378, 12.505, 0, 0, -20.776, -21.403, -20.776, -21.403, 1, 53.679, 53.679, 0.025, 0.271, -29.681, -30.585, -29.681, -30.585, 5.081, 7.378, 12.505, , , 1, 3.738, 0, 0.217, 12.634, 3.647, 174, 0, 0, 0, 62.68, 7.457, 7.734, 108.205, 62, 100, 0, 0, 30.328, 29.996, 33.2, 1.847, 96.326, 0, 0, 101.667, 54.68, 0, 0, 0, 0, 0, 14, 0.217, 12.634, 0, 3.647, 174, 0, 0, 0, 62.68, 1, 0.007, 0.008, 108.205, 62, 100, 0, 0, 141, 30.328, 29.996, 33.2, 1.847, 0, 96.326, 0, 0, 101.667, 54.68, 0, 0, 0, 0, 
3.75, 23.84, 100.58, 62.26, 62.89, , -5.544, 0.971, 204.29, 204.29, 3.699, -129.503, -129.503, -129.503, 68.921, 55.605, 35.354, 35.875, 7.38, 13.147, 0, 0, -17.909, -18.45, -17.909, -18.45, 1, 53.372, 53.372, 0.025, 0.271, -25.569, -26.346, -25.569, -26.346, 5.144, 7.38, 13.147, , , 1, 3.789, 0, 0.255, 12.674, 3.699, 174, 0, 0, 0, 61.68, 4.185, 4.41, 107.845, 49.97, 100, 0, 0, 30.728, 30.296, 13.2, 1.075, 95.226, 0, 0, 101.265, 54.68, 0, 0, 0, 0, 0, 14, 0.255, 12.674, 0, 3.699, 174, 0, 0, 0, 61.68, 1, 0.004, 0.004, 107.845, 49.97, 100, 0, 0, 141, 30.728, 30.296, 13.2, 1.075, 0, 95.226, 0, 0, 101.265, 54.68, 0, 0, 0, 0, 
3.8, 23.84, 100.58, 62.26, 62.89, , -5.298, 0.971, 206.863, 206.863, 3.724, -123.676, -123.676, -123.676, 69.001, 48.887, 35.318, 35.731, 7.381, 13.797, 0, 0, -17.038, -17.552, -17.038, -17.552, 1, 53.119, 53.119, 0.025, 0.271, -24.36, -25.101, -24.36, -25.101, 5.224, 7.381, 13.797, , , 1, 3.839, 0, 0.262, 12.687, 3.724, 174, 0, 0, 0, 59.738, 1.917, 2.093, 107.6, 40.318, 100, 0, 0, 30.754, 30.285, 0, 0.549, 94.402, 0, 0, 100.951, 54.546, 0, 0, 0, 0, 0, 14, 0.262, 12.687, 0, 3.724, 174, 0, 0, 0, 59.738, 1, 0.002, 0.002, 107.6, 40.318, 100, 0, 0, 141, 30.754, 30.285, 0, 0.549, 0, 94.402, 0, 0, 100.951, 54.546, 0, 0, 0, 0, 
3.85, 23.84, 100.58, 62.26, 62.89, , -5.171, 0.971, 209.836, 209.836, 3.699, -120.661, -120.661, -120.661, 68.942, 43.964, 35.282, 35.587, 7.383, 14.915, 0, 0, -16.566, -17.067, -16.566, -17.067, 1, 52.981, 52.981, 0.025, 0.271, -23.78, -24.504, -23.78, -24.504, 5.316, 7.383, 14.915, , , 1, 3.888, 0, 0.209, 12.648, 3.699, 174, 0, 0, 0, 55.796, 1.782, 1.914, 107.6, 35.281, 100, 0, 0, 29.985, 29.612, 0, 0.547, 94.115, 0, 0, 100.807, 54.129, 0, 0, 0, 0, 0, 14, 0.21, 12.648, 0, 3.699, 174, 0, 0, 0, 55.796, 1, 0.002, 0.002, 107.6, 35.281, 100, 0, 0, 141, 29.985, 29.612, 0, 0.547, 0, 94.115, 0, 0, 100.807, 54.129, 0, 0, 0, 0, 
3.9, 23.84, 100.58, 62.26, 62.89, , -4.987, 0.971, 213.728, 213.728, 3.674, -116.298, -116.298, -116.298, 68.83, 47.47, 35.246, 35.443, 7.384, 16.033, 0, 0, -15.889, -16.37, -15.889, -16.37, 1, 52.74, 52.74, 0.025, 0.272, -22.958, -23.657, -22.958, -23.657, 5.409, 7.384, 16.033, , , 1, 3.938, 0, 0.157, 12.61, 3.674, 174, 0, 0, 0, 51.854, 1.648, 1.735, 107.6, 30.245, 100, 0, 0, 29.215, 28.938, 0, 0.546, 93.828, 0, 0, 100.664, 53.712, 0, 0, 0, 0, 0, 14, 0.159, 12.61, 0, 3.674, 174, 0, 0, 0, 51.854, 1, 0.002, 0.002, 107.6, 30.245, 100, 0, 0, 141, 29.215, 28.938, 0, 0.546, 0, 93.828, 0, 0, 100.664, 53.712, 0, 0, 0, 0, 
3.95, 23.84, 100.58, 62.26, 62.89, , -4.974, 0.971, 217.62, 217.62, 3.649, -115.998, -115.998, -115.998, 68.742, 52.037, 35.391, 35.48, 7.384, 17.359, 0, 0, -15.756, -16.235, -15.756, -16.235, 1, 52.49, 52.49, 0.025, 0.273, -22.936, -23.633, -22.936, -23.633, 5.501, 7.384, 17.359, , , 1, 3.988, 0, 0.104, 12.572, 3.649, 174, 0, 0, 0, 47.912, 1.513, 1.556, 107.6, 25.208, 100, 0, 0, 28.446, 28.265, 0, 0.544, 93.54, 0, 0, 100.52, 53.295, 0, 0, 0, 0, 0, 14, 0.107, 12.572, 0, 3.649, 174, 0, 0, 0, 47.912, 1, 0.002, 0.001, 107.6, 25.208, 100, 0, 0, 141, 28.446, 28.265, 0, 0.544, 0, 93.54, 0, 0, 100.52, 53.295, 0, 0, 0, 0, 
4, 23.84, 100.58, 62.26, 62.89, , -4.952, 0.971, 221.512, 221.512, 3.624, -115.484, -115.484, -115.484, 68.684, 51.568, 35.571, 35.552, 7.384, 18.685, 0, 0, -15.595, -16.071, -15.595, -16.071, 1, 52.239, 52.239, 0.025, 0.273, -22.856, -23.552, -22.856, -23.552, 5.569, 7.384, 18.685, , , 1, 4.039, 0, 0.051, 12.533, 3.624, 174, 0, 0, 0, 43.969, 1.378, 1.377, 107.6, 20.171, 100, 0, 0, 27.677, 27.592, 0, 0.542, 93.253, 0, 0, 100.376, 52.877, 0, 0, 0, 0, 0, 14, 0.055, 12.533, 0, 3.624, 174, 0, 0, 0, 43.969, 1, 0.002, 0.001, 107.6, 20.171, 100, 0, 0, 141, 27.677, 27.592, 0, 0.542, 0, 93.253, 0, 0, 100.376, 52.877, 0, 0, 0, 0, 
4.05, 23.84, 100.58, 62.26, 62.89, , -5.267, 0.971, 225.345, 225.345, 3.6, -122.953, -122.953, -122.953, 68.667, 50.123, 35.751, 35.624, 7.383, 19.769, 0, 0, -16.525, -17.028, -16.525, -17.028, 1, 51.981, 51.981, 0.025, 0.273, -24.336, -25.076, -24.336, -25.076, 5.614, 7.383, 19.769, , , 1, 4.089, 0, 0.005, 12.5, 3.6, 174, 0, 0, 0, 40.388, 1.228, 1.19, 107.6, 15.754, 100, 0, 0, 26.912, 26.912, 0, 0.54, 92.988, 0, 0, 100.244, 52.502, 0, 0, 0, 0, 0, 14, 0.01, 12.5, 0, 3.6, 174, 0, 0, 0, 40.388, 1, 0.001, 0.001, 107.6, 15.754, 100, 0, 0, 141, 26.912, 26.912, 0, 0.54, 0, 92.988, 0, 0, 100.244, 52.502, 0, 0, 0, 0, 
4.1, 23.84, 100.58, 62.26, 62.89, , -5.602, 0.971, 229.174, 229.174, 3.583, -130.916, -130.916, -130.916, 68.7, 53.814, 35.931, 35.696, 7.381, 20.849, 0, 0, -17.514, -18.046, -17.514, -18.046, 1, 51.708, 51.708, 0.025, 0.273, -25.902, -26.688, -25.902, -26.688, 5.659, 7.381, 20.849, , , 1, 4.138, 0, 0.004, 12.5, 3.583, 174, 0, 0, 0, 39.45, 0.966, 0.935, 107.6, 15.14, 100, 0, 0, 26.183, 26.183, 0, 0.538, 92.883, 0, 0, 100.192, 52.438, 0, 0, 0, 0, 0, 14, 0.008, 12.5, 0, 3.583, 174, 0, 0, 0, 39.45, 1, 0.001, 0.001, 107.6, 15.14, 100, 0, 0, 141, 26.183, 26.183, 0, 0.538, 0, 92.883, 0, 0, 100.192, 52.438, 0, 0, 0, 0, 
4.15, 23.84, 100.58, 62.26, 62.89, , -5.751, 0.971, 233.001, 233.001, 3.566, -134.454, -134.454, -134.454, 68.747, 56.685, 36.111, 35.768, 7.38, 21.443, 0, 0, -17.897, -18.441, -17.897, -18.441, 1, 51.415, 51.415, 0.025, 0.273, -26.587, -27.394, -26.587, -27.394, 5.704, 7.38, 21.443, , , 1, 4.189, 0, 0.003, 12.5, 3.566, 174, 0, 0, 0, 38.512, 0.703, 0.681, 107.6, 14.526, 100, 0, 0, 25.454, 25.454, 0, 0.536, 92.779, 0, 0, 100.14, 52.373, 0, 0, 0, 0, 0, 14, 0.006, 12.5, 0, 3.566, 174, 0, 0, 0, 38.512, 1, 0.001, 0.001, 107.6, 14.526, 100, 0, 0, 141, 25.454, 25.454, 0, 0.536, 0, 92.779, 0, 0, 100.14, 52.373, 0, 0, 0, 0, 
4.2, 23.84, 100.58, 62.26, 62.89, , -5.698, 0.971, 236.813, 236.813, 3.55, -133.215, -133.215, -133.215, 68.776, , 35.905, 35.721, 7.378, 22.005, 0, 0, -17.632, -18.167, -17.632, -18.167, 1, 51.126, 51.126, 0.025, 0.273, -26.329, -27.129, -26.329, -27.129, 5.744, 7.378, 22.005, , , 1, 4.239, 0, 0.002, 12.5, 3.55, 174, 0, 0, 0, 37.575, 0.441, 0.427, 107.6, 13.912, 100, 0, 0, 24.725, 24.725, 0, 0.533, 92.675, 0, 0, 100.088, 52.308, 0, 0, 0, 0, 0, 14, 0.003, 12.5, 0, 3.55, 174, 0, 0, 0, 37.575, 1, 0.001, 0, 107.6, 13.912, 100, 0, 0, 141, 24.725, 24.725, 0, 0.533, 0, 92.675, 0, 0, 100.088, 52.308, 0, 0, 0, 0, 
4.25, 23.84, 100.58, 62.26, 62.89, , -5.638, 0.971, 240.579, 240.579, 3.533, -131.785, -131.785, -131.785, 68.789, , 35.625, 35.651, 7.378, 22.205, 0, 0, -17.345, -17.87, -17.345, -17.87, 1, 50.841, 50.841, 0.025, 0.273, -26.041, -26.831, -26.041, -26.831, 5.763, 7.378, 22.205, , , 1, 4.288, 0, 0.001, 12.5, 3.533, 174, 0, 0, 0, 36.638, 0.178, 0.173, 107.6, 13.298, 100, 0, 0, 23.996, 23.996, 0, 0.531, 92.571, 0, 0, 100.035, 52.244, 0, 0, 0, 0, 0, 14, 0.001, 12.5, 0, 3.533, 174, 0, 0, 0, 36.638, 1, 0, 0, 107.6, 13.298, 100, 0, 0, 141, 23.996, 23.996, 0, 0.531, 0, 92.571, 0, 0, 100.035, 52.244, 0, 0, 0, 0, 
4.3, 23.84, 100.58, 62.26, 62.89, , -5.622, 0.971, 244.345, 244.345, 3.513, -131.426, -131.426, -131.426, 68.788, , 35.344, 35.581, 7.377, 22.373, 0, 0, -17.201, -17.722, -17.201, -17.722, 1, 50.556, 50.556, 0.025, 0.272, -25.971, -26.758, -25.971, -26.758, 5.782, 7.377, 22.373, , , 1, 4.339, 0, 0, 12.509, 3.513, 174, 0, 0, 0, 36, 0, 0, 107.6, 12.926, 100, 0, 0, 23.148, 23.148, 0, 0.531, 92.392, 0, 0, 99.877, 52.047, 0, 0, 0, 0, 0, 14, 0, 12.509, 0, 3.513, 174, 0, 0, 0, 36, 1, 0, 0, 107.6, 12.926, 100, 0, 0, 141, 23.146, 23.148, 0, 0.531, 0, 92.392, 0, 0, 99.877, 52.047, 0, 0, 0, 0, 
4.35, 23.84, 100.58, 62.26, 62.89, , -5.599, 0.971, 248.065, 248.065, 3.484, -130.871, -130.871, -130.871, 68.775, , 35.064, 35.511, 7.377, 22.39, 0, 0, -17.034, -17.549, -17.034, -17.549, 1, 50.272, 50.272, 0.025, 0.272, -25.865, -26.65, -25.865, -26.65, 5.802, 7.377, 22.39, , , 1, 4.389, 0, 0, 12.538, 3.484, 174, 0, 0, 0, 36, 0, 0, 107.6, 13.068, 100, 0, 0, 22.046, 22.046, 0, 0.535, 92.056, 0, 0, 99.492, 51.57, 0, 0, 0, 0, 0, 14, 0, 12.538, 0, 3.484, 174, 0, 0, 0, 36, 1, 0, 0, 107.6, 13.068, 100, 0, 0, 141, 22.04, 22.046, 0, 0.535, 0, 92.056, 0, 0, 99.492, 51.57, 0, 0, 0, 0, 
4.4, 23.84, 100.58, 62.26, 62.89, , -5.572, 0.971, 251.771, 251.771, 3.455, -130.251, -130.251, -130.251, 68.761, , 34.784, 35.441, 7.377, 22.39, 0, 0, -16.858, -17.368, -16.858, -17.368, 1, 49.991, 49.991, 0.025, 0.271, -25.749, -26.529, -25.749, -26.529, 5.819, 7.377, 22.39, , , 1, 4.438, 0, 0, 12.567, 3.455, 174, 0, 0, 0, 36, 0, 0, 107.6, 13.21, 100, 0, 0, 20.944, 20.944, 0, 0.539, 91.719, 0, 0, 99.108, 51.093, 0, 0, 0, 0, 0, 14, 0, 12.567, 0, 3.455, 174, 0, 0, 0, 36, 1, 0, 0, 107.6, 13.21, 100, 0, 0, 141, 20.935, 20.944, 0, 0.539, 0, 91.719, 0, 0, 99.108, 51.093, 0, 0, 0, 0, 
4.45, 23.84, 100.58, 62.26, 62.89, , -5.547, 0.971, 255.478, 255.478, 3.426, -129.654, -129.654, -129.654, 68.748, , 34.804, 35.524, 7.377, 22.39, 0, 0, -16.686, -17.19, -16.686, -17.19, 1, 49.713, 49.713, 0.025, 0.271, -25.637, -26.412, -25.637, -26.412, 5.827, 7.377, 22.39, , , 1, 4.489, 0, 0, 12.596, 3.426, 174, 0, 0, 0, 36, 0, 0, 107.6, 13.352, 100, 0, 0, 19.843, 19.843, 0, 0.543, 91.383, 0, 0, 98.723, 50.616, 0, 0, 0, 0, 0, 14, 0, 12.596, 0, 3.426, 174, 0, 0, 0, 36, 1, 0, 0, 107.6, 13.352, 100, 0, 0, 141, 19.829, 19.843, 0, 0.543, 0, 91.383, 0, 0, 98.723, 50.616, 0, 0, 0, 0, 
4.5, 23.84, 100.58, 62.26, 62.89, , -5.525, 0.971, 259.184, 259.184, 3.397, -129.14, -129.14, -129.14, 68.735, , 34.952, 35.672, 7.377, 22.39, 0, 0, -16.525, -17.025, -16.525, -17.025, 1, 49.433, 49.433, 0.025, 0.271, -25.54, -26.312, -25.54, -26.312, 5.835, 7.377, 22.39, , , 1, 4.539, 0, 0, 12.625, 3.397, 174, 0, 0, 0, 36, 0, 0, 107.6, 13.495, 100, 0, 0, 18.741, 18.741, 0, 0.547, 91.046, 0, 0, 98.338, 50.139, 0, 0, 0, 0, 0, 14, 0, 12.625, 0, 3.397, 174, 0, 0, 0, 36, 1, 0, 0, 107.6, 13.495, 100, 0, 0, 141, 18.723, 18.741, 0, 0.547, 0, 91.046, 0, 0, 98.338, 50.139, 0, 0, 0, 0, 
4.55, 23.84, 100.58, 62.26, 62.89, , -5.507, 0.971, 262.832, 262.832, 3.37, -128.712, -128.712, -128.712, 68.724, , 35.1, 35.82, 7.377, 22.39, 0, 0, -16.377, -16.873, -16.377, -16.873, 1, 49.153, 49.153, 0.025, 0.271, -25.46, -26.23, -25.46, -26.23, 5.843, 7.377, 22.39, , , 1, 4.589, 0, 0, 12.651, 3.37, 174, 0, 0, 0, 36, 0, 0, 107.6, 13.62, 100, 0, 0, 17.63, 17.63, 0, 0.55, 90.731, 0, 0, 97.975, 49.697, 0, 0, 0, 0, 0, 14, 0, 12.651, 0, 3.37, 174, 0, 0, 0, 36, 1, 0, 0, 107.6, 13.62, 100, 0, 0, 141, 17.606, 17.63, 0, 0.55, 0, 90.731, 0, 0, 97.975, 49.697, 0, 0, 0, 0, 
4.6, 23.84, 100.58, 62.26, 62.89, , -5.491, 0.971, 266.44, 266.44, 3.361, -128.349, -128.349, -128.349, 68.715, , 35.248, 35.968, 7.377, 22.39, 0, 0, -16.238, -16.73, -16.238, -16.73, 1, 48.878, 48.878, 0.025, 0.271, -25.39, -26.159, -25.39, -26.159, 5.851, 7.377, 22.39, , , 1, 4.639, 0, 0, 12.662, 3.361, 174, 0, 0, 0, 36, 0, 0, 107.6, 13.62, 100, 0, 0, 16.427, 16.427, 0, 0.55, 90.574, 0, 0, 97.766, 49.567, 0, 0, 0, 0, 0, 14, 0, 12.662, 0, 3.361, 174, 0, 0, 0, 36, 1, 0, 0, 107.6, 13.62, 100, 0, 0, 141, 16.408, 16.427, 0, 0.55, 0, 90.574, 0, 0, 97.766, 49.567, 0, 0, 0, 0, 
4.65, , 100.58, 62.26, , , -5.47, 0.971, 270.032, 270.032, 3.351, -127.842, -127.842, -127.842, 68.719, , 35.396, 36.116, 7.377, 22.39, 0, 0, -16.082, -16.57, -16.082, -16.57, 1, 48.599, 48.599, 0.025, 0.271, -25.29, -26.055, -25.29, -26.055, 5.863, 7.377, 22.39, , , 1, 4.689, 0, 0, 12.672, 3.351, 174, 0, 0, 0, 36, 0, 0, 107.6, 13.62, 100, 0, 0, 15.224, 15.224, 0, 0.55, 90.417, 0, 0, 97.556, 49.438, 0, 0, 0, 0, 0, 14, 0, 12.672, 0, 3.351, 174, 0, 0, 0, 36, 1, 0, 0, 107.6, 13.62, 100, 0, 0, 141, 15.21, 15.224, 0, 0.55, 0, 90.417, 0, 0, 97.556, 49.438, 0, 0, 0, 0, 
4.7, , 100.58, 62.26, , , -5.44, 0.971, 273.624, 273.624, 3.341, -127.145, -127.145, -127.145, 68.73, , 35.541, 36.321, 7.377, 22.39, 0, 0, -15.903, -16.385, -15.903, -16.385, 1, 48.323, 48.323, 0.025, 0.271, -25.148, -25.91, -25.148, -25.91, 5.875, 7.377, 22.39, , , 1, 4.739, 0, 0, 12.683, 3.341, 174, 0, 0, 0, 36, 0, 0, 107.6, 13.62, 100, 0, 0, 14.021, 14.021, 0, 0.55, 90.26, 0, 0, 97.347, 49.308, 0, 0, 0, 0, 0, 14, 0, 12.683, 0, 3.341, 174, 0, 0, 0, 36, 1, 0, 0, 107.6, 13.62, 100, 0, 0, 141, 14.012, 14.021, 0, 0.55, 0, 90.26, 0, 0, 97.347, 49.308, 0, 0, 0, 0, 
4.75, , 100.58, 62.26, , , -5.424, 0.971, 277.216, 277.216, 3.331, -126.766, -126.766, -126.766, 68.75, , 35.685, 36.537, 7.377, 22.39, 0, 0, -15.765, -16.243, -15.765, -16.243, 1, 48.049, 48.049, 0.025, 0.271, -25.065, -25.825, -25.065, -25.825, 5.887, 7.377, 22.39, , , 1, 4.788, 0, 0, 12.693, 3.331, 174, 0, 0, 0, 36, 0, 0, 107.6, 13.62, 100, 0, 0, 12.818, 12.818, 0, 0.55, 90.104, 0, 0, 97.138, 49.178, 0, 0, 0, 0, 0, 14, 0, 12.693, 0, 3.331, 174, 0, 0, 0, 36, 1, 0, 0, 107.6, 13.62, 100, 0, 0, 141, 12.815, 12.818, 0, 0.55, 0, 90.104, 0, 0, 97.138, 49.178, 0, 0, 0, 0, 
4.8, , 100.58, 62.26, , , -5.404, 0.971, 280.764, 280.764, 3.319, -126.294, -126.294, -126.294, 68.777, , 35.829, 36.753, 7.377, 22.39, 0, 0, -15.617, -16.09, -15.617, -16.09, 1, 47.776, 47.776, 0.025, 0.272, -24.961, -25.717, -24.961, -25.717, 5.899, 7.377, 22.39, , , 1, 4.838, 0, 0, 12.707, 3.319, 174, 0, 0, 0, 36, 0, 0, 107.6, 13.67, 100, 0, 0, 12, 12, 0, 0.55, 89.932, 0, 0, 96.898, 49.011, 0, 0, 0, 0, 0, 14.007, 0, 12.707, 0, 3.319, 174, 0, 0, 0, 36, 1, 0, 0, 107.6, 13.67, 100, 0, 0, 141, 12, 12, 0, 0.55, 0, 89.932, 0, 0, 96.898, 49.011, 0, 0, 0, 0, 
4.85, , 100.58, 62.26, , , -5.38, 0.971, 284.302, 284.302, 3.302, -125.726, -125.726, -125.726, 68.808, , 35.973, 36.969, 7.377, 22.39, 0, 0, -15.458, -15.926, -15.458, -15.926, 1, 47.501, 47.501, 0.025, 0.272, -24.839, -25.59, -24.839, -25.59, 5.903, 7.377, 22.39, , , 1, 4.889, 0, 0, 12.727, 3.302, 174, 0, 0, 0, 36, 0, 0, 107.6, 13.818, 100, 0, 0, 12, 12, 0, 0.55, 89.732, 0, 0, 96.598, 48.763, 0, 0, 0, 0, 0, 14.027, 0, 12.727, 0, 3.302, 174, 0, 0, 0, 36, 1, 0, 0, 107.6, 13.818, 100, 0, 0, 141, 12, 12, 0, 0.55, 0, 89.732, 0, 0, 96.598, 48.763, 0, 0, 0, 0, 
4.9, , 100.58, 62.26, , , -5.353, 0.971, 287.83, 287.83, 3.286, -125.113, -125.113, -125.113, 68.827, , 36.117, 37.185, 7.377, 22.39, 0, 0, -15.294, -15.758, -15.294, -15.758, 1, 47.23, 47.23, 0.025, 0.272, -24.71, -25.457, -24.71, -25.457, 5.902, 7.377, 22.39, , , 1, 4.939, 0, 0, 12.747, 3.286, 174, 0, 0, 0, 36, 0, 0, 107.6, 13.966, 100, 0, 0, 12, 12, 0, 0.55, 89.532, 0, 0, 96.298, 48.515, 0, 0, 0, 0, 0, 14.047, 0, 12.747, 0, 3.286, 174, 0, 0, 0, 36, 1, 0, 0, 107.6, 13.966, 100, 0, 0, 141, 12, 12, 0, 0.55, 0, 89.532, 0, 0, 96.298, 48.515, 0, 0, 0, 0, 
4.95, , 100.58, 62.26, , , -5.333, 0.971, 291.315, 291.315, 3.269, -124.641, -124.641, -124.641, 68.838, , 35.959, 37.039, 7.377, 22.39, 0, 0, -15.148, -15.609, -15.148, -15.609, 1, 46.96, 46.96, 0.025, 0.272, -24.611, -25.356, -24.611, -25.356, 5.902, 7.377, 22.39, , , 1, 4.989, 0, 0, 12.767, 3.269, 174, 0, 0, 0, 36, 0, 0, 107.6, 14.114, 100, 0, 0, 12, 12, 0, 0.55, 89.332, 0, 0, 95.998, 48.267, 0, 0, 0, 0, 0, 14.067, 0, 12.767, 0, 3.269, 174, 0, 0, 0, 36, 1, 0, 0, 107.6, 14.114, 100, 0, 0, 141, 12, 12, 0, 0.55, 0, 89.332, 0, 0, 95.998, 48.267, 0, 0, 0, 0, 
5, , 100.58, 62.26, , , -5.311, 0.971, 294.757, 294.757, 3.252, -124.114, -124.114, -124.114, 68.841, , 35.743, 36.823, 7.377, 22.39, 0, 0, -14.998, -15.454, -14.998, -15.454, 1, 46.69, 46.69, 0.025, 0.271, -24.507, -25.249, -24.507, -25.249, 5.901, 7.377, 22.39, , , 1, 5.039, 0, 0, 12.787, 3.252, 174, 0, 0, 0, 36, 0, 0, 107.6, 14.262, 100, 0, 0, 12, 12, 0, 0.55, 89.132, 0, 0, 95.698, 48.019, 0, 0, 0, 0, 0, 14.087, 0, 12.787, 0, 3.252, 174, 0, 0, 0, 36, 1, 0, 0, 107.6, 14.262, 100, 0, 0, 141, 12, 12, 0, 0.55, 0, 89.132, 0, 0, 95.698, 48.019, 0, 0, 0, 0, 
5.05, , 100.58, 62.26, , , -5.285, 0.971, 298.191, 298.191, 3.235, -123.509, -123.509, -123.509, 68.83, , 35.527, 36.607, 7.377, 22.39, 0, 0, -14.84, -15.29, -14.84, -15.29, 1, 46.423, 46.423, 0.025, 0.271, -24.39, -25.129, -24.39, -25.129, 5.897, 7.377, 22.39, , , 1, 5.088, 0, 0, 12.807, 3.235, 174, 0, 0, 0, 36, 0, 0, 107.6, 14.385, 100, 0, 0, 12, 12, 0, 0.55, 88.932, 0, 0, 95.364, 47.77, 0, 0, 0, 0, 0, 14.1, 0, 12.807, 0, 3.235, 174, 0, 0, 0, 36, 1, 0, 0, 107.6, 14.385, 100, 0, 0, 141, 12, 12, 0, 0.55, 0, 88.932, 0, 0, 95.364, 47.77, 0, 0, 0, 0, 
5.1, , 100.58, 62.26, , , -5.258, 0.971, 301.625, 301.625, 3.216, -122.869, -122.869, -122.869, 68.825, , 35.311, 36.391, 7.377, 22.39, 0, 0, -14.678, -15.124, -14.678, -15.124, 1, 46.157, 46.157, 0.025, 0.271, -24.267, -25.004, -24.267, -25.004, 5.891, 7.377, 22.39, , , 1, 5.138, 0, 0, 12.827, 3.216, 174, 0, 0, 0, 36, 0, 0, 107.6, 14.459, 100, 0, 0, 12, 12, 0, 0.55, 88.732, 0, 0, 94.964, 47.52, 0, 0, 0, 0, 0, 14.1, 0, 12.827, 0, 3.216, 174, 0, 0, 0, 36, 1, 0, 0, 107.6, 14.459, 100, 0, 0, 141, 12, 12, 0, 0.55, 0, 88.732, 0, 0, 94.964, 47.52, 0, 0, 0, 0, 
5.15, , 100.58, 62.26, , , -5.244, 0.971, 305.059, 305.059, 3.197, -122.527, -122.527, -122.527, 68.829, , 35.095, 36.175, 7.377, 22.39, 0, 0, -14.552, -14.994, -14.552, -14.994, 1, 45.89, 45.89, 0.025, 0.271, -24.197, -24.932, -24.197, -24.932, 5.885, 7.377, 22.39, , , 1, 5.188, 0, 0, 12.847, 3.197, 174, 0, 0, 0, 36, 0, 0, 107.6, 14.533, 100, 0, 0, 12, 12, 0, 0.55, 88.532, 0, 0, 94.564, 47.27, 0, 0, 0, 0, 0, 14.1, 0, 12.847, 0, 3.197, 174, 0, 0, 0, 36, 1, 0, 0, 107.6, 14.533, 100, 0, 0, 141, 12, 12, 0, 0.55, 0, 88.532, 0, 0, 94.564, 47.27, 0, 0, 0, 0, 
5.2, , 100.58, 62.26, , , -5.226, 0.971, 308.455, 308.455, 3.178, -122.117, -122.117, -122.117, 68.845, , 35.423, 36.08, 7.377, 22.39, 0, 0, -14.421, -14.858, -14.421, -14.858, 1, 45.624, 45.624, 0.025, 0.271, -24.11, -24.842, -24.11, -24.842, 5.879, 7.377, 22.39, , , 1, 5.239, 0, 0, 12.867, 3.178, 174, 0, 0, 0, 36, 0, 0, 107.6, 14.607, 100, 0, 0, 12, 12, 0, 0.55, 88.332, 0, 0, 94.164, 47.02, 0, 0, 0, 0, 0, 14.1, 0, 12.867, 0, 3.178, 174, 0, 0, 0, 36, 1, 0, 0, 107.6, 14.607, 100, 0, 0, 141, 12, 12, 0, 0.55, 0, 88.332, 0, 0, 94.164, 47.02, 0, 0, 0, 0, 
5.25, , 100.58, 62.26, , , -5.206, 0.971, 311.839, 311.839, 3.159, -121.645, -121.645, -121.645, 68.877, , 35.855, 36.008, 7.377, 22.39, 0, 0, -14.282, -14.715, -14.282, -14.715, 1, 45.363, 45.363, 0.025, 0.271, -24.006, -24.735, -24.006, -24.735, 5.879, 7.377, 22.39, , , 1, 5.289, 0, 0, 12.887, 3.159, 174, 0, 0, 0, 36, 0, 0, 107.6, 14.681, 100, 0, 0, 12, 12, 0, 0.55, 88.132, 0, 0, 93.764, 46.77, 0, 0, 0, 0, 0, 14.1, 0, 12.887, 0, 3.159, 174, 0, 0, 0, 36, 1, 0, 0, 107.6, 14.681, 100, 0, 0, 141, 12, 12, 0, 0.55, 0, 88.132, 0, 0, 93.764, 46.77, 0, 0, 0, 0, 
5.3, , 100.58, 62.26, , , -5.183, 0.971, 315.223, 315.223, 3.138, -121.106, -121.106, -121.106, 68.923, , 36.287, 35.936, 7.377, 22.39, 0, 0, -14.135, -14.566, -14.135, -14.566, 1, 45.101, 45.101, 0.025, 0.271, -23.885, -24.61, -23.885, -24.61, 5.885, 7.377, 22.39, , , 1, 5.339, 0, 0, 12.909, 3.138, 174, 0, 0, 0, 36, 0, 0, 107.6, 14.788, 100, 0, 0, 12, 12, 0, 0.55, 87.875, 0, 0, 93.359, 46.471, 0, 0, 0, 0, 0, 14.097, 0, 12.909, 0, 3.138, 174, 0, 0, 0, 36, 1, 0, 0, 107.6, 14.788, 100, 0, 0, 141, 12, 12, 0, 0.55, 0, 87.875, 0, 0, 93.359, 46.471, 0, 0, 0, 0, 
5.35, , 100.58, 62.26, , , -5.178, 0.971, 318.512, 318.512, 3.113, -120.995, -120.995, -120.995, 68.969, , 36.719, 35.864, 7.377, 22.39, 0, 0, -14.042, -14.468, -14.042, -14.468, 1, 44.839, 44.839, 0.025, 0.271, -23.848, -24.571, -23.848, -24.571, 5.891, 7.377, 22.39, , , 1, 5.388, 0, 0, 12.937, 3.113, 174, 0, 0, 0, 36, 0, 0, 107.6, 14.96, 100, 0, 0, 12, 12, 0, 0.55, 87.506, 0, 0, 92.944, 46.07, 0, 0, 0, 0, 0, 14.088, 0, 12.937, 0, 3.113, 174, 0, 0, 0, 36, 1, 0, 0, 107.6, 14.96, 100, 0, 0, 141, 12, 12, 0, 0.55, 0, 87.506, 0, 0, 92.944, 46.07, 0, 0, 0, 0, 
5.4, , 100.58, 62.26, , , -5.163, 0.971, 321.827, 321.827, 3.089, -120.647, -120.647, -120.647, 69.001, , 37.151, 35.792, 7.377, 22.39, 0, 0, -13.92, -14.343, -13.92, -14.343, 1, 44.576, 44.576, 0.025, 0.271, -23.768, -24.489, -23.768, -24.489, 5.896, 7.377, 22.39, , , 1, 5.439, 0, 0, 12.965, 3.089, 174, 0, 0, 0, 36, 0, 0, 107.6, 15.131, 100, 0, 0, 12, 12, 0, 0.55, 87.137, 0, 0, 92.529, 45.668, 0, 0, 0, 0, 0, 14.078, 0, 12.965, 0, 3.089, 174, 0, 0, 0, 36, 1, 0, 0, 107.6, 15.131, 100, 0, 0, 141, 12, 12, 0, 0.55, 0, 87.137, 0, 0, 92.529, 45.668, 0, 0, 0, 0, 
5.45, , 100.58, 62.26, , , -5.142, 0.971, 325.154, 325.154, 3.065, -120.155, -120.155, -120.155, 69.008, , 37.069, 35.689, 7.377, 22.39, 0, 0, -13.781, -14.201, -13.781, -14.201, 1, 44.316, 44.316, 0.025, 0.271, -23.667, -24.384, -23.667, -24.384, 5.881, 7.377, 22.39, , , 1, 5.489, 0, 0, 12.993, 3.065, 174, 0, 0, 0, 36, 0, 0, 107.6, 15.302, 100, 0, 0, 12, 12, 0, 0.55, 86.768, 0, 0, 92.113, 45.266, 0, 0, 0, 0, 0, 14.069, 0, 12.993, 0, 3.065, 174, 0, 0, 0, 36, 1, 0, 0, 107.6, 15.302, 100, 0, 0, 141, 12, 12, 0, 0.55, 0, 86.768, 0, 0, 92.113, 45.266, 0, 0, 0, 0, 
5.5, , 100.58, 62.26, , , -5.128, 0.971, 328.443, 328.443, 3.041, -119.824, -119.824, -119.824, 68.998, , 36.889, 35.581, 7.377, 22.39, 0, 0, -13.663, -14.079, -13.663, -14.079, 1, 44.054, 44.054, 0.025, 0.271, -23.606, -24.321, -23.606, -24.321, 5.846, 7.377, 22.39, , , 1, 5.538, 0, 0, 13.021, 3.041, 174, 0, 0, 0, 36, 0, 0, 107.6, 15.473, 100, 0, 0, 12, 12, 0, 0.55, 86.399, 0, 0, 91.698, 44.864, 0, 0, 0, 0, 0, 14.06, 0, 13.021, 0, 3.041, 174, 0, 0, 0, 36, 1, 0, 0, 107.6, 15.473, 100, 0, 0, 141, 12, 12, 0, 0.55, 0, 86.399, 0, 0, 91.698, 44.864, 0, 0, 0, 0, 
5.55, , , , , , -5.114, , 331.697, 331.697, 3.016, -119.49, -119.49, -119.49, 68.972, , 36.709, 35.473, 7.377, 22.39, 0, 0, -13.545, -13.958, -13.545, -13.958, 1, 43.792, 43.792, 0.025, 0.271, -23.576, -24.29, -23.576, -24.29, 5.81, 7.377, 22.39, , , 1, 5.588, 0, 0, 13.048, 3.016, 174, 0, 0, 0, 36, 0, 0, 107.6, 15.645, 100, 0, 0, 12, 12, 0, 0.55, 86.03, 0, 0, 91.283, 44.462, 0, 0, 0, 0, 0, 14.051, 0, 13.048, 0, 3.016, 174, 0, 0, 0, 36, 1, 0, 0, 107.6, 15.645, 100, 0, 0, 141, 12, 12, 0, 0.55, 0, 86.03, 0, 0, 91.283, 44.462, 0, 0, 0, 0, 
5.6, , , , , , -5.1, , 334.927, 334.927, 3.006, -119.165, -119.165, -119.165, 68.947, , 36.529, 35.365, 7.377, 22.39, 0, 0, -13.441, -13.851, -13.441, -13.851, 1, 43.533, 43.533, 0.025, 0.271, -23.544, -24.257, -23.544, -24.257, 5.775, 7.377, 22.39, , , 1, 5.639, 0, 0, 13.06, 3.006, 174, 0, 0, 0, 36, 0, 0, 107.6, 15.691, 100, 0, 0, 12, 12, 0, 0.55, 85.904, 0, 0, 91.106, 44.371, 0, 0, 0, 0, 0, 14.06, 0, 13.06, 0, 3.006, 174, 0, 0, 0, 36, 1, 0, 0, 107.6, 15.691, 100, 0, 0, 141, 12, 12, 0, 0.55, 0, 85.904, 0, 0, 91.106, 44.371, 0, 0, 0, 0, 
5.65, , , , , , -5.087, , 338.125, 338.125, 2.996, -118.859, -118.859, -118.859, 68.92, , 36.349, 35.257, 7.377, 22.39, 0, 0, -13.367, -13.774, -13.367, -13.774, 1, 43.353, 43.353, 0.025, 0.271, -23.483, -24.194, -23.483, -24.194, 5.741, 7.377, 22.39, , , 1, 5.689, 0, 0, 13.07, 2.996, 174, 0, 0, 0, 36, 0, 0, 107.6, 15.73, 100, 0, 0, 12, 12, 0, 0.55, 85.799, 0, 0, 90.949, 44.306, 0, 0, 0, 0, 0, 14.07, 0, 13.07, 0, 2.996, 174, 0, 0, 0, 36, 1, 0, 0, 107.6, 15.73, 100, 0, 0, 141, 12, 12, 0, 0.55, 0, 85.799, 0, 0, 90.949, 44.306, 0, 0, 0, 0, 
5.7, , , , , , -5.083, , 339.949, 339.949, 2.986, -118.772, -118.772, -118.772, 68.891, , 36.199, 35.149, 7.377, 22.39, 0, 0, -13.317, -13.723, -13.317, -13.723, 1, 43.226, 43.226, 0.025, 0.271, -23.496, -24.206, -23.496, -24.206, 5.71, 7.377, 22.39, , , 1, 5.737, 0, 0, 13.081, 2.986, 174, 0, 0, 0, 36, 0, 0, 107.6, 15.768, 100, 0, 0, 12, 12, 0, 0.55, 85.695, 0, 0, 90.792, 44.241, 0, 0, 0, 0, 0, 14.081, 0, 13.081, 0, 2.986, 174, 0, 0, 0, 36, 1, 0, 0, 107.6, 15.768, 100, 0, 0, 141, 12, 12, 0, 0.55, 0, 85.695, 0, 0, 90.792, 44.241, 0, 0, 0, 0, 
5.75, , , , , , -5.077, , 341.548, 341.548, 2.976, -118.632, -118.632, -118.632, 68.86, , 36.055, 35.041, 7.377, 22.39, 0, 0, -13.263, -13.667, -13.263, -13.667, 1, 43.098, 43.098, 0.025, 0.271, , , , , 5.678, 7.377, 22.39, , , 1, 5.761, 0, 0, 13.091, 2.976, 174, 0, 0, 0, 36, 0, 0, 107.6, 15.807, 100, 0, 0, 12, 12, 0, 0.55, 85.59, 0, 0, 90.635, 44.177, 0, 0, 0, 0, 0, 14.091, 0, 13.091, 0, 2.976, 174, 0, 0, 0, 36, 1, 0, 0, 107.6, 15.807, 100, 0, 0, 141, 12, 12, 0, 0.55, 0, 85.59, 0, 0, 90.635, 44.177, 0, 0, 0, 0, 
5.8, , , , , , -5.066, , 343.148, 343.148, , -118.362, -118.362, -118.362, , , 35.911, 34.933, 7.377, 22.39, 0, 0, -13.195, -13.596, -13.195, -13.596, 1, 42.972, 42.972, 0.025, 0.271, , , , , 5.647, 7.377, 22.39, , , 1, 5.786, , , , , , , , , , , , , , , , , , , , , , , , , , , , , , , , , , , , , , , , , , , , , , , , , , , , , , , , , , , , , , , , 
5.85, , , , , , , , 344.707, 344.707, , , , , , , 35.767, 34.825, 7.377, 22.39, 0, 0, , , , , 1, , , , , , , , , , 7.377, 22.39, , , , 5.812, , , , , , , , , , , , , , , , , , , , , , , , , , , , , , , , , , , , , , , , , , , , , , , , , , , , , , , , , , , , , , , , 
5.9, , , , , , , , , , , , , , , , 35.623, 34.717, 7.377, 22.39, , , , , , , , , , , , , , , , , 7.377, 22.39, , , , , , , , , , , , , , , , , , , , , , , , , , , , , , , , , , , , , , , , , , , , , , , , , , , , , , , , , , , , , , , , , , , , 
