Time, (DWRT ATMO) Humidity, (DWRT ATMO) Pressure, (DWRT ATMO) Temperature 1, (DWRT ATMO) Temperature 2, (DWRT CPU) ????????????????????????????????????????????????????????????????, (DWRT CPU) Acceleration, (DWRT CPU) Correction Factor, (DWRT CPU) Distance, (DWRT CPU) Distance 1, (DWRT CPU) Engine RPM, (DWRT CPU) Force, (DWRT CPU) Force 1, (DWRT CPU) Force Drum 1, (DWRT CPU) Gear Ratio, (DWRT CPU) Inductive 1 Signal Strength, (DWRT CPU) Internal Temp 1, (DWRT CPU) Internal Temp 2, (DWRT CPU) LC1 Volts Petrol AFR, (DWRT CPU) LC2 Volts Petrol AFR2, (DWRT CPU) Link 0 Status, (DWRT CPU) Link 1 Status, (DWRT CPU) Power, (DWRT CPU) Power (uncorrected), (DWRT CPU) Power Drum 1, (DWRT CPU) Power Drum 1 (uncorrected), (DWRT CPU) Sampling, (DWRT CPU) Speed, (DWRT CPU) Speed 1, (DWRT CPU) TCP RX kB/s, (DWRT CPU) TCP TX kB/s, (DWRT CPU) Torque, (DWRT CPU) Torque (uncorrected), (DWRT CPU) Torque Drum 1, (DWRT CPU) Torque Drum 1 (uncorrected), (DWRT CPU) UDP RX kB/s, (DWRT CPU) User Analog 1, (DWRT CPU) User Analog 2, (DWRT CPU) User Analog 3, (DWRT CPU) User Analog 4, (Gen) Sampling, (Gen) Sampling Duration, (Harley - ECU Type 14 SW Level 141) Accel Enrichment, (Harley - ECU Type 14 SW Level 141) Decel Enleanment, (Harley - ECU Type 14 SW Level 141) Desired Air/Fuel, (Harley - ECU Type 14 SW Level 141) Engine Speed, (Harley - ECU Type 14 SW Level 141) Engine Temperature, (Harley - ECU Type 14 SW Level 141) Front Adaptive Fuel Factor, (Harley - ECU Type 14 SW Level 141) Front Closed Loop Integrator, (Harley - ECU Type 14 SW Level 141) Front Spark Knock Retard, (Harley - ECU Type 14 SW Level 141) Idle Air Control Motor Position, (Harley - ECU Type 14 SW Level 141) Injector Time Front, (Harley - ECU Type 14 SW Level 141) Injector Time Rear, (Harley - ECU Type 14 SW Level 141) Intake Air Temperature, (Harley - ECU Type 14 SW Level 141) Manifold Absolute Pressure, (Harley - ECU Type 14 SW Level 141) Rear Adaptive Fuel Factor, (Harley - ECU Type 14 SW Level 141) Rear Closed Loop Integrator, (Harley - ECU Type 14 SW Level 141) Rear Spark Knock Retard, (Harley - ECU Type 14 SW Level 141) Spark Advance Front, (Harley - ECU Type 14 SW Level 141) Spark Advance Rear, (Harley - ECU Type 14 SW Level 141) Throttle Position, (Harley - ECU Type 14 SW Level 141) Throttle Position Sensor Voltage, (Harley - ECU Type 14 SW Level 141) VE Front, (Harley - ECU Type 14 SW Level 141) VE New Front, (Harley - ECU Type 14 SW Level 141) VE New Rear, (Harley - ECU Type 14 SW Level 141) VE Rear, (Harley - ECU Type 14 SW Level 141) Vehicle Speed, (Harley - ECU Type 14 SW Level 141) WBO2 AFR Front, (Harley - ECU Type 14 SW Level 141) WBO2 AFR Rear, (PV) Accel Enrichment, (PV) AT Lambda 1, (PV) AT Lambda 2, (PV) Battery Voltage, (PV) Decel Enleanment, (PV) Desired Air/Fuel, (PV) Desired Lambda, (PV) Engine Speed, (PV) Engine Temperature, (PV) Front Adaptive Fuel Factor, (PV) Front Closed Loop Integrator, (PV) Front Spark Knock Retard, (PV) Idle Air Control Motor Position, (PV) Idle Set Speed, (PV) Injector Time Front, (PV) Injector Time Rear, (PV) Intake Air Temperature, (PV) Manifold Absolute Pressure, (PV) Rear Adaptive Fuel Factor, (PV) Rear Closed Loop Integrator, (PV) Rear Spark Knock Retard, (PV) Software Level, (PV) Spark Advance Front, (PV) Spark Advance Rear, (PV) Throttle Position, (PV) Throttle Position Sensor, (PV) Twistgrip Position, (PV) VE Front, (PV) VE New Front, (PV) VE New Rear, (PV) VE Rear, (PV) Vehicle Speed, (PV) Warm-up Fuel AFR (Lambda), (PV) Warm-up Fuel AFR (Ratio), (PV) WBO2 AFR Front, (PV) WBO2 AFR Rear, 
0, , , , , , , , , , , , , , , 99.64, , , , , , , , , , , , , , , , , , , , , , , , , , , , , , , , , , , , , , , , , , , , , , , , , , , , , , , , , , , , , , , , , , , , , , , , , , , , , , , , , , , , , , , , , , 
0.05, , , , , , , , , , , , , , , 94.901, , , , , , , , , , , , , , , , , , , , , , , , , , , , , , , , , , , , , , , , , , , , , , , , , , , , , , , , , , , , , , , , , , , , , , , , , , , , , , , , , , , , , , , , , , 
0.1, , , , , , , , , , , , , , , 90.163, , , , , , , , , , , , , , , , , , , , , , , , , , , , , , , , , , , , , , , , , , , , , , , , , , , , , , , , , , , , , , , , , , , , , , , , , , , , , , , , , , , , , , , , , , 
0.15, , , , , , 2.112, , , , , 52.141, 52.141, 52.141, , 85.424, , , , , , , , , , , , , , , , , , , , , , , , , 1, 0.004, , , , , , , , , , , , , , , , , , , , , , , , , , , , , , , , , , , , , , , , , , , , , , , , , , , , , , , , , , , , , , , , 
0.2, , , , , , 2.052, , 3.664, 3.664, 2.825, 50.718, 50.718, 50.718, , 80.686, 35.087, 35.456, 7.377, 12.103, , , 7.256, 7.358, 7.256, 7.358, , 54.362, 54.362, , , 13.493, 13.681, 13.493, 13.681, , 7.377, 12.103, , , 1, 0.058, 0.316, 0, 14.116, 2.825, 144, 0, 0, 0, 65, 5.491, 5.229, 105.8, 35.687, 100, 0, 0, 40.5, 40.5, 7.702, 0.843, 100.358, 0, 0, 107.007, 54.777, 0, 0, 0.316, 0, 0, 13.7, 0, 14.116, 0, 2.825, 144, 0, 0, 0, 65, 1, 0.006, 0.005, 105.8, 35.687, 100, 0, 0, 141, 40.5, 40.5, 7.702, 0.843, 0, 100.358, 0, 0, 107.007, 54.777, 0, 0.3, 0, 0, 
0.25, , , , , , 2.352, , 9.815, 9.815, 2.834, 57.848, 57.848, 57.848, 51.927, 75.947, 35.192, 35.596, 7.377, 12.121, 0, 0, 8.305, 8.418, 8.305, 8.418, 1, 54.521, 54.521, , , 15.396, 15.606, 15.396, 15.606, , 7.377, 12.121, , , 1, 0.154, 0.721, 0, 14.136, 2.834, 144, 0, 0, 0, 65, 5.479, 5.215, 105.8, 37.016, 100, 0, 0, 40.5, 40.5, 8.602, 0.847, 101.458, 0, 0, 107.657, 54.901, 0, 0, 0.721, 0, 0, 13.7, 0, 14.136, 0, 2.834, 144, 0, 0, 0, 65, 1, 0.006, 0.005, 105.8, 37.016, 100, 0, 0, 141, 40.5, 40.5, 8.602, 0.847, 0, 101.458, 0, 0, 107.657, 54.901, 0, 0.3, 0, 0, 
0.3, , 100.38, 74.41, , , 3.674, 0.986, 17.731, 17.731, 2.844, 89.205, 89.205, 89.205, 51.908, 71.209, 35.297, 35.737, 7.377, 12.138, 0, 0, 12.881, 13.058, 12.881, 13.058, 1, 54.736, 54.736, , , 23.775, 24.101, 23.775, 24.101, , 7.377, 12.138, , , 1, 0.208, 1.126, 0, 14.156, 2.844, 144, 0, 0, 0, 65, 5.467, 5.201, 105.8, 38.345, 100, 0, 0, 40.5, 40.5, 9.502, 0.851, 102.558, 0, 0, 108.307, 55.025, 0, 0, 1.126, 0, 0, 13.7, 0, 14.156, 0, 2.844, 144, 0, 0, 0, 65, 1, 0.005, 0.005, 105.8, 38.345, 100, 0, 0, 141, 40.5, 40.5, 9.502, 0.851, 0, 102.558, 0, 0, 108.307, 55.025, 0, 0.3, 0, 0, 
0.35, , 100.381, 74.41, , , 5.972, 0.986, 23.995, 23.995, 2.854, 143.733, 143.733, 143.733, 51.837, 66.47, 35.402, 35.877, 7.378, 12.147, 0, 0, 20.969, 21.26, 20.969, 21.26, 1, 55.076, 55.076, 0.025, 0.138, 38.499, 39.029, 38.499, 39.029, 4.999, 7.378, 12.147, , , 1, 0.305, 1.531, 0, 14.176, 2.854, 144, 0, 0, 0, 65, 5.455, 5.187, 105.8, 39.674, 100, 0, 0, 40.5, 40.5, 10.402, 0.855, 103.658, 0, 0, 108.957, 55.149, 0, 0, 1.531, 0, 0, 13.7, 0, 14.176, 0, 2.854, 144, 0, 0, 0, 65, 1, 0.005, 0.005, 105.8, 39.674, 100, 0, 0, 141, 40.5, 40.5, 10.402, 0.855, 0, 103.658, 0, 0, 108.957, 55.149, 0, 0.3, 0, 0, 
0.4, , 100.381, 74.41, , , 7.935, 0.986, 30.034, 30.034, 2.863, 190.31, 190.31, 190.31, 51.659, 61.731, 35.508, 36.017, 7.379, 12.156, 0, 0, 27.964, 28.351, 27.964, 28.351, 1, 55.56, 55.56, 0.025, 0.138, 51.186, 51.892, 51.186, 51.892, 5.001, 7.379, 12.156, , , 1, 0.355, 1.936, 0, 14.196, 2.863, 144, 0, 0, 0, 65, 5.443, 5.173, 105.8, 41.003, 100, 0, 0, 40.5, 40.5, 11.302, 0.859, 104.758, 0, 0, 109.607, 55.273, 0, 0, 1.936, 0, 0, 13.7, 0, 14.196, 0, 2.863, 144, 0, 0, 0, 65, 1, 0.005, 0.005, 105.8, 41.003, 100, 0, 0, 141, 40.5, 40.5, 11.302, 0.859, 0, 104.758, 0, 0, 109.607, 55.273, 0, 0.3, 0, 0, 
0.45, , 100.381, 74.41, , , 9.684, 0.986, 34.945, 34.945, 2.882, 231.827, 231.827, 231.827, 51.35, 56.993, 35.613, 36.113, 7.38, 12.156, 0, 0, 34.315, 34.79, 34.315, 34.79, 1, 55.987, 55.987, 0.025, 0.138, 62.564, 63.427, 62.564, 63.427, 5.004, 7.38, 12.156, , , 1, 0.405, 2.14, 0, 14.054, 2.882, 144, 0, 0, 0, 68.075, 7.231, 6.85, 105.8, 46.332, 100, 0, 0, 39.529, 39.772, 14.994, 1.044, 104.025, 0, 0, 108.572, 55.802, 0, 0, 2.14, 0, 0, 13.7, 0, 14.054, 0, 2.882, 144, 0, 0, 0, 68.075, 1, 0.007, 0.007, 105.8, 46.332, 100, 0, 0, 141, 39.529, 39.772, 14.994, 1.044, 0, 104.025, 0, 0, 108.572, 55.802, 0, 0.3, 0, 0, 
0.5, , 100.382, 74.41, , , 11.249, 0.986, 38.97, 38.97, 2.903, 268.967, 268.967, 268.967, 51.16, 52.254, 35.724, 35.891, 7.38, 12.158, 0, 0, 40.136, 40.69, 40.136, 40.69, 1, 56.506, 56.506, 0.025, 0.138, 72.79, 73.794, 72.79, 73.794, 5.007, 7.38, 12.158, , , 1, 0.455, 2.288, 0, 13.866, 2.903, 144, 0, 0, 0, 72.017, 9.528, 9.003, 105.8, 52.791, 100, 0, 0, 38.284, 38.838, 19.473, 1.279, 102.775, 0, 0, 107.061, 56.447, 0, 0, 2.288, 0, 0, 13.7, 0, 13.866, 0, 2.903, 144, 0, 0, 0, 72.017, 1, 0.009, 0.009, 105.8, 52.791, 100, 0, 0, 141, 38.284, 38.838, 19.473, 1.279, 0, 102.775, 0, 0, 107.061, 56.447, 0, 0.3, 0, 0, 
0.55, , 100.382, 74.41, , , 12.499, 0.986, 43.013, 43.013, 2.923, 298.621, 298.621, 298.621, 50.986, 47.516, 35.836, 35.669, 7.38, 12.163, 0, 0, 44.963, 45.583, 44.963, 45.583, 1, 57.093, 57.093, 0.025, 0.138, 81.021, 82.137, 81.021, 82.137, 5.063, 7.38, 12.163, , , 1, 0.505, 2.436, 0, 13.679, 2.923, 144, 0, 0, 0, 75.959, 11.825, 11.157, 105.8, 59.249, 100, 0, 0, 37.039, 37.905, 23.952, 1.515, 101.525, 0, 0, 105.551, 57.091, 0, 0, 2.436, 0, 0, 13.7, 0, 13.679, 0, 2.923, 144, 0, 0, 0, 75.959, 1, 0.012, 0.011, 105.8, 59.249, 100, 0, 0, 141, 37.039, 37.905, 23.952, 1.515, 0, 101.525, 0, 0, 105.551, 57.091, 0, 0.3, 0, 0, 
0.6, , 100.383, 74.41, , , 13.466, 0.986, 47.117, 47.117, 2.944, 321.584, 321.584, 321.584, 50.841, 42.777, 35.947, 35.447, 7.379, 12.168, 0, 0, 48.908, 49.579, 48.908, 49.579, 1, 57.727, 57.727, 0.025, 0.138, 87.451, 88.657, 87.451, 88.657, 5.133, 7.379, 12.168, , , 1, 0.555, 2.584, 0, 13.491, 2.944, 144, 0, 0, 0, 79.9, 14.121, 13.31, 105.8, 65.708, 100, 0, 0, 35.795, 36.971, 28.431, 1.75, 100.275, 0, 0, 104.041, 57.735, 0, 0, 2.584, 0, 0, 13.7, 0, 13.491, 0, 2.944, 144, 0, 0, 0, 79.9, 1, 0.014, 0.013, 105.8, 65.708, 100, 0, 0, 141, 35.795, 36.971, 28.431, 1.75, 0, 100.275, 0, 0, 104.041, 57.735, 0, 0.3, 0, 0, 
0.65, , 100.383, 74.41, , , 14.044, 0.986, 51.287, 51.287, 2.965, 335.308, 335.308, 335.308, 50.739, 45.761, 36.058, 35.224, 7.379, 12.167, 0, 0, 51.545, 52.253, 51.545, 52.253, 1, 58.395, 58.395, 0.025, 0.138, 91.344, 92.603, 91.344, 92.603, 5.203, 7.379, 12.167, , , 1, 0.604, 2.732, 0, 13.304, 2.965, 144, 0, 0, 0, 83.842, 16.418, 15.464, 105.8, 72.166, 100, 0, 0, 34.55, 36.037, 32.91, 1.986, 99.025, 0, 0, 102.53, 58.379, 0, 0, 2.732, 0, 0, 13.7, 0, 13.304, 0, 2.965, 144, 0, 0, 0, 83.842, 1, 0.016, 0.015, 105.8, 72.166, 100, 0, 0, 141, 34.55, 36.037, 32.91, 1.986, 0, 99.025, 0, 0, 102.53, 58.379, 0, 0.3, 0, 0, 
0.7, 16.66, 100.383, 74.41, 75.24, , 14.338, 0.986, 55.456, 55.456, 2.982, 342.312, 342.312, 342.312, 50.673, 57.392, 36.093, 35.126, 7.379, 12.168, 0, 0, 53.215, 53.946, 53.215, 53.946, 1, 59.088, 59.088, 0.025, 0.138, 93.328, 94.614, 93.328, 94.614, 5.273, 7.379, 12.168, , , 1, 0.655, 2.455, 0, 13.087, 2.982, 144, 0, 0, 0, 84, 16.854, 16.13, 105.8, 77.405, 100, 0, 0, 33.138, 34.539, 36.622, 2.134, 96.55, 0, 0, 99.943, 58.794, 0, 0, 2.455, 0, 0, 13.7, 0, 13.087, 0, 2.982, 144, 0, 0, 0, 84, 1, 0.017, 0.016, 105.8, 77.405, 100, 0, 0, 141, 33.138, 34.533, 36.622, 2.134, 0, 96.55, 0, 0, 99.943, 58.794, 0, 0.3, 0, 0, 
0.75, 16.661, 100.384, 74.41, 75.241, , 14.503, 0.986, 59.691, 59.691, 2.999, 346.228, 346.228, 346.228, 50.619, 61.859, 35.913, 35.378, 7.379, 12.175, 0, 0, 54.456, 55.204, 54.456, 55.204, 1, 59.793, 59.793, 0.025, 0.138, 94.494, 95.797, 94.494, 95.797, 5.321, 7.379, 12.175, , , 1, 0.705, 2.169, 0, 12.87, 2.999, 144, 0, 0, 0, 84, 17.213, 16.735, 105.8, 82.619, 100, 0, 0, 31.718, 33.017, 40.317, 2.278, 94.05, 0, 0, 97.335, 59.2, 0, 0, 2.169, 0, 0, 13.7, 0, 12.87, 0, 2.999, 144, 0, 0, 0, 84, 1, 0.017, 0.017, 105.8, 82.619, 100, 0, 0, 141, 31.718, 33.004, 40.317, 2.278, 0, 94.05, 0, 0, 97.335, 59.2, 0, 0.3, 0, 0, 
0.8, 16.662, 100.384, 74.41, 75.241, , 14.628, 0.986, 63.996, 63.996, 3.016, 349.212, 349.212, 349.212, 50.557, 66.325, 35.733, 35.63, 7.379, 12.181, 0, 0, 55.575, 56.34, 55.575, 56.34, 1, 60.496, 60.496, 0.025, 0.138, 95.427, 96.742, 95.427, 96.742, 5.349, 7.379, 12.181, , , 1, 0.754, 1.883, 0, 12.652, 3.016, 144, 0, 0, 0, 84, 17.572, 17.339, 105.8, 87.833, 100, 0, 0, 30.299, 31.496, 44.013, 2.423, 91.55, 0, 0, 94.726, 59.605, 0, 0, 1.883, 0, 0, 13.7, 0, 12.652, 0, 3.016, 144, 0, 0, 0, 84, 1, 0.017, 0.017, 105.8, 87.833, 100, 0, 0, 141, 30.299, 31.476, 44.013, 2.423, 0, 91.55, 0, 0, 94.726, 59.605, 0, 0.3, 0, 0, 
0.85, 16.663, 100.385, 74.41, 75.241, , 14.732, 0.986, 68.32, 68.32, 3.033, 351.696, 351.696, 351.696, 50.487, 70.791, 35.553, 35.882, 7.38, 12.174, 0, 0, 56.645, 57.425, 56.645, 57.425, 1, 61.209, 61.209, 0.025, 0.138, 96.241, 97.568, 96.241, 97.568, 5.378, 7.38, 12.174, , , 1, 0.804, 1.597, 0, 12.435, 3.033, 144, 0, 0, 0, 84, 17.93, 17.943, 105.8, 93.047, 100, 0, 0, 28.88, 29.974, 47.709, 2.567, 89.05, 0, 0, 92.117, 60.011, 0, 0, 1.597, 0, 0, 13.7, 0, 12.435, 0, 3.033, 144, 0, 0, 0, 84, 1, 0.018, 0.018, 105.8, 93.047, 100, 0, 0, 141, 28.88, 29.948, 47.709, 2.567, 0, 89.05, 0, 0, 92.117, 60.011, 0, 0.3, 0, 0, 
0.9, 16.663, 100.385, 74.41, 75.242, , 14.843, 0.986, 72.744, 72.744, 3.063, 354.354, 354.354, 354.354, 50.412, 75.257, 35.373, 36.134, 7.38, 12.169, 0, 0, 57.751, 58.547, 57.751, 58.547, 1, 61.933, 61.933, 0.025, 0.139, 97.117, 98.456, 97.117, 98.456, 5.406, 7.38, 12.169, , , 1, 0.855, 1.318, 0, 12.3, 3.063, 144, 0, 0, 0, 84, 18.043, 18.241, 105.668, 96.738, 100, 0, 0, 28.055, 29, 53.362, 2.772, 87.299, 0, 0, 90.262, 60.679, 0, 0, 1.318, 0, 0, 13.693, 0, 12.3, 0, 3.063, 144, 0, 0, 0, 84, 1, 0.018, 0.018, 105.668, 96.738, 100, 0, 0, 141, 28.055, 29, 53.362, 2.772, 0, 87.299, 0, 0, 90.262, 60.679, 0, 0.3, 0, 0, 
0.95, 16.664, 100.385, 74.41, 75.242, , 15.009, 0.986, 77.235, 77.235, 3.115, 358.306, 358.306, 358.306, 50.34, 79.724, 35.24, 36.32, 7.38, 12.18, 0, 0, 59.082, 59.896, 59.082, 59.896, 1, 62.665, 62.665, 0.025, 0.138, 98.334, 99.689, 98.334, 99.689, 5.425, 7.38, 12.18, , , 1, 0.905, 1.048, 0, 12.3, 3.115, 144, 0, 0, 0, 84, 17.719, 17.994, 105.322, 97.944, 100, 0, 0, 28.198, 29, 62.208, 3.082, 86.77, 0, 0, 89.638, 61.814, 0, 0, 1.048, 0, 0, 13.673, 0, 12.3, 0, 3.115, 144, 0, 0, 0, 84, 1, 0.018, 0.018, 105.322, 97.944, 100, 0, 0, 141, 28.198, 29, 62.208, 3.082, 0, 86.77, 0, 0, 89.638, 61.814, 0, 0.3, 0, 0, 
1, 16.665, 100.386, 74.41, 75.242, , 15.185, 0.986, 81.725, 81.725, 3.167, 362.506, 362.506, 362.506, 50.292, 84.19, 35.24, 36.32, 7.379, 12.193, 0, 0, 60.476, 61.309, 60.476, 61.309, 1, 63.398, 63.398, 0.025, 0.138, 99.578, 100.949, 99.578, 100.949, 5.424, 7.379, 12.193, , , 1, 0.954, 0.779, 0, 12.3, 3.167, 144, 0, 0, 0, 84, 17.395, 17.747, 104.976, 99.15, 100, 0, 0, 28.342, 29, 71.054, 3.393, 86.241, 0, 0, 89.012, 62.95, 0, 0, 0.779, 0, 0, 13.654, 0, 12.3, 0, 3.167, 144, 0, 0, 0, 84, 1, 0.017, 0.018, 104.976, 99.15, 100, 0, 0, 141, 28.342, 29, 71.054, 3.393, 0, 86.241, 0, 0, 89.012, 62.95, 0, 0.3, 0, 0, 
1.05, 16.666, 100.386, 74.41, 75.243, , 15.34, 0.986, 86.257, 86.257, 3.22, 366.188, 366.188, 366.188, 50.272, 83.037, 35.24, 36.32, 7.379, 12.249, 0, 0, 61.803, 62.653, 61.803, 62.653, 1, 64.147, 64.147, 0.024, 0.138, 100.628, 102.013, 100.628, 102.013, 5.423, 7.379, 12.249, , , 1, 1.004, 0.51, 0, 12.3, 3.22, 144, 0, 0, 0, 84, 17.071, 17.5, 104.63, 100.355, 100, 0, 0, 28.486, 29, 79.9, 3.704, 85.712, 0, 0, 88.388, 64.086, 0, 0, 0.51, 0, 0, 13.635, 0, 12.3, 0, 3.22, 144, 0, 0, 0, 84, 1, 0.017, 0.017, 104.63, 100.355, 100, 0, 0, 141, 28.486, 29, 79.9, 3.704, 0, 85.712, 0, 0, 88.388, 64.086, 0, 0.3, 0, 0, 
1.1, 16.666, 100.386, 74.41, 75.243, , 15.483, 0.986, 90.878, 90.878, 3.272, 369.607, 369.607, 369.607, 50.28, 81.884, 35.24, 36.32, 7.378, 12.304, 0, 0, 63.109, 63.978, 63.109, 63.978, 1, 64.894, 64.894, 0.024, 0.138, 101.551, 102.949, 101.551, 102.949, 5.423, 7.378, 12.304, , , 1, 1.055, 0.241, 0, 12.3, 3.272, 144, 0, 0, 0, 84, 16.747, 17.253, 104.284, 101.561, 100, 0, 0, 28.629, 29, 88.746, 4.014, 85.184, 0, 0, 87.762, 65.221, 0, 0, 0.241, 0, 0, 13.616, 0, 12.3, 0, 3.272, 144, 0, 0, 0, 84, 1, 0.017, 0.017, 104.284, 101.561, 100, 0, 0, 141, 28.629, 29, 88.746, 4.014, 0, 85.184, 0, 0, 87.762, 65.221, 0, 0.3, 0, 0, 
1.15, 16.667, 100.387, 74.41, 75.244, , 15.637, 0.986, 96.621, 96.621, 3.319, 373.283, 373.283, 373.283, 50.316, 80.73, 35.24, 36.32, 7.378, 12.428, 0, 0, 64.653, 65.543, 64.653, 65.543, 1, 65.652, 65.652, 0.024, 0.138, 102.47, 103.88, 102.47, 103.88, 5.421, 7.378, 12.428, , , 1, 1.104, 0.019, 0, 12.3, 3.319, 144, 0, 0, 0, 84, 16.472, 17.038, 104, 102.55, 100, 0, 0, 28.758, 29, 96.15, 4.28, 84.722, 0, 0, 87.222, 66.248, 0, 0, 0.019, 0, 0, 13.6, 0, 12.3, 0, 3.319, 144, 0, 0, 0, 84, 1, 0.016, 0.017, 104, 102.55, 100, 0, 0, 141, 28.758, 29, 96.15, 4.28, 0, 84.722, 0, 0, 87.222, 66.248, 0, 0.3, 0, 0, 
1.2, 16.668, 100.387, 74.41, 75.244, , 15.764, 0.986, 102.596, 102.596, 3.341, 376.317, 376.317, 376.317, 50.387, 79.577, 35.203, 36.254, 7.377, 12.552, 0, 0, 66.126, 67.037, 66.126, 67.037, 1, 66.79, 66.79, 0.024, 0.138, 103.186, 104.605, 103.186, 104.605, 5.405, 7.377, 12.552, , , 1, 1.154, 0.015, 0, 12.3, 3.341, 144, 0, 0, 0, 84, 16.457, 16.991, 104, 102.55, 100, 0, 0, 28.81, 29, 96.983, 4.312, 84.566, 0, 0, 87.066, 66.701, 0, 0, 0.015, 0, 0, 13.6, 0, 12.3, 0, 3.341, 144, 0, 0, 0, 84, 1, 0.016, 0.017, 104, 102.55, 100, 0, 0, 141, 28.81, 29, 96.983, 4.312, 0, 84.566, 0, 0, 87.066, 66.701, 0, 0.3, 0, 0, 
1.25, 16.669, 100.388, 74.41, 75.244, , 15.824, 0.986, 107.409, 107.409, 3.362, 377.746, 377.746, 377.746, 50.425, 78.424, 35.059, 36.002, 7.377, 12.711, 0, 0, 67.139, 68.065, 67.139, 68.065, 1, 67.563, 67.563, 0.024, 0.137, 103.5, 104.924, 103.5, 104.924, 5.39, 7.377, 12.711, , , 1, 1.205, 0.011, 0, 12.3, 3.362, 144, 0, 0, 0, 84, 16.441, 16.944, 104, 102.55, 100, 0, 0, 28.862, 29, 97.817, 4.345, 84.409, 0, 0, 86.909, 67.154, 0, 0, 0.011, 0, 0, 13.6, 0, 12.3, 0, 3.362, 144, 0, 0, 0, 84, 1, 0.016, 0.017, 104, 102.55, 100, 0, 0, 141, 28.862, 29, 97.817, 4.345, 0, 84.409, 0, 0, 86.909, 67.154, 0, 0.3, 0, 0, 
1.3, 16.669, 100.388, 74.41, 75.245, , 15.896, 0.986, 112.274, 112.274, 3.384, 379.488, 379.488, 379.488, 50.454, 77.271, 34.915, 35.75, 7.377, 12.87, 0, 0, 68.22, 69.162, 68.22, 69.162, 1, 68.338, 68.338, 0.025, 0.137, 103.919, 105.35, 103.919, 105.35, 5.374, 7.377, 12.87, , , 1, 1.255, 0.007, 0, 12.3, 3.384, 144, 0, 0, 0, 84, 16.426, 16.897, 104, 102.55, 100, 0, 0, 28.915, 29, 98.65, 4.377, 84.253, 0, 0, 86.753, 67.607, 0, 0, 0.007, 0, 0, 13.6, 0, 12.3, 0, 3.384, 144, 0, 0, 0, 84, 1, 0.016, 0.017, 104, 102.55, 100, 0, 0, 141, 28.915, 29, 98.65, 4.377, 0, 84.253, 0, 0, 86.753, 67.607, 0, 0.3, 0, 0, 
1.35, 16.67, 100.388, 74.41, 75.245, , 15.937, 0.986, 117.139, 117.139, 3.406, 380.479, 380.479, 380.479, 50.471, 76.117, 34.771, 35.498, 7.377, 13.009, 0, 0, 69.165, 70.12, 69.165, 70.12, 1, 69.109, 69.109, 0.025, 0.137, 104.15, 105.586, 104.15, 105.586, 5.36, 7.377, 13.009, , , 1, 1.304, 0.003, 0, 12.3, 3.406, 144, 0, 0, 0, 84, 16.41, 16.85, 104, 102.55, 100, 0, 0, 28.967, 29, 99.483, 4.409, 84.097, 0, 0, 86.597, 68.06, 0, 0, 0.003, 0, 0, 13.6, 0, 12.3, 0, 3.406, 144, 0, 0, 0, 84, 1, 0.016, 0.017, 104, 102.55, 100, 0, 0, 141, 28.967, 29, 99.483, 4.409, 0, 84.097, 0, 0, 86.597, 68.06, 0, 0.3, 0, 0, 
1.4, 16.671, 100.389, 74.41, 75.245, , 16.002, 0.986, 122.066, 122.066, 3.434, 382.04, 382.04, 382.04, 50.481, 74.964, 34.627, 35.246, 7.377, 13.146, 0, 0, 70.236, 71.205, 70.236, 71.205, 1, 69.887, 69.887, 0.025, 0.137, 104.553, 105.997, 104.553, 105.997, 5.385, 7.377, 13.146, , , 1, 1.355, 0, 0, 12.3, 3.434, 144, 0, 0, 0, 84, 16.445, 16.863, 104, 102.522, 100, 0, 0, 29.036, 29, 100, 4.43, 84.19, 0, 0, 86.69, 68.62, 0, 0, 0, 0, 0, 13.608, 0, 12.3, 0, 3.434, 144, 0, 0, 0, 84, 1, 0.016, 0.017, 104, 102.522, 100, 0, 0, 141, 29.036, 29, 100, 4.43, 0, 84.19, 0, 0, 86.69, 68.62, 0, 0.3, 0, 0, 
1.45, 16.672, 100.389, 74.41, 75.246, , 16.044, 0.986, 127.106, 127.106, 3.475, 383.047, 383.047, 383.047, 50.492, 73.811, 34.567, 35.079, 7.377, 13.236, 0, 0, 71.207, 72.189, 71.207, 72.189, 1, 70.664, 70.664, 0.025, 0.137, 104.806, 106.254, 104.806, 106.254, 5.409, 7.377, 13.236, , , 1, 1.405, 0, 0, 12.3, 3.475, 144, 0, 0, 0, 84, 16.569, 16.981, 104, 102.448, 100, 0, 0, 29.137, 29, 100, 4.43, 84.69, 0, 0, 87.19, 69.369, 0, 0, 0, 0, 0, 13.628, 0, 12.3, 0, 3.475, 144, 0, 0, 0, 84, 1, 0.016, 0.017, 104, 102.448, 100, 0, 0, 141, 29.137, 29, 100, 4.43, 0, 84.69, 0, 0, 87.19, 69.369, 0, 0.3, 0, 0, 
1.5, 16.673, 100.389, 74.41, 75.246, , 16.129, 0.986, 132.182, 132.182, 3.516, 385.106, 385.106, 385.106, 50.509, 72.658, 34.747, 35.151, 7.377, 13.323, 0, 0, 72.381, 73.379, 72.381, 73.379, 1, 71.447, 71.447, 0.025, 0.137, 105.335, 106.79, 105.335, 106.79, 5.434, 7.377, 13.323, , , 1, 1.455, 0, 0, 12.3, 3.516, 144, 0, 0, 0, 84, 16.694, 17.1, 104, 102.374, 100, 0, 0, 29.237, 29, 100, 4.43, 85.19, 0, 0, 87.69, 70.118, 0, 0, 0, 0, 0, 13.648, 0, 12.3, 0, 3.516, 144, 0, 0, 0, 84, 1, 0.016, 0.017, 104, 102.374, 100, 0, 0, 141, 29.237, 29, 100, 4.43, 0, 85.19, 0, 0, 87.69, 70.118, 0, 0.3, 0, 0, 
1.55, 16.673, 100.39, 74.41, 75.247, , 16.15, 0.986, 137.351, 137.351, 3.556, 385.605, 385.605, 385.605, 50.531, 71.504, 34.927, 35.223, 7.378, 13.36, 0, 0, 73.272, 74.282, 73.272, 74.282, 1, 72.231, 72.231, 0.025, 0.137, 105.425, 106.882, 105.425, 106.882, 5.458, 7.378, 13.36, , , 1, 1.504, 0, 0, 12.3, 3.556, 144, 0, 0, 0, 84, 16.818, 17.218, 104, 102.3, 100, 0, 0, 29.337, 29, 100, 4.43, 85.69, 0, 0, 88.19, 70.867, 0, 0, 0, 0, 0, 13.668, 0, 12.3, 0, 3.556, 144, 0, 0, 0, 84, 1, 0.017, 0.017, 104, 102.3, 100, 0, 0, 141, 29.337, 29, 100, 4.43, 0, 85.69, 0, 0, 88.19, 70.867, 0, 0.3, 0, 0, 
1.6, 16.674, 100.39, 74.41, 75.247, , 16.159, 0.986, 142.539, 142.539, 3.597, 385.845, 385.845, 385.845, 50.561, 70.351, 35.107, 35.295, 7.378, 13.392, 0, 0, 74.118, 75.138, 74.118, 75.138, 1, 73.019, 73.019, 0.025, 0.136, 105.429, 106.884, 105.429, 106.884, 5.498, 7.378, 13.392, , , 1, 1.554, 0, 0, 12.3, 3.597, 144, 0, 0, 0, 84, 16.943, 17.337, 104, 102.226, 100, 0, 0, 29.438, 29, 100, 4.43, 86.19, 0, 0, 88.69, 71.616, 0, 0, 0, 0, 0, 13.688, 0, 12.3, 0, 3.597, 144, 0, 0, 0, 84, 1, 0.017, 0.017, 104, 102.226, 100, 0, 0, 141, 29.438, 29, 100, 4.43, 0, 86.19, 0, 0, 88.69, 71.616, 0, 0.3, 0, 0, 
1.65, 16.675, 100.39, 74.41, 75.247, , 16.202, 0.986, 147.742, 147.742, 3.639, 386.88, 386.88, 386.88, 50.599, 69.198, 35.287, 35.367, 7.379, 13.397, 0, 0, 75.109, 76.143, 75.109, 76.143, 1, 73.81, 73.81, 0.025, 0.136, 105.635, 107.091, 105.635, 107.091, 5.54, 7.379, 13.397, , , 1, 1.605, 0, 0, 12.3, 3.639, 144, 0, 0, 0, 84, 17.074, 17.45, 103.863, 102.152, 100, 0, 0, 29.576, 29.038, 100, 4.43, 86.804, 0, 0, 89.228, 72.458, 0, 0, 0, 0, 0, 13.692, 0, 12.3, 0, 3.639, 144, 0, 0, 0, 84, 1, 0.017, 0.017, 103.863, 102.152, 100, 0, 0, 141, 29.576, 29.038, 100, 4.43, 0, 86.804, 0, 0, 89.228, 72.458, 0, 0.3, 0, 0, 
1.7, 16.676, 100.39, 74.41, 75.248, , 16.173, 0.986, 153.079, 153.079, 3.683, 386.222, 386.222, 386.222, 50.643, 68.045, 35.411, 35.467, 7.381, 13.4, 0, 0, 75.789, 76.833, 75.789, 76.833, 1, 74.601, 74.601, 0.025, 0.136, 105.363, 106.815, 105.363, 106.815, 5.582, 7.381, 13.4, , , 1, 1.655, 0, 0, 12.3, 3.683, 144, 0, 0, 0, 84, 17.216, 17.554, 103.503, 102.078, 100, 0, 0, 29.776, 29.138, 100, 4.43, 87.604, 0, 0, 89.828, 73.452, 0, 0, 0, 0, 0, 13.672, 0, 12.3, 0, 3.683, 144, 0, 0, 0, 84, 1, 0.017, 0.017, 103.503, 102.078, 100, 0, 0, 141, 29.776, 29.138, 100, 4.43, 0, 87.604, 0, 0, 89.828, 73.452, 0, 0.3, 0, 0, 
1.75, 16.676, 100.39, 74.41, 75.248, , 16.187, 0.986, 158.462, 158.462, 3.727, 386.585, 386.585, 386.585, 50.689, 66.891, 35.375, 35.647, 7.382, 13.383, 0, 0, 76.672, 77.728, 76.672, 77.728, 1, 75.397, 75.397, 0.025, 0.136, 105.364, 106.816, 105.364, 106.816, 5.624, 7.382, 13.383, , , 1, 1.705, 0, 0, 12.3, 3.727, 144, 0, 0, 0, 84, 17.358, 17.658, 103.143, 102.004, 100, 0, 0, 29.976, 29.238, 100, 4.43, 88.404, 0, 0, 90.428, 74.446, 0, 0, 0, 0, 0, 13.652, 0, 12.3, 0, 3.727, 144, 0, 0, 0, 84, 1, 0.017, 0.017, 103.143, 102.004, 100, 0, 0, 141, 29.976, 29.238, 100, 4.43, 0, 88.404, 0, 0, 90.428, 74.446, 0, 0.3, 0, 0, 
1.8, 16.677, 100.39, 74.41, 75.249, , 16.216, 0.986, 163.895, 163.895, 3.771, 387.296, 387.296, 387.296, 50.737, 66.882, 35.339, 35.827, 7.384, 13.364, 0, 0, 77.627, 78.697, 77.627, 78.697, 1, 76.188, 76.188, 0.025, 0.136, 105.457, 106.908, 105.457, 106.908, 5.661, 7.384, 13.364, , , 1, 1.755, 0, 0, 12.3, 3.771, 144, 0, 0, 0, 84, 17.5, 17.762, 102.783, 101.93, 100, 0, 0, 30.176, 29.338, 100, 4.43, 89.204, 0, 0, 91.028, 75.44, 0, 0, 0, 0, 0, 13.632, 0, 12.3, 0, 3.771, 144, 0, 0, 0, 84, 1, 0.018, 0.018, 102.783, 101.93, 100, 0, 0, 141, 30.176, 29.338, 100, 4.43, 0, 89.204, 0, 0, 91.028, 75.44, 0, 0.3, 0, 0, 
1.85, 16.678, 100.39, 74.41, 75.249, , 16.274, 0.986, 169.369, 169.369, 3.816, 388.679, 388.679, 388.679, 50.786, 67.634, 35.303, 36.007, 7.385, 13.337, 0, 0, 78.714, 79.798, 78.714, 79.798, 1, 76.978, 76.978, 0.025, 0.136, 105.73, 107.185, 105.73, 107.185, 5.695, 7.385, 13.337, , , 1, 1.804, 0, 0, 12.3, 3.816, 144, 0, 0, 0, 84, 17.642, 17.866, 102.423, 101.856, 100, 0, 0, 30.376, 29.438, 100, 4.43, 90.004, 0, 0, 91.628, 76.434, 0, 0, 0, 0, 0, 13.612, 0, 12.3, 0, 3.816, 144, 0, 0, 0, 84, 1, 0.018, 0.018, 102.423, 101.856, 100, 0, 0, 141, 30.376, 29.438, 100, 4.43, 0, 90.004, 0, 0, 91.628, 76.434, 0, 0.3, 0, 0, 
1.9, 16.679, 100.39, 74.41, 75.249, , 16.257, 0.986, 174.903, 174.903, 3.86, 388.305, 388.305, 388.305, 50.839, 68.387, 35.267, 36.187, 7.386, 13.309, 0, 0, 79.446, 80.539, 79.446, 80.539, 1, 77.776, 77.776, 0.024, 0.136, 105.522, 106.973, 105.522, 106.973, 5.73, 7.386, 13.309, , , 1, 1.854, 0, 0, 12.3, 3.86, 144, 0, 0, 0, 84, 17.768, 17.967, 102.2, 101.81, 100, 0, 0, 30.537, 29.537, 100, 4.43, 90.756, 0, 0, 92.219, 77.368, 0, 0, 0, 0, 0, 13.6, 0, 12.3, 0, 3.86, 144, 0, 0, 0, 84, 1, 0.018, 0.018, 102.2, 101.81, 100, 0, 0, 141, 30.537, 29.537, 100, 4.43, 0, 90.756, 0, 0, 92.219, 77.368, 0, 0.3, 0, 0, 
1.95, 16.679, 100.39, 74.41, 75.25, , 16.339, 0.986, 180.478, 180.478, 3.906, 390.266, 390.266, 390.266, 50.886, 69.14, 35.249, 36.357, 7.385, 13.28, 0, 0, 80.71, 81.821, 80.71, 81.821, 1, 78.577, 78.577, 0.024, 0.136, 105.954, 107.411, 105.954, 107.411, 5.764, 7.385, 13.28, , , 1, 1.905, 0, 0, 12.3, 3.906, 144, 0, 0, 0, 84, 17.868, 18.065, 102.2, 101.81, 100, 0, 0, 30.633, 29.633, 100, 4.43, 91.429, 0, 0, 92.796, 78.204, 0, 0, 0, 0, 0, 13.6, 0, 12.3, 0, 3.906, 144, 0, 0, 0, 84, 1, 0.018, 0.018, 102.2, 101.81, 100, 0, 0, 141, 30.633, 29.633, 100, 4.43, 0, 91.429, 0, 0, 92.796, 78.204, 0, 0.3, 0, 0, 
2, 16.68, 100.39, 74.41, 75.25, , 16.352, 0.986, 187.028, 187.028, 3.951, 390.611, 390.611, 390.611, 50.922, 69.892, 35.285, 36.501, 7.384, 13.251, 0, 0, 81.889, 83.017, 81.889, 83.017, 1, 79.666, 79.666, 0.024, 0.136, 105.973, 107.432, 105.973, 107.432, 5.797, 7.384, 13.251, , , 1, 1.955, 0, 0, 12.3, 3.951, 144, 0, 0, 0, 84, 17.968, 18.163, 102.2, 101.81, 100, 0, 0, 30.729, 29.729, 100, 4.43, 92.102, 0, 0, 93.373, 79.041, 0, 0, 0, 0, 0, 13.6, 0, 12.3, 0, 3.951, 144, 0, 0, 0, 84, 1, 0.018, 0.018, 102.2, 101.81, 100, 0, 0, 141, 30.729, 29.729, 100, 4.43, 0, 92.102, 0, 0, 93.373, 79.041, 0, 0.3, 0, 0, 
2.05, 16.68, 100.39, 74.41, 75.25, , 16.335, 0.986, 194.272, 194.272, 3.997, 390.244, 390.244, 390.244, 50.938, 70.645, 35.321, 36.645, 7.383, 13.23, 0, 0, 82.632, 83.77, 82.632, 83.77, 1, 80.5, 80.5, 0.024, 0.135, 105.843, 107.302, 105.843, 107.302, 5.829, 7.383, 13.23, , , 1, 2.005, 0, 0, 12.3, 3.997, 144, 0, 0, 0, 84, 18.068, 18.262, 102.2, 101.81, 100, 0, 0, 30.825, 29.825, 100, 4.43, 92.775, 0, 0, 93.95, 79.878, 0, 0, 0, 0, 0, 13.6, 0, 12.3, 0, 3.997, 144, 0, 0, 0, 84, 1, 0.018, 0.018, 102.2, 101.81, 100, 0, 0, 141, 30.825, 29.825, 100, 4.43, 0, 92.775, 0, 0, 93.95, 79.878, 0, 0.3, 0, 0, 
2.1, 16.68, 100.39, 74.41, 75.249, , 16.308, 0.986, 200.012, 200.012, 4.043, 389.621, 389.621, 389.621, 50.94, 71.398, 35.357, 36.789, 7.382, 13.211, 0, 0, 83.313, 84.46, 83.313, 84.46, 1, 81.288, 81.288, 0.024, 0.135, 105.668, 107.124, 105.668, 107.124, 5.861, 7.382, 13.211, , , 1, 2.055, 0, 0, 12.3, 4.043, 144, 0, 0, 0, 84, 18.168, 18.36, 102.2, 101.81, 100, 0, 0, 30.921, 29.921, 100, 4.43, 93.448, 0, 0, 94.527, 80.714, 0, 0, 0, 0, 0, 13.6, 0, 12.3, 0, 4.043, 144, 0, 0, 0, 84, 1, 0.018, 0.018, 102.2, 101.81, 100, 0, 0, 141, 30.921, 29.921, 100, 4.43, 0, 93.448, 0, 0, 94.527, 80.714, 0, 0.3, 0, 0, 
2.15, 16.68, 100.39, 74.41, 75.249, , 16.34, 0.986, 205.839, 205.839, 4.091, 390.408, 390.408, 390.408, 50.93, 72.15, 35.393, 36.933, 7.381, 13.197, 0, 0, 84.293, 85.455, 84.293, 85.455, 1, 82.093, 82.093, 0.024, 0.135, 105.9, 107.36, 105.9, 107.36, 5.893, 7.381, 13.197, , , 1, 2.105, 0, 0, 12.3, 4.091, 144, 0, 0, 0, 84, 18.273, 18.463, 102.11, 101.779, 100, 0, 0, 31.025, 30.025, 100, 4.43, 94.133, 0, 0, 95.133, 81.607, 0, 0, 0, 0, 0, 13.6, 0, 12.3, 0, 4.091, 144, 0, 0, 0, 84, 1, 0.018, 0.018, 102.11, 101.779, 100, 0, 0, 141, 31.025, 30.025, 100, 4.43, 0, 94.133, 0, 0, 95.133, 81.607, 0, 0.3, 0, 0, 
2.2, 16.68, 100.39, 74.41, 75.248, , 16.28, 0.986, 211.784, 211.784, 4.153, 388.996, 388.996, 388.996, 50.92, 72.903, 35.429, 36.937, 7.379, 13.184, 0, 0, 84.812, 85.981, 84.812, 85.981, 1, 82.886, 82.886, 0.024, 0.135, 105.541, 106.996, 105.541, 106.996, 5.926, 7.379, 13.184, , , 1, 2.155, 0, 0, 12.3, 4.153, 144, 0, 0, 0, 84, 18.399, 18.589, 101.61, 101.609, 100, 0, 0, 31.164, 30.164, 100, 4.428, 94.874, 0, 0, 95.874, 82.758, 0, 0, 0, 0, 0, 13.6, 0, 12.3, 0, 4.153, 144, 0, 0, 0, 84, 1, 0.018, 0.018, 101.61, 101.609, 100, 0, 0, 141, 31.164, 30.164, 100, 4.428, 0, 94.874, 0, 0, 95.874, 82.758, 0, 0.3, 0, 0, 
2.25, 16.68, 100.39, 74.41, 75.248, , 16.233, 0.986, 217.693, 217.693, 4.214, 387.91, 387.91, 387.91, 50.926, 73.656, 35.465, 36.541, 7.379, 13.172, 0, 0, 85.389, 86.565, 85.389, 86.565, 1, 83.682, 83.682, 0.025, 0.135, 105.233, 106.683, 105.233, 106.683, 5.962, 7.379, 13.172, , , 1, 2.205, 0, 0, 12.3, 4.214, 144, 0, 0, 0, 84, 18.525, 18.715, 101.11, 101.439, 100, 0, 0, 31.303, 30.303, 100, 4.426, 95.615, 0, 0, 96.615, 83.909, 0, 0, 0, 0, 0, 13.6, 0, 12.3, 0, 4.214, 144, 0, 0, 0, 84, 1, 0.018, 0.018, 101.11, 101.439, 100, 0, 0, 141, 31.303, 30.303, 100, 4.426, 0, 95.615, 0, 0, 96.615, 83.909, 0, 0.3, 0, 0, 
2.3, 16.68, 100.39, 74.41, 75.248, , 16.182, 0.986, 223.791, 223.791, 4.276, 386.718, 386.718, 386.718, 50.952, 74.409, 35.501, 36.145, 7.379, 13.161, 0, 0, 85.927, 87.11, 85.927, 87.11, 1, 84.477, 84.477, 0.025, 0.135, 104.86, 106.304, 104.86, 106.304, 5.998, 7.379, 13.161, , , 1, 2.254, 0, 0, 12.3, 4.276, 144, 0, 0, 0, 84, 18.65, 18.84, 100.61, 101.268, 100, 0, 0, 31.442, 30.442, 100, 4.424, 96.356, 0, 0, 97.356, 85.06, 0, 0, 0, 0, 0, 13.6, 0, 12.3, 0, 4.276, 144, 0, 0, 0, 84, 1, 0.019, 0.019, 100.61, 101.268, 100, 0, 0, 141, 31.442, 30.442, 100, 4.424, 0, 96.356, 0, 0, 97.356, 85.06, 0, 0.3, 0, 0, 
2.35, 16.68, 100.39, 74.41, 75.247, , 16.142, 0.986, 229.813, 229.813, 4.337, 385.796, 385.796, 385.796, 50.996, 75.161, 35.537, 35.749, 7.379, 13.144, 0, 0, 86.512, 87.702, 86.512, 87.702, 1, 85.264, 85.264, 0.025, 0.135, 104.519, 105.958, 104.519, 105.958, 6.035, 7.379, 13.144, , , 1, 2.304, 0, 0, 12.3, 4.337, 144, 0, 0, 0, 84, 18.776, 18.966, 100.11, 101.098, 100, 0, 0, 31.581, 30.581, 100, 4.422, 97.096, 0, 0, 98.096, 86.211, 0, 0, 0, 0, 0, 13.6, 0, 12.3, 0, 4.337, 144, 0, 0, 0, 84, 1, 0.019, 0.019, 100.11, 101.098, 100, 0, 0, 141, 31.581, 30.581, 100, 4.422, 0, 97.096, 0, 0, 98.096, 86.211, 0, 0.3, 0, 0, 
2.4, 16.68, 100.39, 74.41, 75.247, , 16.077, 0.986, 235.958, 235.958, 4.399, 384.279, 384.279, 384.279, 51.059, 75.914, 35.573, 35.353, 7.379, 13.125, 0, 0, 86.978, 88.175, 86.978, 88.175, 1, 86.05, 86.05, 0.025, 0.135, 103.975, 105.408, 103.975, 105.408, 6.068, 7.379, 13.125, , , 1, 2.355, 0, 0, 12.3, 4.399, 144, 0, 0, 0, 84, 18.902, 19.092, 99.61, 100.927, 100, 0, 0, 31.719, 30.719, 100, 4.42, 97.837, 0, 0, 98.837, 87.362, 0, 0, 0, 0, 0, 13.6, 0, 12.3, 0, 4.399, 144, 0, 0, 0, 84, 1, 0.019, 0.019, 99.61, 100.927, 100, 0, 0, 141, 31.719, 30.719, 100, 4.42, 0, 97.837, 0, 0, 98.837, 87.362, 0, 0.3, 0, 0, 
2.45, 16.68, 100.39, 74.41, 75.246, , 16.002, 0.986, 242.209, 242.209, 4.448, 382.535, 382.535, 382.535, 51.136, 76.667, 35.581, 35.041, 7.38, 13.098, 0, 0, 87.375, 88.577, 87.375, 88.577, 1, 86.843, 86.843, 0.025, 0.135, 103.348, 104.772, 103.348, 104.772, 6.084, 7.38, 13.098, , , 1, 2.404, 0, 0, 12.3, 4.448, 144, 0, 0, 0, 84, 19.037, 19.213, 99.354, 100.801, 100, 0, 0, 31.831, 30.831, 100, 4.418, 98.609, 0, 0, 99.569, 88.272, 0, 0, 0, 0, 0, 13.6, 0, 12.3, 0, 4.448, 144, 0, 0, 0, 84, 1, 0.019, 0.019, 99.354, 100.801, 100, 0, 0, 141, 31.831, 30.831, 100, 4.418, 0, 98.609, 0, 0, 99.569, 88.272, 0, 0.3, 0, 0, 
2.5, 16.68, 100.39, 74.41, 75.246, , 15.904, 0.986, 248.521, 248.521, 4.492, 380.223, 380.223, 380.223, 51.205, 77.419, 35.509, 34.969, 7.382, 13.067, 0, 0, 87.63, 88.835, 87.63, 88.835, 1, 87.621, 87.621, 0.025, 0.135, 102.588, 104.001, 102.588, 104.001, 6.099, 7.382, 13.067, , , 1, 2.454, 0, 0, 12.3, 4.492, 144, 0, 0, 0, 84, 19.175, 19.331, 99.166, 100.686, 100, 0, 0, 31.935, 30.935, 100, 4.416, 99.391, 0, 0, 100.298, 89.113, 0, 0, 0, 0, 0, 13.6, 0, 12.3, 0, 4.492, 144, 0, 0, 0, 84, 1, 0.019, 0.019, 99.166, 100.686, 100, 0, 0, 141, 31.935, 30.935, 100, 4.416, 0, 99.391, 0, 0, 100.298, 89.113, 0, 0.3, 0, 0, 
2.55, 16.68, 100.39, 74.41, 75.246, , 15.834, 0.986, 254.831, 254.831, 4.537, 378.594, 378.594, 378.594, 51.259, 78.172, 35.437, 34.897, 7.382, 13.018, 0, 0, 88.031, 89.242, 88.031, 89.242, 1, 88.399, 88.399, 0.025, 0.136, 102.043, 103.448, 102.043, 103.448, 6.114, 7.382, 13.018, , , 1, 2.504, 0, 0, 12.3, 4.537, 144, 0, 0, 0, 84, 19.312, 19.45, 98.979, 100.571, 100, 0, 0, 32.04, 31.04, 100, 4.414, 100.172, 0, 0, 101.027, 89.955, 0, 0, 0, 0, 0, 13.6, 0, 12.3, 0, 4.537, 144, 0, 0, 0, 84, 1, 0.019, 0.019, 98.979, 100.571, 100, 0, 0, 141, 32.04, 31.04, 100, 4.414, 0, 100.172, 0, 0, 101.027, 89.955, 0, 0.3, 0, 0, 
2.6, 16.68, 100.39, 74.41, 75.245, , 15.745, 0.986, 261.142, 261.142, 4.582, 376.507, 376.507, 376.507, 51.297, 78.925, 35.365, 34.825, 7.382, 12.961, 0, 0, 88.306, 89.521, 88.306, 89.521, 1, 89.179, 89.179, 0.025, 0.136, 101.403, 102.8, 101.403, 102.8, 6.129, 7.382, 12.961, , , 1, 2.554, 0, 0, 12.3, 4.582, 144, 0, 0, 0, 84, 19.45, 19.569, 98.791, 100.457, 100, 0, 0, 32.144, 31.144, 100, 4.412, 100.953, 0, 0, 101.756, 90.797, 0, 0, 0, 0, 0, 13.6, 0, 12.3, 0, 4.582, 144, 0, 0, 0, 84, 1, 0.019, 0.019, 98.791, 100.457, 100, 0, 0, 141, 32.144, 31.144, 100, 4.412, 0, 100.953, 0, 0, 101.756, 90.797, 0, 0.3, 0, 0, 
2.65, 16.68, 100.39, 74.41, 75.245, , 15.645, 0.986, 267.617, 267.617, 4.627, 374.15, 374.15, 374.15, 51.322, 79.677, 35.293, 34.753, 7.382, 12.888, 0, 0, 88.518, 89.736, 88.518, 89.736, 1, 89.946, 89.946, 0.025, 0.136, 100.721, 102.108, 100.721, 102.108, 6.151, 7.382, 12.888, , , 1, 2.604, 0, 0, 12.3, 4.627, 144, 0, 0, 0, 84, 19.587, 19.688, 98.604, 100.342, 100, 0, 0, 32.248, 31.248, 100, 4.41, 101.734, 0, 0, 102.485, 91.638, 0, 0, 0, 0, 0, 13.6, 0, 12.3, 0, 4.627, 144, 0, 0, 0, 84, 1, 0.019, 0.019, 98.604, 100.342, 100, 0, 0, 141, 32.248, 31.248, 100, 4.41, 0, 101.734, 0, 0, 102.485, 91.638, 0, 0.3, 0, 0, 
2.7, 16.68, 100.39, 74.41, 75.245, , 15.566, 0.986, 274.103, 274.103, 4.648, 372.299, 372.299, 372.299, 51.334, 80.43, 35.231, 34.794, 7.382, 12.806, 0, 0, 88.83, 90.052, 88.83, 90.052, 1, 90.71, 90.71, 0.025, 0.136, 100.198, 101.578, 100.198, 101.578, 6.174, 7.382, 12.806, , , 1, 2.654, 0, 0, 12.3, 4.648, 144, 0, 0, 0, 84, 19.67, 19.753, 98.6, 100.264, 100, 0, 0, 32.301, 31.301, 100, 4.41, 102.209, 0, 0, 102.908, 92.099, 0, 0, 0, 0, 0, 13.6, 0, 12.3, 0, 4.648, 144, 0, 0, 0, 84, 1, 0.02, 0.02, 98.6, 100.264, 100, 0, 0, 141, 32.301, 31.301, 100, 4.41, 0, 102.209, 0, 0, 102.908, 92.099, 0, 0.3, 0, 0, 
2.75, 16.68, 100.39, 74.41, 75.244, , 15.534, 0.986, 280.719, 280.719, 4.669, 371.58, 371.58, 371.58, 51.339, 81.183, 35.195, 35.154, 7.381, 12.715, 0, 0, 89.413, 90.643, 89.413, 90.643, 1, 91.476, 91.476, 0.025, 0.136, 99.993, 101.371, 99.993, 101.371, 6.196, 7.381, 12.715, , , 1, 2.704, 0, 0, 12.3, 4.669, 144, 0, 0, 0, 84, 19.751, 19.818, 98.6, 100.187, 100, 0, 0, 32.353, 31.353, 100, 4.41, 102.678, 0, 0, 103.325, 92.552, 0, 0, 0, 0, 0, 13.6, 0, 12.3, 0, 4.669, 144, 0, 0, 0, 84, 1, 0.02, 0.02, 98.6, 100.187, 100, 0, 0, 141, 32.353, 31.353, 100, 4.41, 0, 102.678, 0, 0, 103.325, 92.552, 0, 0.3, 0, 0, 
2.8, 16.68, 100.39, 74.41, 75.244, , 15.442, 0.986, 288.473, 288.473, 4.689, 369.421, 369.421, 369.421, 51.341, 81.935, 35.159, 35.514, 7.38, 12.619, 0, 0, 89.757, 90.992, 89.757, 90.992, 1, 92.251, 92.251, 0.025, 0.136, 99.412, 100.782, 99.412, 100.782, 6.219, 7.38, 12.619, , , 1, 2.755, 0, 0, 12.3, 4.689, 144, 0, 0, 0, 84, 19.832, 19.882, 98.6, 100.11, 100, 0, 0, 32.405, 31.405, 100, 4.41, 103.147, 0, 0, 103.742, 93.005, 0, 0, 0, 0, 0, 13.6, 0, 12.3, 0, 4.689, 144, 0, 0, 0, 84, 1, 0.02, 0.02, 98.6, 100.11, 100, 0, 0, 141, 32.405, 31.405, 100, 4.41, 0, 103.147, 0, 0, 103.742, 93.005, 0, 0.3, 0, 0, 
2.85, 16.68, 100.39, 74.41, 75.243, , 15.383, 0.986, 296.278, 296.278, 4.71, 368.056, 368.056, 368.056, 51.334, 82.688, 35.123, 35.874, 7.38, 12.531, 0, 0, 90.277, 91.519, 90.277, 91.519, 1, 93.261, 93.261, 0.025, 0.136, 99.054, 100.42, 99.054, 100.42, 6.251, 7.38, 12.531, , , 1, 2.804, 0, 0, 12.3, 4.71, 144, 0, 0, 0, 84, 19.913, 19.947, 98.6, 100.033, 100, 0, 0, 32.457, 31.457, 100, 4.41, 103.616, 0, 0, 104.158, 93.458, 0, 0, 0, 0, 0, 13.6, 0, 12.3, 0, 4.71, 144, 0, 0, 0, 84, 1, 0.02, 0.02, 98.6, 100.033, 100, 0, 0, 141, 32.457, 31.457, 100, 4.41, 0, 103.616, 0, 0, 104.158, 93.458, 0, 0.3, 0, 0, 
2.9, 16.68, 100.39, 74.41, 75.243, , 15.324, 0.986, 303.001, 303.001, 4.737, 366.687, 366.687, 366.687, 51.326, 83.441, 35.087, 36.234, 7.38, 12.447, 0, 0, 90.664, 91.912, 90.664, 91.912, 1, 94.008, 94.008, 0.025, 0.135, 98.703, 100.063, 98.703, 100.063, 6.29, 7.38, 12.447, , , 1, 2.855, 0, 0, 12.3, 4.737, 144, 0, 0, 0, 84, 19.973, 19.996, 98.57, 99.945, 100, 0, 0, 32.508, 31.517, 100, 4.41, 104.092, 0, 0, 104.592, 94.016, 0, 0, 0, 0, 0, 13.6, 0, 12.3, 0, 4.737, 144, 0, 0, 0, 84, 1, 0.02, 0.02, 98.57, 99.945, 100, 0, 0, 141, 32.508, 31.517, 100, 4.41, 0, 104.092, 0, 0, 104.592, 94.016, 0, 0.3, 0, 0, 
2.95, 16.68, 100.39, 74.41, 75.243, , 15.294, 0.986, 309.754, 309.754, 4.795, 365.984, 365.984, 365.984, 51.32, 84.193, 35.023, 36.425, 7.38, 12.368, 0, 0, 91.212, 92.468, 91.212, 92.468, 1, 94.761, 94.761, 0.025, 0.135, 98.526, 99.884, 98.526, 99.884, 6.329, 7.38, 12.368, , , 1, 2.905, 0, 0, 12.3, 4.795, 144, 0, 0, 0, 84, 19.933, 19.977, 98.403, 99.808, 100, 0, 0, 32.555, 31.609, 100, 4.41, 104.601, 0, 0, 105.101, 95.052, 0, 0, 0, 0, 0, 13.6, 0, 12.3, 0, 4.795, 144, 0, 0, 0, 84, 1, 0.02, 0.02, 98.403, 99.808, 100, 0, 0, 141, 32.555, 31.609, 100, 4.41, 0, 104.601, 0, 0, 105.101, 95.052, 0, 0.3, 0, 0, 
3, 16.68, 100.39, 74.41, 75.242, , 15.21, 0.986, 316.598, 316.598, 4.853, 364.014, 364.014, 364.014, 51.329, 84.946, 34.879, 36.137, 7.38, 12.292, 0, 0, 91.436, 92.696, 91.436, 92.696, 1, 95.503, 95.503, 0.025, 0.135, 97.978, 99.327, 97.978, 99.327, 6.368, 7.38, 12.292, , , 1, 2.955, 0, 0, 12.3, 4.853, 144, 0, 0, 0, 84, 19.893, 19.958, 98.237, 99.671, 100, 0, 0, 32.601, 31.702, 100, 4.41, 105.11, 0, 0, 105.61, 96.087, 0, 0, 0, 0, 0, 13.6, 0, 12.3, 0, 4.853, 144, 0, 0, 0, 84, 1, 0.02, 0.02, 98.237, 99.671, 100, 0, 0, 141, 32.601, 31.702, 100, 4.41, 0, 105.11, 0, 0, 105.61, 96.087, 0, 0.3, 0, 0, 
3.05, 16.68, 100.39, 74.41, 75.242, , 15.13, 0.986, 323.574, 323.574, 4.911, 362.162, 362.162, 362.162, 51.356, 85.699, 34.735, 35.849, 7.38, 12.23, 0, 0, 91.689, 92.953, 91.689, 92.953, 1, 96.249, 96.249, 0.025, 0.135, 97.43, 98.771, 97.43, 98.771, 6.403, 7.38, 12.23, , , 1, 3.005, 0, 0, 12.3, 4.911, 144, 0, 0, 0, 84, 19.853, 19.938, 98.07, 99.534, 100, 0, 0, 32.647, 31.794, 100, 4.41, 105.619, 0, 0, 106.119, 97.122, 0, 0, 0, 0, 0, 13.6, 0, 12.3, 0, 4.911, 144, 0, 0, 0, 84, 1, 0.02, 0.02, 98.07, 99.534, 100, 0, 0, 141, 32.647, 31.794, 100, 4.41, 0, 105.619, 0, 0, 106.119, 97.122, 0, 0.3, 0, 0, 
3.1, 16.68, 100.39, 74.41, 75.242, , 15.063, 0.986, 330.508, 330.508, 4.969, 360.595, 360.595, 360.595, 51.399, 86.452, 34.591, 35.561, 7.379, 12.178, 0, 0, 91.992, 93.26, 91.992, 93.26, 1, 96.992, 96.992, 0.025, 0.135, 96.927, 98.262, 96.927, 98.262, 6.436, 7.379, 12.178, , , 1, 3.054, 0, 0, 12.3, 4.969, 144, 0, 0, 0, 84, 19.814, 19.919, 97.903, 99.397, 100, 0, 0, 32.694, 31.887, 100, 4.41, 106.129, 0, 0, 106.629, 98.157, 0, 0, 0, 0, 0, 13.6, 0, 12.3, 0, 4.969, 144, 0, 0, 0, 84, 1, 0.02, 0.02, 97.903, 99.397, 100, 0, 0, 141, 32.694, 31.887, 100, 4.41, 0, 106.129, 0, 0, 106.629, 98.157, 0, 0.3, 0, 0, 
3.15, 16.68, 100.39, 74.41, 75.241, , 15.007, 0.986, 337.476, 337.476, 5.027, 359.281, 359.281, 359.281, 51.46, 87.204, 34.447, 35.273, 7.379, 12.135, 0, 0, 92.351, 93.624, 92.351, 93.624, 1, 97.735, 97.735, 0.025, 0.135, 96.462, 97.789, 96.462, 97.789, 6.468, 7.379, 12.135, , , 1, 3.104, 0, 0, 12.3, 5.027, 144, 0, 0, 0, 84, 19.774, 19.899, 97.737, 99.26, 100, 0, 0, 32.74, 31.98, 100, 4.41, 106.638, 0, 0, 107.138, 99.192, 0, 0, 0, 0, 0, 13.6, 0, 12.3, 0, 5.027, 144, 0, 0, 0, 84, 1, 0.02, 0.02, 97.737, 99.26, 100, 0, 0, 141, 32.74, 31.98, 100, 4.41, 0, 106.638, 0, 0, 107.138, 99.192, 0, 0.3, 0, 0, 
3.2, 16.68, 100.39, 74.41, 75.241, , 14.923, 0.986, 344.518, 344.518, 5.058, 357.307, 357.307, 357.307, 51.525, 87.957, 34.377, 35.032, 7.378, 12.101, 0, 0, 92.536, 93.811, 92.536, 93.811, 1, 98.472, 98.472, 0.025, 0.135, 95.812, 97.13, 95.812, 97.13, 6.501, 7.378, 12.101, , , 1, 3.155, 0, 0, 12.3, 5.058, 144, 0, 0, 0, 84, 19.688, 19.811, 97.547, 99.167, 100, 0, 0, 32.792, 32, 100, 4.41, 106.453, 0, 0, 106.953, 99.735, 0, 0, 0, 0, 0, 13.6, 0, 12.3, 0, 5.058, 144, 0, 0, 0, 84, 1, 0.019, 0.019, 97.547, 99.167, 100, 0, 0, 141, 32.792, 32, 100, 4.41, 0, 106.453, 0, 0, 106.953, 99.735, 0, 0.3, 0, 0, 
3.25, 16.68, 100.39, 74.41, 75.24, , 14.843, 0.986, 351.709, 351.709, 5.081, 355.445, 355.445, 355.445, 51.575, 88.71, 34.521, 34.924, 7.378, 12.092, 0, 0, 92.744, 94.022, 92.744, 94.022, 1, 99.198, 99.198, 0.025, 0.135, 95.217, 96.527, 95.217, 96.527, 6.536, 7.378, 12.092, , , 1, 3.205, 0, 0, 12.3, 5.081, 144, 0, 0, 0, 84, 19.589, 19.703, 97.352, 99.087, 100, 0, 0, 32.847, 32, 100, 4.41, 106.073, 0, 0, 106.573, 100.14, 0, 0, 0, 0, 0, 13.6, 0, 12.3, 0, 5.081, 144, 0, 0, 0, 84, 1, 0.019, 0.019, 97.352, 99.087, 100, 0, 0, 141, 32.847, 32, 100, 4.41, 0, 106.073, 0, 0, 106.573, 100.14, 0, 0.3, 0, 0, 
3.3, 16.68, 100.39, 74.41, 75.24, , 14.79, 0.986, 358.861, 358.861, 5.104, 354.207, 354.207, 354.207, 51.607, 89.462, 34.665, 34.816, 7.377, 12.104, 0, 0, 93.099, 94.383, 93.099, 94.383, 1, 99.929, 99.929, 0.025, 0.135, 94.825, 96.13, 94.825, 96.13, 6.582, 7.377, 12.104, , , 1, 3.255, 0, 0, 12.3, 5.104, 144, 0, 0, 0, 84, 19.49, 19.596, 97.156, 99.006, 100, 0, 0, 32.901, 32, 100, 4.41, 105.692, 0, 0, 106.192, 100.544, 0, 0, 0, 0, 0, 13.6, 0, 12.3, 0, 5.104, 144, 0, 0, 0, 84, 1, 0.019, 0.019, 97.156, 99.006, 100, 0, 0, 141, 32.901, 32, 100, 4.41, 0, 105.692, 0, 0, 106.192, 100.544, 0, 0.3, 0, 0, 
3.35, 16.68, 100.39, 74.41, 75.239, , 14.741, 0.986, 366.03, 366.03, 5.127, 353.08, 353.08, 353.08, 51.621, 90.215, 34.809, 34.708, 7.377, 12.131, 0, 0, 93.472, 94.761, 93.472, 94.761, 1, 100.656, 100.656, 0.025, 0.135, 94.497, 95.795, 94.497, 95.795, 6.628, 7.377, 12.131, , , 1, 3.305, 0, 0, 12.3, 5.127, 144, 0, 0, 0, 84, 19.391, 19.488, 96.96, 98.926, 100, 0, 0, 32.955, 32, 100, 4.41, 105.312, 0, 0, 105.812, 100.948, 0, 0, 0, 0, 0, 13.6, 0, 12.3, 0, 5.127, 144, 0, 0, 0, 84, 1, 0.019, 0.019, 96.96, 98.926, 100, 0, 0, 141, 32.955, 32, 100, 4.41, 0, 105.312, 0, 0, 105.812, 100.948, 0, 0.3, 0, 0, 
3.4, 16.68, 100.39, 74.41, 75.237, , 14.699, 0.986, 373.309, 373.309, 5.153, 352.093, 352.093, 352.093, 51.619, 90.968, 34.953, 34.6, 7.377, 12.17, 0, 0, 93.883, 95.177, 93.883, 95.177, 1, 101.374, 101.374, 0.025, 0.136, 94.24, 95.535, 94.24, 95.535, 6.674, 7.377, 12.17, , , 1, 3.355, 0, 0, 12.3, 5.153, 144.035, 0, 0, 0, 84, 19.284, 19.371, 96.8, 98.834, 100, 0, 0, 33.035, 32, 100, 4.41, 104.862, 0, 0, 105.362, 101.431, 0, 0, 0, 0, 0, 13.6, 0, 12.3, 0, 5.153, 144.035, 0, 0, 0, 84, 1, 0.019, 0.019, 96.8, 98.834, 100, 0, 0, 141, 33.035, 32, 100, 4.41, 0, 104.862, 0, 0, 105.362, 101.431, 0, 0.3, 0, 0, 
3.45, 16.68, 100.39, 74.41, 75.235, , 14.641, 0.986, 380.751, 380.751, 5.189, 350.76, 350.76, 350.76, 51.595, 91.72, 35.097, 34.603, 7.377, 12.224, 0, 0, 94.205, 95.504, 94.205, 95.504, 1, 102.105, 102.105, 0.025, 0.136, 93.925, 95.216, 93.925, 95.216, 6.718, 7.377, 12.224, , , 1, 3.405, 0, 0, 12.3, 5.189, 144.227, 0, 0, 0, 84, 19.14, 19.209, 96.8, 98.692, 100, 0, 0, 33.227, 32, 100, 4.41, 104.092, 0, 0, 104.592, 102.267, 0, 0, 0, 0, 0, 13.6, 0, 12.3, 0, 5.189, 144.227, 0, 0, 0, 84, 1, 0.019, 0.019, 96.8, 98.692, 100, 0, 0, 141, 33.227, 32, 100, 4.41, 0, 104.092, 0, 0, 104.592, 102.267, 0, 0.3, 0, 0, 
3.5, 16.68, 100.39, 74.41, 75.234, , 14.58, 0.986, 388.138, 388.138, 5.225, 349.341, 349.341, 349.341, 51.541, 92.473, 35.238, 34.92, 7.378, 12.293, 0, 0, 94.479, 95.78, 94.479, 95.78, 1, 102.817, 102.817, 0.025, 0.136, 93.647, 94.934, 93.647, 94.934, 6.752, 7.378, 12.293, , , 1, 3.454, 0, 0, 12.3, 5.225, 144.419, 0, 0, 0, 84, 18.996, 19.048, 96.8, 98.55, 100, 0, 0, 33.419, 32, 100, 4.41, 103.323, 0, 0, 103.823, 103.104, 0, 0, 0, 0, 0, 13.6, 0, 12.3, 0, 5.225, 144.419, 0, 0, 0, 84, 1, 0.019, 0.019, 96.8, 98.55, 100, 0, 0, 141, 33.419, 32, 100, 4.41, 0, 103.323, 0, 0, 103.823, 103.104, 0, 0.3, 0, 0, 
3.55, 16.68, 100.39, 74.41, 75.232, , 14.517, 0.986, 395.519, 395.519, 5.262, 347.855, 347.855, 347.855, 51.45, 93.226, 35.379, 35.238, 7.378, 12.359, 0, 0, 94.728, 96.032, 94.728, 96.032, 1, 103.541, 103.541, 0.025, 0.136, 93.408, 94.692, 93.408, 94.692, 6.786, 7.378, 12.359, , , 1, 3.504, 0, 0, 12.3, 5.262, 144.612, 0, 0, 0, 84, 18.851, 18.886, 96.8, 98.407, 100, 0, 0, 33.612, 32, 100, 4.41, 102.554, 0, 0, 103.054, 103.94, 0, 0, 0, 0, 0, 13.6, 0, 12.3, 0, 5.262, 144.612, 0, 0, 0, 84, 1, 0.019, 0.019, 96.8, 98.407, 100, 0, 0, 141, 33.612, 32, 100, 4.41, 0, 102.554, 0, 0, 103.054, 103.94, 0, 0.3, 0, 0, 
3.6, 16.68, 100.39, 74.41, 75.231, , 14.435, 0.986, 403.051, 403.051, 5.298, 345.934, 345.934, 345.934, 51.329, 93.978, 35.52, 35.556, 7.379, 12.423, 0, 0, 94.853, 96.16, 94.853, 96.16, 1, 104.243, 104.243, 0.024, 0.136, 93.115, 94.395, 93.115, 94.395, 6.82, 7.379, 12.423, , , 1, 3.555, 0, 0, 12.3, 5.298, 144.804, 0, 0, 0, 84, 18.707, 18.725, 96.8, 98.265, 100, 0, 0, 33.804, 32, 100, 4.41, 101.785, 0, 0, 102.285, 104.777, 0, 0, 0, 0, 0, 13.6, 0, 12.3, 0, 5.298, 144.804, 0, 0, 0, 84, 1, 0.019, 0.019, 96.8, 98.265, 100, 0, 0, 141, 33.804, 32, 100, 4.41, 0, 101.785, 0, 0, 102.285, 104.777, 0, 0.3, 0, 0, 
3.65, 16.68, 100.39, 74.41, 75.229, , 14.354, 0.986, 410.583, 410.583, 5.334, 344.042, 344.042, 344.042, 51.169, 94.731, 35.661, 35.873, 7.38, 12.485, 0, 0, 94.977, 96.286, 94.977, 96.286, 1, 104.963, 104.963, 0.024, 0.136, 92.891, 94.17, 92.891, 94.17, 6.854, 7.38, 12.485, , , 1, 3.604, 0, 0, 12.3, 5.334, 144.996, 0, 0, 0, 84, 18.563, 18.563, 96.8, 98.123, 100, 0, 0, 33.996, 32, 100, 4.41, 101.015, 0, 0, 101.515, 105.613, 0, 0, 0, 0, 0, 13.6, 0, 12.3, 0, 5.334, 144.996, 0, 0, 0, 84, 1, 0.019, 0.019, 96.8, 98.123, 100, 0, 0, 141, 33.996, 32, 100, 4.41, 0, 101.015, 0, 0, 101.515, 105.613, 0, 0.3, 0, 0, 
3.7, 16.68, 100.39, 74.41, 75.228, , 14.248, 0.986, 420.456, 420.456, 5.369, 341.559, 341.559, 341.559, 50.957, 95.484, 35.739, 36.111, 7.381, 12.545, 0, 0, 94.942, 96.25, 94.942, 96.25, 1, 105.778, 105.778, 0.024, 0.136, 92.557, 93.832, 92.557, 93.832, 6.882, 7.381, 12.545, , , 1, 3.654, 0, 0, 12.304, 5.369, 145, 0, 0, 0, 84, 18.494, 18.507, 96.655, 97.927, 100, 0, 0, 34.1, 32.1, 100, 4.41, 100.9, 0, 0, 101.38, 106.429, 0, 0, 0, 0, 0, 13.6, 0, 12.304, 0, 5.369, 145, 0, 0, 0, 84, 1, 0.019, 0.019, 96.655, 97.927, 100, 0, 0, 141, 34.1, 32.1, 100, 4.41, 0, 100.9, 0, 0, 101.38, 106.429, 0, 0.296, 0, 0, 
3.75, 16.68, 100.39, 74.41, 75.226, , 14.148, 0.986, 428.239, 428.239, 5.404, 339.219, 339.219, 339.219, 50.753, 96.237, 35.482, 35.927, 7.383, 12.596, 0, 0, 95.086, 96.396, 95.086, 96.396, 1, 106.574, 106.574, 0.024, 0.135, 92.336, 93.608, 92.336, 93.608, 6.91, 7.383, 12.596, , , 1, 3.704, 0, 0, 12.308, 5.404, 145, 0, 0, 0, 84, 18.427, 18.452, 96.508, 97.73, 100, 0, 0, 34.203, 32.203, 100, 4.41, 100.797, 0, 0, 101.257, 107.244, 0, 0, 0, 0, 0, 13.6, 0, 12.308, 0, 5.404, 145, 0, 0, 0, 84, 1, 0.019, 0.019, 96.508, 97.73, 100, 0, 0, 141, 34.203, 32.203, 100, 4.41, 0, 100.797, 0, 0, 101.257, 107.244, 0, 0.292, 0, 0, 
3.8, 16.68, 100.39, 74.41, 75.225, , 14.042, 0.986, 435.866, 435.866, 5.438, 336.743, 336.743, 336.743, 50.581, 96.989, 35.225, 35.743, 7.384, 12.637, 0, 0, 95.001, 96.309, 95.001, 96.309, 1, 107.263, 107.263, 0.024, 0.135, 91.975, 93.243, 91.975, 93.243, 6.937, 7.384, 12.637, , , 1, 3.754, 0, 0, 12.312, 5.438, 145, 0, 0, 0, 84, 18.36, 18.398, 96.36, 97.534, 100, 0, 0, 34.305, 32.305, 100, 4.41, 100.695, 0, 0, 101.134, 108.059, 0, 0, 0, 0, 0, 13.6, 0, 12.312, 0, 5.438, 145, 0, 0, 0, 84, 1, 0.019, 0.019, 96.36, 97.534, 100, 0, 0, 141, 34.305, 32.305, 100, 4.41, 0, 100.695, 0, 0, 101.134, 108.059, 0, 0.288, 0, 0, 
3.85, 16.68, 100.39, 74.41, 75.223, , 13.927, 0.986, 443.649, 443.649, 5.473, 334.034, 334.034, 334.034, 50.41, 97.742, 34.967, 35.56, 7.385, 12.669, 0, 0, 94.841, 96.147, 94.841, 96.147, 1, 107.952, 107.952, 0.024, 0.135, 91.542, 92.804, 91.542, 92.804, 6.965, 7.385, 12.669, , , 1, 3.805, 0, 0, 12.316, 5.473, 145, 0, 0, 0, 84, 18.292, 18.343, 96.213, 97.337, 100, 0, 0, 34.408, 32.408, 100, 4.41, 100.592, 0, 0, 101.011, 108.874, 0, 0, 0, 0, 0, 13.6, 0, 12.316, 0, 5.473, 145, 0, 0, 0, 84, 1, 0.019, 0.019, 96.213, 97.337, 100, 0, 0, 141, 34.408, 32.408, 100, 4.41, 0, 100.592, 0, 0, 101.011, 108.874, 0, 0.284, 0, 0, 
3.9, 16.68, 100.39, 74.41, 75.222, , 13.812, 0.986, 451.433, 451.433, 5.508, 331.316, 331.316, 331.316, 50.246, 98.495, 34.71, 35.376, 7.385, 12.688, 0, 0, 94.664, 95.967, 94.664, 95.967, 1, 108.635, 108.635, 0.024, 0.135, 91.095, 92.35, 91.095, 92.35, 6.986, 7.385, 12.688, , , 1, 3.855, 0, 0, 12.32, 5.508, 145, 0, 0, 0, 84, 18.225, 18.289, 96.065, 97.14, 100, 0, 0, 34.51, 32.51, 100, 4.41, 100.49, 0, 0, 100.888, 109.69, 0, 0, 0, 0, 0, 13.6, 0, 12.32, 0, 5.508, 145, 0, 0, 0, 84, 1, 0.018, 0.019, 96.065, 97.14, 100, 0, 0, 141, 34.51, 32.51, 100, 4.41, 0, 100.49, 0, 0, 100.888, 109.69, 0, 0.28, 0, 0, 
3.95, 16.68, 100.39, 74.41, 75.22, , 13.704, 0.986, 459.372, 459.372, 5.543, 328.782, 328.782, 328.782, 50.085, 99.247, 34.576, 35.24, 7.386, 12.699, 0, 0, 94.531, 95.832, 94.531, 95.832, 1, 109.318, 109.318, 0.024, 0.134, 90.689, 91.939, 90.689, 91.939, 7.004, 7.386, 12.699, , , 1, 3.904, 0, 0, 12.325, 5.543, 145, 0, 0, 0, 84, 18.158, 18.234, 95.918, 96.944, 100, 0, 0, 34.613, 32.613, 100, 4.41, 100.387, 0, 0, 100.765, 110.505, 0, 0, 0, 0, 0, 13.6, 0, 12.325, 0, 5.543, 145, 0, 0, 0, 84, 1, 0.018, 0.019, 95.918, 96.944, 100, 0, 0, 141, 34.613, 32.613, 100, 4.41, 0, 100.387, 0, 0, 100.765, 110.505, 0, 0.275, 0, 0, 
4, 16.68, 100.39, 74.41, 75.219, , 13.601, 0.986, 467.311, 467.311, 5.577, 326.373, 326.373, 326.373, 49.93, 100, 34.792, 35.24, 7.385, 12.697, 0, 0, 94.419, 95.719, 94.419, 95.719, 1, 109.987, 109.987, 0.024, 0.134, 90.308, 91.551, 90.308, 91.551, 7.022, 7.385, 12.697, , , 1, 3.954, 0, 0, 12.329, 5.577, 145, 0, 0, 0, 84, 18.091, 18.18, 95.77, 96.747, 100, 0, 0, 34.715, 32.715, 100, 4.41, 100.285, 0, 0, 100.642, 111.32, 0, 0, 0, 0, 0, 13.6, 0, 12.329, 0, 5.577, 145, 0, 0, 0, 84, 1, 0.018, 0.018, 95.77, 96.747, 100, 0, 0, 141, 34.715, 32.715, 100, 4.41, 0, 100.285, 0, 0, 100.642, 111.32, 0, 0.271, 0, 0, 
4.05, 16.68, 100.39, 74.41, 75.217, , 13.494, 0.986, 475.213, 475.213, 5.612, 323.851, 323.851, 323.851, 49.811, 90.49, 35.008, 35.24, 7.384, 12.688, 0, 0, 94.254, 95.553, 94.254, 95.553, 1, 110.661, 110.661, 0.024, 0.134, 89.829, 91.065, 89.829, 91.065, 7.04, 7.384, 12.688, , , 1, 4.004, 0, 0, 12.333, 5.612, 145, 0, 0, 0, 84, 18.024, 18.125, 95.623, 96.55, 100, 0, 0, 34.818, 32.818, 100, 4.41, 100.182, 0, 0, 100.519, 112.135, 0, 0, 0, 0, 0, 13.6, 0, 12.333, 0, 5.612, 145, 0, 0, 0, 84, 1, 0.018, 0.018, 95.623, 96.55, 100, 0, 0, 141, 34.818, 32.818, 100, 4.41, 0, 100.182, 0, 0, 100.519, 112.135, 0, 0.267, 0, 0, 
4.1, 16.68, 100.39, 74.41, 75.216, , 13.403, 0.986, 483.265, 483.265, 5.647, 321.724, 321.724, 321.724, 49.806, 80.98, 35.224, 35.24, 7.382, 12.666, 0, 0, 94.196, 95.494, 94.196, 95.494, 1, 111.315, 111.315, 0.024, 0.133, 89.244, 90.471, 89.244, 90.471, 7.079, 7.382, 12.666, , , 1, 4.055, 0, 0, 12.337, 5.647, 145, 0, 0, 0, 84, 17.956, 18.071, 95.475, 96.353, 100, 0, 0, 34.92, 32.92, 100, 4.41, 100.08, 0, 0, 100.396, 112.95, 0, 0, 0, 0, 0, 13.6, 0, 12.337, 0, 5.647, 145, 0, 0, 0, 84, 1, 0.018, 0.018, 95.475, 96.353, 100, 0, 0, 141, 34.92, 32.92, 100, 4.41, 0, 100.08, 0, 0, 100.396, 112.95, 0, 0.263, 0, 0, 
4.15, 16.68, 100.39, 74.41, 75.214, , 13.309, 0.986, 491.317, 491.317, 5.681, 319.524, 319.524, 319.524, 49.934, 71.47, 35.44, 35.24, 7.381, 12.642, 0, 0, 94.104, 95.4, 94.104, 95.4, 1, 111.981, 111.981, 0.024, 0.133, 88.426, 89.642, 88.426, 89.642, 7.139, 7.381, 12.642, , , 1, 4.104, 0, 0, 12.341, 5.681, 145, 0, 0, 0, 84, 17.889, 18.016, 95.328, 96.157, 100, 0, 0, 35.023, 33.023, 100, 4.41, 99.977, 0, 0, 100.273, 113.765, 0, 0, 0, 0, 0, 13.6, 0, 12.341, 0, 5.681, 145, 0, 0, 0, 84, 1, 0.018, 0.018, 95.328, 96.157, 100, 0, 0, 141, 35.023, 33.023, 100, 4.41, 0, 99.977, 0, 0, 100.273, 113.765, 0, 0.259, 0, 0, 
4.2, 16.68, , , 75.213, , 13.184, , 499.368, 499.368, 5.716, 316.591, 316.591, 316.591, 50.185, 61.96, 35.581, 35.193, 7.379, 12.614, 0, 0, 93.789, 95.079, 93.789, 95.079, 1, 112.633, 112.633, 0.024, 0.133, 87.19, 88.388, 87.19, 88.388, 7.199, 7.379, 12.614, , , 1, 4.154, 0, 0, 12.345, 5.716, 145, 0, 0, 0, 84, 17.822, 17.961, 95.18, 95.96, 100, 0, 0, 35.125, 33.125, 100, 4.41, 99.875, 0, 0, 100.15, 114.58, 0, 0, 0, 0, 0, 13.6, 0, 12.345, 0, 5.716, 145, 0, 0, 0, 84, 1, 0.018, 0.018, 95.18, 95.96, 100, 0, 0, 141, 35.125, 33.125, 100, 4.41, 0, 99.875, 0, 0, 100.15, 114.58, 0, 0.255, 0, 0, 
4.25, 16.68, , , 75.211, , 13.06, , 507.581, 507.581, 5.751, 313.677, 313.677, 313.677, 50.563, 52.449, 35.509, 35.013, 7.378, 12.586, 0, 0, 93.454, 94.739, 93.454, 94.739, 1, 113.285, 113.285, 0.024, 0.133, 85.754, 86.934, 85.754, 86.934, 7.258, 7.378, 12.586, , , 1, 4.204, 0, 0, 12.349, 5.751, 145, 0, 0, 0, 84, 17.755, 17.907, 95.032, 95.763, 100, 0, 0, 35.227, 33.227, 100, 4.41, 99.773, 0, 0, 100.027, 115.396, 0, 0, 0, 0, 0, 13.6, 0, 12.349, 0, 5.751, 145, 0, 0, 0, 84, 1, 0.018, 0.018, 95.032, 95.763, 100, 0, 0, 141, 35.227, 33.227, 100, 4.41, 0, 99.773, 0, 0, 100.027, 115.396, 0, 0.251, 0, 0, 
4.3, 16.68, , , 75.21, , 12.969, , 515.868, 515.868, 5.794, 311.535, 311.535, 311.535, 50.91, 42.939, 35.437, 34.833, 7.377, 12.557, 0, 0, 93.346, 94.63, 93.346, 94.63, 1, 113.927, 113.927, 0.024, 0.132, 84.857, 86.024, 84.857, 86.024, 7.325, 7.377, 12.557, , , 1, 4.254, 0, 0, 12.358, 5.794, 145, 0, 0, 0, 84, 17.699, 17.88, 95, 95.51, 100, 0, 0, 35.372, 33.372, 100, 4.41, 99.953, 0, 0, 100.244, 115.878, 0, 0, 0, 0, 0, 13.6, 0, 12.358, 0, 5.794, 145, 0, 0, 0, 84, 1, 0.017, 0.018, 95, 95.51, 100, 0, 0, 141, 35.372, 33.372, 100, 4.41, 0, 99.953, 0, 0, 100.244, 115.878, 0, 0.242, 0, 0, 
4.35, 16.68, , , 75.208, , 12.85, , 524.041, 524.041, 5.84, 308.73, 308.73, 308.73, 51.161, 72.516, 35.365, 34.653, 7.377, 12.532, 0, 0, 93.019, 94.298, 93.019, 94.298, 1, 114.557, 114.557, 0.024, 0.133, 83.984, 85.141, 83.984, 85.141, 7.399, 7.377, 12.532, , , 1, 4.305, 0, 0, 12.369, 5.84, 145, 0, 0, 0, 84, 17.647, 17.86, 95, 95.242, 100, 0, 0, 35.528, 33.528, 100, 4.41, 100.214, 0, 0, 100.556, 116.267, 0, 0, 0, 0, 0, 13.6, 0, 12.369, 0, 5.84, 145, 0, 0, 0, 84, 1, 0.017, 0.018, 95, 95.242, 100, 0, 0, 141, 35.528, 33.528, 100, 4.41, 0, 100.214, 0, 0, 100.556, 116.267, 0, 0.231, 0, 0, 
4.4, 16.68, , , 75.207, , 12.534, , 532.38, 532.38, 5.885, 301.251, 301.251, 301.251, 51.414, 74.079, 35.293, 34.473, 7.378, 12.516, 0, 0, 91.251, 92.506, 91.251, 92.506, 1, 115.188, 115.188, 0.025, 0.133, 82.992, 84.135, 82.992, 84.135, 7.473, 7.378, 12.516, , , 1, 4.355, 0, 0, 12.379, 5.885, 145, 0, 0, 0, 84, 17.595, 17.84, 95, 94.973, 100, 0, 0, 35.684, 33.684, 100, 4.41, 100.474, 0, 0, 100.869, 116.655, 0, 0, 0, 0, 0, 13.6, 0, 12.379, 0, 5.885, 145, 0, 0, 0, 84, 1, 0.017, 0.018, 95, 94.973, 100, 0, 0, 141, 35.684, 33.684, 100, 4.41, 0, 100.474, 0, 0, 100.869, 116.655, 0, 0.221, 0, 0, 
4.45, 16.68, , , 75.205, , 10.835, , 540.719, 540.719, 5.931, 260.977, 260.977, 260.977, 51.666, 75.641, 35.212, 34.387, 7.378, 12.503, 0, 0, 79.342, 80.433, 79.342, 80.433, 1, 115.767, 115.767, 0.025, 0.133, 82.478, 83.614, 82.478, 83.614, 7.548, 7.378, 12.503, , , 1, 4.404, 0, 0, 12.389, 5.931, 145, 0, 0, 0, 84, 17.543, 17.82, 95, 94.704, 100, 0, 0, 35.841, 33.841, 100, 4.41, 100.734, 0, 0, 101.181, 117.044, 0, 0, 0, 0, 0, 13.6, 0, 12.389, 0, 5.931, 145, 0, 0, 0, 84, 1, 0.017, 0.018, 95, 94.704, 100, 0, 0, 141, 35.841, 33.841, 100, 4.41, 0, 100.734, 0, 0, 101.181, 117.044, 0, 0.211, 0, 0, 
4.5, 16.68, , , 75.203, , 10.106, , 547.807, 547.807, 5.976, 243.692, 243.692, 243.692, , 77.204, 35.104, 34.567, 7.378, 12.496, 0, 0, 74.301, 75.324, 74.301, 75.324, 1, 116.156, 116.156, 0.025, 0.133, , , , , 7.61, 7.378, 12.496, , , 1, 4.443, 0, 0, 12.4, 5.976, 145, 0, 0, 0, 84, 17.491, 17.8, 95, 94.435, 100, 0, 0, 35.997, 33.997, 100, 4.41, 100.995, 0, 0, 101.494, 117.432, 0, 0, 0, 0, 0, 13.6, 0, 12.4, 0, 5.976, 145, 0, 0, 0, 84, 1, 0.017, 0.018, 95, 94.435, 100, 0, 0, 141, 35.997, 33.997, 100, 4.41, 0, 100.995, 0, 0, 101.494, 117.432, 0, 0.2, 0, 0, 
4.55, 16.68, , , 75.202, , 9.226, , 552.011, 552.011, , 222.818, 222.818, 222.818, , 78.766, 34.996, 34.747, 7.379, 12.491, 0, 0, 68.122, 69.059, 68.122, 69.059, 1, 116.437, 116.437, 0.025, 0.133, , , , , 7.633, 7.379, 12.491, , , 1, 4.468, , , , , , , , , , , , , , , , , , , , , , , , , , , , , , , , , , , , , , , , , , , , , , , , , , , , , , , , , , , , , , , , 
4.6, 16.68, , , 75.2, , 7.564, , 556.248, 556.248, , 183.411, 183.411, 183.411, , 77.038, 34.888, 34.927, 7.38, 12.494, 0, 0, 56.226, 56.998, 56.226, 56.998, 1, 116.696, 116.696, 0.025, 0.133, , , , , 7.656, 7.38, 12.494, , , 1, 4.493, , , , , , , , , , , , , , , , , , , , , , , , , , , , , , , , , , , , , , , , , , , , , , , , , , , , , , , , , , , , , , , , 
4.65, , , , , , 4.1, , 560.566, 560.566, , 101.238, 101.238, 101.238, , 71.447, 34.78, 35.107, , , 0, 0, 31.114, 31.541, 31.114, 31.541, 1, 116.868, 116.868, 0.025, 0.134, , , , , 7.678, , , , , , 4.518, , , , , , , , , , , , , , , , , , , , , , , , , , , , , , , , , , , , , , , , , , , , , , , , , , , , , , , , , , , , , , , , 
4.7, , , , , , , , 564.81, 564.81, , , , , , , , , , , 0, 0, , , , , 1, , , , , , , , , , , , , , , , , , , , , , , , , , , , , , , , , , , , , , , , , , , , , , , , , , , , , , , , , , , , , , , , , , , , , , , , , , , , , , , 
