Time, (DWRT ATMO) Humidity, (DWRT ATMO) Pressure, (DWRT ATMO) Temperature 1, (DWRT ATMO) Temperature 2, (DWRT CPU) ????????????????????????????????????????????????????????????????, (DWRT CPU) Acceleration, (DWRT CPU) Correction Factor, (DWRT CPU) Distance, (DWRT CPU) Distance 1, (DWRT CPU) Engine RPM, (DWRT CPU) Force, (DWRT CPU) Force 1, (DWRT CPU) Force Drum 1, (DWRT CPU) Gear Ratio, (DWRT CPU) Inductive 1 Signal Strength, (DWRT CPU) Internal Temp 1, (DWRT CPU) Internal Temp 2, (DWRT CPU) LC1 Volts Petrol AFR, (DWRT CPU) LC2 Volts Petrol AFR2, (DWRT CPU) Link 0 Status, (DWRT CPU) Link 1 Status, (DWRT CPU) Power, (DWRT CPU) Power (uncorrected), (DWRT CPU) Power Drum 1, (DWRT CPU) Power Drum 1 (uncorrected), (DWRT CPU) Sampling, (DWRT CPU) Speed, (DWRT CPU) Speed 1, (DWRT CPU) TCP RX kB/s, (DWRT CPU) TCP TX kB/s, (DWRT CPU) Torque, (DWRT CPU) Torque (uncorrected), (DWRT CPU) Torque Drum 1, (DWRT CPU) Torque Drum 1 (uncorrected), (DWRT CPU) UDP RX kB/s, (DWRT CPU) User Analog 1, (DWRT CPU) User Analog 2, (DWRT CPU) User Analog 3, (DWRT CPU) User Analog 4, (Gen) Sampling, (Gen) Sampling Duration, (Harley - ECU Type 14 SW Level 141) Accel Enrichment, (Harley - ECU Type 14 SW Level 141) Decel Enleanment, (Harley - ECU Type 14 SW Level 141) Desired Air/Fuel, (Harley - ECU Type 14 SW Level 141) Engine Speed, (Harley - ECU Type 14 SW Level 141) Engine Temperature, (Harley - ECU Type 14 SW Level 141) Front Adaptive Fuel Factor, (Harley - ECU Type 14 SW Level 141) Front Closed Loop Integrator, (Harley - ECU Type 14 SW Level 141) Front Spark Knock Retard, (Harley - ECU Type 14 SW Level 141) Idle Air Control Motor Position, (Harley - ECU Type 14 SW Level 141) Injector Time Front, (Harley - ECU Type 14 SW Level 141) Injector Time Rear, (Harley - ECU Type 14 SW Level 141) Intake Air Temperature, (Harley - ECU Type 14 SW Level 141) Manifold Absolute Pressure, (Harley - ECU Type 14 SW Level 141) Rear Adaptive Fuel Factor, (Harley - ECU Type 14 SW Level 141) Rear Closed Loop Integrator, (Harley - ECU Type 14 SW Level 141) Rear Spark Knock Retard, (Harley - ECU Type 14 SW Level 141) Spark Advance Front, (Harley - ECU Type 14 SW Level 141) Spark Advance Rear, (Harley - ECU Type 14 SW Level 141) Throttle Position, (Harley - ECU Type 14 SW Level 141) Throttle Position Sensor Voltage, (Harley - ECU Type 14 SW Level 141) VE Front, (Harley - ECU Type 14 SW Level 141) VE New Front, (Harley - ECU Type 14 SW Level 141) VE New Rear, (Harley - ECU Type 14 SW Level 141) VE Rear, (Harley - ECU Type 14 SW Level 141) Vehicle Speed, (Harley - ECU Type 14 SW Level 141) WBO2 AFR Front, (Harley - ECU Type 14 SW Level 141) WBO2 AFR Rear, (PV) Accel Enrichment, (PV) AT Lambda 1, (PV) AT Lambda 2, (PV) Battery Voltage, (PV) Decel Enleanment, (PV) Desired Air/Fuel, (PV) Desired Lambda, (PV) Engine Speed, (PV) Engine Temperature, (PV) Front Adaptive Fuel Factor, (PV) Front Closed Loop Integrator, (PV) Front Spark Knock Retard, (PV) Idle Air Control Motor Position, (PV) Idle Set Speed, (PV) Injector Time Front, (PV) Injector Time Rear, (PV) Intake Air Temperature, (PV) Manifold Absolute Pressure, (PV) Rear Adaptive Fuel Factor, (PV) Rear Closed Loop Integrator, (PV) Rear Spark Knock Retard, (PV) Software Level, (PV) Spark Advance Front, (PV) Spark Advance Rear, (PV) Throttle Position, (PV) Throttle Position Sensor, (PV) Twistgrip Position, (PV) VE Front, (PV) VE New Front, (PV) VE New Rear, (PV) VE Rear, (PV) Vehicle Speed, (PV) Warm-up Fuel AFR (Lambda), (PV) Warm-up Fuel AFR (Ratio), (PV) WBO2 AFR Front, (PV) WBO2 AFR Rear, 
0, , , , , , , , , , , , , , , , , , , , , , , , , , , , , , , , , , , , , , , , 1, 0, , , , , , , , , , , , , , , , , , , , , , , , , , , , , , , , , , , , , , , , , , , , , , , , , , , , , , , , , , , , , , , , 
0.05, , , , , , -4.118, , , , , -95.965, -95.965, -95.965, , , , , , , , , , , , , , 37.899, 37.899, , , , , , , , , , , , 1, 0.025, , , , , , , , , , , , , , , , , , , , , , , , , , , , , , , , , , , , , , , , , , , , , , , , , , , , , , , , , , , , , , , , 
0.1, , , , , , -4.184, , 3.763, 3.763, , -97.552, -97.552, -97.552, , , 35.57, 35.541, 7.381, 13.319, , , -9.642, -9.799, -9.642, -9.799, , 37.684, 37.684, , , , , , , , 7.381, 13.319, , , 1, 0.099, , , , , , , , , , , , , , , , , , , , , , , , , , , , , , , , , , , , , , , , , , , , , , , , , , , , , , , , , , , , , , , , 
0.15, , , , , , -3.956, , 9.258, 9.258, , -92.137, -92.137, -92.137, , , 35.464, 35.329, 7.384, 13.35, 0, 0, -9.033, -9.182, -9.033, -9.182, 1, 37.433, 37.433, 0.025, 0.132, , , , , 4.574, 7.384, 13.35, , , 1, 0.15, , , , , , , , , , , , , , , , , , , , , , , , , , , , , , , , , , , , , , , , , , , , , , , , , , , , , , , , , , , , , , , , 
0.2, , , , , , -3.404, , 13.213, 13.213, 2.001, -79.042, -79.042, -79.042, , , 35.359, 35.117, 7.386, 13.369, 0, 0, -7.7, -7.83, -7.7, -7.83, 1, 37.13, 37.13, 0.025, 0.132, -20.302, -20.641, -20.302, -20.641, 4.624, 7.386, 13.369, , , 1, 0.2, 0, 0, 13, 2.001, 196, 0, 0, 0, 59, 4.192, 4.084, 116.6, 31.889, 100, 0, 0, 19.829, 19.829, 0, 0.62, 79.085, 0, 0, 84.585, 37.794, 0, 0, 0, 0, 0, 14, 0, 13, 0, 2.001, 196, 0, 0, 0, 59, 1, 0.004, 0.004, 116.6, 31.889, 100, 0, 0, 141, 19.829, 19.829, 0, 0.62, 0, 79.085, 0, 0, 84.585, 37.794, 0, 1.5, 0, 0, 
0.25, , , , , , -2.597, , 15.96, 15.96, 1.988, -59.912, -59.912, -59.912, 53.639, , 35.253, 34.905, 7.386, 13.341, 0, 0, -5.799, -5.9, -5.799, -5.9, 1, 36.903, 36.903, 0.025, 0.132, -15.432, -15.687, -15.432, -15.687, 4.674, 7.386, 13.341, , , 1, 0.349, 0, 0, 13, 1.988, 196, 0, 0, 0, 59, 4.217, 4.111, 116.6, 32.104, 100, 0, 0, 19.636, 19.636, 0, 0.62, 79.182, 0, 0, 84.682, 37.674, 0, 0, 0, 0, 0, 14, 0, 13, 0, 1.988, 196, 0, 0, 0, 59, 1, 0.004, 0.004, 116.6, 32.104, 100, 0, 0, 141, 19.636, 19.636, 0, 0.62, 0, 79.182, 0, 0, 84.682, 37.674, 0, 1.5, 0, 0, 
0.3, 18.44, , , 72.5, , -1.74, , 19.807, 19.807, 1.976, -39.574, -39.574, -39.574, 53.54, , 35.147, 34.694, 7.386, 13.311, 0, 0, -3.823, -3.892, -3.823, -3.892, 1, 36.707, 36.707, 0.025, 0.132, -10.198, -10.365, -10.198, -10.365, 4.724, 7.386, 13.311, , , 1, 0.4, 0, 0, 13, 1.976, 196, 0, 0, 0, 59, 4.243, 4.138, 116.6, 32.32, 100, 0, 0, 19.442, 19.442, 0, 0.62, 79.279, 0, 0, 84.779, 37.554, 0, 0, 0, 0, 0, 14, 0, 13, 0, 1.976, 196, 0, 0, 0, 59, 1, 0.004, 0.004, 116.6, 32.32, 100, 0, 0, 141, 19.442, 19.442, 0, 0.62, 0, 79.279, 0, 0, 84.779, 37.554, 0, 1.5, 0, 0, 
0.35, 18.44, , , 72.5, , -0.84, , 23.672, 23.672, 1.963, -18.224, -18.224, -18.224, 53.35, , 35.034, 34.54, 7.386, 13.27, 0, 0, -1.757, -1.791, -1.757, -1.791, 1, 36.659, 36.659, 0.025, 0.132, -4.686, -4.761, -4.686, -4.761, 4.74, 7.386, 13.27, , , 1, 0.451, 0, 0, 13, 1.963, 196, 0, 0, 0, 59, 4.268, 4.165, 116.6, 32.535, 100, 0, 0, 19.248, 19.248, 0, 0.62, 79.376, 0, 0, 84.876, 37.434, 0, 0, 0, 0, 0, 14, 0, 13, 0, 1.963, 196, 0, 0, 0, 59, 1, 0.004, 0.004, 116.6, 32.535, 100, 0, 0, 141, 19.248, 19.248, 0, 0.62, 0, 79.376, 0, 0, 84.876, 37.434, 0, 1.5, 0, 0, 
0.4, 18.44, , , 72.5, , 0.312, , 26.356, 26.356, 1.951, 9.104, 9.104, 9.104, 53.13, , 34.887, 34.65, 7.386, 13.22, 0, 0, 0.879, 0.89, 0.879, 0.89, 1, 36.636, 36.636, 0.025, 0.132, 2.435, 2.478, 2.435, 2.478, 4.701, 7.386, 13.22, , , 1, 0.501, 0, 0, 13, 1.951, 196, 0, 0, 0, 59, 4.293, 4.192, 116.6, 32.75, 100, 0, 0, 19.054, 19.054, 0, 0.62, 79.473, 0, 0, 84.973, 37.314, 0, 0, 0, 0, 0, 14, 0, 13, 0, 1.951, 196, 0, 0, 0, 59, 1, 0.004, 0.004, 116.6, 32.75, 100, 0, 0, 141, 19.054, 19.054, 0, 0.62, 0, 79.473, 0, 0, 84.973, 37.314, 0, 1.5, 0, 0, 
0.45, 18.44, , , 72.5, , 1.487, , 29.04, 29.04, 1.944, 36.99, 36.99, 36.99, 52.824, , 34.74, 34.76, 7.386, 13.123, 0, 0, 3.577, 3.634, 3.577, 3.634, 1, 36.686, 36.686, 0.025, 0.132, 9.739, 9.903, 9.739, 9.903, 4.662, 7.386, 13.123, , , 1, 0.551, 0.306, 0, 13.015, 1.944, 196, 0, 0, 0, 60.785, 5.402, 5.673, 116.6, 34.622, 100, 0, 0, 20.116, 19.744, 1.041, 0.665, 81.731, 0, 0, 87.529, 37.28, 0, 0, 0.306, 0, 0, 14, 0, 13.015, 0, 1.944, 196, 0, 0, 0, 60.785, 1, 0.005, 0.005, 116.6, 34.622, 100, 0, 0, 141, 20.116, 19.744, 1.041, 0.665, 0, 81.731, 0, 0, 87.529, 37.28, 0, 1.5, 0, 0, 
0.5, 18.44, , , 72.5, , 2.701, , 31.724, 31.724, 1.939, 65.789, 65.789, 65.789, 52.543, , 34.593, 34.87, 7.386, 13.014, 0, 0, 6.376, 6.479, 6.376, 6.479, 1, 36.791, 36.791, 0.025, 0.132, 17.343, 17.631, 17.343, 17.631, 4.623, 7.386, 13.014, , , 1, 0.601, 0.732, 0, 13.036, 1.939, 196, 0, 0, 0, 63.264, 6.933, 7.718, 116.6, 37.138, 100, 0, 0, 21.665, 20.777, 2.488, 0.727, 84.831, 0, 0, 91.041, 37.28, 0, 0, 0.732, 0, 0, 14, 0, 13.036, 0, 1.939, 196, 0, 0, 0, 63.264, 1, 0.007, 0.008, 116.6, 37.138, 100, 0, 0, 141, 21.665, 20.777, 2.488, 0.727, 0, 84.831, 0, 0, 91.041, 37.28, 0, 1.5, 0, 0, 
0.55, 18.44, , , 72.5, , 3.824, , 34.408, 34.408, 1.935, 92.423, 92.423, 92.423, 52.286, , 34.446, 34.981, 7.385, 12.83, 0, 0, 8.999, 9.147, 8.999, 9.147, 1, 36.946, 36.946, 0.025, 0.132, 24.456, 24.861, 24.456, 24.861, 4.586, 7.385, 12.83, , , 1, 0.651, 1.158, 0, 13.056, 1.935, 196, 0, 0, 0, 65.744, 8.464, 9.764, 116.6, 39.655, 100, 0, 0, 23.215, 21.81, 3.934, 0.789, 87.93, 0, 0, 94.554, 37.28, 0, 0, 1.158, 0, 0, 14, 0, 13.056, 0, 1.935, 196, 0, 0, 0, 65.744, 1, 0.008, 0.01, 116.6, 39.655, 100, 0, 0, 141, 23.215, 21.81, 3.934, 0.789, 0, 87.93, 0, 0, 94.554, 37.28, 0, 1.5, 0, 0, 
0.6, 18.44, , , 72.5, , 4.895, , 37.092, 37.092, 1.93, 117.84, 117.84, 117.84, 52.01, , 34.39, 35.07, 7.384, 12.637, 0, 0, 11.525, 11.715, 11.525, 11.715, 1, 37.171, 37.171, 0.025, 0.132, 31.293, 31.811, 31.293, 31.811, 4.57, 7.384, 12.637, , , 1, 0.701, 1.583, 0, 13.077, 1.93, 196, 0, 0, 0, 68.223, 9.995, 11.809, 116.6, 42.171, 100, 0, 0, 24.764, 22.843, 5.38, 0.851, 91.029, 0, 0, 98.066, 37.28, 0, 0, 1.583, 0, 0, 14, 0, 13.077, 0, 1.93, 196, 0, 0, 0, 68.223, 1, 0.01, 0.012, 116.6, 42.171, 100, 0, 0, 141, 24.764, 22.843, 5.38, 0.851, 0, 91.029, 0, 0, 98.066, 37.28, 0, 1.5, 0, 0, 
0.65, 18.44, , , 72.5, , 5.964, , 39.804, 39.804, 1.926, 143.201, 143.201, 143.201, 51.728, , 34.57, 35.106, 7.382, 12.378, 0, 0, 14.125, 14.357, 14.125, 14.357, 1, 37.42, 37.42, 0.025, 0.132, 38.261, 38.895, 38.261, 38.895, 4.553, 7.382, 12.378, , , 1, 0.75, 2.009, 0, 13.098, 1.926, 196, 0, 0, 0, 70.702, 11.526, 13.855, 116.6, 44.688, 100, 0, 0, 26.314, 23.876, 6.826, 0.913, 94.128, 0, 0, 101.579, 37.28, 0, 0, 2.009, 0, 0, 14, 0, 13.098, 0, 1.926, 196, 0, 0, 0, 70.702, 1, 0.012, 0.014, 116.6, 44.688, 100, 0, 0, 141, 26.314, 23.876, 6.826, 0.913, 0, 94.128, 0, 0, 101.579, 37.28, 0, 1.5, 0, 0, 
0.7, 18.44, , , 72.5, , 6.997, , 42.524, 42.524, 1.939, 167.731, 167.731, 167.731, 51.426, , 34.75, 35.142, 7.381, 12.126, 0, 0, 16.667, 16.94, 16.667, 16.94, 1, 37.755, 37.755, 0.025, 0.133, 45.036, 45.784, 45.036, 45.784, 4.537, 7.381, 12.126, , , 1, 0.801, 2.13, 0, 12.924, 1.939, 196, 0, 0, 0, 73.728, 12.055, 14.116, 116.6, 50.737, 100, 0, 0, 27.028, 25.232, 9.552, 0.992, 96.304, 0, 0, 102.88, 37.609, 0, 0, 2.13, 0, 0, 14, 0, 12.924, 0, 1.939, 196, 0, 0, 0, 73.728, 1, 0.012, 0.014, 116.6, 50.737, 100, 0, 0, 141, 26.544, 25.232, 9.552, 0.992, 0, 96.304, 0, 0, 102.88, 37.609, 0, 1.5, 0, 0, 
0.75, 18.44, , , 72.5, , 7.872, , 45.272, 45.272, 1.955, 188.493, 188.493, 188.493, 51.132, , 34.93, 35.178, 7.379, 11.94, 0, 0, 18.91, 19.221, 18.91, 19.221, 1, 38.115, 38.115, 0.025, 0.133, 50.885, 51.731, 50.885, 51.731, 4.521, 7.379, 11.94, , , 1, 0.851, 2.21, 0, 12.724, 1.955, 196, 0, 0, 0, 76.828, 12.447, 14.134, 116.6, 57.268, 100, 0, 0, 27.628, 26.632, 12.452, 1.074, 98.354, 0, 0, 103.88, 37.983, 0, 0, 2.21, 0, 0, 14, 0, 12.724, 0, 1.955, 196, 0, 0, 0, 76.828, 1, 0.013, 0.014, 116.6, 57.268, 100, 0, 0, 141, 26.594, 26.632, 12.452, 1.074, 0, 98.354, 0, 0, 103.88, 37.983, 0, 1.5, 0, 0, 
0.8, 18.44, , , 72.5, , 8.654, , 48.034, 48.034, 1.971, 207.039, 207.039, 207.039, 50.856, , 35.11, 35.214, 7.378, 11.768, 0, 0, 20.975, 21.32, 20.975, 21.32, 1, 38.525, 38.525, 0.025, 0.133, 56.151, 57.085, 56.151, 57.085, 4.518, 7.378, 11.768, , , 1, 0.902, 2.29, 0, 12.524, 1.971, 196, 0, 0, 0, 79.928, 12.839, 14.152, 116.6, 63.799, 100, 0, 0, 28.228, 28.032, 15.352, 1.156, 100.404, 0, 0, 104.88, 38.357, 0, 0, 2.29, 0, 0, 14, 0, 12.524, 0, 1.971, 196, 0, 0, 0, 79.928, 1, 0.013, 0.014, 116.6, 63.799, 100, 0, 0, 141, 26.644, 28.032, 15.352, 1.156, 0, 100.404, 0, 0, 104.88, 38.357, 0, 1.5, 0, 0, 
0.85, 18.44, , , 72.5, , 9.334, , 50.814, 50.814, 1.987, 223.181, 223.181, 223.181, 50.57, , 35.26, 35.321, 7.378, 11.761, 0, 0, 22.846, 23.223, 22.846, 23.223, 1, 39.128, 39.128, 0.025, 0.133, 60.786, 61.798, 60.786, 61.798, 4.516, 7.378, 11.761, , , 1, 0.951, 2.37, 0, 12.324, 1.987, 196, 0, 0, 0, 83.028, 13.231, 14.17, 116.6, 70.33, 100, 0, 0, 28.828, 29.432, 18.252, 1.238, 102.454, 0, 0, 105.88, 38.731, 0, 0, 2.37, 0, 0, 14, 0, 12.324, 0, 1.987, 196, 0, 0, 0, 83.028, 1, 0.014, 0.014, 116.6, 70.33, 100, 0, 0, 141, 26.694, 29.432, 18.252, 1.238, 0, 102.454, 0, 0, 105.88, 38.731, 0, 1.5, 0, 0, 
0.9, 18.44, , , 72.5, , 9.876, , 54.746, 54.746, 2.003, 236.043, 236.043, 236.043, 50.278, , 35.332, 35.609, 7.377, 11.761, 0, 0, 24.592, 24.998, 24.592, 24.998, 1, 39.838, 39.838, 0.025, 0.133, 64.582, 65.656, 64.582, 65.656, 4.514, 7.377, 11.761, , , 1, 1.001, 2.45, 0, 12.124, 2.003, 196, 0, 0, 0, 86.128, 13.623, 14.188, 116.6, 76.861, 100, 0, 0, 29.428, 30.832, 21.152, 1.32, 104.504, 0, 0, 106.88, 39.105, 0, 0, 2.45, 0, 0, 14, 0, 12.124, 0, 2.003, 196, 0, 0, 0, 86.128, 1, 0.014, 0.014, 116.6, 76.861, 100, 0, 0, 141, 26.744, 30.832, 21.152, 1.32, 0, 104.504, 0, 0, 106.88, 39.105, 0, 1.5, 0, 0, 
0.95, 18.44, , , 72.5, , 10.35, , 58.784, 58.784, 2.013, 247.318, 247.318, 247.318, 50.178, , 35.404, 35.897, 7.377, 11.881, 0, 0, 26.21, 26.642, 26.21, 26.642, 1, 40.34, 40.34, 0.025, 0.133, 67.931, 69.059, 67.931, 69.059, 4.512, 7.377, 11.881, , , 1, 1.051, 2.689, 0, 11.917, 2.013, 196, 0, 0, 0, 86.775, 15.45, 15.988, 116.6, 79.641, 100, 0, 0, 28.496, 30.361, 22.508, 1.416, 104.612, 0, 0, 106.175, 39.49, 0, 0, 2.689, 0, 0, 14, 0, 11.917, 0, 2.013, 196, 0, 0, 0, 86.775, 1, 0.016, 0.016, 116.6, 79.641, 100, 0, 0, 141, 26.246, 30.361, 22.508, 1.416, 0, 104.612, 0, 0, 106.175, 39.49, 0, 1.5, 0, 0, 
1, 18.44, , , 72.5, , 10.656, , 61.702, 61.702, 2.023, 254.569, 254.569, 254.569, 50.091, , 35.476, 36.185, 7.377, 11.998, 0, 0, 27.316, 27.768, 27.316, 27.768, 1, 40.845, 40.845, 0.025, 0.133, 70.03, 71.193, 70.03, 71.193, 4.519, 7.377, 11.998, , , 1, 1.101, 2.95, 0, 11.708, 2.023, 196, 0, 0, 0, 87.088, 17.473, 18.032, 116.6, 81.908, 100, 0, 0, 27.355, 29.635, 23.654, 1.513, 104.456, 0, 0, 105.238, 39.875, 0, 0, 2.95, 0, 0, 14, 0, 11.708, 0, 2.023, 196, 0, 0, 0, 87.088, 1, 0.018, 0.018, 116.6, 81.908, 100, 0, 0, 141, 25.673, 29.635, 23.654, 1.513, 0, 104.456, 0, 0, 105.238, 39.875, 0, 1.5, 0, 0, 
1.05, 18.44, , , 72.5, , 10.873, , 64.621, 64.621, 2.034, 259.741, 259.741, 259.741, 50.019, , 35.548, 36.473, 7.378, 12.042, 0, 0, 28.215, 28.681, 28.215, 28.681, 1, 41.369, 41.369, 0.025, 0.133, 71.539, 72.729, 71.539, 72.729, 4.531, 7.378, 12.042, , , 1, 1.151, 3.21, 0, 11.5, 2.034, 196, 0, 0, 0, 87.4, 19.496, 20.075, 116.6, 84.176, 100, 0, 0, 26.214, 28.909, 24.8, 1.611, 104.3, 0, 0, 104.3, 40.261, 0, 0, 3.21, 0, 0, 14, 0, 11.5, 0, 2.034, 196, 0, 0, 0, 87.4, 1, 0.019, 0.02, 116.6, 84.176, 100, 0, 0, 141, 25.1, 28.909, 24.8, 1.611, 0, 104.3, 0, 0, 104.3, 40.261, 0, 1.5, 0, 0, 
1.1, 18.44, , , 72.5, , 11.016, , 67.54, 67.54, 2.044, 263.141, 263.141, 263.141, 49.974, , 35.576, 36.613, 7.378, 12.083, 0, 0, 28.936, 29.416, 28.936, 29.416, 1, 41.902, 41.902, 0.025, 0.133, 72.547, 73.754, 72.547, 73.754, 4.542, 7.378, 12.083, , , 1, 1.201, 3.47, 0, 11.292, 2.044, 196, 0, 0, 0, 87.712, 21.519, 22.119, 116.6, 86.444, 100, 0, 0, 25.073, 28.183, 25.946, 1.708, 104.144, 0, 0, 103.362, 40.647, 0, 0, 3.47, 0, 0, 14, 0, 11.292, 0, 2.044, 196, 0, 0, 0, 87.712, 1, 0.021, 0.022, 116.6, 86.444, 100, 0, 0, 141, 24.527, 28.183, 25.946, 1.708, 0, 104.144, 0, 0, 103.362, 40.647, 0, 1.5, 0, 0, 
1.15, 18.44, , , 72.5, , 11.137, , 70.566, 70.566, 2.055, 266.014, 266.014, 266.014, 49.946, , 35.49, 36.373, 7.379, 11.947, 0, 0, 29.623, 30.114, 29.623, 30.114, 1, 42.44, 42.44, 0.025, 0.132, 73.361, 74.581, 73.361, 74.581, 4.554, 7.379, 11.947, , , 1, 1.251, 3.673, 0, 11.1, 2.055, 196, 0, 0, 0, 88, 23.402, 23.998, 116.6, 88.678, 100, 0, 0, 24.006, 27.482, 27.177, 1.804, 103.936, 0, 0, 102.468, 41.04, 0, 0, 3.673, 0, 0, 14, 0, 11.1, 0, 2.055, 196, 0, 0, 0, 88, 1, 0.023, 0.024, 116.6, 88.678, 100, 0, 0, 141, 24.008, 27.482, 27.177, 1.804, 0, 103.936, 0, 0, 102.468, 41.04, 0, 1.5, 0, 0, 
1.2, 18.44, 100.38, 71.713, 72.5, , 11.223, 0.984, 73.614, 73.614, 2.084, 268.066, 268.066, 268.066, 49.951, , 35.405, 36.134, 7.379, 11.811, 0, 0, 30.225, 30.727, 30.225, 30.727, 1, 42.982, 42.982, 0.025, 0.132, 73.936, 75.165, 73.936, 75.165, 4.559, 7.379, 11.811, , , 1, 1.301, 3.213, 0, 11.1, 2.084, 196, 0, 0, 0, 88, 23.106, 23.292, 116.6, 90.53, 100, 0, 0, 24.107, 27.179, 29.386, 1.875, 103.133, 0, 0, 102.066, 41.542, 0, 0, 3.213, 0, 0, 14, 0, 11.1, 0, 2.084, 196, 0, 0, 0, 88, 1, 0.023, 0.023, 116.6, 90.53, 100, 0, 0, 141, 24.108, 27.179, 29.386, 1.875, 0, 103.133, 0, 0, 102.066, 41.542, 0, 1.5, 0, 0, 
1.25, 18.44, 100.38, 71.718, 72.5, , 11.258, 0.984, 76.686, 76.686, 2.112, 268.92, 268.92, 268.92, 49.954, , 35.319, 35.894, 7.38, 11.598, 0, 0, 30.7, 31.212, 30.7, 31.212, 1, 43.53, 43.53, 0.025, 0.132, 74.163, 75.395, 74.163, 75.395, 4.562, 7.38, 11.598, , , 1, 1.351, 2.754, 0, 11.1, 2.112, 196, 0, 0, 0, 88, 22.809, 22.586, 116.6, 92.381, 100, 0, 0, 24.208, 26.877, 31.594, 1.945, 102.329, 0, 0, 101.665, 42.044, 0, 0, 2.754, 0, 0, 14, 0, 11.1, 0, 2.112, 196, 0, 0, 0, 88, 1, 0.023, 0.023, 116.6, 92.381, 100, 0, 0, 141, 24.209, 26.877, 31.594, 1.945, 0, 102.329, 0, 0, 101.665, 42.044, 0, 1.5, 0, 0, 
1.3, 18.44, 100.38, 71.722, 72.5, , 11.258, 0.984, 79.795, 79.795, 2.14, 268.921, 268.921, 268.921, 49.955, , 35.234, 35.655, 7.38, 11.383, 0, 0, 31.09, 31.609, 31.09, 31.609, 1, 44.079, 44.079, 0.025, 0.131, 74.16, 75.391, 74.16, 75.391, 4.564, 7.38, 11.383, , , 1, 1.4, 2.294, 0, 11.1, 2.14, 196, 0, 0, 0, 88, 22.513, 21.881, 116.6, 94.232, 100, 0, 0, 24.308, 26.575, 33.803, 2.016, 101.526, 0, 0, 101.263, 42.546, 0, 0, 2.294, 0, 0, 14, 0, 11.1, 0, 2.14, 196, 0, 0, 0, 88, 1, 0.022, 0.022, 116.6, 94.232, 100, 0, 0, 141, 24.309, 26.575, 33.803, 2.016, 0, 101.526, 0, 0, 101.263, 42.546, 0, 1.5, 0, 0, 
1.35, 18.44, 100.38, 71.726, 72.5, , 11.287, 0.984, 82.94, 82.94, 2.169, 269.619, 269.619, 269.619, 49.957, , 35.146, 35.421, 7.38, 11.24, 0, 0, 31.564, 32.09, 31.564, 32.09, 1, 44.624, 44.624, 0.025, 0.131, 74.353, 75.587, 74.353, 75.587, 4.567, 7.38, 11.24, , , 1, 1.45, 1.834, 0, 11.1, 2.169, 196, 0, 0, 0, 88, 22.217, 21.175, 116.6, 96.084, 100, 0, 0, 24.409, 26.272, 36.012, 2.086, 100.723, 0, 0, 100.861, 43.048, 0, 0, 1.834, 0, 0, 14, 0, 11.1, 0, 2.169, 196, 0, 0, 0, 88, 1, 0.022, 0.022, 116.6, 96.084, 100, 0, 0, 141, 24.41, 26.272, 36.012, 2.086, 0, 100.723, 0, 0, 100.861, 43.048, 0, 1.5, 0, 0, 
1.4, 18.44, 100.38, 71.73, 72.5, , 11.367, 0.984, 86.139, 86.139, 2.198, 271.535, 271.535, 271.535, 49.954, 90.573, 34.937, 35.459, 7.379, 11.099, 0, 0, 32.181, 32.715, 32.181, 32.715, 1, 45.173, 45.173, 0.025, 0.131, 74.886, 76.13, 74.886, 76.13, 4.563, 7.379, 11.099, , , 1, 1.501, 1.395, 0, 11.1, 2.198, 196, 0, 0, 0, 88, 21.884, 20.506, 116.6, 97.813, 100, 0, 0, 24.54, 26.015, 38.23, 2.159, 99.775, 0, 0, 100.295, 43.587, 0, 0, 1.395, 0, 0, 14, 0, 11.1, 0, 2.198, 196, 0, 0, 0, 88, 1, 0.022, 0.021, 116.6, 97.813, 100, 0, 0, 141, 24.54, 26.015, 38.23, 2.159, 0, 99.775, 0, 0, 100.295, 43.587, 0, 1.5, 0, 0, 
1.45, 18.44, 100.38, 71.734, 72.5, , 11.357, 0.984, 89.42, 89.42, 2.241, 271.296, 271.296, 271.296, 49.957, 85.147, 34.728, 35.497, 7.379, 11.062, 0, 0, 32.542, 33.084, 32.542, 33.084, 1, 45.723, 45.723, 0.025, 0.131, 74.8, 76.043, 74.8, 76.043, 4.551, 7.379, 11.062, , , 1, 1.551, 1.145, 0, 11.1, 2.241, 196, 0, 0, 0, 88, 21.219, 20.164, 116.6, 98.441, 100, 0, 0, 24.94, 26.165, 40.53, 2.245, 97.525, 0, 0, 98.245, 44.456, 0, 0, 1.145, 0, 0, 14, 0, 11.1, 0, 2.241, 196, 0, 0, 0, 88, 1, 0.021, 0.02, 116.6, 98.441, 100, 0, 0, 141, 24.94, 26.165, 40.53, 2.245, 0, 97.525, 0, 0, 98.245, 44.456, 0, 1.5, 0, 0, 
1.5, 18.44, 100.38, 71.739, 72.5, , 11.375, 0.984, 92.709, 92.709, 2.284, 271.744, 271.744, 271.744, 49.992, 79.721, 34.519, 35.535, 7.378, 11.03, 0, 0, 32.99, 33.539, 32.99, 33.539, 1, 46.276, 46.276, 0.025, 0.131, 74.875, 76.119, 74.875, 76.119, 4.539, 7.378, 11.03, , , 1, 1.602, 0.895, 0, 11.1, 2.284, 196, 0, 0, 0, 88, 20.554, 19.822, 116.6, 99.069, 100, 0, 0, 25.34, 26.315, 42.83, 2.331, 95.275, 0, 0, 96.195, 45.325, 0, 0, 0.895, 0, 0, 14, 0, 11.1, 0, 2.284, 196, 0, 0, 0, 88, 1, 0.021, 0.02, 116.6, 99.069, 100, 0, 0, 141, 25.34, 26.315, 42.83, 2.331, 0, 95.275, 0, 0, 96.195, 45.325, 0, 1.5, 0, 0, 
1.55, 18.44, 100.38, 71.743, 72.5, , 11.42, 0.984, 96.005, 96.005, 2.327, 272.821, 272.821, 272.821, 50.053, 74.296, 34.31, 35.573, 7.378, 11.046, 0, 0, 33.515, 34.073, 33.515, 34.073, 1, 46.831, 46.831, 0.025, 0.131, 75.091, 76.338, 75.091, 76.338, 4.527, 7.378, 11.046, , , 1, 1.651, 0.645, 0, 11.1, 2.327, 196, 0, 0, 0, 88, 19.889, 19.48, 116.6, 99.697, 100, 0, 0, 25.74, 26.465, 45.13, 2.417, 93.025, 0, 0, 94.145, 46.194, 0, 0, 0.645, 0, 0, 14, 0, 11.1, 0, 2.327, 196, 0, 0, 0, 88, 1, 0.02, 0.019, 116.6, 99.697, 100, 0, 0, 141, 25.74, 26.465, 45.13, 2.417, 0, 93.025, 0, 0, 94.145, 46.194, 0, 1.5, 0, 0, 
1.6, 18.44, 100.38, 71.747, 72.5, , 11.37, 0.984, 99.39, 99.39, 2.37, 271.643, 271.643, 271.643, 50.138, 68.87, 34.231, 35.57, 7.377, 11.065, 0, 0, 33.761, 34.322, 33.761, 34.322, 1, 47.387, 47.387, 0.025, 0.132, 74.634, 75.874, 74.634, 75.874, 4.519, 7.377, 11.065, , , 1, 1.701, 0.395, 0, 11.1, 2.37, 196, 0, 0, 0, 88, 19.224, 19.138, 116.6, 100.325, 100, 0, 0, 26.14, 26.615, 47.43, 2.503, 90.775, 0, 0, 92.095, 47.063, 0, 0, 0.395, 0, 0, 14, 0, 11.1, 0, 2.37, 196, 0, 0, 0, 88, 1, 0.019, 0.019, 116.6, 100.325, 100, 0, 0, 141, 26.14, 26.615, 47.43, 2.503, 0, 90.775, 0, 0, 92.095, 47.063, 0, 1.5, 0, 0, 
1.65, 18.441, 100.38, 71.751, 72.5, , 11.326, 0.984, 102.809, 102.809, 2.412, 270.607, 270.607, 270.607, 50.25, 63.444, 34.483, 35.462, 7.377, 11.099, 0, 0, 34.025, 34.593, 34.025, 34.593, 1, 47.946, 47.946, 0.025, 0.132, 74.18, 75.412, 74.18, 75.412, 4.528, 7.377, 11.099, , , 1, 1.751, 0.175, 0, 11.1, 2.412, 196, 0, 0, 0, 88, 18.62, 18.831, 116.578, 100.903, 100, 0, 0, 26.512, 26.762, 49.656, 2.585, 88.666, 0, 0, 90.172, 47.912, 0, 0, 0.175, 0, 0, 14, 0, 11.1, 0, 2.412, 196, 0, 0, 0, 88, 1, 0.018, 0.018, 116.578, 100.903, 100, 0, 0, 141, 26.512, 26.762, 49.656, 2.585, 0, 88.666, 0, 0, 90.172, 47.912, 0, 1.5, 0, 0, 
1.7, 18.442, 100.38, 71.755, 72.5, , 11.29, 0.984, 106.26, 106.26, 2.447, 269.753, 269.753, 269.753, 50.384, 58.018, 34.735, 35.354, 7.377, 11.135, 0, 0, 34.31, 34.884, 34.31, 34.884, 1, 48.494, 48.494, 0.025, 0.132, 73.761, 74.986, 73.761, 74.986, 4.537, 7.377, 11.135, , , 1, 1.801, 0.228, 0, 11.1, 2.447, 196, 0, 0, 0, 88, 18.567, 18.844, 116.363, 101.035, 100, 0, 0, 26.632, 26.882, 51.211, 2.637, 87.829, 0, 0, 89.395, 48.582, 0, 0, 0.228, 0, 0, 14, 0, 11.1, 0, 2.447, 196, 0, 0, 0, 88, 1, 0.018, 0.018, 116.363, 101.035, 100, 0, 0, 141, 26.632, 26.882, 51.211, 2.637, 0, 87.829, 0, 0, 89.395, 48.582, 0, 1.5, 0, 0, 
1.75, 18.443, 100.38, 71.759, 72.5, , 11.263, 0.984, 109.745, 109.745, 2.482, 269.138, 269.138, 269.138, 50.506, 52.592, 34.987, 35.246, 7.378, 11.175, 0, 0, 34.62, 35.198, 34.62, 35.198, 1, 49.046, 49.046, 0.025, 0.132, 73.41, 74.63, 73.41, 74.63, 4.546, 7.378, 11.175, , , 1, 1.851, 0.281, 0, 11.1, 2.482, 196, 0, 0, 0, 88, 18.514, 18.858, 116.148, 101.166, 100, 0, 0, 26.751, 27.001, 52.766, 2.688, 86.992, 0, 0, 88.617, 49.252, 0, 0, 0.281, 0, 0, 14, 0, 11.1, 0, 2.482, 196, 0, 0, 0, 88, 1, 0.018, 0.018, 116.148, 101.166, 100, 0, 0, 141, 26.751, 27.001, 52.766, 2.688, 0, 86.992, 0, 0, 88.617, 49.252, 0, 1.5, 0, 0, 
1.8, 18.443, 100.38, 71.764, 72.5, , 11.138, 0.984, 113.283, 113.283, 2.517, 266.179, 266.179, 266.179, 50.617, 47.167, 35.239, 35.138, 7.378, 11.217, 0, 0, 34.62, 35.198, 34.62, 35.198, 1, 49.595, 49.595, 0.025, 0.133, 72.446, 73.653, 72.446, 73.653, 4.555, 7.378, 11.217, , , 1, 1.9, 0.333, 0, 11.1, 2.517, 196, 0, 0, 0, 88, 18.462, 18.871, 115.933, 101.298, 100, 0, 0, 26.871, 27.121, 54.321, 2.739, 86.154, 0, 0, 87.84, 49.922, 0, 0, 0.333, 0, 0, 14, 0, 11.1, 0, 2.517, 196, 0, 0, 0, 88, 1, 0.018, 0.018, 115.933, 101.298, 100, 0, 0, 141, 26.871, 27.121, 54.321, 2.739, 0, 86.154, 0, 0, 87.84, 49.922, 0, 1.5, 0, 0, 
1.85, 18.444, 100.38, 71.768, 72.5, , 11.14, 0.984, 116.858, 116.858, 2.552, 266.232, 266.232, 266.232, 50.719, 60.451, 35.43, 35.07, 7.379, 11.256, 0, 0, 35.012, 35.596, 35.012, 35.596, 1, 50.134, 50.134, 0.025, 0.133, 72.323, 73.528, 72.323, 73.528, 4.567, 7.379, 11.256, , , 1, 1.95, 0.386, 0, 11.1, 2.552, 196, 0, 0, 0, 88, 18.409, 18.884, 115.717, 101.429, 100, 0, 0, 26.99, 27.24, 55.876, 2.791, 85.317, 0, 0, 87.062, 50.591, 0, 0, 0.386, 0, 0, 14, 0, 11.1, 0, 2.552, 196, 0, 0, 0, 88, 1, 0.018, 0.018, 115.717, 101.429, 100, 0, 0, 141, 26.99, 27.24, 55.876, 2.791, 0, 85.317, 0, 0, 87.062, 50.591, 0, 1.5, 0, 0, 
1.9, 18.445, 100.38, 71.772, 72.5, , 11.151, 0.984, 120.471, 120.471, 2.584, 266.503, 266.503, 266.503, 50.789, 62.318, 35.466, 35.106, 7.381, 11.294, 0, 0, 35.429, 36.02, 35.429, 36.02, 1, 50.686, 50.686, 0.025, 0.133, 72.286, 73.49, 72.286, 73.49, 4.579, 7.381, 11.294, , , 1, 2, 0.365, 0, 11.1, 2.584, 196.209, 0, 0, 0, 88, 18.454, 18.936, 115.512, 101.479, 100, 0, 0, 27, 27.355, 57.15, 2.836, 85.72, 0, 0, 87.418, 51.229, 0, 0, 0.365, 0, 0, 14, 0, 11.1, 0, 2.584, 196.209, 0, 0, 0, 88, 1, 0.018, 0.019, 115.512, 101.479, 100, 0, 0, 141, 27, 27.355, 57.15, 2.836, 0, 85.72, 0, 0, 87.418, 51.229, 0, 1.5, 0, 0, 
1.95, 18.446, 100.38, 71.776, 72.5, , 11.089, 0.984, 124.126, 124.126, 2.615, 265.042, 265.042, 265.042, 50.848, 62.46, 35.502, 35.142, 7.383, 11.301, 0, 0, 35.616, 36.209, 35.616, 36.209, 1, 51.229, 51.229, 0.025, 0.133, 71.806, 73.001, 71.806, 73.001, 4.591, 7.383, 11.301, , , 1, 2.051, 0.338, 0, 11.1, 2.615, 196.436, 0, 0, 0, 88, 18.508, 18.992, 115.307, 101.521, 100, 0, 0, 27, 27.468, 58.4, 2.88, 86.232, 0, 0, 87.873, 51.865, 0, 0, 0.338, 0, 0, 14, 0, 11.1, 0, 2.615, 196.436, 0, 0, 0, 88, 1, 0.018, 0.019, 115.307, 101.521, 100, 0, 0, 141, 27, 27.468, 58.4, 2.88, 0, 86.232, 0, 0, 87.873, 51.865, 0, 1.5, 0, 0, 
2, 18.446, 100.38, 71.78, 72.5, , 11.111, 0.984, 127.832, 127.832, 2.646, 265.583, 265.583, 265.583, 50.893, 62.603, 35.538, 35.178, 7.386, 11.301, 0, 0, 36.072, 36.673, 36.072, 36.673, 1, 51.773, 51.773, 0.025, 0.133, 71.891, 73.089, 71.891, 73.089, 4.603, 7.386, 11.301, , , 1, 2.101, 0.31, 0, 11.1, 2.646, 196.664, 0, 0, 0, 88, 18.561, 19.048, 115.103, 101.563, 100, 0, 0, 27, 27.582, 59.65, 2.924, 86.743, 0, 0, 88.327, 52.5, 0, 0, 0.31, 0, 0, 14, 0, 11.1, 0, 2.646, 196.664, 0, 0, 0, 88, 1, 0.018, 0.019, 115.103, 101.563, 100, 0, 0, 141, 27, 27.582, 59.65, 2.924, 0, 86.743, 0, 0, 88.327, 52.5, 0, 1.5, 0, 0, 
2.05, 18.447, 100.38, 71.785, 72.5, , 11.167, 0.984, 131.538, 131.538, 2.677, 266.927, 266.927, 266.927, 50.925, 62.745, 35.574, 35.214, 7.387, 11.271, 0, 0, 36.636, 37.247, 36.636, 37.247, 1, 52.382, 52.382, 0.025, 0.133, 72.218, 73.419, 72.218, 73.419, 4.621, 7.387, 11.271, , , 1, 2.15, 0.283, 0, 11.1, 2.677, 196.891, 0, 0, 0, 88, 18.614, 19.103, 114.898, 101.605, 100, 0, 0, 27, 27.695, 60.9, 2.969, 87.255, 0, 0, 88.782, 53.135, 0, 0, 0.283, 0, 0, 14, 0, 11.1, 0, 2.677, 196.891, 0, 0, 0, 88, 1, 0.018, 0.019, 114.898, 101.605, 100, 0, 0, 141, 27, 27.695, 60.9, 2.969, 0, 87.255, 0, 0, 88.782, 53.135, 0, 1.5, 0, 0, 
2.1, 18.448, 100.38, 71.789, 72.5, , 11.216, 0.984, 136.425, 136.425, 2.707, 268.091, 268.091, 268.091, 50.946, 62.887, 35.54, 35.23, 7.388, 11.234, 0, 0, 37.297, 37.919, 37.297, 37.919, 1, 53.2, 53.2, 0.025, 0.133, 72.507, 73.712, 72.507, 73.712, 4.639, 7.388, 11.234, , , 1, 2.2, 0.241, 0, 11.1, 2.707, 197.113, 0, 0, 0, 88, 18.564, 19.042, 114.698, 101.688, 100, 0, 0, 27.028, 27.807, 62.295, 3.02, 87.359, 0, 0, 88.859, 53.721, 0, 0, 0.241, 0, 0, 14, 0, 11.1, 0, 2.707, 197.113, 0, 0, 0, 88, 1, 0.018, 0.019, 114.698, 101.688, 100, 0, 0, 141, 27.028, 27.807, 62.295, 3.02, 0, 87.359, 0, 0, 88.859, 53.721, 0, 1.5, 0, 0, 
2.15, 18.449, 100.38, 71.793, 72.5, , 11.265, 0.984, 141.478, 141.478, 2.737, 269.268, 269.268, 269.268, 50.957, 63.03, 35.324, 35.194, 7.387, 11.181, 0, 0, 37.973, 38.606, 37.973, 38.606, 1, 53.753, 53.753, 0.025, 0.132, 72.805, 74.015, 72.805, 74.015, 4.656, 7.387, 11.181, , , 1, 2.25, 0.184, 0, 11.1, 2.737, 197.33, 0, 0, 0, 88, 18.419, 18.874, 114.503, 101.809, 100, 0, 0, 27.083, 27.915, 63.823, 3.078, 87.087, 0, 0, 88.587, 54.261, 0, 0, 0.184, 0, 0, 14, 0, 11.1, 0, 2.737, 197.33, 0, 0, 0, 88, 1, 0.018, 0.019, 114.503, 101.809, 100, 0, 0, 141, 27.083, 27.915, 63.823, 3.078, 0, 87.087, 0, 0, 88.587, 54.261, 0, 1.5, 0, 0, 
2.2, 18.449, 100.38, 71.797, 72.5, , 11.331, 0.984, 145.324, 145.324, 2.767, 270.859, 270.859, 270.859, 50.97, 63.172, 35.108, 35.158, 7.386, 11.122, 0, 0, 38.587, 39.229, 38.587, 39.229, 1, 54.306, 54.306, 0.025, 0.132, 73.216, 74.433, 73.216, 74.433, 4.674, 7.386, 11.122, , , 1, 2.301, 0.128, 0, 11.1, 2.767, 197.548, 0, 0, 0, 88, 18.273, 18.705, 114.307, 101.93, 100, 0, 0, 27.137, 28.024, 65.352, 3.135, 86.815, 0, 0, 88.315, 54.801, 0, 0, 0.128, 0, 0, 14, 0, 11.1, 0, 2.767, 197.548, 0, 0, 0, 88, 1, 0.018, 0.019, 114.307, 101.93, 100, 0, 0, 141, 27.137, 28.024, 65.352, 3.135, 0, 86.815, 0, 0, 88.315, 54.801, 0, 1.5, 0, 0, 
2.25, 18.45, 100.38, 71.801, 72.5, , 11.397, 0.984, 149.282, 149.282, 2.796, 272.431, 272.431, 272.431, 50.985, 63.314, 34.892, 35.122, 7.384, 11.079, 0, 0, 39.209, 39.861, 39.209, 39.861, 1, 54.859, 54.859, 0.025, 0.132, 73.618, 74.842, 73.618, 74.842, 4.693, 7.384, 11.079, , , 1, 2.351, 0.071, 0, 11.1, 2.796, 197.765, 0, 0, 0, 88, 18.127, 18.537, 114.111, 102.052, 100, 0, 0, 27.191, 28.133, 66.88, 3.193, 86.543, 0, 0, 88.043, 55.342, 0, 0, 0.071, 0, 0, 14, 0, 11.1, 0, 2.796, 197.765, 0, 0, 0, 88, 1, 0.018, 0.019, 114.111, 102.052, 100, 0, 0, 141, 27.191, 28.133, 66.88, 3.193, 0, 86.543, 0, 0, 88.043, 55.342, 0, 1.5, 0, 0, 
2.3, 18.451, 100.38, 71.806, 72.5, , 11.472, 0.984, 153.176, 153.176, 2.826, 274.219, 274.219, 274.219, 51.001, 63.456, 34.676, 35.086, 7.382, 11.04, 0, 0, 39.869, 40.53, 39.869, 40.53, 1, 55.413, 55.413, 0.025, 0.132, 74.075, 75.307, 74.075, 75.307, 4.711, 7.382, 11.04, , , 1, 2.401, 0.015, 0, 11.1, 2.826, 197.983, 0, 0, 0, 88, 17.982, 18.368, 113.916, 102.173, 100, 0, 0, 27.246, 28.241, 68.408, 3.25, 86.272, 0, 0, 87.772, 55.882, 0, 0, 0.015, 0, 0, 14, 0, 11.1, 0, 2.826, 197.983, 0, 0, 0, 88, 1, 0.018, 0.019, 113.916, 102.173, 100, 0, 0, 141, 27.246, 28.241, 68.408, 3.25, 0, 86.272, 0, 0, 87.772, 55.882, 0, 1.5, 0, 0, 
2.35, 18.452, 100.38, 71.81, 72.5, , 11.556, 0.984, 157.17, 157.17, 2.856, 276.237, 276.237, 276.237, 51.016, 63.599, 34.56, 35.09, 7.38, 11.032, 0, 0, 40.565, 41.239, 40.565, 41.239, 1, 55.972, 55.972, 0.024, 0.132, 74.599, 75.84, 74.599, 75.84, 4.729, 7.38, 11.032, , , 1, 2.451, 0.056, 0, 11.1, 2.856, 197.8, 0, 0, 0, 88, 17.922, 18.3, 113.72, 102.255, 100, 0, 0, 27.35, 28.35, 70.535, 3.325, 85.6, 0, 0, 87.2, 56.484, 0, 0, 0.056, 0, 0, 14, 0, 11.1, 0, 2.856, 197.8, 0, 0, 0, 88, 1, 0.018, 0.018, 113.72, 102.256, 100, 0, 0, 141, 27.35, 28.35, 70.535, 3.325, 0, 85.6, 0, 0, 87.2, 56.484, 0, 1.5, 0, 0, 
2.4, 18.452, 100.38, 71.814, 72.5, , 11.593, 0.984, 161.196, 161.196, 2.886, 277.125, 277.125, 277.125, 51.024, 63.741, 34.704, 35.198, 7.378, 11.035, 0, 0, 41.108, 41.79, 41.108, 41.79, 1, 56.537, 56.537, 0.024, 0.132, 74.823, 76.067, 74.823, 76.067, 4.748, 7.378, 11.035, , , 1, 2.501, 0.106, 0, 11.1, 2.886, 197.583, 0, 0, 0, 88, 17.87, 18.24, 113.524, 102.335, 100, 0, 0, 27.459, 28.459, 72.699, 3.401, 84.893, 0, 0, 86.602, 57.092, 0, 0, 0.106, 0, 0, 14, 0, 11.1, 0, 2.886, 197.583, 0, 0, 0, 88, 1, 0.018, 0.018, 113.524, 102.336, 100, 0, 0, 141, 27.459, 28.459, 72.699, 3.401, 0, 84.893, 0, 0, 86.602, 57.092, 0, 1.5, 0, 0, 
2.45, 18.453, 100.38, 71.818, 72.5, , 11.62, 0.984, 165.252, 165.252, 2.916, 277.774, 277.774, 277.774, 51.031, 63.883, 34.848, 35.306, 7.378, 11.074, 0, 0, 41.617, 42.308, 41.617, 42.308, 1, 57.108, 57.108, 0.024, 0.132, 74.989, 76.236, 74.989, 76.236, 4.77, 7.378, 11.074, , , 1, 2.551, 0.156, 0, 11.1, 2.916, 197.365, 0, 0, 0, 88, 17.818, 18.18, 113.329, 102.415, 100, 0, 0, 27.567, 28.567, 74.864, 3.477, 84.187, 0, 0, 86.004, 57.699, 0, 0, 0.156, 0, 0, 14, 0, 11.1, 0, 2.916, 197.365, 0, 0, 0, 88, 1, 0.018, 0.018, 113.329, 102.416, 100, 0, 0, 141, 27.567, 28.567, 74.864, 3.477, 0, 84.187, 0, 0, 86.004, 57.699, 0, 1.5, 0, 0, 
2.5, 18.454, 100.38, 71.818, 72.5, , 11.669, 0.984, 169.371, 169.371, 2.946, 278.947, 278.947, 278.947, 51.032, 64.026, 34.992, 35.414, 7.377, 11.126, 0, 0, 42.203, 42.903, 42.203, 42.903, 1, 57.675, 57.675, 0.024, 0.132, 75.303, 76.554, 75.303, 76.554, 4.797, 7.377, 11.126, , , 1, 2.601, 0.206, 0, 11.1, 2.946, 197.148, 0, 0, 0, 88, 17.765, 18.121, 113.133, 102.496, 100, 0, 0, 27.676, 28.676, 77.028, 3.553, 83.48, 0, 0, 85.407, 58.307, 0, 0, 0.206, 0, 0, 14, 0, 11.1, 0, 2.946, 197.148, 0, 0, 0, 88, 1, 0.018, 0.018, 113.133, 102.497, 100, 0, 0, 141, 27.676, 28.676, 77.028, 3.553, 0, 83.48, 0, 0, 85.407, 58.307, 0, 1.5, 0, 0, 
2.55, 18.455, 100.38, 71.813, 72.5, , 11.701, 0.984, 173.541, 173.541, 2.971, 279.712, 279.712, 279.712, 51.028, 64.168, 35.136, 35.522, 7.377, 11.196, 0, 0, 42.741, 43.45, 42.741, 43.45, 1, 58.246, 58.246, 0.025, 0.132, 75.513, 76.767, 75.513, 76.767, 4.824, 7.377, 11.196, , , 1, 2.651, 0.257, 0, 11.1, 2.971, 196.93, 0, 0, 0, 88, 17.749, 18.093, 113, 102.55, 100, 0, 0, 27.767, 28.767, 78.883, 3.618, 82.93, 0, 0, 84.965, 58.828, 0, 0, 0.257, 0, 0, 14, 0, 11.1, 0, 2.971, 196.93, 0, 0, 0, 88, 1, 0.018, 0.018, 113, 102.55, 100, 0, 0, 141, 27.767, 28.767, 78.883, 3.618, 0, 82.93, 0, 0, 84.965, 58.828, 0, 1.5, 0, 0, 
2.6, 18.455, 100.38, 71.809, 72.5, , 11.713, 0.984, 177.715, 177.715, 2.986, 280.014, 280.014, 280.014, 51.021, 64.31, 35.26, 35.57, 7.377, 11.272, 0, 0, 43.204, 43.921, 43.204, 43.921, 1, 58.822, 58.822, 0.025, 0.132, 75.604, 76.86, 75.604, 76.86, 4.851, 7.377, 11.272, , , 1, 2.701, 0.309, 0, 11.1, 2.986, 196.713, 0, 0, 0, 88, 17.807, 18.135, 113, 102.55, 100, 0, 0, 27.822, 28.822, 80.078, 3.658, 82.713, 0, 0, 84.857, 59.165, 0, 0, 0.309, 0, 0, 14, 0, 11.1, 0, 2.986, 196.713, 0, 0, 0, 88, 1, 0.018, 0.018, 113, 102.55, 100, 0, 0, 141, 27.822, 28.822, 80.078, 3.658, 0, 82.713, 0, 0, 84.857, 59.165, 0, 1.5, 0, 0, 
2.65, 18.456, 100.38, 71.805, 72.5, , 11.742, 0.984, 181.96, 181.96, 3, 280.71, 280.71, 280.71, 51.013, 64.453, 35.332, 35.462, 7.377, 11.351, 0, 0, 43.737, 44.462, 43.737, 44.462, 1, 59.398, 59.398, 0.025, 0.132, 75.804, 77.066, 75.804, 77.066, 4.884, 7.377, 11.351, , , 1, 2.751, 0.361, 0, 11.1, 3, 196.496, 0, 0, 0, 88, 17.866, 18.176, 113, 102.55, 100, 0, 0, 27.876, 28.876, 81.274, 3.698, 82.496, 0, 0, 84.748, 59.502, 0, 0, 0.361, 0, 0, 14, 0, 11.1, 0, 3, 196.496, 0, 0, 0, 88, 1, 0.018, 0.018, 113, 102.55, 100, 0, 0, 141, 27.876, 28.876, 81.274, 3.698, 0, 82.496, 0, 0, 84.748, 59.502, 0, 1.5, 0, 0, 
2.7, 18.457, 100.38, 71.801, 72.5, , 11.802, 0.984, 186.281, 186.281, 3.015, 282.151, 282.151, 282.151, 51.003, 64.595, 35.404, 35.354, 7.378, 11.432, 0, 0, 44.393, 45.129, 44.393, 45.129, 1, 59.973, 59.973, 0.025, 0.133, 76.21, 77.479, 76.21, 77.479, 4.925, 7.378, 11.432, , , 1, 2.801, 0.413, 0, 11.1, 3.015, 196.278, 0, 0, 0, 88, 17.925, 18.217, 113, 102.55, 100, 0, 0, 27.93, 28.93, 82.47, 3.739, 82.278, 0, 0, 84.639, 59.839, 0, 0, 0.413, 0, 0, 14, 0, 11.1, 0, 3.015, 196.278, 0, 0, 0, 88, 1, 0.018, 0.018, 113, 102.55, 100, 0, 0, 141, 27.93, 28.93, 82.47, 3.739, 0, 82.278, 0, 0, 84.639, 59.839, 0, 1.5, 0, 0, 
2.75, 18.458, 100.38, 71.797, 72.5, , 11.896, 0.984, 190.605, 190.605, 3.03, 284.407, 284.407, 284.407, 50.988, 64.737, 35.476, 35.246, 7.378, 11.498, 0, 0, 45.183, 45.934, 45.183, 45.934, 1, 60.553, 60.553, 0.025, 0.133, 76.843, 78.123, 76.843, 78.123, 4.967, 7.378, 11.498, , , 1, 2.851, 0.465, 0, 11.1, 3.03, 196.061, 0, 0, 0, 88, 17.984, 18.258, 113, 102.55, 100, 0, 0, 27.985, 28.985, 83.665, 3.779, 82.061, 0, 0, 84.53, 60.176, 0, 0, 0.465, 0, 0, 14, 0, 11.1, 0, 3.03, 196.061, 0, 0, 0, 88, 1, 0.018, 0.018, 113, 102.55, 100, 0, 0, 141, 27.985, 28.985, 83.665, 3.779, 0, 82.061, 0, 0, 84.53, 60.176, 0, 1.5, 0, 0, 
2.8, 18.459, 100.38, 71.792, 72.5, , 12.008, 0.984, 194.929, 194.929, 3.067, 287.063, 287.063, 287.063, 50.973, 64.879, 35.548, 35.138, 7.379, 11.557, 0, 0, 46.052, 46.818, 46.052, 46.818, 1, 61.136, 61.136, 0.025, 0.133, 77.589, 78.881, 77.589, 78.881, 5.008, 7.379, 11.557, , , 1, 2.901, 0.411, 0, 11.1, 3.067, 196.288, 0, 0, 0, 88, 17.885, 18.185, 113, 102.603, 100, 0, 0, 28.072, 29, 85.59, 3.846, 81.928, 0, 0, 84.5, 60.629, 0, 0, 0.411, 0, 0, 14, 0, 11.1, 0, 3.067, 196.288, 0, 0, 0, 88, 1, 0.018, 0.018, 113, 102.605, 100, 0, 0, 141, 28.072, 29, 85.59, 3.846, 0, 81.928, 0, 0, 84.5, 60.629, 0, 1.5, 0, 0, 
2.85, 18.459, 100.38, 71.788, 72.5, , 12.118, 0.984, 199.373, 199.373, 3.113, 289.697, 289.697, 289.697, 50.964, 65.022, 35.58, 35.131, 7.38, 11.608, 0, 0, 46.921, 47.703, 46.921, 47.703, 1, 61.728, 61.728, 0.025, 0.133, 78.316, 79.62, 78.316, 79.62, 5.049, 7.38, 11.608, , , 1, 2.951, 0.315, 0, 11.1, 3.113, 196.688, 0, 0, 0, 88, 17.725, 18.067, 113, 102.678, 100, 0, 0, 28.172, 29, 87.799, 3.924, 81.828, 0, 0, 84.5, 61.127, 0, 0, 0.315, 0, 0, 14, 0, 11.1, 0, 3.113, 196.688, 0, 0, 0, 88, 1, 0.018, 0.018, 113, 102.679, 100, 0, 0, 141, 28.172, 29, 87.799, 3.924, 0, 81.828, 0, 0, 84.5, 61.127, 0, 1.5, 0, 0, 
2.9, 18.46, 100.38, 71.784, 72.5, , 12.284, 0.984, 203.806, 203.806, 3.159, 293.64, 293.64, 293.64, 50.966, 65.164, 35.508, 35.383, 7.382, 11.654, 0, 0, 48.023, 48.824, 48.023, 48.824, 1, 62.329, 62.329, 0.025, 0.133, 79.378, 80.699, 79.378, 80.699, 5.086, 7.382, 11.654, , , 1, 3.001, 0.219, 0, 11.1, 3.159, 197.088, 0, 0, 0, 88, 17.565, 17.949, 113, 102.752, 100, 0, 0, 28.272, 29, 90.008, 4.002, 81.728, 0, 0, 84.5, 61.625, 0, 0, 0.219, 0, 0, 14, 0, 11.1, 0, 3.159, 197.088, 0, 0, 0, 88, 1, 0.017, 0.018, 113, 102.753, 100, 0, 0, 141, 28.272, 29, 90.008, 4.002, 0, 81.728, 0, 0, 84.5, 61.625, 0, 1.5, 0, 0, 
2.95, 18.459, 100.38, 71.78, 72.5, , 12.451, 0.984, 208.318, 208.318, 3.205, 297.634, 297.634, 297.634, 50.977, 65.306, 35.436, 35.635, 7.383, 11.701, 0, 0, 49.148, 49.967, 49.148, 49.967, 1, 62.935, 62.935, 0.025, 0.133, 80.438, 81.776, 80.438, 81.776, 5.123, 7.383, 11.701, , , 1, 3.051, 0.123, 0, 11.1, 3.205, 197.488, 0, 0, 0, 88, 17.405, 17.831, 113, 102.826, 100, 0, 0, 28.372, 29, 92.217, 4.08, 81.628, 0, 0, 84.5, 62.123, 0, 0, 0.123, 0, 0, 14, 0, 11.1, 0, 3.205, 197.488, 0, 0, 0, 88, 1, 0.017, 0.018, 113, 102.827, 100, 0, 0, 141, 28.372, 29, 92.217, 4.08, 0, 81.628, 0, 0, 84.5, 62.123, 0, 1.5, 0, 0, 
3, 18.458, 100.38, 71.776, 72.5, , 12.6, 0.984, 212.844, 212.844, 3.251, 301.164, 301.164, 301.164, 50.999, 65.449, 35.364, 35.887, 7.384, 11.749, 0, 0, 50.213, 51.049, 50.213, 51.049, 1, 63.544, 63.544, 0.025, 0.133, 81.355, 82.707, 81.355, 82.707, 5.16, 7.384, 11.749, , , 1, 3.101, 0.027, 0, 11.1, 3.251, 197.888, 0, 0, 0, 88, 17.245, 17.713, 113, 102.901, 100, 0, 0, 28.472, 29, 94.426, 4.158, 81.528, 0, 0, 84.5, 62.621, 0, 0, 0.027, 0, 0, 14, 0, 11.1, 0, 3.251, 197.888, 0, 0, 0, 88, 1, 0.017, 0.018, 113, 102.901, 100, 0, 0, 141, 28.472, 29, 94.426, 4.158, 0, 81.528, 0, 0, 84.5, 62.621, 0, 1.5, 0, 0, 
3.05, 18.458, 100.38, 71.772, 72.5, , 12.74, 0.984, 217.435, 217.435, 3.289, 304.52, 304.52, 304.52, 51.032, 65.591, 35.292, 36.139, 7.385, 11.809, 0, 0, 51.269, 52.121, 51.269, 52.121, 1, 64.164, 64.164, 0.025, 0.133, 82.208, 83.574, 82.208, 83.574, 5.197, 7.385, 11.809, , , 1, 3.151, 0, 0, 11.108, 3.289, 198, 0, 0, 0, 88, 17.16, 17.652, 112.731, 102.892, 100, 0, 0, 28.537, 29, 95.768, 4.217, 81.313, 0, 0, 84.276, 63.549, 0, 0, 0, 0, 0, 14, 0, 11.108, 0, 3.289, 198, 0, 0, 0, 88, 1, 0.017, 0.018, 112.731, 102.892, 100, 0, 0, 141, 28.537, 29, 95.768, 4.217, 0, 81.313, 0, 0, 84.276, 63.549, 0, 1.493, 0, 0, 
3.1, 18.457, 100.38, 71.767, 72.5, , 12.87, 0.984, 222.105, 222.105, 3.324, 307.62, 307.62, 307.62, 51.066, 65.733, 35.23, 36.249, 7.386, 11.878, 0, 0, 52.292, 53.162, 52.292, 53.162, 1, 64.796, 64.796, 0.025, 0.133, 82.991, 84.369, 82.991, 84.369, 5.221, 7.386, 11.878, , , 1, 3.201, 0, 0, 11.118, 3.324, 198, 0, 0, 0, 88, 17.104, 17.612, 112.358, 102.853, 100, 0, 0, 28.589, 29, 96.805, 4.269, 81.054, 0, 0, 83.965, 64.644, 0, 0, 0, 0, 0, 14, 0, 11.118, 0, 3.324, 198, 0, 0, 0, 88, 1, 0.017, 0.018, 112.358, 102.853, 100, 0, 0, 141, 28.589, 29, 96.805, 4.269, 0, 81.054, 0, 0, 83.965, 64.644, 0, 1.482, 0, 0, 
3.15, 18.456, 100.38, 71.763, 72.5, , 12.981, 0.984, 226.775, 226.775, 3.359, 310.261, 310.261, 310.261, 51.096, 65.875, 35.194, 35.997, 7.386, 11.96, 0, 0, 53.254, 54.14, 53.254, 54.14, 1, 65.449, 65.449, 0.025, 0.133, 83.655, 85.045, 83.655, 85.045, 5.244, 7.386, 11.96, , , 1, 3.251, 0, 0, 11.128, 3.359, 198, 0, 0, 0, 88, 17.048, 17.573, 111.984, 102.815, 100, 0, 0, 28.641, 29, 97.842, 4.321, 80.795, 0, 0, 83.654, 65.74, 0, 0, 0, 0, 0, 14, 0, 11.128, 0, 3.359, 198, 0, 0, 0, 88, 1, 0.017, 0.018, 111.984, 102.815, 100, 0, 0, 141, 28.641, 29, 97.842, 4.321, 0, 80.795, 0, 0, 83.654, 65.74, 0, 1.472, 0, 0, 
3.2, 18.455, 100.38, 71.759, 72.5, , 13.076, 0.984, 232.833, 232.833, 3.394, 312.526, 312.526, 312.526, 51.135, 66.018, 35.158, 35.745, 7.385, 12.052, 0, 0, 54.313, 55.215, 54.313, 55.215, 1, 66.375, 66.375, 0.025, 0.132, 84.21, 85.611, 84.21, 85.611, 5.267, 7.385, 12.052, , , 1, 3.301, 0, 0, 11.139, 3.394, 198, 0, 0, 0, 88, 16.992, 17.533, 111.611, 102.776, 100, 0, 0, 28.693, 29, 98.88, 4.373, 80.535, 0, 0, 83.342, 66.835, 0, 0, 0, 0, 0, 14, 0, 11.139, 0, 3.394, 198, 0, 0, 0, 88, 1, 0.017, 0.018, 111.611, 102.776, 100, 0, 0, 141, 28.693, 29, 98.88, 4.373, 0, 80.535, 0, 0, 83.342, 66.835, 0, 1.461, 0, 0, 
3.25, 18.455, 100.38, 71.755, 72.5, , 13.168, 0.984, 238.599, 238.599, 3.429, 314.744, 314.744, 314.744, 51.158, 66.16, 35.122, 35.493, 7.383, 12.153, 0, 0, 55.338, 56.256, 55.338, 56.256, 1, 67.016, 67.016, 0.025, 0.132, 84.763, 86.174, 84.763, 86.174, 5.29, 7.383, 12.153, , , 1, 3.351, 0, 0, 11.149, 3.429, 198, 0, 0, 0, 88, 16.936, 17.494, 111.237, 102.738, 100, 0, 0, 28.745, 29, 99.917, 4.425, 80.276, 0, 0, 83.031, 67.93, 0, 0, 0, 0, 0, 14, 0, 11.149, 0, 3.429, 198, 0, 0, 0, 88, 1, 0.017, 0.018, 111.237, 102.738, 100, 0, 0, 141, 28.745, 29, 99.917, 4.425, 0, 80.276, 0, 0, 83.031, 67.93, 0, 1.451, 0, 0, 
3.3, 18.454, 100.38, 71.751, 72.5, , 13.214, 0.984, 243.424, 243.424, 3.448, 315.852, 315.852, 315.852, 51.169, 66.302, 35.086, 35.241, 7.382, 12.26, 0, 0, 56.067, 56.998, 56.067, 56.998, 1, 67.667, 67.667, 0.025, 0.132, 85.04, 86.455, 85.04, 86.455, 5.301, 7.382, 12.26, , , 1, 3.401, 0, 0, 11.16, 3.448, 198, 0, 0, 0, 88, 16.93, 17.496, 111.2, 102.699, 100, 0, 0, 28.797, 29, 100, 4.43, 80.297, 0, 0, 83, 68.332, 0, 0, 0, 0, 0, 14, 0, 11.16, 0, 3.448, 198, 0, 0, 0, 88, 1, 0.017, 0.018, 111.2, 102.699, 100, 0, 0, 141, 28.797, 29, 100, 4.43, 0, 80.297, 0, 0, 83, 68.332, 0, 1.441, 0, 0, 
3.35, 18.453, 100.38, 71.746, 72.5, , 13.295, 0.984, 248.288, 248.288, 3.465, 317.782, 317.782, 317.782, 51.17, 66.445, 35.08, 35.09, 7.38, 12.367, 0, 0, 56.949, 57.894, 56.949, 57.894, 1, 68.313, 68.313, 0.024, 0.132, 85.559, 86.982, 85.559, 86.982, 5.312, 7.38, 12.367, , , 1, 3.45, 0, 0, 11.17, 3.465, 198, 0, 0, 0, 88, 16.93, 17.502, 111.2, 102.661, 100, 0, 0, 28.849, 29, 100, 4.43, 80.349, 0, 0, 83, 68.656, 0, 0, 0, 0, 0, 14, 0, 11.17, 0, 3.465, 198, 0, 0, 0, 88, 1, 0.017, 0.018, 111.2, 102.661, 100, 0, 0, 141, 28.849, 29, 100, 4.43, 0, 80.349, 0, 0, 83, 68.656, 0, 1.43, 0, 0, 
3.4, 18.452, 100.38, 71.742, 72.5, , 13.314, 0.984, 253.223, 253.223, 3.483, 318.239, 318.239, 318.239, 51.158, 66.587, 35.151, 35.197, 7.379, 12.473, 0, 0, 57.575, 58.53, 57.575, 58.53, 1, 68.96, 68.96, 0.024, 0.132, 85.701, 87.127, 85.701, 87.127, 5.323, 7.379, 12.473, , , 1, 3.5, 0, 0, 11.18, 3.483, 198, 0, 0, 0, 88, 16.93, 17.508, 111.2, 102.622, 100, 0, 0, 28.902, 29, 100, 4.43, 80.402, 0, 0, 83, 68.98, 0, 0, 0, 0, 0, 14, 0, 11.18, 0, 3.483, 198, 0, 0, 0, 88, 1, 0.017, 0.018, 111.2, 102.622, 100, 0, 0, 141, 28.902, 29, 100, 4.43, 0, 80.402, 0, 0, 83, 68.98, 0, 1.42, 0, 0, 
3.45, 18.452, 100.38, 71.738, 72.5, , 13.395, 0.984, 258.191, 258.191, 3.501, 320.181, 320.181, 320.181, 51.135, 66.729, 35.222, 35.303, 7.378, 12.572, 0, 0, 58.478, 59.448, 58.478, 59.448, 1, 69.613, 69.613, 0.024, 0.131, 86.264, 87.698, 86.264, 87.698, 5.334, 7.378, 12.572, , , 1, 3.55, 0, 0, 11.191, 3.501, 198, 0, 0, 0, 88, 16.93, 17.514, 111.2, 102.583, 100, 0, 0, 28.954, 29, 100, 4.43, 80.454, 0, 0, 83, 69.305, 0, 0, 0, 0, 0, 14, 0, 11.191, 0, 3.501, 198, 0, 0, 0, 88, 1, 0.017, 0.018, 111.2, 102.583, 100, 0, 0, 141, 28.954, 29, 100, 4.43, 0, 80.454, 0, 0, 83, 69.305, 0, 1.409, 0, 0, 
3.5, 18.451, 100.38, 71.734, 72.5, , 13.45, 0.984, 263.159, 263.159, 3.52, 321.516, 321.516, 321.516, 51.099, 66.872, 35.293, 35.41, 7.377, 12.662, 0, 0, 59.27, 60.254, 59.27, 60.254, 1, 70.269, 70.269, 0.024, 0.132, 86.683, 88.124, 86.683, 88.124, 5.354, 7.377, 12.662, , , 1, 3.6, 0, 0, 11.2, 3.52, 198, 0, 0, 0, 88, 16.945, 17.528, 111.158, 102.55, 100, 0, 0, 29.023, 29.012, 100, 4.43, 80.569, 0, 0, 83.046, 69.676, 0, 0, 0, 0, 0, 14, 0, 11.2, 0, 3.52, 198, 0, 0, 0, 88, 1, 0.017, 0.018, 111.158, 102.55, 100, 0, 0, 141, 29.023, 29.012, 100, 4.43, 0, 80.569, 0, 0, 83.046, 69.676, 0, 1.4, 0, 0, 
3.55, 18.45, 100.38, 71.73, 72.5, , 13.465, 0.984, 268.22, 268.22, 3.551, 321.881, 321.881, 321.881, 51.026, 67.014, 35.365, 35.517, 7.377, 12.74, 0, 0, 59.895, 60.889, 59.895, 60.889, 1, 70.929, 70.929, 0.024, 0.132, 86.911, 88.355, 86.911, 88.355, 5.378, 7.377, 12.74, , , 1, 3.651, 0, 0, 11.2, 3.551, 198, 0, 0, 0, 88, 17.066, 17.598, 110.812, 102.55, 100, 0, 0, 29.215, 29.108, 100, 4.426, 81.146, 0, 0, 83.431, 70.393, 0, 0, 0, 0, 0, 14, 0, 11.2, 0, 3.551, 198, 0, 0, 0, 88, 1, 0.017, 0.018, 110.812, 102.55, 100, 0, 0, 141, 29.215, 29.108, 100, 4.426, 0, 81.146, 0, 0, 83.431, 70.393, 0, 1.4, 0, 0, 
3.6, 18.449, 100.38, 71.725, 72.5, , 13.56, 0.984, 273.299, 273.299, 3.582, 324.162, 324.162, 324.162, 50.877, 67.156, 35.428, 35.544, 7.377, 12.803, 0, 0, 60.879, 61.889, 60.879, 61.889, 1, 71.592, 71.592, 0.025, 0.132, 87.784, 89.244, 87.784, 89.244, 5.402, 7.377, 12.803, , , 1, 3.701, 0, 0, 11.2, 3.582, 198, 0, 0, 0, 88, 17.187, 17.667, 110.466, 102.55, 100, 0, 0, 29.408, 29.204, 100, 4.422, 81.723, 0, 0, 83.815, 71.111, 0, 0, 0, 0, 0, 14, 0, 11.2, 0, 3.582, 198, 0, 0, 0, 88, 1, 0.017, 0.018, 110.466, 102.55, 100, 0, 0, 141, 29.408, 29.204, 100, 4.422, 0, 81.723, 0, 0, 83.815, 71.111, 0, 1.4, 0, 0, 
3.65, 18.448, 100.38, 71.721, 72.5, , 13.579, 0.984, 278.488, 278.488, 3.613, 324.613, 324.613, 324.613, 50.652, 67.298, 35.464, 35.289, 7.377, 12.851, 0, 0, 61.533, 62.553, 61.533, 62.553, 1, 72.259, 72.259, 0.025, 0.133, 88.307, 89.778, 88.307, 89.778, 5.426, 7.377, 12.851, , , 1, 3.751, 0, 0, 11.2, 3.613, 198, 0, 0, 0, 88, 17.308, 17.736, 110.12, 102.55, 100, 0, 0, 29.6, 29.3, 100, 4.418, 82.3, 0, 0, 84.2, 71.828, 0, 0, 0, 0, 0, 14, 0, 11.2, 0, 3.613, 198, 0, 0, 0, 88, 1, 0.018, 0.018, 110.12, 102.55, 100, 0, 0, 141, 29.6, 29.3, 100, 4.418, 0, 82.3, 0, 0, 84.2, 71.828, 0, 1.4, 0, 0, 
3.7, 18.448, 100.38, 71.717, 72.5, , 13.659, 0.984, 283.702, 283.702, 3.644, 326.544, 326.544, 326.544, 50.354, 67.441, 35.501, 35.034, 7.377, 12.882, 0, 0, 62.467, 63.502, 62.467, 63.502, 1, 72.922, 72.922, 0.025, 0.133, 89.371, 90.858, 89.371, 90.858, 5.44, 7.377, 12.882, , , 1, 3.801, 0, 0, 11.2, 3.644, 198, 0, 0, 0, 88, 17.429, 17.805, 109.774, 102.55, 100, 0, 0, 29.792, 29.396, 100, 4.414, 82.877, 0, 0, 84.585, 72.545, 0, 0, 0, 0, 0, 14, 0, 11.2, 0, 3.644, 198, 0, 0, 0, 88, 1, 0.018, 0.018, 109.774, 102.55, 100, 0, 0, 141, 29.792, 29.396, 100, 4.414, 0, 82.877, 0, 0, 84.585, 72.545, 0, 1.4, 0, 0, 
3.75, 18.447, 100.38, 71.713, 72.5, , 13.671, 0.984, 289.009, 289.009, 3.676, 326.835, 326.835, 326.835, 49.979, 67.583, 35.537, 34.779, 7.377, 12.903, 0, 0, 63.1, 64.147, 63.1, 64.147, 1, 73.594, 73.594, 0.025, 0.133, 90.135, 91.634, 90.135, 91.634, 5.45, 7.377, 12.903, , , 1, 3.851, 0, 0, 11.2, 3.676, 198, 0, 0, 0, 88, 17.55, 17.874, 109.428, 102.55, 100, 0, 0, 29.985, 29.492, 100, 4.41, 83.454, 0, 0, 84.969, 73.263, 0, 0, 0, 0, 0, 14, 0, 11.2, 0, 3.676, 198, 0, 0, 0, 88, 1, 0.018, 0.018, 109.428, 102.55, 100, 0, 0, 141, 29.985, 29.492, 100, 4.41, 0, 83.454, 0, 0, 84.969, 73.263, 0, 1.4, 0, 0, 
3.8, 18.446, 100.38, 71.71, 72.5, , 13.713, 0.984, 294.316, 294.316, 3.678, 327.858, 327.858, 327.858, 49.535, 67.725, 35.574, 34.524, 7.377, 12.912, 0, 0, 63.873, 64.932, 63.873, 64.932, 1, 74.265, 74.265, 0.025, 0.133, 91.206, 92.723, 91.206, 92.723, 5.46, 7.377, 12.912, , , 1, 3.901, 0, 0, 11.2, 3.678, 198, 0, 0, 0, 88, 17.608, 17.917, 109.27, 102.55, 100, 0, 0, 30.036, 29.5, 100, 4.411, 83.716, 0, 0, 85.18, 73.946, 0, 0, 0, 0, 0, 14, 0, 11.2, 0, 3.678, 198, 0, 0, 0, 88, 1, 0.018, 0.018, 109.27, 102.55, 100, 0, 0, 141, 30.036, 29.5, 100, 4.411, 0, 83.716, 0, 0, 85.18, 73.946, 0, 1.4, 0, 0, 
3.85, 18.445, 100.379, 71.71, 72.5, , 13.731, 0.984, 299.623, 299.623, 3.678, 328.306, 328.306, 328.306, 49.093, 67.868, 35.6, 34.411, 7.377, 12.912, 0, 0, 64.534, 65.605, 64.534, 65.605, 1, 74.935, 74.935, 0.025, 0.133, 92.151, 93.683, 92.151, 93.683, 5.47, 7.377, 12.912, , , 1, 3.951, 0, 0, 11.2, 3.678, 198, 0, 0, 0, 88, 17.659, 17.958, 109.13, 102.55, 100, 0, 0, 30.075, 29.5, 100, 4.413, 83.951, 0, 0, 85.376, 74.627, 0, 0, 0, 0, 0, 14, 0, 11.2, 0, 3.678, 198, 0, 0, 0, 88, 1, 0.018, 0.018, 109.13, 102.55, 100, 0, 0, 141, 30.075, 29.5, 100, 4.413, 0, 83.951, 0, 0, 85.376, 74.627, 0, 1.4, 0, 0, 
3.9, 18.445, 100.379, 71.71, 72.5, , 13.777, 0.984, 305.016, 305.016, 3.678, 329.405, 329.405, 329.405, 48.653, 68.01, 35.6, 34.663, 7.377, 12.899, 0, 0, 65.332, 66.417, 65.332, 66.417, 1, 75.613, 75.613, 0.025, 0.133, 93.292, 94.842, 93.292, 94.842, 5.489, 7.377, 12.899, , , 1, 4.001, 0, 0, 11.2, 3.678, 198, 0, 0, 0, 88, 17.711, 17.999, 108.989, 102.55, 100, 0, 0, 30.114, 29.5, 100, 4.415, 84.185, 0, 0, 85.571, 75.308, 0, 0, 0, 0, 0, 14, 0, 11.2, 0, 3.678, 198, 0, 0, 0, 88, 1, 0.018, 0.018, 108.989, 102.55, 100, 0, 0, 141, 30.114, 29.5, 100, 4.415, 0, 84.185, 0, 0, 85.571, 75.308, 0, 1.4, 0, 0, 
3.95, 18.444, 100.379, 71.71, 72.5, , 13.781, 0.984, 310.555, 310.555, 3.678, 329.537, 329.537, 329.537, 48.224, 68.152, 35.6, 34.915, 7.377, 12.884, 0, 0, 65.947, 67.043, 65.947, 67.043, 1, 76.287, 76.287, 0.025, 0.133, 94.172, 95.737, 94.172, 95.737, 5.51, 7.377, 12.884, , , 1, 4.051, 0, 0, 11.2, 3.678, 198, 0, 0, 0, 88, 17.762, 18.039, 108.848, 102.55, 100, 0, 0, 30.153, 29.5, 100, 4.416, 84.42, 0, 0, 85.767, 75.989, 0, 0, 0, 0, 0, 14, 0, 11.2, 0, 3.678, 198, 0, 0, 0, 88, 1, 0.018, 0.018, 108.848, 102.55, 100, 0, 0, 141, 30.153, 29.5, 100, 4.416, 0, 84.42, 0, 0, 85.767, 75.989, 0, 1.4, 0, 0, 
4, 18.443, 100.378, 71.71, 72.5, , 13.831, 0.984, 316.003, 316.003, 3.678, 330.721, 330.721, 330.721, 47.801, 68.294, 35.6, 35.167, 7.378, 12.866, 0, 0, 66.768, 67.877, 66.768, 67.877, 1, 76.964, 76.964, 0.025, 0.132, 95.342, 96.928, 95.342, 96.928, 5.532, 7.378, 12.866, , , 1, 4.101, 0, 0, 11.2, 3.678, 198, 0, 0, 0, 88, 17.814, 18.08, 108.707, 102.55, 100, 0, 0, 30.192, 29.5, 100, 4.418, 84.655, 0, 0, 85.962, 76.669, 0, 0, 0, 0, 0, 14, 0, 11.2, 0, 3.678, 198, 0, 0, 0, 88, 1, 0.018, 0.018, 108.707, 102.55, 100, 0, 0, 141, 30.192, 29.5, 100, 4.418, 0, 84.655, 0, 0, 85.962, 76.669, 0, 1.4, 0, 0, 
4.05, 18.442, 100.378, 71.71, 72.5, , 13.851, 0.984, 321.563, 321.563, 3.678, 331.236, 331.236, 331.236, 47.382, 68.437, 35.6, 35.419, 7.378, 12.848, 0, 0, 67.461, 68.581, 67.461, 68.581, 1, 77.644, 77.644, 0.025, 0.132, 96.333, 97.935, 96.333, 97.935, 5.554, 7.378, 12.848, , , 1, 4.151, 0, 0, 11.2, 3.678, 198, 0, 0, 0, 88, 17.866, 18.121, 108.566, 102.55, 100, 0, 0, 30.232, 29.5, 100, 4.419, 84.89, 0, 0, 86.158, 77.35, 0, 0, 0, 0, 0, 14, 0, 11.2, 0, 3.678, 198, 0, 0, 0, 88, 1, 0.018, 0.018, 108.566, 102.55, 100, 0, 0, 141, 30.232, 29.5, 100, 4.419, 0, 84.89, 0, 0, 86.158, 77.35, 0, 1.4, 0, 0, 
4.1, 18.442, 100.378, 71.71, 72.5, , 13.89, 0.984, 327.185, 327.185, 3.678, 332.17, 332.17, 332.17, 46.964, 68.579, 35.54, 35.57, 7.379, 12.829, 0, 0, 68.246, 69.379, 68.246, 69.379, 1, 78.33, 78.33, 0.025, 0.132, 97.454, 99.075, 97.454, 99.075, 5.594, 7.379, 12.829, , , 1, 4.201, 0, 0, 11.2, 3.678, 198, 0, 0, 0, 88, 17.917, 18.162, 108.425, 102.55, 100, 0, 0, 30.271, 29.5, 100, 4.421, 85.124, 0, 0, 86.354, 78.031, 0, 0, 0, 0, 0, 14, 0, 11.2, 0, 3.678, 198, 0, 0, 0, 88, 1, 0.018, 0.018, 108.425, 102.55, 100, 0, 0, 141, 30.271, 29.5, 100, 4.421, 0, 85.124, 0, 0, 86.354, 78.031, 0, 1.4, 0, 0, 
4.15, 18.441, 100.377, 71.71, 72.5, , 13.874, 0.984, 332.88, 332.88, 3.678, 331.801, 331.801, 331.801, 46.554, 68.721, 35.324, 35.462, 7.379, 12.814, 0, 0, 68.765, 69.907, 68.765, 69.907, 1, 79.077, 79.077, 0.025, 0.131, 98.195, 99.829, 98.195, 99.829, 5.642, 7.379, 12.814, , , 1, 4.251, 0, 0, 11.2, 3.678, 198, 0, 0, 0, 88, 17.969, 18.202, 108.285, 102.55, 100, 0, 0, 30.31, 29.5, 100, 4.422, 85.359, 0, 0, 86.549, 78.712, 0, 0, 0, 0, 0, 14, 0, 11.2, 0, 3.678, 198, 0, 0, 0, 88, 1, 0.018, 0.018, 108.285, 102.55, 100, 0, 0, 141, 30.31, 29.5, 100, 4.422, 0, 85.359, 0, 0, 86.549, 78.712, 0, 1.4, 0, 0, 
4.2, 18.44, 100.377, 71.71, 72.5, , 13.877, 0.984, 340.91, 340.91, 3.678, 331.909, 331.909, 331.909, 46.279, 68.864, 35.108, 35.354, 7.38, 12.805, 0, 0, 69.616, 70.77, 69.616, 70.77, 1, 79.964, 79.964, 0.025, 0.131, 98.889, 100.534, 98.889, 100.534, 5.69, 7.38, 12.805, , , 1, 4.301, 0, 0, 11.2, 3.678, 198, 0, 0, 0, 88, 18.021, 18.243, 108.144, 102.55, 100, 0, 0, 30.349, 29.5, 100, 4.424, 85.594, 0, 0, 86.745, 79.392, 0, 0, 0, 0, 0, 14, 0, 11.2, 0, 3.678, 198, 0, 0, 0, 88, 1, 0.018, 0.018, 108.144, 102.55, 100, 0, 0, 141, 30.349, 29.5, 100, 4.424, 0, 85.594, 0, 0, 86.745, 79.392, 0, 1.4, 0, 0, 
4.25, 18.439, 100.376, 71.71, 72.501, , 13.832, 0.984, 346.631, 346.631, 3.678, 330.854, 330.854, 330.854, 46.383, 69.006, 34.892, 35.246, 7.38, 12.797, 0, 0, 69.977, 71.138, 69.977, 71.138, 1, 80.64, 80.64, 0.025, 0.131, 98.328, 99.963, 98.328, 99.963, 5.738, 7.38, 12.797, , , 1, 4.35, 0, 0, 11.2, 3.678, 198, 0, 0, 0, 88, 18.072, 18.284, 108.003, 102.55, 100, 0, 0, 30.388, 29.5, 100, 4.426, 85.829, 0, 0, 86.941, 80.073, 0, 0, 0, 0, 0, 14, 0, 11.2, 0, 3.678, 198, 0, 0, 0, 88, 1, 0.018, 0.018, 108.003, 102.55, 100, 0, 0, 141, 30.388, 29.5, 100, 4.426, 0, 85.829, 0, 0, 86.941, 80.073, 0, 1.4, 0, 0, 
4.3, 18.438, 100.376, 71.71, 72.501, , 13.811, 0.984, 352.468, 352.468, 3.678, 330.391, 330.391, 330.391, 46.75, 69.148, 34.676, 35.138, 7.38, 12.791, 0, 0, 70.467, 71.638, 70.467, 71.638, 1, 81.316, 81.316, 0.025, 0.131, 97.41, 99.029, 97.41, 99.029, 5.782, 7.38, 12.791, , , 1, 4.4, 0, 0, 11.2, 3.678, 198, 0, 0, 0, 88, 18.124, 18.324, 107.862, 102.55, 100, 0, 0, 30.427, 29.5, 100, 4.427, 86.063, 0, 0, 87.136, 80.754, 0, 0, 0, 0, 0, 14, 0, 11.2, 0, 3.678, 198, 0, 0, 0, 88, 1, 0.018, 0.018, 107.862, 102.55, 100, 0, 0, 141, 30.427, 29.5, 100, 4.427, 0, 86.063, 0, 0, 87.136, 80.754, 0, 1.4, 0, 0, 
4.35, 18.437, 100.376, 71.71, 72.502, , 13.757, 0.984, 358.306, 358.306, 3.678, 329.114, 329.114, 329.114, 47.42, 55.451, 34.554, 35.031, 7.38, 12.786, 0, 0, 70.778, 71.954, 70.778, 71.954, 1, 81.992, 81.992, 0.024, 0.131, 95.753, 97.344, 95.753, 97.344, 5.822, 7.38, 12.786, , , 1, 4.451, 0, 0, 11.2, 3.678, 198, 0, 0, 0, 88, 18.176, 18.365, 107.721, 102.55, 100, 0, 0, 30.466, 29.5, 100, 4.429, 86.298, 0, 0, 87.332, 81.435, 0, 0, 0, 0, 0, 14, 0, 11.2, 0, 3.678, 198, 0, 0, 0, 88, 1, 0.018, 0.018, 107.721, 102.55, 100, 0, 0, 141, 30.466, 29.5, 100, 4.429, 0, 86.298, 0, 0, 87.332, 81.435, 0, 1.4, 0, 0, 
4.4, 18.436, 100.375, 71.71, 72.503, , 13.719, 0.984, 364.26, 364.26, 3.699, 328.236, 328.236, 328.236, 48.353, 48.118, 34.674, 34.928, 7.38, 12.783, 0, 0, 71.17, 72.351, 71.17, 72.351, 1, 82.668, 82.668, 0.024, 0.13, 93.717, 95.274, 93.717, 95.274, 5.863, 7.38, 12.783, , , 1, 4.501, 0, 0, 11.2, 3.699, 198, 0, 0, 0, 88, 18.249, 18.431, 107.525, 102.514, 100, 0, 0, 30.535, 29.535, 100, 4.429, 86.688, 0, 0, 87.688, 82.167, 0, 0, 0, 0, 0, 13.999, 0, 11.2, 0, 3.699, 198, 0, 0, 0, 88, 1, 0.018, 0.018, 107.525, 102.514, 100, 0, 0, 141, 30.535, 29.535, 100, 4.429, 0, 86.688, 0, 0, 87.688, 82.167, 0, 1.4, 0, 0, 
4.45, 18.434, 100.375, 71.71, 72.504, , 13.636, 0.984, 370.247, 370.247, 3.847, 326.283, 326.283, 326.283, 49.348, 63.48, 34.795, 34.824, 7.38, 12.78, 0, 0, 71.324, 72.509, 71.324, 72.509, 1, 83.334, 83.334, 0.024, 0.13, 91.202, 92.716, 91.202, 92.716, 5.903, 7.38, 12.78, , , 1, 4.55, 0, 0, 11.2, 3.847, 198, 0, 0, 0, 88, 18.455, 18.65, 106.987, 102.256, 100, 0, 0, 30.784, 29.784, 100, 4.425, 88.033, 0, 0, 89.033, 83.22, 0, 0, 0, 0, 0, 13.989, 0, 11.2, 0, 3.847, 198, 0, 0, 0, 88, 1, 0.018, 0.018, 106.987, 102.256, 100, 0, 0, 141, 30.784, 29.784, 100, 4.425, 0, 88.033, 0, 0, 89.033, 83.22, 0, 1.4, 0, 0, 
4.5, 18.433, 100.375, 71.71, 72.504, , 13.613, 0.984, 376.234, 376.234, 3.995, 325.756, 325.756, 325.756, 50.199, 64.243, 34.916, 34.721, 7.38, 12.777, 0, 0, 71.777, 72.969, 71.777, 72.969, 1, 84.012, 84.012, 0.024, 0.13, 89.518, 91.003, 89.518, 91.003, 5.941, 7.38, 12.777, , , 1, 4.601, 0, 0, 11.2, 3.995, 198, 0, 0, 0, 88, 18.661, 18.869, 106.449, 101.998, 100, 0, 0, 31.033, 30.033, 100, 4.421, 89.377, 0, 0, 90.377, 84.273, 0, 0, 0, 0, 0, 13.979, 0, 11.2, 0, 3.995, 198, 0, 0, 0, 88, 1, 0.019, 0.019, 106.449, 101.998, 100, 0, 0, 141, 31.033, 30.033, 100, 4.421, 0, 89.377, 0, 0, 90.377, 84.273, 0, 1.4, 0, 0, 
4.55, 18.432, 100.374, 71.71, 72.505, , 13.553, 0.984, 382.326, 382.326, 4.143, 324.373, 324.373, 324.373, 50.826, 65.007, 35.037, 34.617, 7.38, 12.773, 0, 0, 72.043, 73.239, 72.043, 73.239, 1, 84.675, 84.675, 0.024, 0.13, 87.957, 89.416, 87.957, 89.416, 5.971, 7.38, 12.773, , , 1, 4.651, 0, 0, 11.2, 4.143, 198, 0, 0, 0, 88, 18.867, 19.088, 105.911, 101.74, 100, 0, 0, 31.282, 30.282, 100, 4.417, 90.722, 0, 0, 91.722, 85.326, 0, 0, 0, 0, 0, 13.969, 0, 11.2, 0, 4.143, 198, 0, 0, 0, 88, 1, 0.019, 0.019, 105.911, 101.74, 100, 0, 0, 141, 31.282, 30.282, 100, 4.417, 0, 90.722, 0, 0, 91.722, 85.326, 0, 1.4, 0, 0, 
4.6, 18.431, 100.374, 71.71, 72.506, , 13.489, 0.984, 388.47, 388.47, 4.291, 322.865, 322.865, 322.865, 51.275, 65.771, 35.151, 34.52, 7.38, 12.769, 0, 0, 72.271, 73.47, 72.271, 73.47, 1, 85.343, 85.343, 0.024, 0.131, 86.764, 88.204, 86.764, 88.204, 6.001, 7.38, 12.769, , , 1, 4.7, 0, 0, 11.2, 4.291, 198, 0, 0, 0, 88, 19.074, 19.307, 105.373, 101.482, 100, 0, 0, 31.531, 30.531, 100, 4.414, 92.067, 0, 0, 93.067, 86.379, 0, 0, 0, 0, 0, 13.959, 0, 11.2, 0, 4.291, 198, 0, 0, 0, 88, 1, 0.019, 0.019, 105.373, 101.482, 100, 0, 0, 141, 31.531, 30.531, 100, 4.414, 0, 92.067, 0, 0, 93.067, 86.379, 0, 1.4, 0, 0, 
4.65, 18.43, 100.373, 71.71, 72.507, , 13.398, 0.984, 394.615, 394.615, 4.426, 320.719, 320.719, 320.719, 51.534, 66.535, 35.17, 34.52, 7.38, 12.761, 0, 0, 72.344, 73.544, 72.344, 73.544, 1, 86.001, 86.001, 0.024, 0.131, 85.771, 87.195, 85.771, 87.195, 6.032, 7.38, 12.761, , , 1, 4.75, 0, 0, 11.2, 4.426, 198, 0, 0, 0, 88, 19.278, 19.52, 104.874, 101.245, 100, 0, 0, 31.764, 30.771, 100, 4.41, 93.357, 0, 0, 94.357, 87.393, 0, 0, 0, 0, 0, 13.949, 0, 11.2, 0, 4.426, 198, 0, 0, 0, 88, 1, 0.02, 0.02, 104.874, 101.245, 100, 0, 0, 141, 31.764, 30.771, 100, 4.41, 0, 93.357, 0, 0, 94.357, 87.393, 0, 1.4, 0, 0, 
4.7, 18.429, 100.373, 71.71, 72.508, , 13.35, 0.984, 400.76, 400.76, 4.467, 319.609, 319.609, 319.609, 51.618, 67.298, 35.189, 34.52, 7.38, 12.736, 0, 0, 72.646, 73.852, 72.646, 73.852, 1, 86.655, 86.655, 0.025, 0.131, 85.3, 86.716, 85.3, 86.716, 6.062, 7.38, 12.736, , , 1, 4.801, 0, 0, 11.2, 4.467, 198, 0, 0, 0, 88, 19.467, 19.688, 104.661, 101.158, 100, 0, 0, 31.883, 30.949, 100, 4.41, 94.25, 0, 0, 95.25, 88.129, 0, 0, 0, 0, 0, 13.937, 0, 11.2, 0, 4.467, 198, 0, 0, 0, 88, 1, 0.02, 0.02, 104.661, 101.158, 100, 0, 0, 141, 31.883, 30.949, 100, 4.41, 0, 94.25, 0, 0, 95.25, 88.129, 0, 1.4, 0, 0, 
4.75, 18.428, 100.373, 71.71, 72.508, , 13.31, 0.984, 407.047, 407.047, 4.508, 318.672, 318.672, 318.672, 51.683, 68.062, 35.208, 34.52, 7.38, 12.704, 0, 0, 72.978, 74.191, 72.978, 74.191, 1, 87.316, 87.316, 0.025, 0.131, 84.942, 86.353, 84.942, 86.353, 6.097, 7.38, 12.704, , , 1, 4.851, 0, 0, 11.2, 4.508, 198, 0, 0, 0, 88, 19.657, 19.857, 104.448, 101.071, 100, 0, 0, 32.001, 31.127, 100, 4.41, 95.143, 0, 0, 96.143, 88.865, 0, 0, 0, 0, 0, 13.925, 0, 11.2, 0, 4.508, 198, 0, 0, 0, 88, 1, 0.02, 0.02, 104.448, 101.071, 100, 0, 0, 141, 32.001, 31.127, 100, 4.41, 0, 95.143, 0, 0, 96.143, 88.865, 0, 1.4, 0, 0, 
4.8, 18.426, 100.372, 71.71, 72.509, , 13.239, 0.984, 413.358, 413.358, 4.549, 317.007, 317.007, 317.007, 51.731, 68.826, 35.226, 34.52, 7.38, 12.646, 0, 0, 73.138, 74.355, 73.138, 74.355, 1, 87.969, 87.969, 0.025, 0.131, 84.425, 85.827, 84.425, 85.827, 6.132, 7.38, 12.646, , , 1, 4.9, 0, 0, 11.2, 4.549, 198, 0, 0, 0, 88, 19.846, 20.025, 104.235, 100.984, 100, 0, 0, 32.12, 31.305, 100, 4.41, 96.036, 0, 0, 97.036, 89.601, 0, 0, 0, 0, 0, 13.913, 0, 11.2, 0, 4.549, 198, 0, 0, 0, 88, 1, 0.02, 0.02, 104.235, 100.984, 100, 0, 0, 141, 32.12, 31.305, 100, 4.41, 0, 96.036, 0, 0, 97.036, 89.601, 0, 1.4, 0, 0, 
4.85, 18.425, 100.372, 71.71, 72.51, , 13.184, 0.984, 419.781, 419.781, 4.59, 315.74, 315.74, 315.74, 51.756, 69.59, 35.23, 34.661, 7.38, 12.58, 0, 0, 73.387, 74.61, 73.387, 74.61, 1, 88.617, 88.617, 0.025, 0.132, 84.043, 85.44, 84.043, 85.44, 6.167, 7.38, 12.58, , , 1, 4.951, 0, 0, 11.2, 4.59, 198, 0, 0, 0, 88, 20.036, 20.193, 104.021, 100.897, 100, 0, 0, 32.238, 31.482, 100, 4.41, 96.929, 0, 0, 97.929, 90.336, 0, 0, 0, 0, 0, 13.901, 0, 11.2, 0, 4.59, 198, 0, 0, 0, 88, 1, 0.02, 0.02, 104.021, 100.897, 100, 0, 0, 141, 32.238, 31.482, 100, 4.41, 0, 96.929, 0, 0, 97.929, 90.336, 0, 1.4, 0, 0, 
4.9, 18.424, 100.371, 71.71, 72.511, , 13.129, 0.984, 426.137, 426.137, 4.626, 314.448, 314.448, 314.448, 51.768, 70.353, 35.194, 35.165, 7.379, 12.488, 0, 0, 73.61, 74.838, 73.61, 74.838, 1, 89.261, 89.261, 0.025, 0.132, 83.685, 85.076, 83.685, 85.076, 6.202, 7.379, 12.488, , , 1, 5.001, 0, 0, 11.2, 4.626, 198, 0, 0, 0, 88, 20.225, 20.369, 104, 100.817, 100, 0, 0, 32.299, 31.647, 100, 4.41, 98.004, 0, 0, 98.954, 91.02, 0, 0, 0, 0, 0, 13.9, 0, 11.2, 0, 4.626, 198, 0, 0, 0, 88, 1, 0.021, 0.021, 104, 100.817, 100, 0, 0, 141, 32.299, 31.647, 100, 4.41, 0, 98.004, 0, 0, 98.954, 91.02, 0, 1.4, 0, 0, 
4.95, 18.423, 100.371, 71.71, 72.511, , 13.047, 0.984, 432.623, 432.623, 4.662, 312.513, 312.513, 312.513, 51.777, 71.117, 35.158, 35.669, 7.379, 12.394, 0, 0, 73.683, 74.911, 73.683, 74.911, 1, 89.905, 89.905, 0.025, 0.132, 83.156, 84.539, 83.156, 84.539, 6.229, 7.379, 12.394, , , 1, 5.05, 0, 0, 11.2, 4.662, 198, 0, 0, 0, 88, 20.414, 20.546, 104, 100.737, 100, 0, 0, 32.354, 31.811, 100, 4.41, 99.096, 0, 0, 99.991, 91.698, 0, 0, 0, 0, 0, 13.9, 0, 11.2, 0, 4.662, 198, 0, 0, 0, 88, 1, 0.021, 0.021, 104, 100.737, 100, 0, 0, 141, 32.354, 31.811, 100, 4.41, 0, 99.096, 0, 0, 99.991, 91.698, 0, 1.4, 0, 0, 
5, 18.422, 100.371, 71.71, 72.512, , 12.934, 0.984, 439.113, 439.113, 4.697, 309.856, 309.856, 309.856, 51.787, 71.881, 35.122, 36.173, 7.378, 12.296, 0, 0, 73.579, 74.805, 73.579, 74.805, 1, 90.541, 90.541, 0.025, 0.132, 82.433, 83.803, 82.433, 83.803, 6.254, 7.378, 12.296, , , 1, 5.101, 0, 0, 11.2, 4.697, 198, 0, 0, 0, 88, 20.603, 20.723, 104, 100.657, 100, 0, 0, 32.408, 31.975, 100, 4.41, 100.188, 0, 0, 101.028, 92.376, 0, 0, 0, 0, 0, 13.9, 0, 11.2, 0, 4.697, 198, 0, 0, 0, 88, 1, 0.021, 0.021, 104, 100.657, 100, 0, 0, 141, 32.408, 31.975, 100, 4.41, 0, 100.188, 0, 0, 101.028, 92.376, 0, 1.4, 0, 0, 
5.05, 18.421, 100.37, 71.71, 72.513, , 12.859, 0.984, 445.725, 445.725, 4.733, 308.1, 308.1, 308.1, 51.8, 72.644, 35.086, 36.677, 7.378, 12.199, 0, 0, 73.68, 74.907, 73.68, 74.907, 1, 91.181, 91.181, 0.025, 0.131, 81.944, 83.306, 81.944, 83.306, 6.278, 7.378, 12.199, , , 1, 5.151, 0, 0, 11.2, 4.733, 198, 0, 0, 0, 88, 20.792, 20.9, 104, 100.578, 100, 0, 0, 32.463, 32.139, 100, 4.41, 101.279, 0, 0, 102.066, 93.054, 0, 0, 0, 0, 0, 13.9, 0, 11.2, 0, 4.733, 198, 0, 0, 0, 88, 1, 0.021, 0.021, 104, 100.578, 100, 0, 0, 141, 32.463, 32.139, 100, 4.41, 0, 101.279, 0, 0, 102.066, 93.054, 0, 1.4, 0, 0, 
5.1, 18.42, 100.37, 71.71, 72.514, , 12.783, 0.984, 452.323, 452.323, 4.767, 306.325, 306.325, 306.325, 51.813, 73.408, 35.06, 36.959, 7.378, 12.104, 0, 0, 73.767, 74.994, 73.767, 74.994, 1, 91.806, 91.806, 0.025, 0.131, 81.449, 82.802, 81.449, 82.802, 6.302, 7.378, 12.104, , , 1, 5.2, 0, 0, 11.2, 4.767, 198, 0, 0, 0, 88, 20.953, 21.051, 103.94, 100.486, 100, 0, 0, 32.517, 32.267, 100, 4.41, 102.319, 0, 0, 103.051, 93.722, 0, 0, 0, 0, 0, 13.9, 0, 11.2, 0, 4.767, 198, 0, 0, 0, 88, 1, 0.021, 0.021, 103.94, 100.486, 100, 0, 0, 141, 32.517, 32.267, 100, 4.41, 0, 102.319, 0, 0, 103.051, 93.722, 0, 1.4, 0, 0, 
5.15, 18.418, 100.37, 71.71, 72.514, , 12.689, 0.984, 459.661, 459.661, 4.8, 304.104, 304.104, 304.104, 51.827, 74.172, 35.06, 36.671, 7.377, 12.011, 0, 0, 73.783, 75.009, 73.783, 75.009, 1, 92.603, 92.603, 0.025, 0.131, 80.839, 82.182, 80.839, 82.182, 6.336, 7.377, 12.011, , , 1, 5.251, 0, 0, 11.2, 4.8, 198, 0, 0, 0, 88, 21.058, 21.147, 103.752, 100.37, 100, 0, 0, 32.569, 32.319, 100, 4.41, 103.256, 0, 0, 103.936, 94.37, 0, 0, 0, 0, 0, 13.9, 0, 11.2, 0, 4.8, 198, 0, 0, 0, 88, 1, 0.021, 0.021, 103.752, 100.37, 100, 0, 0, 141, 32.569, 32.319, 100, 4.41, 0, 103.256, 0, 0, 103.936, 94.37, 0, 1.4, 0, 0, 
5.2, 18.417, 100.37, 71.71, 72.515, , 12.633, 0.984, 468.001, 468.001, 4.834, 302.801, 302.801, 302.801, 51.834, 74.936, 35.06, 36.383, 7.378, 11.922, 0, 0, 74.082, 75.314, 74.082, 75.314, 1, 93.275, 93.275, 0.025, 0.131, 80.479, 81.817, 80.479, 81.817, 6.375, 7.378, 11.922, , , 1, 5.301, 0, 0, 11.2, 4.834, 198, 0, 0, 0, 88, 21.162, 21.242, 103.565, 100.254, 100, 0, 0, 32.621, 32.371, 100, 4.41, 104.194, 0, 0, 104.822, 95.018, 0, 0, 0, 0, 0, 13.9, 0, 11.2, 0, 4.834, 198, 0, 0, 0, 88, 1, 0.021, 0.021, 103.565, 100.254, 100, 0, 0, 141, 32.621, 32.371, 100, 4.41, 0, 104.194, 0, 0, 104.822, 95.018, 0, 1.4, 0, 0, 
5.25, 18.416, 100.37, 71.71, 72.516, , 12.564, 0.984, 474.692, 474.692, 4.867, 301.181, 301.181, 301.181, 51.837, 75.699, 35.06, 36.095, 7.378, 11.833, 0, 0, 74.17, 75.405, 74.17, 75.405, 1, 93.898, 93.898, 0.025, 0.131, 80.044, 81.374, 80.044, 81.374, 6.414, 7.378, 11.833, , , 1, 5.35, 0, 0, 11.2, 4.867, 198, 0, 0, 0, 88, 21.266, 21.338, 103.378, 100.139, 100, 0, 0, 32.673, 32.423, 100, 4.41, 105.131, 0, 0, 105.707, 95.666, 0, 0, 0, 0, 0, 13.9, 0, 11.2, 0, 4.867, 198, 0, 0, 0, 88, 1, 0.021, 0.021, 103.378, 100.139, 100, 0, 0, 141, 32.673, 32.423, 100, 4.41, 0, 105.131, 0, 0, 105.707, 95.666, 0, 1.4, 0, 0, 
5.3, 18.415, 100.37, 71.71, 72.517, , 12.514, 0.984, 481.559, 481.559, 4.9, 300.029, 300.029, 300.029, 51.836, 76.463, 35.06, 35.807, 7.379, 11.739, 0, 0, 74.38, 75.618, 74.38, 75.618, 1, 94.518, 94.518, 0.025, 0.13, 79.741, 81.066, 79.741, 81.066, 6.454, 7.379, 11.739, , , 1, 5.401, 0, 0, 11.2, 4.9, 198, 0, 0, 0, 88, 21.37, 21.434, 103.19, 100.023, 100, 0, 0, 32.725, 32.475, 100, 4.41, 106.069, 0, 0, 106.593, 96.314, 0, 0, 0, 0, 0, 13.9, 0, 11.2, 0, 4.9, 198, 0, 0, 0, 88, 1, 0.021, 0.021, 103.19, 100.023, 100, 0, 0, 141, 32.725, 32.475, 100, 4.41, 0, 106.069, 0, 0, 106.593, 96.314, 0, 1.4, 0, 0, 
5.35, 18.414, 100.37, 71.71, 72.517, , 12.424, 0.984, 488.427, 488.427, 4.933, 297.903, 297.903, 297.903, 51.833, 77.227, 35.07, 35.6, 7.379, 11.646, 0, 0, 74.334, 75.572, 74.334, 75.572, 1, 95.135, 95.135, 0.025, 0.13, 79.18, 80.497, 79.18, 80.497, 6.494, 7.379, 11.646, , , 1, 5.451, 0, 0, 11.2, 4.933, 198, 0, 0, 0, 88, 21.375, 21.429, 103.002, 99.887, 100, 0, 0, 32.777, 32.5, 100, 4.41, 106.725, 0, 0, 107.225, 96.961, 0, 0, 0, 0, 0, 13.9, 0, 11.2, 0, 4.933, 198, 0, 0, 0, 88, 1, 0.021, 0.021, 103.002, 99.887, 100, 0, 0, 141, 32.777, 32.5, 100, 4.41, 0, 106.725, 0, 0, 107.225, 96.961, 0, 1.4, 0, 0, 
5.4, 18.413, 100.37, 71.71, 72.518, , 12.395, 0.984, 495.295, 495.295, 4.966, 297.245, 297.245, 297.245, 51.835, 77.991, 35.106, 35.6, 7.381, 11.566, 0, 0, 74.645, 75.889, 74.645, 75.889, 1, 95.744, 95.744, 0.025, 0.131, 79.002, 80.317, 79.002, 80.317, 6.535, 7.381, 11.566, , , 1, 5.5, 0, 0, 11.2, 4.966, 198, 0, 0, 0, 88, 21.287, 21.331, 102.815, 99.733, 100, 0, 0, 32.829, 32.5, 100, 4.41, 107.142, 0, 0, 107.642, 97.608, 0, 0, 0, 0, 0, 13.9, 0, 11.2, 0, 4.966, 198, 0, 0, 0, 88, 1, 0.021, 0.021, 102.815, 99.733, 100, 0, 0, 141, 32.829, 32.5, 100, 4.41, 0, 107.142, 0, 0, 107.642, 97.608, 0, 1.4, 0, 0, 
5.45, 18.412, 100.37, 71.71, 72.519, , 12.328, 0.984, 502.167, 502.167, 4.999, 295.674, 295.674, 295.674, 51.844, 78.754, 35.142, 35.6, 7.382, 11.488, 0, 0, 74.717, 75.962, 74.717, 75.962, 1, 96.346, 96.346, 0.025, 0.131, 78.572, 79.879, 78.572, 79.879, 6.576, 7.382, 11.488, , , 1, 5.55, 0, 0, 11.2, 4.999, 198, 0, 0, 0, 88, 21.2, 21.233, 102.628, 99.578, 100, 0, 0, 32.881, 32.5, 100, 4.41, 107.558, 0, 0, 108.058, 98.255, 0, 0, 0, 0, 0, 13.9, 0, 11.2, 0, 4.999, 198, 0, 0, 0, 88, 1, 0.021, 0.021, 102.628, 99.578, 100, 0, 0, 141, 32.881, 32.5, 100, 4.41, 0, 107.558, 0, 0, 108.058, 98.255, 0, 1.4, 0, 0, 
5.5, 18.41, 100.37, 71.71, 72.52, , 12.267, 0.984, 509.167, 509.167, 5.032, 294.25, 294.25, 294.25, 51.859, 79.518, 35.178, 35.6, 7.382, 11.432, 0, 0, 74.828, 76.073, 74.828, 76.073, 1, 96.955, 96.955, 0.025, 0.131, 78.171, 79.471, 78.171, 79.471, 6.617, 7.382, 11.432, , , 1, 5.601, 0, 0, 11.2, 5.032, 198, 0, 0, 0, 88, 21.112, 21.135, 102.44, 99.424, 100, 0, 0, 32.933, 32.5, 100, 4.41, 107.975, 0, 0, 108.475, 98.902, 0, 0, 0, 0, 0, 13.9, 0, 11.2, 0, 5.032, 198, 0, 0, 0, 88, 1, 0.021, 0.021, 102.44, 99.424, 100, 0, 0, 141, 32.933, 32.5, 100, 4.41, 0, 107.975, 0, 0, 108.475, 98.902, 0, 1.4, 0, 0, 
5.55, 18.409, 100.37, 71.71, 72.52, , 12.21, 0.984, 516.177, 516.177, 5.065, 292.926, 292.926, 292.926, 51.882, 80.282, 35.214, 35.6, 7.382, 11.377, 0, 0, 74.955, 76.202, 74.955, 76.202, 1, 97.562, 97.562, 0.025, 0.131, 77.787, 79.08, 77.787, 79.08, 6.661, 7.382, 11.377, , , 1, 5.651, 0, 0, 11.2, 5.065, 198, 0, 0, 0, 88, 21.025, 21.037, 102.252, 99.27, 100, 0, 0, 32.985, 32.5, 100, 4.41, 108.392, 0, 0, 108.892, 99.549, 0, 0, 0, 0, 0, 13.9, 0, 11.2, 0, 5.065, 198, 0, 0, 0, 88, 1, 0.021, 0.021, 102.252, 99.27, 100, 0, 0, 141, 32.985, 32.5, 100, 4.41, 0, 108.392, 0, 0, 108.892, 99.549, 0, 1.4, 0, 0, 
5.6, 18.407, 100.37, 71.71, 72.52, , 12.152, 0.984, 523.252, 523.252, 5.098, 291.572, 291.572, 291.572, 51.91, 81.046, 35.21, 35.529, 7.382, 11.359, 0, 0, 75.066, 76.315, 75.066, 76.315, 1, 98.163, 98.163, 0.025, 0.131, 77.385, 78.673, 77.385, 78.673, 6.71, 7.382, 11.359, , , 1, 5.701, 0, 0, 11.2, 5.098, 198, 0, 0, 0, 88, 20.839, 20.86, 102.065, 99.173, 100, 0, 0, 33.038, 32.462, 100, 4.41, 107.349, 0, 0, 107.81, 100.196, 0, 0, 0, 0, 0, 13.9, 0, 11.2, 0, 5.098, 198, 0, 0, 0, 88, 1, 0.021, 0.021, 102.065, 99.173, 100, 0, 0, 141, 33.038, 32.462, 100, 4.41, 0, 107.349, 0, 0, 107.81, 100.196, 0, 1.4, 0, 0, 
5.65, 18.405, 100.37, 71.71, 72.52, , 12.122, 0.984, 530.337, 530.337, 5.131, 290.885, 290.885, 290.885, 51.93, 81.809, 35.102, 35.277, 7.382, 11.342, 0, 0, 75.346, 76.599, 75.346, 76.599, 1, 98.759, 98.759, 0.025, 0.131, 77.17, 78.452, 77.17, 78.452, 6.758, 7.382, 11.342, , , 1, 5.751, 0, 0, 11.2, 5.131, 198, 0, 0, 0, 88, 20.615, 20.652, 101.878, 99.096, 100, 0, 0, 33.09, 32.41, 100, 4.41, 105.793, 0, 0, 106.202, 100.843, 0, 0, 0, 0, 0, 13.9, 0, 11.2, 0, 5.131, 198, 0, 0, 0, 88, 1, 0.02, 0.021, 101.878, 99.096, 100, 0, 0, 141, 33.09, 32.41, 100, 4.41, 0, 105.793, 0, 0, 106.202, 100.843, 0, 1.4, 0, 0, 
5.7, 18.403, 100.37, 71.71, 72.52, , 12.113, 0.984, 537.545, 537.545, 5.164, 290.678, 290.678, 290.678, 51.944, 82.573, 34.994, 35.025, 7.381, 11.358, 0, 0, 75.753, 77.012, 75.753, 77.012, 1, 99.351, 99.351, 0.025, 0.131, 77.095, 78.374, 77.095, 78.374, 6.807, 7.381, 11.358, , , 1, 5.8, 0, 0, 11.2, 5.164, 198, 0, 0, 0, 88, 20.391, 20.443, 101.69, 99.019, 100, 0, 0, 33.142, 32.358, 100, 4.41, 104.237, 0, 0, 104.594, 101.49, 0, 0, 0, 0, 0, 13.9, 0, 11.2, 0, 5.164, 198, 0, 0, 0, 88, 1, 0.02, 0.02, 101.69, 99.019, 100, 0, 0, 141, 33.142, 32.358, 100, 4.41, 0, 104.237, 0, 0, 104.594, 101.49, 0, 1.4, 0, 0, 
5.75, 18.401, 100.37, 71.71, 72.52, , 12.073, 0.984, 544.785, 544.785, 5.196, 289.757, 289.757, 289.757, 51.952, 83.337, 34.886, 34.773, 7.379, 11.374, 0, 0, 75.968, 77.231, 75.968, 77.231, 1, 99.955, 99.955, 0.025, 0.131, 76.839, 78.113, 76.839, 78.113, 6.855, 7.379, 11.374, , , 1, 5.85, 0, 0, 11.2, 5.196, 198, 0, 0, 0, 88, 20.167, 20.235, 101.503, 98.942, 100, 0, 0, 33.194, 32.306, 100, 4.41, 102.68, 0, 0, 102.987, 102.136, 0, 0, 0, 0, 0, 13.9, 0, 11.2, 0, 5.196, 198, 0, 0, 0, 88, 1, 0.02, 0.02, 101.503, 98.942, 100, 0, 0, 141, 33.194, 32.306, 100, 4.41, 0, 102.68, 0, 0, 102.987, 102.136, 0, 1.4, 0, 0, 
5.8, 18.399, 100.37, 71.71, 72.52, , 12.049, 0.984, 551.98, 551.98, 5.229, 289.194, 289.194, 289.194, 51.955, 84.1, 34.778, 34.521, 7.379, 11.419, 0, 0, 76.265, 77.534, 76.265, 77.534, 1, 100.542, 100.542, 0.025, 0.132, 76.687, 77.958, 76.687, 77.958, 6.898, 7.379, 11.419, , , 1, 5.901, 0, 0, 11.2, 5.229, 198, 0, 0, 0, 88, 19.943, 20.027, 101.315, 98.865, 100, 0, 0, 33.246, 32.254, 100, 4.41, 101.124, 0, 0, 101.379, 102.783, 0, 0, 0, 0, 0, 13.9, 0, 11.2, 0, 5.229, 198, 0, 0, 0, 88, 1, 0.02, 0.02, 101.315, 98.865, 100, 0, 0, 141, 33.246, 32.254, 100, 4.41, 0, 101.124, 0, 0, 101.379, 102.783, 0, 1.4, 0, 0, 
5.85, 18.397, 100.37, 71.71, 72.52, , 12.018, 0.984, 559.232, 559.232, 5.245, 288.496, 288.496, 288.496, 51.952, 84.864, 34.75, 34.411, 7.378, 11.464, 0, 0, 76.527, 77.801, 76.527, 77.801, 1, 101.135, 101.135, 0.025, 0.132, 76.506, 77.775, 76.506, 77.775, 6.941, 7.378, 11.464, , , 1, 5.951, 0, 0, 11.2, 5.245, 198, 0, 0, 0, 88, 19.83, 19.931, 101.128, 98.86, 100, 0, 0, 33.298, 32.202, 100, 4.41, 100.519, 0, 0, 100.817, 103.133, 0, 0, 0, 0, 0, 13.9, 0, 11.2, 0, 5.245, 198, 0, 0, 0, 88, 1, 0.019, 0.02, 101.128, 98.86, 100, 0, 0, 141, 33.298, 32.202, 100, 4.41, 0, 100.519, 0, 0, 100.817, 103.133, 0, 1.4, 0, 0, 
5.9, 18.395, 100.37, 71.71, 72.52, , 11.957, 0.984, 566.652, 566.652, 5.261, 287.052, 287.052, 287.052, 51.952, 85.628, 34.93, 34.663, 7.378, 11.522, 0, 0, 76.594, 77.869, 76.594, 77.869, 1, 101.735, 101.735, 0.025, 0.132, 76.126, 77.389, 76.126, 77.389, 6.984, 7.378, 11.522, , , 1, 6, 0, 0, 11.2, 5.261, 198, 0, 0, 0, 88, 19.727, 19.846, 100.94, 98.86, 100, 0, 0, 33.35, 32.15, 100, 4.41, 99.996, 0, 0, 100.346, 103.457, 0, 0, 0, 0, 0, 13.9, 0, 11.2, 0, 5.261, 198, 0, 0, 0, 88, 1, 0.019, 0.02, 100.94, 98.86, 100, 0, 0, 141, 33.35, 32.15, 100, 4.41, 0, 99.996, 0, 0, 100.346, 103.457, 0, 1.4, 0, 0, 
5.95, 18.394, 100.37, 71.71, 72.52, , 11.887, 0.984, 574.033, 574.033, 5.276, 285.434, 285.434, 285.434, 51.955, 86.392, 35.11, 34.915, 7.377, 11.58, 0, 0, 76.602, 77.877, 76.602, 77.877, 1, 102.318, 102.318, 0.025, 0.132, 75.692, 76.95, 75.692, 76.95, 7.02, 7.377, 11.58, , , 1, 6.05, 0, 0, 11.2, 5.276, 198, 0, 0, 0, 88, 19.624, 19.761, 100.753, 98.86, 100, 0, 0, 33.402, 32.098, 100, 4.41, 99.473, 0, 0, 99.876, 103.781, 0, 0, 0, 0, 0, 13.9, 0, 11.2, 0, 5.276, 198, 0, 0, 0, 88, 1, 0.019, 0.02, 100.753, 98.86, 100, 0, 0, 141, 33.402, 32.098, 100, 4.41, 0, 99.473, 0, 0, 99.876, 103.781, 0, 1.4, 0, 0, 
6, 18.392, 100.37, 71.71, 72.52, , 11.831, 0.984, 581.415, 581.415, 5.292, 284.107, 284.107, 284.107, 51.959, 87.155, 35.29, 35.167, 7.378, 11.651, 0, 0, 76.681, 77.958, 76.681, 77.958, 1, 102.904, 102.904, 0.025, 0.133, 75.332, 76.585, 75.332, 76.585, 7.015, 7.378, 11.651, , , 1, 6.1, 0, 0, 11.2, 5.292, 198, 0, 0, 0, 88, 19.521, 19.675, 100.565, 98.86, 100, 0, 0, 33.454, 32.046, 100, 4.41, 98.95, 0, 0, 99.405, 104.105, 0, 0, 0, 0, 0, 13.9, 0, 11.2, 0, 5.292, 198, 0, 0, 0, 88, 1, 0.019, 0.02, 100.565, 98.86, 100, 0, 0, 141, 33.454, 32.046, 100, 4.41, 0, 98.95, 0, 0, 99.405, 104.105, 0, 1.4, 0, 0, 
6.05, 18.39, 100.37, 71.71, 72.52, , 11.793, 0.984, 588.947, 588.947, 5.311, 283.24, 283.24, 283.24, 51.965, 87.919, 35.47, 35.419, 7.378, 11.723, 0, 0, 76.887, 78.166, 76.887, 78.166, 1, 103.488, 103.488, 0.025, 0.133, 75.091, 76.341, 75.091, 76.341, 7.01, 7.378, 11.723, , , 1, 6.15, 0, 0, 11.2, 5.311, 198, 0, 0, 0, 88, 19.41, 19.576, 100.378, 98.829, 100, 0, 0, 33.524, 32.012, 100, 4.41, 98.381, 0, 0, 98.867, 104.487, 0, 0, 0, 0, 0, 13.9, 0, 11.2, 0, 5.311, 198, 0, 0, 0, 88, 1, 0.019, 0.02, 100.378, 98.829, 100, 0, 0, 141, 33.524, 32.012, 100, 4.41, 0, 98.381, 0, 0, 98.867, 104.487, 0, 1.4, 0, 0, 
6.1, 18.388, 100.37, 71.71, 72.52, , 11.747, 0.984, 596.48, 596.48, 5.358, 282.157, 282.157, 282.157, 51.974, 88.683, 35.499, 35.61, 7.379, 11.807, 0, 0, 77.027, 78.306, 77.027, 78.306, 1, 104.071, 104.071, 0.025, 0.133, 74.79, 76.035, 74.79, 76.035, 7.005, 7.379, 11.807, , , 1, 6.201, 0, 0, 11.2, 5.358, 198, 0, 0, 0, 88, 19.244, 19.376, 100.198, 98.607, 100, 0, 0, 33.724, 32.112, 100, 4.41, 97.531, 0, 0, 97.917, 105.295, 0, 0, 0, 0, 0, 13.9, 0, 11.2, 0, 5.358, 198, 0, 0, 0, 88, 1, 0.019, 0.02, 100.198, 98.607, 100, 0, 0, 141, 33.724, 32.112, 100, 4.41, 0, 97.531, 0, 0, 97.917, 105.295, 0, 1.4, 0, 0, 
6.15, 18.386, 100.37, 71.71, 72.52, , 11.651, 0.984, 604.012, 604.012, 5.404, 279.914, 279.914, 279.914, 51.987, 89.447, 35.139, 35.646, 7.381, 11.891, 0, 0, 76.833, 78.11, 76.833, 78.11, 1, 104.648, 104.648, 0.025, 0.133, 74.177, 75.412, 74.177, 75.412, 6.999, 7.381, 11.891, , , 1, 6.251, 0, 0, 11.2, 5.404, 198, 0, 0, 0, 88, 19.078, 19.176, 100.017, 98.385, 100, 0, 0, 33.924, 32.212, 100, 4.41, 96.681, 0, 0, 96.967, 106.103, 0, 0, 0, 0, 0, 13.9, 0, 11.2, 0, 5.404, 198, 0, 0, 0, 88, 1, 0.019, 0.019, 100.017, 98.385, 100, 0, 0, 141, 33.924, 32.212, 100, 4.41, 0, 96.681, 0, 0, 96.967, 106.103, 0, 1.4, 0, 0, 
6.2, 18.384, 100.37, 71.71, 72.52, , 11.588, 0.984, 611.544, 611.544, 5.451, 278.438, 278.438, 278.438, 52.001, 90.21, 34.779, 35.682, 7.382, 11.979, 0, 0, 76.844, 78.121, 76.844, 78.121, 1, 105.228, 105.228, 0.025, 0.133, 73.765, 74.992, 73.765, 74.992, 7.006, 7.382, 11.979, , , 1, 6.3, 0, 0, 11.2, 5.451, 198, 0, 0, 0, 88, 18.912, 18.976, 99.836, 98.163, 100, 0, 0, 34.124, 32.312, 100, 4.41, 95.831, 0, 0, 96.017, 106.911, 0, 0, 0, 0, 0, 13.9, 0, 11.2, 0, 5.451, 198, 0, 0, 0, 88, 1, 0.019, 0.019, 99.836, 98.163, 100, 0, 0, 141, 34.124, 32.312, 100, 4.41, 0, 95.831, 0, 0, 96.017, 106.911, 0, 1.4, 0, 0, 
6.25, 18.382, 100.37, 71.71, 72.52, , 11.511, 0.984, 619.453, 619.453, 5.497, 276.621, 276.621, 276.621, 52.019, 90.974, 34.419, 35.718, 7.384, 12.067, 0, 0, 76.769, 78.045, 76.769, 78.045, 1, 105.797, 105.797, 0.025, 0.133, 73.257, 74.476, 73.257, 74.476, 7.014, 7.384, 12.067, , , 1, 6.35, 0, 0, 11.2, 5.497, 198, 0, 0, 0, 88, 18.746, 18.776, 99.655, 97.941, 100, 0, 0, 34.324, 32.412, 100, 4.41, 94.981, 0, 0, 95.067, 107.719, 0, 0, 0, 0, 0, 13.9, 0, 11.2, 0, 5.497, 198, 0, 0, 0, 88, 1, 0.019, 0.019, 99.655, 97.941, 100, 0, 0, 141, 34.324, 32.412, 100, 4.41, 0, 94.981, 0, 0, 95.067, 107.719, 0, 1.4, 0, 0, 
6.3, 18.38, 100.37, 71.71, 72.52, , 11.374, 0.984, 629.205, 629.205, 5.539, 273.412, 273.412, 273.412, 52.041, 91.738, 34.059, 35.754, 7.384, 12.133, 0, 0, 76.39, 77.658, 76.39, 77.658, 1, 106.527, 106.527, 0.025, 0.133, 72.379, 73.583, 72.379, 73.583, 7.021, 7.384, 12.133, , , 1, 6.4, 0, 0, 11.2, 5.539, 198, 0, 0, 0, 88, 18.605, 18.605, 99.473, 97.75, 100, 0, 0, 34.5, 32.5, 100, 4.41, 94.273, 0, 0, 94.273, 108.454, 0, 0, 0, 0, 0, 13.9, 0, 11.2, 0, 5.539, 198, 0, 0, 0, 88, 1, 0.019, 0.019, 99.473, 97.75, 100, 0, 0, 141, 34.5, 32.5, 100, 4.41, 0, 94.273, 0, 0, 94.273, 108.454, 0, 1.4, 0, 0, 
6.35, 18.378, 100.37, 71.71, 72.52, , 11.296, 0.984, 636.988, 636.988, 5.555, 271.582, 271.582, 271.582, 52.026, 92.502, 33.891, 35.851, 7.384, 12.196, 0, 0, 76.282, 77.549, 76.282, 77.549, 1, 107.091, 107.091, 0.024, 0.132, 71.915, 73.11, 71.915, 73.11, 7.029, 7.384, 12.196, , , 1, 6.451, 0, 0, 11.2, 5.555, 198, 0, 0, 0, 88, 18.651, 18.651, 99.278, 97.75, 100, 0, 0, 34.5, 32.5, 100, 4.41, 94.436, 0, 0, 94.436, 108.656, 0, 0, 0, 0, 0, 13.9, 0, 11.2, 0, 5.555, 198, 0, 0, 0, 88, 1, 0.019, 0.019, 99.278, 97.75, 100, 0, 0, 141, 34.5, 32.5, 100, 4.41, 0, 94.436, 0, 0, 94.436, 108.656, 0, 1.4, 0, 0, 
6.4, 18.376, 100.37, 71.71, 72.52, , 11.235, 0.984, 644.771, 644.771, 5.571, 270.153, 270.153, 270.153, 51.975, 93.175, 34.215, 36.103, 7.383, 12.213, 0, 0, 76.274, 77.541, 76.274, 77.541, 1, 107.649, 107.649, 0.024, 0.132, 71.601, 72.792, 71.601, 72.792, 7.051, 7.383, 12.213, , , 1, 6.501, 0, 0, 11.2, 5.571, 198, 0, 0, 0, 88, 18.697, 18.697, 99.083, 97.75, 100, 0, 0, 34.5, 32.5, 100, 4.41, 94.599, 0, 0, 94.599, 108.859, 0, 0, 0, 0, 0, 13.9, 0, 11.2, 0, 5.571, 198, 0, 0, 0, 88, 1, 0.019, 0.019, 99.083, 97.75, 100, 0, 0, 141, 34.5, 32.5, 100, 4.41, 0, 94.599, 0, 0, 94.599, 108.859, 0, 1.4, 0, 0, 
6.45, 18.374, , , 72.52, , 11.133, , 652.555, 652.555, 5.588, 267.765, 267.765, 267.765, 51.893, 89.431, 34.539, 36.355, 7.382, 12.223, 0, 0, 75.985, 77.247, 75.985, 77.247, 1, 108.199, 108.199, 0.025, 0.133, 71.079, 72.261, 71.079, 72.261, 7.082, 7.382, 12.223, , , 1, 6.55, 0, 0, 11.2, 5.588, 198, 0, 0, 0, 88, 18.742, 18.742, 98.888, 97.75, 100, 0, 0, 34.5, 32.5, 100, 4.41, 94.762, 0, 0, 94.762, 109.061, 0, 0, 0, 0, 0, 13.9, 0, 11.2, 0, 5.588, 198, 0, 0, 0, 88, 1, 0.019, 0.019, 98.888, 97.75, 100, 0, 0, 141, 34.5, 32.5, 100, 4.41, 0, 94.762, 0, 0, 94.762, 109.061, 0, 1.4, 0, 0, 
6.5, 18.373, , , 72.52, , 11.037, , 660.402, 660.402, 5.604, 265.507, 265.507, 265.507, 51.78, 85.686, 34.863, 36.607, 7.381, 12.198, 0, 0, 75.726, 76.984, 75.726, 76.984, 1, 108.742, 108.742, 0.025, 0.133, 70.637, 71.812, 70.637, 71.812, 7.113, 7.381, 12.198, , , 1, 6.601, 0, 0, 11.2, 5.604, 198, 0, 0, 0, 88, 18.788, 18.788, 98.694, 97.75, 100, 0, 0, 34.5, 32.5, 100, 4.41, 94.925, 0, 0, 94.925, 109.263, 0, 0, 0, 0, 0, 13.9, 0, 11.2, 0, 5.604, 198, 0, 0, 0, 88, 1, 0.019, 0.019, 98.694, 97.75, 100, 0, 0, 141, 34.5, 32.5, 100, 4.41, 0, 94.925, 0, 0, 94.925, 109.263, 0, 1.4, 0, 0, 
6.55, 18.371, , , 72.52, , 10.949, , 668.293, 668.293, 5.617, 263.423, 263.423, 263.423, 51.631, 81.942, 35.187, 36.859, 7.38, 12.167, 0, 0, 75.507, 76.761, 75.507, 76.761, 1, 109.289, 109.289, 0.025, 0.133, 70.282, 71.449, 70.282, 71.449, 7.143, 7.38, 12.167, , , 1, 6.651, 0, 0.015, 11.2, 5.617, 198, 0, 0, 0, 88, 18.81, 18.81, 98.6, 97.704, 100, 0, 0, 34.52, 32.52, 100, 4.41, 95.105, 0, 0, 95.105, 109.436, 0, 0, 0, 0, 0, 13.9, 0.015, 11.2, 0, 5.617, 198, 0, 0, 0, 88, 1, 0.019, 0.019, 98.6, 97.704, 100, 0, 0, 141, 34.52, 32.52, 100, 4.41, 0, 95.105, 0, 0, 95.105, 109.436, 0, 1.4, 0, 0, 
6.6, 18.369, , , 72.52, , 10.826, , 676.216, 676.216, 5.628, 260.537, 260.537, 260.537, 51.476, 78.197, 35.4, 36.899, 7.38, 12.116, 0, 0, 75.045, 76.291, 75.045, 76.291, 1, 109.831, 109.831, 0.025, 0.133, 69.719, 70.876, 69.719, 70.876, 7.182, 7.38, 12.116, , , 1, 6.701, 0, 0.042, 11.2, 5.628, 198, 0, 0, 0, 88, 18.81, 18.81, 98.6, 97.618, 100, 0, 0, 34.559, 32.559, 100, 4.41, 95.299, 0, 0, 95.299, 109.581, 0, 0, 0, 0, 0, 13.9, 0.042, 11.2, 0, 5.628, 198, 0, 0, 0, 88, 1, 0.019, 0.019, 98.6, 97.618, 100, 0, 0, 141, 34.559, 32.559, 100, 4.41, 0, 95.3, 0, 0, 95.299, 109.581, 0, 1.4, 0, 0, 
6.65, 18.367, , , 72.52, , 10.71, , 684.235, 684.235, 5.639, 257.795, 257.795, 257.795, 51.328, 74.453, 35.328, 36.397, 7.38, 12.061, 0, 0, 74.619, 75.858, 74.619, 75.858, 1, 110.357, 110.357, 0.025, 0.133, 69.188, 70.338, 69.188, 70.338, 7.225, 7.38, 12.061, , , 1, 6.751, 0, 0.069, 11.2, 5.639, 198, 0, 0, 0, 88, 18.81, 18.81, 98.6, 97.532, 100, 0, 0, 34.598, 32.598, 100, 4.41, 95.494, 0, 0, 95.494, 109.727, 0, 0, 0, 0, 0, 13.9, 0.069, 11.2, 0, 5.639, 198, 0, 0, 0, 88, 1, 0.019, 0.019, 98.6, 97.532, 100, 0, 0, 141, 34.598, 32.598, 100, 4.41, 0, 95.495, 0, 0, 95.494, 109.727, 0, 1.4, 0, 0, 
6.7, 18.365, , , 72.52, , 10.583, , 692.287, 692.287, 5.65, 254.801, 254.801, 254.801, 51.182, 70.708, 35.256, 35.895, 7.38, 12.008, 0, 0, 74.104, 75.334, 74.104, 75.334, 1, 110.886, 110.886, 0.025, 0.133, 68.578, 69.719, 68.578, 69.719, 7.269, 7.38, 12.008, , , 1, 6.8, 0, 0.096, 11.2, 5.65, 198, 0, 0, 0, 88, 18.81, 18.81, 98.6, 97.446, 100, 0, 0, 34.637, 32.637, 100, 4.41, 95.688, 0, 0, 95.688, 109.873, 0, 0, 0, 0, 0, 13.9, 0.096, 11.2, 0, 5.65, 198, 0, 0, 0, 88, 1, 0.019, 0.019, 98.6, 97.446, 100, 0, 0, 141, 34.637, 32.637, 100, 4.41, 0, 95.689, 0, 0, 95.688, 109.873, 0, 1.4, 0, 0, 
6.75, 18.363, , , 72.52, , 9.876, , 700.339, 700.339, 5.661, 238.045, 238.045, 238.045, 51.045, 66.964, 35.185, 35.393, 7.38, 11.954, 0, 0, 69.51, 70.663, 69.51, 70.663, 1, 111.397, 111.397, 0.025, 0.133, 64.22, 65.288, 64.22, 65.288, 7.312, 7.38, 11.954, , , 1, 6.851, 0, 0.124, 11.2, 5.661, 198, 0, 0, 0, 88, 18.81, 18.81, 98.6, 97.36, 100, 0, 0, 34.676, 32.676, 100, 4.41, 95.883, 0, 0, 95.883, 110.018, 0, 0, 0, 0, 0, 13.9, 0.124, 11.2, 0, 5.661, 198, 0, 0, 0, 88, 1, 0.019, 0.019, 98.6, 97.36, 100, 0, 0, 141, 34.676, 32.676, 100, 4.41, 0, 95.884, 0, 0, 95.883, 110.018, 0, 1.4, 0, 0, 
6.8, 18.361, , , 72.52, , 7.291, , 708.391, 708.391, 5.672, 176.744, 176.744, 176.744, 50.945, 63.219, 35.113, 34.891, 7.38, 11.881, 0, 0, 51.704, 52.563, 51.704, 52.563, 1, 111.83, 111.83, 0.025, 0.133, 47.74, 48.534, 47.74, 48.534, 7.343, 7.38, 11.881, , , 1, 6.901, 0, 0.151, 11.2, 5.672, 198, 0, 0, 0, 88, 18.81, 18.81, 98.6, 97.274, 100, 0, 0, 34.715, 32.715, 100, 4.41, 96.077, 0, 0, 96.077, 110.164, 0, 0, 0, 0, 0, 13.9, 0.151, 11.2, 0, 5.672, 198, 0, 0, 0, 88, 1, 0.019, 0.019, 98.6, 97.274, 100, 0, 0, 141, 34.715, 32.715, 100, 4.41, 0, 96.079, 0, 0, 96.077, 110.164, 0, 1.4, 0, 0, 
6.85, , , , , , 3.178, , 716.511, 716.511, 5.683, 79.186, 79.186, 79.186, 50.92, 59.475, 35.069, 34.576, 7.38, 11.803, 0, 0, 23.171, 23.556, 23.171, 23.556, 1, 112.101, 112.101, 0.025, 0.132, 21.462, 21.82, 21.462, 21.82, 7.368, 7.38, 11.803, , , 1, 6.95, 0, 0.178, 11.2, 5.683, 198, 0, 0, 0, 88, 18.81, 18.81, 98.6, 97.188, 100, 0, 0, 34.754, 32.754, 100, 4.41, 96.271, 0, 0, 96.271, 110.31, 0, 0, 0, 0, 0, 13.9, 0.178, 11.2, 0, 5.683, 198, 0, 0, 0, 88, 1, 0.019, 0.019, 98.6, 97.188, 100, 0, 0, 141, 34.754, 32.754, 100, 4.41, 0, 96.273, 0, 0, 96.271, 110.31, 0, 1.4, 0, 0, 
6.9, , , , , , -0.971, , 724.684, 724.684, 5.694, -19.256, -19.256, -19.256, 50.997, 55.73, 35.106, 34.793, 7.38, 11.713, 0, 0, -5.625, -5.719, -5.625, -5.719, 1, 112.148, 112.148, 0.025, 0.132, -5.009, -5.092, -5.009, -5.092, 7.393, 7.38, 11.713, , , 1, 7.001, 0, 0.206, 11.2, 5.694, 198, 0, 0, 0, 88, 18.81, 18.81, 98.6, 97.102, 100, 0, 0, 34.793, 32.793, 100, 4.41, 96.466, 0, 0, 96.466, 110.455, 0, 0, 0, 0, 0, 13.9, 0.206, 11.2, 0, 5.694, 198, 0, 0, 0, 88, 1, 0.019, 0.019, 98.6, 97.102, 100, 0, 0, 141, 34.793, 32.793, 100, 4.41, 0, 96.468, 0, 0, 96.466, 110.455, 0, 1.4, 0, 0, 
6.95, , , , , , -4.331, , 732.868, 732.868, 5.705, -98.954, -98.954, -98.954, 51.043, 51.985, 35.142, 35.01, 7.38, 11.62, 0, 0, -28.976, -29.458, -28.976, -29.458, 1, 112.056, 112.056, 0.025, 0.132, -26.463, -26.902, -26.463, -26.902, 7.418, 7.38, 11.62, , , 1, 7.049, 0, 0.233, 11.2, 5.705, 198, 0, 0, 0, 88, 18.81, 18.81, 98.6, 97.016, 100, 0, 0, 34.832, 32.832, 100, 4.41, 96.66, 0, 0, 96.66, 110.601, 0, 0, 0, 0, 0, 13.9, 0.233, 11.2, 0, 5.705, 198, 0, 0, 0, 88, 1, 0.019, 0.019, 98.6, 97.016, 100, 0, 0, 141, 34.832, 32.832, 100, 4.41, 0, 96.663, 0, 0, 96.66, 110.601, 0, 1.4, 0, 0, 
7, , , , , , -7.836, , 737.193, 737.193, 5.716, -182.116, -182.116, -182.116, 51.121, 55.397, 35.178, 35.227, 7.38, 11.551, 0, 0, -53.432, -54.319, -53.432, -54.319, 1, 111.972, 111.972, , , -48.909, -49.722, -48.909, -49.722, , 7.38, 11.551, , , 1, 7.074, 0, 0.26, 11.2, 5.716, 198, 0, 0, 0, 88, 18.81, 18.81, 98.6, 96.93, 100, 0, 0, 34.871, 32.871, 100, 4.41, 96.855, 0, 0, 96.855, 110.746, 0, 0, 0, 0, 0, 13.9, 0.26, 11.2, 0, 5.716, 198, 0, 0, 0, 88, 1, 0.019, 0.019, 98.6, 96.93, 100, 0, 0, 141, 34.871, 32.871, 100, 4.41, 0, 96.857, 0, 0, 96.855, 110.746, 0, 1.4, 0, 0, 
7.05, , , , , , -10.361, , 741.279, 741.279, 5.727, -242.03, -242.03, -242.03, 51.259, , 35.214, 35.444, 7.38, 11.492, 0, 0, -70.989, -72.169, -70.989, -72.169, 1, 111.765, 111.765, , , -64.975, -66.054, -64.975, -66.054, , 7.38, 11.492, , , 1, 7.099, 0, 0.287, 11.2, 5.727, 198, 0, 0, 0, 88, 18.81, 18.81, 98.6, 96.844, 100, 0, 0, 34.91, 32.91, 100, 4.41, 97.049, 0, 0, 97.049, 110.892, 0, 0, 0, 0, 0, 13.9, 0.287, 11.2, 0, 5.727, 198, 0, 0, 0, 88, 1, 0.019, 0.019, 98.6, 96.844, 100, 0, 0, 141, 34.91, 32.91, 100, 4.41, 0, 97.052, 0, 0, 97.049, 110.892, 0, 1.4, 0, 0, 
7.1, , , , , , -10.549, , 745.365, 745.365, 5.738, -246.495, -246.495, -246.495, 51.441, , , , 7.38, 11.44, 0, 0, -72.143, -73.344, -72.143, -73.344, 1, 111.483, 111.483, , , -65.977, -67.072, -65.977, -67.072, , 7.38, 11.44, , , , 7.124, 0, 0.315, 11.2, 5.738, 198, 0, 0, 0, 88, 18.81, 18.81, 98.6, 96.758, 100, 0, 0, 34.949, 32.949, 100, 4.41, 97.243, 0, 0, 97.243, 111.038, 0, 0, 0, 0, 0, 13.9, 0.315, 11.2, 0, 5.738, 198, 0, 0, 0, 88, 1, 0.019, 0.019, 98.6, 96.758, 100, 0, 0, 141, 34.949, 32.949, 100, 4.41, 0, 97.247, 0, 0, 97.243, 111.038, 0, 1.4, 0, 0, 
7.15, , , , , , -9.556, , 749.454, 749.454, 5.749, -222.953, -222.953, -222.953, , , , , 7.38, 11.391, 0, 0, -65.09, -66.172, -65.09, -66.172, 1, 111.23, 111.23, , , -59.463, -60.445, -59.463, -60.445, , 7.38, 11.391, , , , , 0, 0.342, 11.2, 5.749, 198, 0, 0, 0, 88, 18.81, 18.81, 98.6, 96.672, 100, 0, 0, 34.988, 32.988, 100, 4.41, 97.438, 0, 0, 97.438, 111.183, 0, 0, 0, 0, 0, 13.9, 0.342, 11.2, 0, 5.749, 198, 0, 0, 0, 88, 1, 0.019, 0.019, 98.6, 96.672, 100, 0, 0, 141, 34.988, 32.988, 100, 4.41, 0, 97.442, 0, 0, 97.438, 111.183, 0, 1.4, 0, 0, 
