Time, (DWRT ATMO) Humidity, (DWRT ATMO) Pressure, (DWRT ATMO) Temperature 1, (DWRT ATMO) Temperature 2, (DWRT CPU) ????????????????????????????????????????????????????????????????, (DWRT CPU) Acceleration, (DWRT CPU) Correction Factor, (DWRT CPU) Distance, (DWRT CPU) Distance 1, (DWRT CPU) Engine RPM, (DWRT CPU) Force, (DWRT CPU) Force 1, (DWRT CPU) Force Drum 1, (DWRT CPU) Gear Ratio, (DWRT CPU) Inductive 1 Signal Strength, (DWRT CPU) Internal Temp 1, (DWRT CPU) Internal Temp 2, (DWRT CPU) LC1 Volts Petrol AFR, (DWRT CPU) LC2 Volts Petrol AFR2, (DWRT CPU) Link 0 Status, (DWRT CPU) Link 1 Status, (DWRT CPU) Power, (DWRT CPU) Power (uncorrected), (DWRT CPU) Power Drum 1, (DWRT CPU) Power Drum 1 (uncorrected), (DWRT CPU) Sampling, (DWRT CPU) Speed, (DWRT CPU) Speed 1, (DWRT CPU) TCP RX kB/s, (DWRT CPU) TCP TX kB/s, (DWRT CPU) Torque, (DWRT CPU) Torque (uncorrected), (DWRT CPU) Torque Drum 1, (DWRT CPU) Torque Drum 1 (uncorrected), (DWRT CPU) UDP RX kB/s, (DWRT CPU) User Analog 1, (DWRT CPU) User Analog 2, (DWRT CPU) User Analog 3, (DWRT CPU) User Analog 4, (Gen) Sampling, (Gen) Sampling Duration, (Harley - ECU Type 14 SW Level 141) Accel Enrichment, (Harley - ECU Type 14 SW Level 141) Decel Enleanment, (Harley - ECU Type 14 SW Level 141) Desired Air/Fuel, (Harley - ECU Type 14 SW Level 141) Engine Speed, (Harley - ECU Type 14 SW Level 141) Engine Temperature, (Harley - ECU Type 14 SW Level 141) Front Adaptive Fuel Factor, (Harley - ECU Type 14 SW Level 141) Front Closed Loop Integrator, (Harley - ECU Type 14 SW Level 141) Front Spark Knock Retard, (Harley - ECU Type 14 SW Level 141) Idle Air Control Motor Position, (Harley - ECU Type 14 SW Level 141) Injector Time Front, (Harley - ECU Type 14 SW Level 141) Injector Time Rear, (Harley - ECU Type 14 SW Level 141) Intake Air Temperature, (Harley - ECU Type 14 SW Level 141) Manifold Absolute Pressure, (Harley - ECU Type 14 SW Level 141) Rear Adaptive Fuel Factor, (Harley - ECU Type 14 SW Level 141) Rear Closed Loop Integrator, (Harley - ECU Type 14 SW Level 141) Rear Spark Knock Retard, (Harley - ECU Type 14 SW Level 141) Spark Advance Front, (Harley - ECU Type 14 SW Level 141) Spark Advance Rear, (Harley - ECU Type 14 SW Level 141) Throttle Position, (Harley - ECU Type 14 SW Level 141) Throttle Position Sensor Voltage, (Harley - ECU Type 14 SW Level 141) VE Front, (Harley - ECU Type 14 SW Level 141) VE New Front, (Harley - ECU Type 14 SW Level 141) VE New Rear, (Harley - ECU Type 14 SW Level 141) VE Rear, (Harley - ECU Type 14 SW Level 141) Vehicle Speed, (Harley - ECU Type 14 SW Level 141) WBO2 AFR Front, (Harley - ECU Type 14 SW Level 141) WBO2 AFR Rear, (PV) Accel Enrichment, (PV) AT Lambda 1, (PV) AT Lambda 2, (PV) Battery Voltage, (PV) Decel Enleanment, (PV) Desired Air/Fuel, (PV) Desired Lambda, (PV) Engine Speed, (PV) Engine Temperature, (PV) Front Adaptive Fuel Factor, (PV) Front Closed Loop Integrator, (PV) Front Spark Knock Retard, (PV) Idle Air Control Motor Position, (PV) Idle Set Speed, (PV) Injector Time Front, (PV) Injector Time Rear, (PV) Intake Air Temperature, (PV) Manifold Absolute Pressure, (PV) Rear Adaptive Fuel Factor, (PV) Rear Closed Loop Integrator, (PV) Rear Spark Knock Retard, (PV) Software Level, (PV) Spark Advance Front, (PV) Spark Advance Rear, (PV) Throttle Position, (PV) Throttle Position Sensor, (PV) Twistgrip Position, (PV) VE Front, (PV) VE New Front, (PV) VE New Rear, (PV) VE Rear, (PV) Vehicle Speed, (PV) Warm-up Fuel AFR (Lambda), (PV) Warm-up Fuel AFR (Ratio), (PV) WBO2 AFR Front, (PV) WBO2 AFR Rear, 
0, , , , , , 0.378, , , , , 10.77, 10.77, 10.77, , , , , , , , , , , , , , , , , , , , , , , , , , , , , , , , , , , , , , , , , , , , , , , , , , , , , , , , , , , , , , , , , , , , , , , , , , , , , , , , , , , , , , , , , , , , 
0.05, , , , , , 0.358, , , , , 10.299, 10.299, 10.299, , , , , , , , , , , , , , 42.666, 42.666, , , , , , , , , , , , 1, 0.033, , , , , , , , , , , , , , , , , , , , , , , , , , , , , , , , , , , , , , , , , , , , , , , , , , , , , , , , , , , , , , , , 
0.1, , , , , , 1.441, , 4.702, 4.702, , 35.997, 35.997, 35.997, , , , , 7.377, 11.391, , , 4.786, 4.86, 4.786, 4.86, , 42.689, 42.689, , , , , , , , 7.377, 11.391, , , 1, 0.098, , , , , , , , , , , , , , , , , , , , , , , , , , , , , , , , , , , , , , , , , , , , , , , , , , , , , , , , , , , , , , , , 
0.15, , , , , , 3.615, , 9.465, 9.465, , 87.564, 87.564, 87.564, , , , , 7.377, 11.406, , , 12.123, 12.314, 12.123, 12.314, , 42.98, 42.98, , , 53.846, 54.708, 53.846, 54.708, , 7.377, 11.406, , , 1, 0.169, , , , , , , , , , , , , , , , , , , , , , , , , , , , , , , , , , , , , , , , , , , , , , , , , , , , , , , , , , , , , , , , 
0.2, , , , , , 5.166, , 15.691, 15.691, 2.237, 124.371, 124.371, 124.371, , , , , 7.377, 11.424, 0, 0, 16.767, 17.032, 16.767, 17.032, 1, 43.451, 43.451, , , 61.394, 62.377, 61.394, 62.377, , 7.377, 11.424, , , 1, 0.258, 0.101, 0, 13.161, 2.237, 196, 0, 0, 0, 58.425, 6.173, 6.131, 113, 37.608, 100, 0, 0, 30.894, 30.913, 6.601, 0.849, 95.51, 0, 0, 104.826, 42.918, 0, 0, 0.101, 0, 0, 13.4, 0, 13.161, 0, 2.237, 196, 0, 0, 0, 58.425, 1, 0.006, 0.006, 113, 37.608, 100, 0, 0, 141, 30.894, 30.913, 6.601, 0.849, 0, 95.51, 0, 0, 104.826, 42.918, 0, 1.4, 0, 0, 
0.25, , , , , , 8.019, , 21.141, 21.141, 2.244, 192.076, 192.076, 192.076, , , , , 7.377, 11.445, 0, 0, 24.067, 24.448, 24.067, 24.448, 1, 44.2, 44.2, 0.025, 0.138, 69.209, 70.315, 69.209, 70.315, 4.814, 7.377, 11.445, , , 1, 0.323, 1.106, 0, 12.775, 2.244, 196, 0, 0, 0, 62.672, 9.907, 9.436, 113, 48.692, 100, 0, 0, 29.832, 30.044, 12.609, 1.139, 95.606, 0, 0, 103.089, 43.399, 0, 0, 1.106, 0, 0, 13.4, 0, 12.775, 0, 2.244, 196, 0, 0, 0, 62.672, 1, 0.01, 0.01, 113, 48.692, 100, 0, 0, 141, 29.832, 30.044, 12.609, 1.139, 0, 95.606, 0, 0, 103.089, 43.399, 0, 1.4, 0, 0, 
0.3, , , , , , 11.833, , 25.814, 25.814, 2.251, 282.574, 282.574, 282.574, 51.474, , 35.24, 35.086, 7.377, 11.405, 0, 0, 33.263, 33.791, 33.263, 33.791, 1, 44.815, 44.815, 0.025, 0.137, 76.82, 78.046, 76.82, 78.046, 4.81, 7.377, 11.405, , , 1, 0.373, 2.112, 0, 12.389, 2.251, 196, 0, 0, 0, 66.919, 13.641, 12.741, 113, 59.775, 100, 0, 0, 28.77, 29.176, 18.616, 1.428, 95.703, 0, 0, 101.351, 43.879, 0, 0, 2.112, 0, 0, 13.4, 0, 12.389, 0, 2.251, 196, 0, 0, 0, 66.919, 1, 0.014, 0.013, 113, 59.775, 100, 0, 0, 141, 28.77, 29.176, 18.616, 1.428, 0, 95.703, 0, 0, 101.351, 43.879, 0, 1.4, 0, 0, 
0.35, , 100.39, 72.5, , , 11.865, 0.984, 29.057, 29.057, 2.258, 283.353, 283.353, 283.353, 50.797, , 35.24, 35.302, 7.377, 11.286, 0, 0, 33.773, 34.31, 33.773, 34.31, 1, 45.392, 45.392, 0.025, 0.137, 77.411, 78.645, 77.411, 78.645, 4.806, 7.377, 11.286, , , 1, 0.423, 3.118, 0, 12.003, 2.258, 196, 0, 0, 0, 71.166, 17.374, 16.046, 113, 70.858, 100, 0, 0, 27.708, 28.307, 24.624, 1.718, 95.799, 0, 0, 99.614, 44.36, 0, 0, 3.118, 0, 0, 13.4, 0, 12.003, 0, 2.258, 196, 0, 0, 0, 71.166, 1, 0.017, 0.016, 113, 70.858, 100, 0, 0, 141, 27.708, 28.307, 24.624, 1.718, 0, 95.799, 0, 0, 99.614, 44.36, 0, 1.4, 0, 0, 
0.4, , 100.389, 72.5, , , 11.938, 0.984, 32.328, 32.328, 2.264, 285.088, 285.088, 285.088, 50.335, , 35.24, 35.518, 7.377, 11.132, 0, 0, 34.408, 34.956, 34.408, 34.956, 1, 45.968, 45.968, 0.025, 0.136, 78.147, 79.393, 78.147, 79.393, 4.803, 7.377, 11.132, , , 1, 0.473, 4.124, 0, 11.617, 2.264, 196, 0, 0, 0, 75.413, 21.108, 19.351, 113, 81.942, 100, 0, 0, 26.647, 27.438, 30.632, 2.007, 95.896, 0, 0, 97.876, 44.841, 0, 0, 4.124, 0, 0, 13.4, 0, 11.617, 0, 2.265, 196, 0, 0, 0, 75.413, 1, 0.021, 0.019, 113, 81.942, 100, 0, 0, 141, 26.647, 27.438, 30.632, 2.007, 0, 95.896, 0, 0, 97.876, 44.841, 0, 1.4, 0, 0, 
0.45, , 100.389, 72.5, , , 12.014, 0.984, 35.625, 35.625, 2.271, 286.9, 286.9, 286.9, 50.222, , 35.24, 35.734, 7.378, 10.929, 0, 0, 35.059, 35.617, 35.059, 35.617, 1, 46.556, 46.556, 0.025, 0.136, 78.79, 80.046, 78.79, 80.046, 4.79, 7.378, 10.929, , , 1, 0.523, 5.13, 0, 11.231, 2.271, 196, 0, 0, 0, 79.66, 24.841, 22.656, 113, 93.025, 100, 0, 0, 25.585, 26.569, 36.64, 2.297, 95.992, 0, 0, 96.139, 45.322, 0, 0, 5.13, 0, 0, 13.4, 0, 11.231, 0, 2.272, 196, 0, 0, 0, 79.66, 1, 0.025, 0.023, 113, 93.025, 100, 0, 0, 141, 25.585, 26.569, 36.64, 2.297, 0, 95.992, 0, 0, 96.139, 45.322, 0, 1.4, 0, 0, 
0.5, , 100.389, 72.5, , , 11.982, 0.984, 38.96, 38.96, 2.301, 286.162, 286.162, 286.162, 50.207, , 35.24, 35.95, 7.378, 10.771, 0, 0, 35.4, 35.964, 35.4, 35.964, 1, 47.139, 47.139, 0.025, 0.136, 78.567, 79.818, 78.567, 79.818, 4.761, 7.378, 10.771, , , 1, 0.574, 4.22, 0, 11.2, 2.301, 196, 0, 0, 0, 80, 23.612, 21.886, 113, 95.261, 100, 0, 0, 25.69, 26.5, 49.185, 2.717, 93.529, 0, 0, 93.719, 45.951, 0, 0, 4.22, 0, 0, 13.4, 0, 11.2, 0, 2.302, 196, 0, 0, 0, 80, 1, 0.023, 0.022, 113, 95.261, 100, 0, 0, 141, 25.69, 26.5, 49.185, 2.717, 0, 93.529, 0, 0, 93.719, 45.951, 0, 1.4, 0, 0, 
0.55, , 100.388, 72.5, , , 11.9, 0.984, 42.334, 42.334, 2.333, 284.225, 284.225, 284.225, 50.249, , 35.244, 36.153, 7.379, 10.679, 0, 0, 35.594, 36.16, 35.594, 36.16, 1, 47.716, 47.716, 0.025, 0.136, 77.975, 79.216, 77.975, 79.216, 4.731, 7.379, 10.679, , , 1, 0.624, 3.143, 0, 11.2, 2.333, 196, 0, 0, 0, 80, 21.951, 20.762, 113, 96.931, 100, 0, 0, 25.897, 26.5, 62.148, 3.149, 90.843, 0, 0, 91.24, 46.594, 0, 0, 3.143, 0, 0, 13.4, 0, 11.2, 0, 2.334, 196, 0, 0, 0, 80, 1, 0.022, 0.021, 113, 96.931, 100, 0, 0, 141, 25.897, 26.5, 62.148, 3.149, 0, 90.843, 0, 0, 91.24, 46.594, 0, 1.4, 0, 0, 
0.6, , 100.388, 72.5, , , 11.851, 0.984, 45.758, 45.758, 2.366, 283.073, 283.073, 283.073, 50.299, , 35.28, 36.261, 7.379, 10.651, 0, 0, 35.884, 36.455, 35.884, 36.455, 1, 48.293, 48.293, 0.025, 0.136, 77.586, 78.822, 77.586, 78.822, 4.701, 7.379, 10.651, , , 1, 0.674, 2.067, 0, 11.2, 2.366, 196, 0, 0, 0, 80, 20.289, 19.638, 113, 98.602, 100, 0, 0, 26.103, 26.5, 75.111, 3.581, 88.157, 0, 0, 88.76, 47.236, 0, 0, 2.067, 0, 0, 13.4, 0, 11.2, 0, 2.366, 196, 0, 0, 0, 80, 1, 0.02, 0.019, 113, 98.602, 100, 0, 0, 141, 26.103, 26.5, 75.111, 3.581, 0, 88.157, 0, 0, 88.76, 47.236, 0, 1.4, 0, 0, 
0.65, , 100.388, 72.5, , , 11.867, 0.984, 49.243, 49.243, 2.398, 283.47, 283.47, 283.47, 50.348, , 35.316, 36.369, 7.38, 10.724, 0, 0, 36.365, 36.943, 36.365, 36.943, 1, 48.878, 48.878, 0.025, 0.136, 77.619, 78.856, 77.619, 78.856, 4.677, 7.38, 10.724, , , 1, 0.724, 0.99, 0, 11.2, 2.398, 196, 0, 0, 0, 80, 18.628, 18.514, 113, 100.273, 100, 0, 0, 26.31, 26.5, 88.074, 4.013, 85.471, 0, 0, 86.281, 47.879, 0, 0, 0.99, 0, 0, 13.4, 0, 11.2, 0, 2.398, 196, 0, 0, 0, 80, 1, 0.019, 0.018, 113, 100.273, 100, 0, 0, 141, 26.31, 26.5, 88.074, 4.013, 0, 85.471, 0, 0, 86.281, 47.879, 0, 1.4, 0, 0, 
0.7, , 100.387, 72.5, , , 11.793, 0.984, 52.728, 52.728, 2.43, 281.724, 281.724, 281.724, 50.399, , 35.352, 36.477, 7.38, 10.842, 0, 0, 36.573, 37.155, 36.573, 37.155, 1, 49.46, 49.46, 0.025, 0.136, 77.062, 78.288, 77.062, 78.288, 4.699, 7.38, 10.842, , , 1, 0.773, 0, 0, 11.2, 2.43, 196, 0, 0, 0, 80, 17.093, 17.474, 113, 101.822, 100, 0, 0, 26.508, 26.516, 100, 4.41, 82.944, 0, 0, 83.96, 48.51, 0, 0, 0, 0, 0, 13.4, 0, 11.2, 0, 2.43, 196, 0, 0, 0, 80, 1, 0.017, 0.017, 113, 101.822, 100, 0, 0, 141, 26.508, 26.516, 100, 4.41, 0, 82.944, 0, 0, 83.96, 48.51, 0, 1.4, 0, 0, 
0.75, , 100.387, 72.5, , , 11.822, 0.984, 56.29, 56.29, 2.462, 282.417, 282.417, 282.417, 50.453, , 35.388, 36.585, 7.379, 11.038, 0, 0, 37.097, 37.688, 37.097, 37.688, 1, 50.034, 50.034, 0.025, 0.137, 77.175, 78.402, 77.175, 78.402, 4.72, 7.379, 11.038, , , 1, 0.823, 0.002, 0, 11.2, 2.462, 196, 0, 0, 0, 80, 17.001, 17.403, 113, 101.969, 100, 0, 0, 26.608, 26.715, 100, 4.414, 82.247, 0, 0, 83.462, 49.004, 0, 0, 0.002, 0, 0, 13.4, 0, 11.2, 0, 2.462, 196, 0, 0, 0, 80, 1, 0.017, 0.017, 113, 101.969, 100, 0, 0, 141, 26.608, 26.715, 100, 4.414, 0, 82.247, 0, 0, 83.462, 49.004, 0, 1.4, 0, 0, 
0.8, 17.67, 100.386, 72.5, 73.2, , 11.846, 0.984, 59.906, 59.906, 2.495, 282.986, 282.986, 282.986, 50.496, , 35.416, 36.649, 7.379, 11.229, 0, 0, 37.599, 38.199, 37.599, 38.199, 1, 50.613, 50.613, 0.025, 0.137, 77.264, 78.493, 77.264, 78.493, 4.742, 7.379, 11.229, , , 1, 0.873, 0.004, 0, 11.2, 2.495, 196, 0, 0, 0, 80, 16.909, 17.331, 113, 102.117, 100, 0, 0, 26.707, 26.914, 100, 4.418, 81.55, 0, 0, 82.964, 49.498, 0, 0, 0.004, 0, 0, 13.4, 0, 11.2, 0, 2.495, 196, 0, 0, 0, 80, 1, 0.017, 0.017, 113, 102.117, 100, 0, 0, 141, 26.707, 26.914, 100, 4.418, 0, 81.55, 0, 0, 82.964, 49.498, 0, 1.4, 0, 0, 
0.85, 17.67, 100.386, 72.5, 73.2, , 11.826, 0.984, 63.563, 63.563, 2.527, 282.52, 282.52, 282.52, 50.528, , 35.382, 36.393, 7.378, 11.408, 0, 0, 37.962, 38.568, 37.962, 38.568, 1, 51.189, 51.189, 0.025, 0.137, 77.084, 78.31, 77.084, 78.31, 4.764, 7.378, 11.408, , , 1, 0.923, 0.006, 0, 11.2, 2.527, 196, 0, 0, 0, 80, 16.818, 17.259, 113, 102.264, 100, 0, 0, 26.807, 27.114, 100, 4.422, 80.853, 0, 0, 82.466, 49.992, 0, 0, 0.006, 0, 0, 13.4, 0, 11.2, 0, 2.527, 196, 0, 0, 0, 80, 1, 0.017, 0.017, 113, 102.264, 100, 0, 0, 141, 26.807, 27.114, 100, 4.422, 0, 80.853, 0, 0, 82.466, 49.992, 0, 1.4, 0, 0, 
0.9, 17.67, 100.386, 72.5, 73.2, , 11.86, 0.984, 67.269, 67.269, 2.559, 283.359, 283.359, 283.359, 50.551, , 35.347, 36.136, 7.378, 11.562, 0, 0, 38.509, 39.123, 38.509, 39.123, 1, 51.772, 51.772, 0.025, 0.137, 77.277, 78.504, 77.277, 78.504, 4.787, 7.378, 11.562, , , 1, 0.973, 0.008, 0, 11.2, 2.559, 196, 0, 0, 0, 80, 16.726, 17.187, 113, 102.411, 100, 0, 0, 26.906, 27.313, 100, 4.426, 80.155, 0, 0, 81.968, 50.486, 0, 0, 0.008, 0, 0, 13.4, 0, 11.2, 0, 2.559, 196, 0, 0, 0, 80, 1, 0.017, 0.017, 113, 102.411, 100, 0, 0, 141, 26.906, 27.313, 100, 4.426, 0, 80.155, 0, 0, 81.968, 50.486, 0, 1.4, 0, 0, 
0.95, 17.67, 100.385, 72.5, 73.2, , 11.909, 0.984, 72.606, 72.606, 2.592, 284.535, 284.535, 284.535, 50.565, , 35.313, 35.879, 7.377, 11.667, 0, 0, 39.105, 39.728, 39.105, 39.728, 1, 52.433, 52.433, 0.025, 0.138, 77.577, 78.81, 77.577, 78.81, 4.81, 7.377, 11.667, , , 1, 1.023, 0.01, 0, 11.2, 2.592, 196, 0, 0, 0, 80, 16.639, 17.119, 112.979, 102.554, 100, 0, 0, 27, 27.506, 100, 4.43, 79.483, 0, 0, 81.488, 50.993, 0, 0, 0.01, 0, 0, 13.4, 0, 11.2, 0, 2.592, 196, 0, 0, 0, 80, 1, 0.017, 0.017, 112.979, 102.554, 100, 0, 0, 141, 27, 27.506, 100, 4.43, 0, 79.482, 0, 0, 81.488, 50.993, 0, 1.4, 0, 0, 
1, 17.67, 100.385, 72.5, 73.2, , 11.926, 0.984, 77.092, 77.092, 2.622, 284.953, 284.953, 284.953, 50.576, , 35.279, 35.623, 7.377, 11.756, 0, 0, 39.735, 40.367, 39.735, 40.367, 1, 53.296, 53.296, 0.025, 0.138, 77.673, 78.909, 77.673, 78.909, 4.833, 7.377, 11.756, , , 1, 1.073, 0.008, 0, 11.2, 2.622, 196, 0, 0, 0, 80, 16.615, 17.106, 112.63, 102.626, 100, 0, 0, 27, 27.603, 100, 4.43, 79.192, 0, 0, 81.295, 51.716, 0, 0, 0.008, 0, 0, 13.4, 0, 11.2, 0, 2.622, 196, 0, 0, 0, 80, 1, 0.017, 0.017, 112.63, 102.626, 100, 0, 0, 141, 27, 27.603, 100, 4.43, 0, 79.191, 0, 0, 81.295, 51.716, 0, 1.4, 0, 0, 
1.05, 17.67, 100.385, 72.5, 73.2, , 11.95, 0.984, 80.92, 80.92, 2.653, 285.522, 285.522, 285.522, 50.583, , 35.245, 35.366, 7.377, 11.811, 0, 0, 40.38, 41.022, 40.38, 41.022, 1, 53.876, 53.876, 0.025, 0.138, 77.815, 79.053, 77.815, 79.053, 4.856, 7.377, 11.811, , , 1, 1.123, 0.006, 0, 11.2, 2.653, 196, 0, 0, 0, 80, 16.592, 17.092, 112.281, 102.698, 100, 0, 0, 27, 27.7, 100, 4.43, 78.901, 0, 0, 81.101, 52.439, 0, 0, 0.006, 0, 0, 13.4, 0, 11.2, 0, 2.653, 196, 0, 0, 0, 80, 1, 0.017, 0.017, 112.281, 102.698, 100, 0, 0, 141, 27, 27.7, 100, 4.43, 0, 78.899, 0, 0, 81.101, 52.439, 0, 1.4, 0, 0, 
1.1, 17.67, 100.384, 72.5, 73.2, , 12.009, 0.984, 84.772, 84.772, 2.683, 286.955, 286.955, 286.955, 50.591, , 35.207, 35.379, 7.377, 11.862, 0, 0, 41.021, 41.674, 41.021, 41.674, 1, 54.461, 54.461, 0.025, 0.138, 78.195, 79.44, 78.195, 79.44, 4.869, 7.377, 11.862, , , 1, 1.173, 0.004, 0, 11.2, 2.683, 196, 0, 0, 0, 80, 16.569, 17.078, 111.933, 102.77, 100, 0, 0, 27, 27.797, 100, 4.43, 78.61, 0, 0, 80.907, 53.162, 0, 0, 0.004, 0, 0, 13.4, 0, 11.2, 0, 2.683, 196, 0, 0, 0, 80, 1, 0.017, 0.017, 111.933, 102.77, 100, 0, 0, 141, 27, 27.797, 100, 4.43, 0, 78.607, 0, 0, 80.907, 53.162, 0, 1.4, 0, 0, 
1.15, 17.67, 100.384, 72.5, 73.2, , 12.062, 0.984, 88.729, 88.729, 2.713, 288.222, 288.222, 288.222, 50.598, , 35.169, 35.436, 7.377, 11.899, 0, 0, 41.648, 42.312, 41.648, 42.312, 1, 55.045, 55.045, 0.025, 0.138, 78.53, 79.782, 78.53, 79.782, 4.878, 7.377, 11.899, , , 1, 1.223, 0.002, 0, 11.2, 2.713, 196, 0, 0, 0, 80, 16.546, 17.065, 111.584, 102.842, 100, 0, 0, 27, 27.893, 100, 4.43, 78.32, 0, 0, 80.713, 53.885, 0, 0, 0.002, 0, 0, 13.4, 0, 11.2, 0, 2.713, 196, 0, 0, 0, 80, 1, 0.017, 0.017, 111.584, 102.842, 100, 0, 0, 141, 27, 27.893, 100, 4.43, 0, 78.315, 0, 0, 80.713, 53.885, 0, 1.4, 0, 0, 
1.2, 17.67, 100.383, 72.5, 73.2, , 12.089, 0.984, 92.687, 92.687, 2.744, 288.863, 288.863, 288.863, 50.605, , 35.131, 35.493, 7.377, 11.937, 0, 0, 42.187, 42.859, 42.187, 42.859, 1, 55.629, 55.629, 0.025, 0.138, 78.696, 79.951, 78.696, 79.951, 4.888, 7.377, 11.937, , , 1, 1.273, 0, 0, 11.2, 2.744, 196, 0, 0, 0, 80, 16.522, 17.051, 111.235, 102.914, 100, 0, 0, 27, 27.99, 100, 4.43, 78.029, 0, 0, 80.519, 54.608, 0, 0, 0, 0, 0, 13.4, 0, 11.2, 0, 2.744, 196, 0, 0, 0, 80, 1, 0.017, 0.017, 111.235, 102.914, 100, 0, 0, 141, 27, 27.99, 100, 4.43, 0, 78.023, 0, 0, 80.519, 54.608, 0, 1.4, 0, 0, 
1.25, 17.67, 100.383, 72.5, 73.2, , 12.158, 0.984, 96.645, 96.645, 2.789, 290.511, 290.511, 290.511, 50.613, , 35.093, 35.55, 7.378, 11.976, 0, 0, 42.878, 43.562, 42.878, 43.562, 1, 56.219, 56.219, 0.025, 0.137, 79.129, 80.392, 79.129, 80.392, 4.897, 7.378, 11.976, , , 1, 1.323, 0, 0, 11.2, 2.789, 196, 0, 0, 0, 80, 16.577, 17.134, 111.044, 102.92, 100, 0, 0, 27.13, 28.13, 100, 4.428, 78.304, 0, 0, 80.934, 55.487, 0, 0, 0, 0, 0, 13.4, 0, 11.2, 0, 2.789, 196, 0, 0, 0, 80, 1, 0.017, 0.017, 111.044, 102.92, 100, 0, 0, 141, 27.13, 28.13, 100, 4.428, 0, 78.31, 0, 0, 80.934, 55.487, 0, 1.4, 0, 0, 
1.3, 17.67, 100.383, 72.5, 73.2, , 12.219, 0.984, 100.692, 100.692, 2.836, 291.984, 291.984, 291.984, 50.63, , 35.077, 35.613, 7.378, 12.013, 0, 0, 43.55, 44.244, 43.55, 44.244, 1, 56.821, 56.821, 0.025, 0.137, 79.503, 80.773, 79.503, 80.773, 4.905, 7.378, 12.013, , , 1, 1.373, 0, 0, 11.2, 2.836, 196, 0, 0, 0, 80, 16.641, 17.227, 110.871, 102.92, 100, 0, 0, 27.274, 28.274, 100, 4.426, 78.642, 0, 0, 81.417, 56.383, 0, 0, 0, 0, 0, 13.4, 0, 11.2, 0, 2.836, 196, 0, 0, 0, 80, 1, 0.017, 0.017, 110.871, 102.92, 100, 0, 0, 141, 27.274, 28.274, 100, 4.426, 0, 78.646, 0, 0, 81.417, 56.383, 0, 1.4, 0, 0, 
1.35, 17.67, 100.382, 72.5, 73.2, , 12.281, 0.984, 104.788, 104.788, 2.883, 293.459, 293.459, 293.459, 50.656, , 35.221, 35.721, 7.379, 12.038, 0, 0, 44.228, 44.934, 44.228, 44.934, 1, 57.409, 57.409, 0.025, 0.137, 79.865, 81.141, 79.865, 81.141, 4.911, 7.379, 12.038, , , 1, 1.423, 0, 0, 11.2, 2.883, 196, 0, 0, 0, 80, 16.704, 17.32, 110.698, 102.92, 100, 0, 0, 27.418, 28.418, 100, 4.424, 78.98, 0, 0, 81.9, 57.279, 0, 0, 0, 0, 0, 13.4, 0, 11.2, 0, 2.883, 196, 0, 0, 0, 80, 1, 0.017, 0.017, 110.698, 102.92, 100, 0, 0, 141, 27.418, 28.418, 100, 4.424, 0, 78.983, 0, 0, 81.9, 57.279, 0, 1.4, 0, 0, 
1.4, 17.67, 100.382, 72.5, 73.2, , 12.349, 0.984, 108.911, 108.911, 2.93, 295.081, 295.081, 295.081, 50.689, , 35.365, 35.829, 7.379, 12.061, 0, 0, 44.938, 45.656, 44.938, 45.656, 1, 58.013, 58.013, 0.025, 0.137, 80.253, 81.535, 80.253, 81.535, 4.918, 7.379, 12.061, , , 1, 1.473, 0, 0, 11.2, 2.93, 196, 0, 0, 0, 80, 16.768, 17.414, 110.525, 102.92, 100, 0, 0, 27.562, 28.562, 100, 4.422, 79.318, 0, 0, 82.382, 58.175, 0, 0, 0, 0, 0, 13.4, 0, 11.2, 0, 2.93, 196, 0, 0, 0, 80, 1, 0.017, 0.017, 110.525, 102.92, 100, 0, 0, 141, 27.562, 28.562, 100, 4.422, 0, 79.319, 0, 0, 82.382, 58.175, 0, 1.4, 0, 0, 
1.45, 17.67, 100.381, 72.5, 73.2, , 12.413, 0.984, 113.081, 113.081, 2.977, 296.611, 296.611, 296.611, 50.733, , 35.509, 35.937, 7.38, 12.076, 0, 0, 45.646, 46.375, 45.646, 46.375, 1, 58.617, 58.617, 0.025, 0.136, 80.6, 81.888, 80.6, 81.888, 4.924, 7.38, 12.076, , , 1, 1.523, 0, 0, 11.2, 2.977, 196, 0, 0, 0, 80, 16.831, 17.507, 110.352, 102.92, 100, 0, 0, 27.707, 28.707, 100, 4.421, 79.655, 0, 0, 82.865, 59.071, 0, 0, 0, 0, 0, 13.4, 0, 11.2, 0, 2.977, 196, 0, 0, 0, 80, 1, 0.017, 0.017, 110.352, 102.92, 100, 0, 0, 141, 27.707, 28.707, 100, 4.421, 0, 79.656, 0, 0, 82.865, 59.071, 0, 1.4, 0, 0, 
1.5, 17.67, 100.381, 72.5, 73.2, , 12.486, 0.984, 117.269, 117.269, 3.003, 298.367, 298.367, 298.367, 50.781, , 35.653, 36.045, 7.38, 12.09, 0, 0, 46.392, 47.134, 46.392, 47.134, 1, 59.225, 59.225, 0.025, 0.136, 81.001, 82.294, 81.001, 82.294, 4.93, 7.38, 12.09, , , 1, 1.573, 0, 0, 11.2, 3.003, 196, 0, 0, 0, 80, 16.849, 17.525, 110.168, 102.92, 100, 0, 0, 27.787, 28.787, 100, 4.419, 79.788, 0, 0, 83.075, 59.567, 0, 0, 0, 0, 0, 13.4, 0, 11.2, 0, 3.003, 196, 0, 0, 0, 80, 1, 0.017, 0.017, 110.168, 102.92, 100, 0, 0, 141, 27.787, 28.787, 100, 4.419, 0, 79.788, 0, 0, 83.075, 59.567, 0, 1.4, 0, 0, 
1.55, 17.67, 100.381, 72.5, 73.2, , 12.604, 0.984, 121.59, 121.59, 3.021, 301.171, 301.171, 301.171, 50.822, , 35.745, 36.131, 7.379, 12.102, 0, 0, 47.314, 48.073, 47.314, 48.073, 1, 59.842, 59.842, 0.025, 0.136, 81.696, 82.998, 81.696, 82.998, 4.932, 7.379, 12.102, , , 1, 1.623, 0, 0, 11.2, 3.021, 196, 0, 0, 0, 80, 16.846, 17.512, 109.98, 102.92, 100, 0, 0, 27.839, 28.839, 100, 4.416, 79.84, 0, 0, 83.179, 59.891, 0, 0, 0, 0, 0, 13.4, 0, 11.2, 0, 3.021, 196, 0, 0, 0, 80, 1, 0.017, 0.017, 109.98, 102.92, 100, 0, 0, 141, 27.839, 28.839, 100, 4.416, 0, 79.84, 0, 0, 83.179, 59.891, 0, 1.4, 0, 0, 
1.6, 17.67, 100.38, 72.5, 73.2, , 12.688, 0.984, 125.835, 125.835, 3.038, 303.187, 303.187, 303.187, 50.853, , 35.457, 36.059, 7.379, 12.116, 0, 0, 48.126, 48.895, 48.126, 48.895, 1, 60.462, 60.462, 0.025, 0.136, 82.192, 83.502, 82.192, 83.502, 4.934, 7.379, 12.116, , , 1, 1.673, 0, 0, 11.2, 3.038, 196, 0, 0, 0, 80, 16.844, 17.498, 109.792, 102.92, 100, 0, 0, 27.891, 28.891, 100, 4.414, 79.892, 0, 0, 83.283, 60.216, 0, 0, 0, 0, 0, 13.4, 0, 11.2, 0, 3.038, 196, 0, 0, 0, 80, 1, 0.017, 0.017, 109.792, 102.92, 100, 0, 0, 141, 27.891, 28.891, 100, 4.414, 0, 79.892, 0, 0, 83.283, 60.216, 0, 1.4, 0, 0, 
1.65, 17.67, 100.38, 72.5, 73.2, , 12.784, 0.984, 130.231, 130.231, 3.055, 305.487, 305.487, 305.487, 50.873, , 35.169, 35.987, 7.379, 12.146, 0, 0, 48.985, 49.767, 48.985, 49.767, 1, 61.082, 61.082, 0.025, 0.136, 82.783, 84.102, 82.783, 84.102, 4.936, 7.379, 12.146, , , 1, 1.723, 0, 0, 11.2, 3.055, 196, 0, 0, 0, 80, 16.842, 17.485, 109.603, 102.92, 100, 0, 0, 27.944, 28.944, 100, 4.412, 79.944, 0, 0, 83.388, 60.54, 0, 0, 0, 0, 0, 13.4, 0, 11.2, 0, 3.055, 196, 0, 0, 0, 80, 1, 0.017, 0.017, 109.603, 102.92, 100, 0, 0, 141, 27.944, 28.944, 100, 4.412, 0, 79.944, 0, 0, 83.388, 60.54, 0, 1.4, 0, 0, 
1.7, 17.67, 100.38, 72.5, 73.2, , 12.895, 0.984, 134.637, 134.637, 3.073, 308.118, 308.118, 308.118, 50.881, , 34.881, 35.915, 7.378, 12.177, 0, 0, 49.918, 50.715, 49.918, 50.715, 1, 61.708, 61.708, 0.025, 0.135, 83.483, 84.813, 83.483, 84.813, 4.939, 7.378, 12.177, , , 1, 1.773, 0, 0, 11.2, 3.073, 196, 0, 0, 0, 80, 16.84, 17.471, 109.415, 102.92, 100, 0, 0, 27.996, 28.996, 100, 4.41, 79.996, 0, 0, 83.492, 60.864, 0, 0, 0, 0, 0, 13.4, 0, 11.2, 0, 3.073, 196, 0, 0, 0, 80, 1, 0.017, 0.017, 109.415, 102.92, 100, 0, 0, 141, 27.996, 28.996, 100, 4.41, 0, 79.996, 0, 0, 83.492, 60.864, 0, 1.4, 0, 0, 
1.75, 17.67, 100.38, 72.5, 73.2, , 13.007, 0.984, 139.112, 139.112, 3.121, 310.797, 310.797, 310.797, 50.88, , 34.593, 35.843, 7.378, 12.221, 0, 0, 50.867, 51.68, 50.867, 51.68, 1, 62.348, 62.348, 0.025, 0.136, 84.213, 85.554, 84.213, 85.554, 4.941, 7.378, 12.221, , , 1, 1.823, 0, 0, 11.2, 3.121, 196, 0, 0, 0, 80, 16.835, 17.456, 109.082, 102.92, 100, 0, 0, 28.133, 29, 100, 4.414, 80, 0, 0, 83.367, 61.825, 0, 0, 0, 0, 0, 13.4, 0, 11.2, 0, 3.121, 196, 0, 0, 0, 80, 1, 0.017, 0.017, 109.082, 102.92, 100, 0, 0, 141, 28.133, 29, 100, 4.414, 0, 80, 0, 0, 83.367, 61.825, 0, 1.4, 0, 0, 
1.8, 17.67, 100.38, 72.5, 73.2, , 13.128, 0.984, 143.602, 143.602, 3.17, 313.68, 313.68, 313.68, 50.884, , 34.366, 35.771, 7.377, 12.266, 0, 0, 51.87, 52.698, 51.87, 52.698, 1, 62.986, 62.986, 0.025, 0.136, 84.985, 86.339, 84.985, 86.339, 4.943, 7.377, 12.266, , , 1, 1.873, 0, 0, 11.2, 3.17, 196, 0, 0, 0, 80, 16.829, 17.44, 108.735, 102.92, 100, 0, 0, 28.277, 29, 100, 4.417, 80, 0, 0, 83.223, 62.841, 0, 0, 0, 0, 0, 13.4, 0, 11.2, 0, 3.17, 196, 0, 0, 0, 80, 1, 0.017, 0.017, 108.735, 102.92, 100, 0, 0, 141, 28.277, 29, 100, 4.417, 0, 80, 0, 0, 83.223, 62.841, 0, 1.4, 0, 0, 
1.85, 17.67, 100.38, 72.5, 73.2, , 13.225, 0.984, 148.157, 148.157, 3.22, 316.007, 316.007, 316.007, 50.899, , 34.582, 35.699, 7.377, 12.321, 0, 0, 52.788, 53.632, 52.788, 53.632, 1, 63.627, 63.627, 0.025, 0.136, 85.588, 86.954, 85.588, 86.954, 4.946, 7.377, 12.321, , , 1, 1.923, 0, 0, 11.2, 3.22, 196, 0, 0, 0, 80, 16.823, 17.425, 108.389, 102.92, 100, 0, 0, 28.421, 29, 100, 4.421, 80, 0, 0, 83.079, 63.858, 0, 0, 0, 0, 0, 13.4, 0, 11.2, 0, 3.22, 196, 0, 0, 0, 80, 1, 0.017, 0.017, 108.389, 102.92, 100, 0, 0, 141, 28.421, 29, 100, 4.421, 0, 80, 0, 0, 83.079, 63.858, 0, 1.4, 0, 0, 
1.9, 17.67, 100.38, 72.5, 73.2, , 13.354, 0.984, 152.736, 152.736, 3.269, 319.07, 319.07, 319.07, 50.924, , 34.798, 35.627, 7.377, 12.377, 0, 0, 53.844, 54.704, 53.844, 54.704, 1, 64.278, 64.278, 0.025, 0.137, 86.375, 87.753, 86.375, 87.753, 4.948, 7.377, 12.377, , , 1, 1.973, 0, 0, 11.2, 3.269, 196, 0, 0, 0, 80, 16.817, 17.41, 108.043, 102.92, 100, 0, 0, 28.565, 29, 100, 4.425, 80, 0, 0, 82.935, 64.874, 0, 0, 0, 0, 0, 13.4, 0, 11.2, 0, 3.269, 196, 0, 0, 0, 80, 1, 0.017, 0.017, 108.043, 102.92, 100, 0, 0, 141, 28.565, 29, 100, 4.425, 0, 80, 0, 0, 82.935, 64.874, 0, 1.4, 0, 0, 
1.95, 17.67, 100.38, 72.5, 73.2, , 13.478, 0.984, 157.378, 157.378, 3.319, 322.05, 322.05, 322.05, 50.959, , 35.014, 35.555, 7.377, 12.44, 0, 0, 54.905, 55.782, 54.905, 55.782, 1, 64.94, 64.94, 0.025, 0.137, 87.122, 88.512, 87.122, 88.512, 4.974, 7.377, 12.44, , , 1, 2.023, 0, 0, 11.2, 3.319, 196, 0, 0, 0, 80, 16.812, 17.394, 107.697, 102.92, 100, 0, 0, 28.71, 29, 100, 4.429, 80, 0, 0, 82.79, 65.89, 0, 0, 0, 0, 0, 13.4, 0, 11.2, 0, 3.319, 196, 0, 0, 0, 80, 1, 0.017, 0.017, 107.697, 102.92, 100, 0, 0, 141, 28.71, 29, 100, 4.429, 0, 80, 0, 0, 82.79, 65.89, 0, 1.4, 0, 0, 
2, 17.67, 100.38, 72.5, 73.2, , 13.59, 0.984, 162.048, 162.048, 3.346, 324.716, 324.716, 324.716, 51.004, , 35.23, 35.483, 7.377, 12.503, 0, 0, 55.919, 56.812, 55.919, 56.812, 1, 65.666, 65.666, 0.025, 0.137, 87.769, 89.17, 87.769, 89.17, 5.005, 7.377, 12.503, , , 1, 2.073, 0, 0, 11.2, 3.346, 196, 0, 0, 0, 80, 16.805, 17.378, 107.6, 102.92, 100, 0, 0, 28.789, 29, 100, 4.43, 80, 0, 0, 82.711, 66.416, 0, 0, 0, 0, 0, 13.4, 0, 11.2, 0, 3.346, 196, 0, 0, 0, 80, 1, 0.017, 0.017, 107.6, 102.92, 100, 0, 0, 141, 28.789, 29, 100, 4.43, 0, 80, 0, 0, 82.711, 66.416, 0, 1.4, 0, 0, 
2.05, 17.67, 100.38, 72.5, 73.2, , 13.672, 0.984, 168.453, 168.453, 3.365, 326.688, 326.688, 326.688, 51.049, , 35.411, 35.45, 7.377, 12.582, 0, 0, 57.033, 57.943, 57.033, 57.943, 1, 66.59, 66.59, 0.025, 0.137, 88.227, 89.636, 88.227, 89.636, 5.036, 7.377, 12.582, , , 1, 2.123, 0, 0, 11.2, 3.365, 196, 0, 0, 0, 80, 16.799, 17.36, 107.6, 102.92, 100, 0, 0, 28.843, 29, 100, 4.43, 80, 0, 0, 82.657, 66.751, 0, 0, 0, 0, 0, 13.4, 0, 11.2, 0, 3.365, 196, 0, 0, 0, 80, 1, 0.017, 0.017, 107.6, 102.92, 100, 0, 0, 141, 28.843, 29, 100, 4.43, 0, 80, 0, 0, 82.657, 66.751, 0, 1.4, 0, 0, 
2.1, 17.67, 100.38, 72.5, 73.2, , 13.773, 0.984, 173.885, 173.885, 3.384, 329.099, 329.099, 329.099, 51.074, , 35.339, 35.702, 7.377, 12.661, 0, 0, 58.111, 59.037, 58.111, 59.037, 1, 67.259, 67.259, 0.025, 0.138, 88.831, 90.248, 88.831, 90.248, 5.067, 7.377, 12.661, , , 1, 2.173, 0, 0, 11.2, 3.384, 196, 0, 0, 0, 80, 16.792, 17.343, 107.6, 102.92, 100, 0, 0, 28.897, 29, 100, 4.43, 80, 0, 0, 82.603, 67.087, 0, 0, 0, 0, 0, 13.4, 0, 11.2, 0, 3.384, 196, 0, 0, 0, 80, 1, 0.017, 0.017, 107.6, 102.92, 100, 0, 0, 141, 28.897, 29, 100, 4.43, 0, 80, 0, 0, 82.603, 67.087, 0, 1.4, 0, 0, 
2.15, 17.67, 100.38, 72.5, 73.2, , 13.835, 0.984, 178.724, 178.724, 3.403, 330.581, 330.581, 330.581, 51.09, 80.951, 35.267, 35.954, 7.377, 12.75, 0, 0, 58.956, 59.897, 58.956, 59.897, 1, 67.937, 67.937, 0.025, 0.138, 89.203, 90.627, 89.203, 90.627, 5.109, 7.377, 12.75, , , 1, 2.223, 0, 0, 11.2, 3.403, 196, 0, 0, 0, 80, 16.786, 17.326, 107.6, 102.92, 100, 0, 0, 28.95, 29, 100, 4.43, 80, 0, 0, 82.55, 67.422, 0, 0, 0, 0, 0, 13.4, 0, 11.2, 0, 3.403, 196, 0, 0, 0, 80, 1, 0.017, 0.017, 107.6, 102.92, 100, 0, 0, 141, 28.95, 29, 100, 4.43, 0, 80, 0, 0, 82.55, 67.422, 0, 1.4, 0, 0, 
2.2, 17.67, 100.38, 72.5, 73.2, , 13.85, 0.984, 183.588, 183.588, 3.423, 330.949, 330.949, 330.949, 51.1, 67.689, 35.195, 36.206, 7.377, 12.838, 0, 0, 59.606, 60.558, 59.606, 60.558, 1, 68.615, 68.615, 0.025, 0.137, 89.286, 90.711, 89.286, 90.711, 5.159, 7.377, 12.838, , , 1, 2.273, 0, 0, 11.2, 3.423, 196, 0, 0, 0, 80, 16.789, 17.317, 107.571, 102.914, 100, 0, 0, 29.008, 29, 100, 4.43, 80.032, 0, 0, 82.524, 67.78, 0, 0, 0, 0, 0, 13.4, 0, 11.2, 0, 3.423, 196, 0, 0, 0, 80, 1, 0.017, 0.017, 107.571, 102.913, 100, 0, 0, 141, 29.008, 29, 100, 4.43, 0, 80.032, 0, 0, 82.524, 67.78, 0, 1.4, 0, 0, 
2.25, 17.67, 100.38, 72.5, 73.2, , 13.939, 0.984, 188.538, 188.538, 3.459, 333.094, 333.094, 333.094, 51.104, 54.426, 35.123, 36.458, 7.377, 12.919, 0, 0, 60.589, 61.555, 60.589, 61.555, 1, 69.298, 69.298, 0.025, 0.137, 89.857, 91.291, 89.857, 91.291, 5.208, 7.377, 12.919, , , 1, 2.322, 0, 0, 11.2, 3.459, 196, 0, 0, 0, 80, 16.895, 17.401, 107.208, 102.839, 100, 0, 0, 29.109, 29, 100, 4.43, 80.435, 0, 0, 82.827, 68.407, 0, 0, 0, 0, 0, 13.4, 0, 11.2, 0, 3.459, 196, 0, 0, 0, 80, 1, 0.017, 0.017, 107.208, 102.838, 100, 0, 0, 141, 29.109, 29, 100, 4.43, 0, 80.435, 0, 0, 82.827, 68.407, 0, 1.4, 0, 0, 
2.3, 17.67, 100.38, 72.5, 73.2, , 13.924, 0.984, 193.506, 193.506, 3.494, 332.753, 332.753, 332.753, 51.107, 45.134, 35.06, 36.65, 7.377, 13, 0, 0, 61.118, 62.092, 61.118, 62.092, 1, 69.976, 69.976, 0.025, 0.137, 89.759, 91.192, 89.759, 91.192, 5.258, 7.377, 13, , , 1, 2.373, 0, 0, 11.2, 3.494, 196, 0, 0, 0, 80, 17.002, 17.486, 106.845, 102.765, 100, 0, 0, 29.21, 29, 100, 4.43, 80.839, 0, 0, 83.129, 69.034, 0, 0, 0, 0, 0, 13.4, 0, 11.2, 0, 3.494, 196, 0, 0, 0, 80, 1, 0.017, 0.017, 106.845, 102.763, 100, 0, 0, 141, 29.21, 29, 100, 4.43, 0, 80.839, 0, 0, 83.129, 69.034, 0, 1.4, 0, 0, 
2.35, 17.67, 100.38, 72.5, 73.2, , 14.024, 0.984, 198.576, 198.576, 3.53, 335.127, 335.127, 335.127, 51.11, 60.369, 35.06, 36.398, 7.378, 13.053, 0, 0, 62.154, 63.146, 62.154, 63.146, 1, 70.657, 70.657, 0.025, 0.137, 90.396, 91.838, 90.396, 91.838, 5.296, 7.378, 13.053, , , 1, 2.423, 0, 0, 11.2, 3.53, 196, 0, 0, 0, 80, 17.109, 17.571, 106.482, 102.69, 100, 0, 0, 29.31, 29, 100, 4.43, 81.242, 0, 0, 83.431, 69.661, 0, 0, 0, 0, 0, 13.4, 0, 11.2, 0, 3.53, 196, 0, 0, 0, 80, 1, 0.017, 0.018, 106.482, 102.689, 100, 0, 0, 141, 29.31, 29, 100, 4.43, 0, 81.242, 0, 0, 83.431, 69.661, 0, 1.4, 0, 0, 
2.4, 17.67, 100.38, 72.5, 73.2, , 14.036, 0.984, 203.652, 203.652, 3.566, 335.429, 335.429, 335.429, 51.109, 61.345, 35.06, 36.146, 7.378, 13.105, 0, 0, 62.816, 63.818, 62.816, 63.818, 1, 71.341, 71.341, 0.025, 0.137, 90.479, 91.921, 90.479, 91.921, 5.323, 7.378, 13.105, , , 1, 2.473, 0, 0, 11.2, 3.566, 196, 0, 0, 0, 80, 17.216, 17.655, 106.119, 102.616, 100, 0, 0, 29.411, 29, 100, 4.43, 81.645, 0, 0, 83.734, 70.288, 0, 0, 0, 0, 0, 13.4, 0, 11.2, 0, 3.566, 196, 0, 0, 0, 80, 1, 0.017, 0.018, 106.119, 102.614, 100, 0, 0, 141, 29.411, 29, 100, 4.43, 0, 81.645, 0, 0, 83.734, 70.288, 0, 1.4, 0, 0, 
2.45, 17.67, 100.38, 72.5, 73.2, , 14.084, 0.984, 208.749, 208.749, 3.601, 336.596, 336.596, 336.596, 51.107, 62.32, 35.06, 35.894, 7.379, 13.122, 0, 0, 63.646, 64.661, 63.646, 64.661, 1, 72.03, 72.03, 0.025, 0.137, 90.795, 92.241, 90.795, 92.241, 5.35, 7.379, 13.122, , , 1, 2.523, 0, 0, 11.2, 3.601, 196, 0, 0, 0, 80, 17.324, 17.741, 105.8, 102.541, 100, 0, 0, 29.512, 29.012, 100, 4.43, 82.071, 0, 0, 84.06, 70.929, 0, 0, 0, 0, 0, 13.4, 0, 11.2, 0, 3.601, 196, 0, 0, 0, 80, 1, 0.017, 0.018, 105.8, 102.54, 100, 0, 0, 141, 29.512, 29.012, 100, 4.43, 0, 82.071, 0, 0, 84.06, 70.929, 0, 1.4, 0, 0, 
2.5, 17.67, 100.38, 72.5, 73.2, , 14.111, 0.984, 213.971, 213.971, 3.637, 337.249, 337.249, 337.249, 51.108, 63.295, 35.06, 35.642, 7.379, 13.139, 0, 0, 64.373, 65.398, 64.373, 65.398, 1, 72.72, 72.72, 0.025, 0.137, 90.97, 92.418, 90.97, 92.418, 5.377, 7.379, 13.139, , , 1, 2.573, 0, 0, 11.2, 3.637, 196, 0, 0, 0, 80, 17.437, 17.832, 105.8, 102.467, 100, 0, 0, 29.611, 29.111, 100, 4.426, 82.667, 0, 0, 84.556, 71.667, 0, 0, 0, 0, 0, 13.4, 0, 11.2, 0, 3.637, 196, 0, 0, 0, 80, 1, 0.017, 0.018, 105.8, 102.466, 100, 0, 0, 141, 29.611, 29.111, 100, 4.426, 0, 82.667, 0, 0, 84.556, 71.667, 0, 1.4, 0, 0, 
2.55, 17.67, 100.38, 72.5, 73.2, , 14.139, 0.984, 219.23, 219.23, 3.673, 337.939, 337.939, 337.939, 51.115, 64.271, 35.06, 35.416, 7.38, 13.13, 0, 0, 65.123, 66.161, 65.123, 66.161, 1, 73.404, 73.404, 0.025, 0.137, 91.148, 92.598, 91.148, 92.598, 5.402, 7.38, 13.13, , , 1, 2.623, 0, 0, 11.2, 3.673, 196, 0, 0, 0, 80, 17.55, 17.923, 105.8, 102.394, 100, 0, 0, 29.71, 29.21, 100, 4.422, 83.262, 0, 0, 85.052, 72.405, 0, 0, 0, 0, 0, 13.4, 0, 11.2, 0, 3.673, 196, 0, 0, 0, 80, 1, 0.017, 0.018, 105.8, 102.393, 100, 0, 0, 141, 29.71, 29.21, 100, 4.422, 0, 83.262, 0, 0, 85.052, 72.405, 0, 1.4, 0, 0, 
2.6, 17.67, 100.38, 72.5, 73.2, , 14.181, 0.984, 224.478, 224.478, 3.709, 338.956, 338.956, 338.956, 51.122, 65.246, 35.06, 35.38, 7.38, 13.121, 0, 0, 65.93, 66.982, 65.93, 66.982, 1, 74.101, 74.101, 0.025, 0.137, 91.407, 92.862, 91.407, 92.862, 5.42, 7.38, 13.121, , , 1, 2.673, 0, 0, 11.2, 3.709, 196, 0, 0, 0, 80, 17.663, 18.015, 105.8, 102.32, 100, 0, 0, 29.81, 29.31, 100, 4.418, 83.857, 0, 0, 85.548, 73.143, 0, 0, 0, 0, 0, 13.4, 0, 11.2, 0, 3.709, 196, 0, 0, 0, 80, 1, 0.018, 0.018, 105.8, 102.319, 100, 0, 0, 141, 29.81, 29.31, 100, 4.418, 0, 83.857, 0, 0, 85.548, 73.143, 0, 1.4, 0, 0, 
2.65, 17.67, 100.38, 72.5, 73.2, , 14.206, 0.984, 229.862, 229.862, 3.745, 339.554, 339.554, 339.554, 51.137, 66.222, 35.06, 35.344, 7.38, 13.104, 0, 0, 66.669, 67.733, 66.669, 67.733, 1, 74.803, 74.803, 0.025, 0.137, 91.544, 93.001, 91.544, 93.001, 5.438, 7.38, 13.104, , , 1, 2.723, 0, 0, 11.2, 3.745, 196, 0, 0, 0, 80, 17.776, 18.106, 105.8, 102.246, 100, 0, 0, 29.909, 29.409, 100, 4.414, 84.452, 0, 0, 86.044, 73.881, 0, 0, 0, 0, 0, 13.4, 0, 11.2, 0, 3.745, 196, 0, 0, 0, 80, 1, 0.018, 0.018, 105.8, 102.246, 100, 0, 0, 141, 29.909, 29.409, 100, 4.414, 0, 84.452, 0, 0, 86.044, 73.881, 0, 1.4, 0, 0, 
2.7, 17.67, 100.38, 72.5, 73.2, , 14.242, 0.984, 235.292, 235.292, 3.781, 340.441, 340.441, 340.441, 51.155, 67.197, 35.06, 35.308, 7.379, 13.087, 0, 0, 67.472, 68.548, 67.472, 68.548, 1, 75.493, 75.493, 0.025, 0.137, 91.752, 93.212, 91.752, 93.212, 5.456, 7.379, 13.087, , , 1, 2.773, 0, 0, 11.2, 3.781, 196, 0, 0, 0, 80, 17.89, 18.197, 105.771, 102.18, 100, 0, 0, 30.016, 29.508, 100, 4.41, 85.048, 0, 0, 86.54, 74.63, 0, 0, 0, 0, 0, 13.4, 0, 11.2, 0, 3.781, 196, 0, 0, 0, 80, 1, 0.018, 0.018, 105.771, 102.18, 100, 0, 0, 141, 30.016, 29.508, 100, 4.41, 0, 85.048, 0, 0, 86.54, 74.63, 0, 1.4, 0, 0, 
2.75, 17.67, 100.38, 72.5, 73.2, , 14.299, 0.984, 240.722, 240.722, 3.819, 341.821, 341.821, 341.821, 51.158, 68.172, 35.06, 35.272, 7.379, 13.068, 0, 0, 68.372, 69.463, 68.372, 69.463, 1, 76.198, 76.198, 0.025, 0.137, 92.115, 93.58, 92.115, 93.58, 5.477, 7.379, 13.068, , , 1, 2.823, 0, 0, 11.2, 3.819, 196, 0, 0, 0, 80, 18.015, 18.279, 105.408, 102.18, 100, 0, 0, 30.218, 29.609, 100, 4.41, 85.653, 0, 0, 87.044, 75.507, 0, 0, 0, 0, 0, 13.4, 0, 11.2, 0, 3.819, 196, 0, 0, 0, 80, 1, 0.018, 0.018, 105.408, 102.18, 100, 0, 0, 141, 30.218, 29.609, 100, 4.41, 0, 85.653, 0, 0, 87.044, 75.507, 0, 1.4, 0, 0, 
2.8, 17.67, 100.38, 72.5, 73.2, , 14.367, 0.984, 246.176, 246.176, 3.857, 343.436, 343.436, 343.436, 51.108, 69.148, 35.047, 35.253, 7.379, 13.05, 0, 0, 69.323, 70.429, 69.323, 70.429, 1, 76.898, 76.898, 0.025, 0.137, 92.643, 94.118, 92.643, 94.118, 5.528, 7.379, 13.05, , , 1, 2.874, 0, 0, 11.2, 3.857, 196, 0, 0, 0, 80, 18.14, 18.362, 105.045, 102.18, 100, 0, 0, 30.419, 29.71, 100, 4.41, 86.258, 0, 0, 87.548, 76.384, 0, 0, 0, 0, 0, 13.4, 0, 11.2, 0, 3.857, 196, 0, 0, 0, 80, 1, 0.018, 0.018, 105.045, 102.18, 100, 0, 0, 141, 30.419, 29.71, 100, 4.41, 0, 86.258, 0, 0, 87.548, 76.384, 0, 1.4, 0, 0, 
2.85, 17.67, 100.38, 72.5, 73.2, , 14.359, 0.984, 251.735, 251.735, 3.895, 343.284, 343.284, 343.284, 51.004, 70.123, 34.939, 35.361, 7.379, 13.036, 0, 0, 69.925, 71.039, 69.925, 71.039, 1, 77.6, 77.6, 0.025, 0.137, 92.797, 94.275, 92.797, 94.275, 5.578, 7.379, 13.036, , , 1, 2.923, 0, 0, 11.2, 3.895, 196, 0, 0, 0, 80, 18.265, 18.445, 104.682, 102.18, 100, 0, 0, 30.621, 29.81, 100, 4.41, 86.863, 0, 0, 88.052, 77.261, 0, 0, 0, 0, 0, 13.4, 0, 11.2, 0, 3.895, 196, 0, 0, 0, 80, 1, 0.018, 0.019, 104.682, 102.18, 100, 0, 0, 141, 30.621, 29.81, 100, 4.41, 0, 86.863, 0, 0, 88.052, 77.261, 0, 1.4, 0, 0, 
2.9, 17.67, 100.38, 72.5, 73.2, , 14.396, 0.984, 257.362, 257.362, 3.933, 344.166, 344.166, 344.166, 50.84, 71.098, 34.831, 35.469, 7.379, 13.022, 0, 0, 70.74, 71.867, 70.74, 71.867, 1, 78.315, 78.315, 0.025, 0.137, 93.334, 94.82, 93.334, 94.82, 5.628, 7.379, 13.022, , , 1, 2.973, 0, 0, 11.2, 3.933, 196, 0, 0, 0, 80, 18.39, 18.527, 104.319, 102.18, 100, 0, 0, 30.823, 29.911, 100, 4.41, 87.468, 0, 0, 88.556, 78.138, 0, 0, 0, 0, 0, 13.4, 0, 11.2, 0, 3.933, 196, 0, 0, 0, 80, 1, 0.018, 0.019, 104.319, 102.18, 100, 0, 0, 141, 30.823, 29.911, 100, 4.41, 0, 87.468, 0, 0, 88.556, 78.138, 0, 1.4, 0, 0, 
2.95, 17.67, 100.38, 72.5, 73.2, , 14.408, 0.984, 263.057, 263.057, 3.971, 344.474, 344.474, 344.474, 50.589, 72.074, 34.723, 35.577, 7.38, 13.006, 0, 0, 71.446, 72.584, 71.446, 72.584, 1, 79.105, 79.105, 0.025, 0.137, 93.82, 95.314, 93.82, 95.314, 5.678, 7.38, 13.006, , , 1, 3.023, 0, 0, 11.2, 3.971, 196, 0, 0, 0, 80, 18.51, 18.611, 103.983, 102.17, 100, 0, 0, 31.007, 30.01, 100, 4.41, 88.06, 0, 0, 89.06, 79.015, 0, 0, 0, 0, 0, 13.4, 0, 11.2, 0, 3.971, 196, 0, 0, 0, 80, 1, 0.018, 0.019, 103.983, 102.17, 100, 0, 0, 141, 31.007, 30.01, 100, 4.41, 0, 88.06, 0, 0, 89.06, 79.015, 0, 1.4, 0, 0, 
3, 17.67, 100.38, 72.5, 73.2, , 14.387, 0.984, 271.087, 271.087, 4.006, 344.012, 344.012, 344.012, 50.264, 73.049, 34.615, 35.685, 7.38, 12.99, 0, 0, 72.245, 73.394, 72.245, 73.394, 1, 80.005, 80.005, 0.025, 0.137, 94.363, 95.866, 94.363, 95.866, 5.719, 7.38, 12.99, , , 1, 3.073, 0, 0, 11.205, 4.006, 196, 0, 0, 0, 80, 18.595, 18.703, 103.837, 102.095, 100, 0, 0, 31.068, 30.09, 100, 4.41, 88.565, 0, 0, 89.565, 79.892, 0, 0, 0, 0, 0, 13.4, 0, 11.205, 0, 4.006, 196, 0, 0, 0, 80, 1, 0.018, 0.019, 103.837, 102.095, 100, 0, 0, 141, 31.068, 30.09, 100, 4.41, 0, 88.565, 0, 0, 89.565, 79.892, 0, 1.395, 0, 0, 
3.05, 17.67, 100.38, 72.5, 73.2, , 14.374, 0.984, 276.813, 276.813, 4.04, 343.725, 343.725, 343.725, 50.009, 74.025, 34.533, 35.767, 7.38, 12.979, 0, 0, 72.821, 73.979, 72.821, 73.979, 1, 80.711, 80.711, 0.025, 0.137, 94.763, 96.272, 94.763, 96.272, 5.758, 7.38, 12.979, , , 1, 3.123, 0, 0, 11.209, 4.04, 196, 0, 0, 0, 80, 18.68, 18.795, 103.692, 102.021, 100, 0, 0, 31.128, 30.171, 100, 4.41, 89.069, 0, 0, 90.069, 80.769, 0, 0, 0, 0, 0, 13.4, 0, 11.209, 0, 4.04, 196, 0, 0, 0, 80, 1, 0.018, 0.019, 103.692, 102.021, 100, 0, 0, 141, 31.128, 30.171, 100, 4.41, 0, 89.069, 0, 0, 90.069, 80.769, 0, 1.391, 0, 0, 
3.1, 17.67, 100.38, 72.5, 73.2, , 14.363, 0.984, 282.651, 282.651, 4.075, 343.484, 343.484, 343.484, 49.758, 75, 34.64, 35.66, 7.379, 12.971, 0, 0, 73.402, 74.569, 73.402, 74.569, 1, 81.417, 81.417, 0.025, 0.137, 95.169, 96.683, 95.169, 96.683, 5.797, 7.379, 12.971, , , 1, 3.172, 0, 0, 11.213, 4.075, 196, 0, 0, 0, 80, 18.764, 18.887, 103.547, 101.947, 100, 0, 0, 31.189, 30.252, 100, 4.41, 89.573, 0, 0, 90.573, 81.646, 0, 0, 0, 0, 0, 13.4, 0, 11.213, 0, 4.075, 196, 0, 0, 0, 80, 1, 0.018, 0.019, 103.547, 101.947, 100, 0, 0, 141, 31.189, 30.252, 100, 4.41, 0, 89.573, 0, 0, 90.573, 81.646, 0, 1.387, 0, 0, 
3.15, 17.67, 100.38, 72.5, 73.2, , 14.332, 0.984, 288.488, 288.488, 4.109, 342.757, 342.757, 342.757, 49.514, 75.975, 34.747, 35.553, 7.379, 12.959, 0, 0, 73.874, 75.048, 73.874, 75.048, 1, 82.119, 82.119, 0.025, 0.137, 95.431, 96.95, 95.431, 96.95, 5.836, 7.379, 12.959, , , 1, 3.223, 0, 0, 11.217, 4.109, 196, 0, 0, 0, 80, 18.849, 18.979, 103.402, 101.873, 100, 0, 0, 31.249, 30.332, 100, 4.41, 90.077, 0, 0, 91.077, 82.523, 0, 0, 0, 0, 0, 13.4, 0, 11.217, 0, 4.109, 196, 0, 0, 0, 80, 1, 0.018, 0.019, 103.402, 101.873, 100, 0, 0, 141, 31.249, 30.332, 100, 4.41, 0, 90.077, 0, 0, 91.077, 82.523, 0, 1.383, 0, 0, 
3.2, 17.67, 100.38, 72.5, 73.2, , 14.271, 0.984, 294.448, 294.448, 4.144, 341.35, 341.35, 341.35, 49.276, 76.951, 34.854, 35.446, 7.379, 12.947, 0, 0, 74.2, 75.379, 74.2, 75.379, 1, 82.819, 82.819, 0.025, 0.137, 95.499, 97.02, 95.499, 97.02, 5.861, 7.379, 12.947, , , 1, 3.273, 0, 0, 11.221, 4.144, 196, 0, 0, 0, 80, 18.934, 19.071, 103.257, 101.799, 100, 0, 0, 31.31, 30.413, 100, 4.41, 90.581, 0, 0, 91.581, 83.4, 0, 0, 0, 0, 0, 13.4, 0, 11.221, 0, 4.144, 196, 0, 0, 0, 80, 1, 0.019, 0.019, 103.257, 101.799, 100, 0, 0, 141, 31.31, 30.413, 100, 4.41, 0, 90.581, 0, 0, 91.581, 83.4, 0, 1.379, 0, 0, 
3.25, 17.67, 100.38, 72.5, 73.2, , 14.206, 0.984, 300.436, 300.436, 4.178, 339.817, 339.817, 339.817, 49.044, 77.926, 34.961, 35.339, 7.38, 12.933, 0, 0, 74.489, 75.674, 74.489, 75.674, 1, 83.512, 83.512, 0.025, 0.136, 95.52, 97.043, 95.52, 97.043, 5.878, 7.38, 12.933, , , 1, 3.324, 0, 0, 11.225, 4.178, 196, 0, 0, 0, 80, 19.018, 19.163, 103.112, 101.724, 100, 0, 0, 31.37, 30.494, 100, 4.41, 91.085, 0, 0, 92.085, 84.277, 0, 0, 0, 0, 0, 13.4, 0, 11.225, 0, 4.178, 196, 0, 0, 0, 80, 1, 0.019, 0.019, 103.112, 101.724, 100, 0, 0, 141, 31.37, 30.494, 100, 4.41, 0, 91.085, 0, 0, 92.085, 84.277, 0, 1.375, 0, 0, 
3.3, 17.67, 100.38, 72.5, 73.2, , 14.132, 0.984, 306.423, 306.423, 4.213, 338.091, 338.091, 338.091, 48.814, 78.902, 35.048, 35.255, 7.381, 12.917, 0, 0, 74.724, 75.915, 74.724, 75.915, 1, 84.217, 84.217, 0.025, 0.136, 95.476, 96.997, 95.476, 96.997, 5.896, 7.381, 12.917, , , 1, 3.373, 0, 0, 11.229, 4.213, 196, 0, 0, 0, 80, 19.103, 19.255, 102.966, 101.65, 100, 0, 0, 31.431, 30.574, 100, 4.41, 91.589, 0, 0, 92.589, 85.154, 0, 0, 0, 0, 0, 13.4, 0, 11.229, 0, 4.213, 196, 0, 0, 0, 80, 1, 0.019, 0.019, 102.966, 101.65, 100, 0, 0, 141, 31.431, 30.574, 100, 4.41, 0, 91.589, 0, 0, 92.589, 85.154, 0, 1.371, 0, 0, 
3.35, 17.67, 100.38, 72.5, 73.2, , 14.116, 0.984, 312.52, 312.52, 4.247, 337.728, 337.728, 337.728, 48.635, 79.877, 34.903, 35.436, 7.382, 12.89, 0, 0, 75.262, 76.463, 75.262, 76.463, 1, 84.904, 84.904, 0.025, 0.136, 95.735, 97.261, 95.735, 97.261, 5.913, 7.382, 12.89, , , 1, 3.423, 0, 0, 11.233, 4.247, 196, 0, 0, 0, 80, 19.188, 19.347, 102.821, 101.576, 100, 0, 0, 31.491, 30.655, 100, 4.41, 92.093, 0, 0, 93.093, 86.031, 0, 0, 0, 0, 0, 13.4, 0, 11.233, 0, 4.247, 196, 0, 0, 0, 80, 1, 0.019, 0.019, 102.821, 101.576, 100, 0, 0, 141, 31.491, 30.655, 100, 4.41, 0, 92.093, 0, 0, 93.093, 86.031, 0, 1.367, 0, 0, 
3.4, 17.67, 100.38, 72.5, 73.201, , 14.042, 0.984, 318.665, 318.665, 4.282, 335.988, 335.988, 335.988, 48.615, 80.852, 34.758, 35.617, 7.384, 12.859, 0, 0, 75.485, 76.689, 75.485, 76.689, 1, 85.596, 85.596, 0.025, 0.135, 95.272, 96.791, 95.272, 96.791, 5.947, 7.384, 12.859, , , 1, 3.473, 0, 0, 11.237, 4.282, 196, 0, 0, 0, 80, 19.272, 19.438, 102.676, 101.502, 100, 0, 0, 31.552, 30.735, 100, 4.41, 92.597, 0, 0, 93.597, 86.908, 0, 0, 0, 0, 0, 13.4, 0, 11.237, 0, 4.282, 196, 0, 0, 0, 80, 1, 0.019, 0.019, 102.676, 101.502, 100, 0, 0, 141, 31.552, 30.735, 100, 4.41, 0, 92.597, 0, 0, 93.597, 86.908, 0, 1.363, 0, 0, 
3.45, 17.67, 100.38, 72.5, 73.202, , 14.006, 0.984, 324.81, 324.81, 4.316, 335.149, 335.149, 335.149, 48.768, 81.828, 34.613, 35.799, 7.384, 12.826, 0, 0, 75.898, 77.108, 75.898, 77.108, 1, 86.282, 86.282, 0.025, 0.135, 94.73, 96.24, 94.73, 96.24, 5.994, 7.384, 12.826, , , 1, 3.523, 0, 0, 11.241, 4.316, 196, 0, 0, 0, 80, 19.357, 19.53, 102.531, 101.428, 100, 0, 0, 31.612, 30.816, 100, 4.41, 93.101, 0, 0, 94.101, 87.785, 0, 0, 0, 0, 0, 13.4, 0, 11.241, 0, 4.316, 196, 0, 0, 0, 80, 1, 0.019, 0.019, 102.531, 101.428, 100, 0, 0, 141, 31.612, 30.816, 100, 4.41, 0, 93.101, 0, 0, 94.101, 87.785, 0, 1.359, 0, 0, 
3.5, 17.67, 100.38, 72.5, 73.204, , 13.976, 0.984, 331.065, 331.065, 4.351, 334.475, 334.475, 334.475, 49.119, 82.803, 34.468, 35.98, 7.384, 12.791, 0, 0, 76.351, 77.569, 76.351, 77.569, 1, 86.972, 86.972, 0.025, 0.135, 93.912, 95.41, 93.912, 95.41, 6.04, 7.384, 12.791, , , 1, 3.574, 0, 0, 11.245, 4.351, 196, 0, 0, 0, 80, 19.442, 19.622, 102.386, 101.353, 100, 0, 0, 31.673, 30.897, 100, 4.41, 93.605, 0, 0, 94.605, 88.662, 0, 0, 0, 0, 0, 13.4, 0, 11.245, 0, 4.351, 196, 0, 0, 0, 80, 1, 0.019, 0.019, 102.386, 101.353, 100, 0, 0, 141, 31.673, 30.897, 100, 4.41, 0, 93.605, 0, 0, 94.605, 88.662, 0, 1.355, 0, 0, 
3.55, 17.67, 100.38, 72.5, 73.205, , 13.943, 0.984, 337.376, 337.376, 4.386, 333.711, 333.711, 333.711, 49.633, 83.779, 34.362, 36.131, 7.383, 12.752, 0, 0, 76.774, 77.997, 76.774, 77.997, 1, 87.652, 87.652, 0.025, 0.134, 92.733, 94.21, 92.733, 94.21, 6.086, 7.383, 12.752, , , 1, 3.623, 0, 0, 11.249, 4.386, 196, 0, 0, 0, 80, 19.526, 19.714, 102.241, 101.279, 100, 0, 0, 31.733, 30.977, 100, 4.41, 94.109, 0, 0, 95.109, 89.539, 0, 0, 0, 0, 0, 13.4, 0, 11.249, 0, 4.386, 196, 0, 0, 0, 80, 1, 0.019, 0.019, 102.241, 101.279, 100, 0, 0, 141, 31.733, 30.977, 100, 4.41, 0, 94.109, 0, 0, 95.109, 89.539, 0, 1.351, 0, 0, 
3.6, 17.67, 100.38, 72.5, 73.207, , 13.862, 0.984, 343.687, 343.687, 4.431, 331.805, 331.805, 331.805, 50.286, 84.754, 34.542, 36.059, 7.381, 12.711, 0, 0, 76.932, 78.158, 76.932, 78.158, 1, 88.333, 88.333, 0.025, 0.134, 91.025, 92.475, 91.025, 92.475, 6.133, 7.381, 12.711, , , 1, 3.674, 0, 0, 11.258, 4.431, 196, 0, 0, 0, 80, 19.666, 19.842, 101.93, 101.175, 100, 0, 0, 31.788, 31.075, 100, 4.41, 94.89, 0, 0, 95.89, 90.018, 0, 0, 0, 0, 0, 13.4, 0, 11.258, 0, 4.431, 196, 0, 0, 0, 80, 1, 0.02, 0.02, 101.93, 101.175, 100, 0, 0, 141, 31.788, 31.075, 100, 4.41, 0, 94.89, 0, 0, 95.89, 90.018, 0, 1.342, 0, 0, 
3.65, 17.67, 100.38, 72.5, 73.208, , 13.782, 0.984, 350.12, 350.12, 4.481, 329.92, 329.92, 329.92, 50.841, 85.729, 34.722, 35.987, 7.38, 12.655, 0, 0, 77.084, 78.314, 77.084, 78.314, 1, 89.016, 89.016, 0.025, 0.134, 89.476, 90.904, 89.476, 90.904, 6.182, 7.38, 12.655, , , 1, 3.724, 0, 0, 11.268, 4.481, 196, 0, 0, 0, 80, 19.826, 19.984, 101.555, 101.061, 100, 0, 0, 31.84, 31.179, 100, 4.41, 95.779, 0, 0, 96.779, 90.342, 0, 0, 0, 0, 0, 13.4, 0, 11.268, 0, 4.481, 196, 0, 0, 0, 80, 1, 0.02, 0.02, 101.555, 101.061, 100, 0, 0, 141, 31.84, 31.179, 100, 4.41, 0, 95.779, 0, 0, 96.779, 90.342, 0, 1.332, 0, 0, 
3.7, 17.67, 100.38, 72.5, 73.21, , 13.705, 0.984, 356.477, 356.477, 4.531, 328.134, 328.134, 328.134, 51.26, 86.705, 34.902, 35.915, 7.379, 12.593, 0, 0, 77.24, 78.472, 77.24, 78.472, 1, 89.69, 89.69, 0.025, 0.134, 88.272, 89.679, 88.272, 89.679, 6.231, 7.379, 12.593, , , 1, 3.774, 0, 0, 11.278, 4.531, 196, 0, 0, 0, 80, 19.986, 20.125, 101.18, 100.946, 100, 0, 0, 31.892, 31.283, 100, 4.41, 96.668, 0, 0, 97.668, 90.666, 0, 0, 0, 0, 0, 13.4, 0, 11.278, 0, 4.531, 196, 0, 0, 0, 80, 1, 0.02, 0.02, 101.18, 100.946, 100, 0, 0, 141, 31.892, 31.283, 100, 4.41, 0, 96.668, 0, 0, 97.668, 90.666, 0, 1.322, 0, 0, 
3.75, 17.67, 100.38, 72.5, 73.211, , 13.61, 0.984, 362.963, 362.963, 4.58, 325.893, 325.893, 325.893, 51.534, 87.68, 35.082, 35.843, 7.378, 12.51, 0, 0, 77.287, 78.52, 77.287, 78.52, 1, 90.361, 90.361, 0.025, 0.133, 87.187, 88.575, 87.187, 88.575, 6.28, 7.378, 12.51, , , 1, 3.823, 0, 0, 11.289, 4.58, 196, 0, 0, 0, 80, 20.147, 20.267, 100.805, 100.831, 100, 0, 0, 31.944, 31.388, 100, 4.41, 97.558, 0, 0, 98.558, 90.99, 0, 0, 0, 0, 0, 13.4, 0, 11.289, 0, 4.58, 196, 0, 0, 0, 80, 1, 0.02, 0.02, 100.805, 100.831, 100, 0, 0, 141, 31.944, 31.388, 100, 4.41, 0, 97.558, 0, 0, 98.558, 90.99, 0, 1.311, 0, 0, 
3.8, 17.67, 100.38, 72.5, 73.213, , 13.513, 0.984, 369.578, 369.578, 4.63, 323.619, 323.619, 323.619, 51.665, 88.656, 35.236, 35.724, 7.378, 12.416, 0, 0, 77.32, 78.552, 77.32, 78.552, 1, 91.031, 91.031, 0.025, 0.133, 86.342, 87.717, 86.342, 87.717, 6.325, 7.378, 12.416, , , 1, 3.874, 0, 0, 11.299, 4.63, 196, 0, 0, 0, 80, 20.307, 20.409, 100.43, 100.717, 100, 0, 0, 31.996, 31.492, 100, 4.41, 98.447, 0, 0, 99.447, 91.314, 0, 0, 0, 0, 0, 13.4, 0, 11.299, 0, 4.63, 196, 0, 0, 0, 80, 1, 0.02, 0.02, 100.43, 100.717, 100, 0, 0, 141, 31.996, 31.492, 100, 4.41, 0, 98.447, 0, 0, 99.447, 91.314, 0, 1.301, 0, 0, 
3.85, 17.67, 100.38, 72.5, 73.214, , 13.416, 0.984, 376.135, 376.135, 4.682, 321.339, 321.339, 321.339, 51.689, 89.631, 35.2, 35.256, 7.378, 12.307, 0, 0, 77.333, 78.566, 77.333, 78.566, 1, 91.702, 91.702, 0.025, 0.133, 85.703, 87.068, 85.703, 87.068, 6.353, 7.378, 12.307, , , 1, 3.923, 0, 0, 11.3, 4.682, 196, 0, 0, 0, 80, 20.536, 20.653, 100.234, 100.571, 100, 0, 0, 32.138, 31.73, 100, 4.41, 99.957, 0, 0, 100.863, 92.312, 0, 0, 0, 0, 0, 13.4, 0, 11.3, 0, 4.682, 196, 0, 0, 0, 80, 1, 0.02, 0.02, 100.234, 100.571, 100, 0, 0, 141, 32.138, 31.73, 100, 4.41, 0, 99.957, 0, 0, 100.863, 92.312, 0, 1.3, 0, 0, 
3.9, 17.67, 100.38, 72.5, 73.216, , 13.33, 0.984, 382.806, 382.806, 4.735, 319.312, 319.312, 319.312, 51.702, 90.606, 35.164, 34.788, 7.379, 12.19, 0, 0, 77.398, 78.631, 77.398, 78.631, 1, 92.453, 92.453, 0.025, 0.134, 85.149, 86.504, 85.149, 86.504, 6.382, 7.379, 12.19, , , 1, 3.973, 0, 0, 11.3, 4.735, 196, 0, 0, 0, 80, 20.771, 20.906, 100.054, 100.423, 100, 0, 0, 32.288, 31.98, 100, 4.41, 101.507, 0, 0, 102.313, 93.369, 0, 0, 0, 0, 0, 13.4, 0, 11.3, 0, 4.735, 196, 0, 0, 0, 80, 1, 0.021, 0.021, 100.054, 100.423, 100, 0, 0, 141, 32.288, 31.98, 100, 4.41, 0, 101.507, 0, 0, 102.313, 93.369, 0, 1.3, 0, 0, 
3.95, 17.67, 100.38, 72.5, 73.217, , 13.183, 0.984, 391.812, 391.812, 4.788, 315.862, 315.862, 315.862, 51.721, 91.582, 35.128, 34.32, 7.379, 12.081, 0, 0, 77.284, 78.516, 77.284, 78.516, 1, 93.226, 93.226, 0.025, 0.134, 84.195, 85.536, 84.195, 85.536, 6.41, 7.379, 12.081, , , 1, 4.024, 0, 0, 11.3, 4.788, 196, 0, 0, 0, 80, 21.006, 21.159, 99.874, 100.275, 100, 0, 0, 32.438, 32.23, 100, 4.41, 103.057, 0, 0, 103.763, 94.426, 0, 0, 0, 0, 0, 13.4, 0, 11.3, 0, 4.788, 196, 0, 0, 0, 80, 1, 0.021, 0.021, 99.874, 100.275, 100, 0, 0, 141, 32.438, 32.23, 100, 4.41, 0, 103.057, 0, 0, 103.763, 94.426, 0, 1.3, 0, 0, 
4, 17.67, 100.38, 72.5, 73.219, , 13.09, 0.984, 398.597, 398.597, 4.84, 313.678, 313.678, 313.678, 51.741, 92.557, 35.092, 33.852, 7.38, 11.975, 0, 0, 77.288, 78.52, 77.288, 78.52, 1, 93.878, 93.878, 0.025, 0.134, 83.58, 84.913, 83.58, 84.913, 6.436, 7.38, 11.975, , , 1, 4.073, 0, 0, 11.3, 4.84, 196, 0, 0, 0, 80, 21.241, 21.412, 99.694, 100.127, 100, 0, 0, 32.588, 32.48, 100, 4.41, 104.607, 0, 0, 105.213, 95.483, 0, 0, 0, 0, 0, 13.4, 0, 11.3, 0, 4.84, 196, 0, 0, 0, 80, 1, 0.021, 0.021, 99.694, 100.127, 100, 0, 0, 141, 32.588, 32.48, 100, 4.41, 0, 104.607, 0, 0, 105.213, 95.483, 0, 1.3, 0, 0, 
4.05, 17.67, 100.38, 72.5, 73.22, , 13.011, 0.984, 405.328, 405.328, 4.893, 311.825, 311.825, 311.825, 51.765, 93.532, 35.066, 33.463, 7.38, 11.872, 0, 0, 77.352, 78.584, 77.352, 78.584, 1, 94.519, 94.519, 0.025, 0.135, 83.048, 84.373, 83.048, 84.373, 6.449, 7.38, 11.872, , , 1, 4.124, 0, 0, 11.3, 4.893, 196, 0, 0, 0, 80, 21.476, 21.665, 99.514, 99.979, 100, 0, 0, 32.738, 32.73, 100, 4.41, 106.157, 0, 0, 106.663, 96.54, 0, 0, 0, 0, 0, 13.4, 0, 11.3, 0, 4.893, 196, 0, 0, 0, 80, 1, 0.021, 0.021, 99.514, 99.979, 100, 0, 0, 141, 32.738, 32.73, 100, 4.41, 0, 106.157, 0, 0, 106.663, 96.54, 0, 1.3, 0, 0, 
4.1, 17.67, 100.38, 72.5, 73.222, , 12.955, 0.984, 412.195, 412.195, 4.93, 310.522, 310.522, 310.522, 51.791, 94.508, 35.118, 33.653, 7.38, 11.77, 0, 0, 77.557, 78.793, 77.557, 78.793, 1, 95.162, 95.162, 0.025, 0.135, 82.659, 83.977, 82.659, 83.977, 6.461, 7.38, 11.77, , , 1, 4.174, 0, 0, 11.3, 4.93, 196, 0, 0, 0, 80, 21.419, 21.582, 99.327, 99.898, 100, 0, 0, 32.798, 32.75, 100, 4.41, 106.789, 0, 0, 107.289, 97.22, 0, 0, 0, 0, 0, 13.4, 0, 11.3, 0, 4.93, 196, 0, 0, 0, 80, 1, 0.021, 0.021, 99.327, 99.898, 100, 0, 0, 141, 32.798, 32.75, 100, 4.41, 0, 106.789, 0, 0, 107.289, 97.22, 0, 1.3, 0, 0, 
4.15, 17.67, 100.38, 72.5, 73.223, , 12.911, 0.984, 419.063, 419.063, 4.965, 309.477, 309.477, 309.477, 51.817, 92.886, 35.17, 33.844, 7.38, 11.679, 0, 0, 77.811, 79.052, 77.811, 79.052, 1, 95.796, 95.796, 0.025, 0.135, 82.34, 83.652, 82.34, 83.652, 6.473, 7.38, 11.679, , , 1, 4.224, 0, 0, 11.3, 4.965, 196, 0, 0, 0, 80, 21.337, 21.471, 99.138, 99.82, 100, 0, 0, 32.85, 32.75, 100, 4.41, 107.361, 0, 0, 107.861, 97.867, 0, 0, 0, 0, 0, 13.4, 0, 11.3, 0, 4.965, 196, 0, 0, 0, 80, 1, 0.021, 0.021, 99.138, 99.82, 100, 0, 0, 141, 32.85, 32.75, 100, 4.41, 0, 107.361, 0, 0, 107.861, 97.867, 0, 1.3, 0, 0, 
4.2, 17.67, 100.38, 72.5, 73.225, , 12.888, 0.984, 426.03, 426.03, 5.001, 308.97, 308.97, 308.97, 51.841, 90.041, 35.222, 34.034, 7.38, 11.594, 0, 0, 78.202, 79.449, 78.202, 79.449, 1, 96.429, 96.429, 0.025, 0.136, 82.166, 83.475, 82.166, 83.475, 6.485, 7.38, 11.594, , , 1, 4.274, 0, 0, 11.3, 5.001, 196, 0, 0, 0, 80, 21.255, 21.36, 98.95, 99.743, 100, 0, 0, 32.902, 32.75, 100, 4.41, 107.934, 0, 0, 108.434, 98.514, 0, 0, 0, 0, 0, 13.4, 0, 11.3, 0, 5.001, 196, 0, 0, 0, 80, 1, 0.021, 0.021, 98.95, 99.743, 100, 0, 0, 141, 32.902, 32.75, 100, 4.41, 0, 107.934, 0, 0, 108.434, 98.514, 0, 1.3, 0, 0, 
4.25, 17.67, 100.38, 72.5, 73.227, , 12.856, 0.984, 432.965, 432.965, 5.037, 308.223, 308.223, 308.223, 51.863, 87.197, 35.274, 34.224, 7.38, 11.518, 0, 0, 78.52, 79.771, 78.52, 79.771, 1, 97.062, 97.062, 0.025, 0.136, 81.933, 83.238, 81.933, 83.238, 6.517, 7.38, 11.518, , , 1, 4.323, 0, 0, 11.3, 5.037, 196, 0, 0, 0, 80, 21.172, 21.248, 98.762, 99.666, 100, 0, 0, 32.954, 32.75, 100, 4.41, 108.507, 0, 0, 109.007, 99.161, 0, 0, 0, 0, 0, 13.4, 0, 11.3, 0, 5.037, 196, 0, 0, 0, 80, 1, 0.021, 0.021, 98.762, 99.666, 100, 0, 0, 141, 32.954, 32.75, 100, 4.41, 0, 108.507, 0, 0, 109.007, 99.161, 0, 1.3, 0, 0, 
4.3, 17.67, 100.38, 72.5, 73.228, , 12.821, 0.984, 440.041, 440.041, 5.072, 307.43, 307.43, 307.43, 51.882, 84.353, 35.326, 34.415, 7.38, 11.448, 0, 0, 78.829, 80.086, 78.829, 80.086, 1, 97.695, 97.695, 0.025, 0.136, 81.69, 82.991, 81.69, 82.991, 6.554, 7.38, 11.448, , , 1, 4.373, 0, 0, 11.3, 5.072, 196, 0, 0, 0, 80, 21.068, 21.118, 98.574, 99.578, 100, 0, 0, 33.006, 32.737, 100, 4.41, 108.768, 0, 0, 109.26, 99.808, 0, 0, 0, 0, 0, 13.399, 0, 11.3, 0, 5.072, 196, 0, 0, 0, 80, 1, 0.021, 0.021, 98.574, 99.578, 100, 0, 0, 141, 33.006, 32.737, 100, 4.41, 0, 108.768, 0, 0, 109.26, 99.808, 0, 1.3, 0, 0, 
4.35, 17.67, 100.381, 72.5, 73.23, , 12.769, 0.984, 447.117, 447.117, 5.107, 306.198, 306.198, 306.198, 51.899, 81.508, 35.485, 34.62, 7.38, 11.409, 0, 0, 79.023, 80.282, 79.023, 80.282, 1, 98.325, 98.325, 0.025, 0.135, 81.335, 82.631, 81.335, 82.631, 6.591, 7.38, 11.409, , , 1, 4.423, 0, 0, 11.3, 5.107, 196, 0, 0, 0, 80, 20.802, 20.849, 98.387, 99.424, 100, 0, 0, 33.058, 32.633, 100, 4.41, 107.108, 0, 0, 107.549, 100.455, 0, 0, 0, 0, 0, 13.388, 0, 11.3, 0, 5.107, 196, 0, 0, 0, 80, 1, 0.021, 0.021, 98.387, 99.424, 100, 0, 0, 141, 33.058, 32.633, 100, 4.41, 0, 107.108, 0, 0, 107.549, 100.455, 0, 1.3, 0, 0, 
4.4, 17.67, 100.381, 72.5, 73.231, , 12.74, 0.984, 454.193, 454.193, 5.141, 305.553, 305.553, 305.553, 51.913, 78.664, 35.654, 34.826, 7.379, 11.394, 0, 0, 79.36, 80.623, 79.36, 80.623, 1, 98.952, 98.952, 0.025, 0.135, 81.139, 82.433, 81.139, 82.433, 6.628, 7.379, 11.394, , , 1, 4.473, 0, 0, 11.3, 5.141, 196, 0, 0, 0, 80, 20.537, 20.58, 98.2, 99.27, 100, 0, 0, 33.11, 32.529, 100, 4.41, 105.448, 0, 0, 105.837, 101.101, 0, 0, 0, 0, 0, 13.378, 0, 11.3, 0, 5.141, 196, 0, 0, 0, 80, 1, 0.02, 0.02, 98.2, 99.27, 100, 0, 0, 141, 33.11, 32.529, 100, 4.41, 0, 105.448, 0, 0, 105.837, 101.101, 0, 1.3, 0, 0, 
4.45, 17.67, 100.381, 72.5, 73.233, , 12.68, 0.984, 461.41, 461.41, 5.175, 304.152, 304.152, 304.152, 51.926, 75.82, 35.823, 35.032, 7.379, 11.41, 0, 0, 79.504, 80.768, 79.504, 80.768, 1, 99.579, 99.579, 0.025, 0.135, 80.746, 82.035, 80.746, 82.035, 6.674, 7.379, 11.41, , , 1, 4.523, 0, 0, 11.3, 5.175, 196, 0, 0, 0, 80, 20.271, 20.311, 98.014, 99.116, 100, 0, 0, 33.162, 32.425, 100, 4.41, 103.788, 0, 0, 104.126, 101.748, 0, 0, 0, 0, 0, 13.367, 0, 11.3, 0, 5.175, 196, 0, 0, 0, 80, 1, 0.02, 0.02, 98.014, 99.116, 100, 0, 0, 141, 33.162, 32.425, 100, 4.41, 0, 103.788, 0, 0, 104.126, 101.748, 0, 1.3, 0, 0, 
4.5, 17.67, 100.382, 72.5, 73.234, , 12.68, 0.984, 468.605, 468.605, 5.21, 304.168, 304.168, 304.168, 51.936, 72.975, 35.992, 35.238, 7.378, 11.451, 0, 0, 80.008, 81.281, 80.008, 81.281, 1, 100.208, 100.208, 0.025, 0.135, 80.734, 82.022, 80.734, 82.022, 6.724, 7.378, 11.451, , , 1, 4.573, 0, 0, 11.3, 5.21, 196, 0, 0, 0, 80, 20.006, 20.043, 97.827, 98.962, 100, 0, 0, 33.215, 32.321, 100, 4.41, 102.129, 0, 0, 102.414, 102.395, 0, 0, 0, 0, 0, 13.357, 0, 11.3, 0, 5.21, 196, 0, 0, 0, 80, 1, 0.02, 0.02, 97.827, 98.962, 100, 0, 0, 141, 33.215, 32.321, 100, 4.41, 0, 102.129, 0, 0, 102.414, 102.395, 0, 1.3, 0, 0, 
4.55, 17.67, 100.382, 72.5, 73.236, , 12.658, 0.984, 475.902, 475.902, 5.244, 303.663, 303.663, 303.663, 51.945, 70.131, 36.105, 35.398, 7.378, 11.518, 0, 0, 80.373, 81.653, 80.373, 81.653, 1, 100.835, 100.835, 0.025, 0.134, 80.589, 81.873, 80.589, 81.873, 6.775, 7.378, 11.518, , , 1, 4.623, 0, 0, 11.3, 5.244, 196, 0, 0, 0, 80, 19.761, 19.796, 97.64, 98.808, 100, 0, 0, 33.3, 32.25, 100, 4.41, 100.665, 0, 0, 100.899, 103.042, 0, 0, 0, 0, 0, 13.346, 0, 11.3, 0, 5.244, 196, 0, 0, 0, 80, 1, 0.019, 0.019, 97.64, 98.808, 100, 0, 0, 141, 33.3, 32.25, 100, 4.41, 0, 100.665, 0, 0, 100.899, 103.042, 0, 1.3, 0, 0, 
4.6, 17.67, 100.383, 72.5, 73.237, , 12.619, 0.984, 483.199, 483.199, 5.277, 302.761, 302.761, 302.761, 51.954, 67.287, 35.817, 35.218, 7.377, 11.608, 0, 0, 80.627, 81.912, 80.627, 81.912, 1, 101.457, 101.457, 0.025, 0.134, 80.337, 81.616, 80.337, 81.616, 6.825, 7.377, 11.608, , , 1, 4.674, 0, 0, 11.3, 5.277, 196, 0, 0, 0, 80, 19.56, 19.595, 97.452, 98.653, 100, 0, 0, 33.456, 32.25, 100, 4.41, 99.619, 0, 0, 99.8, 103.69, 0, 0, 0, 0, 0, 13.336, 0, 11.3, 0, 5.277, 196, 0, 0, 0, 80, 1, 0.019, 0.019, 97.452, 98.653, 100, 0, 0, 141, 33.456, 32.25, 100, 4.41, 0, 99.619, 0, 0, 99.8, 103.69, 0, 1.3, 0, 0, 
4.65, 17.67, 100.383, 72.5, 73.239, , 12.583, 0.984, 490.496, 490.496, 5.31, 301.939, 301.939, 301.939, 51.964, 64.442, 35.529, 35.038, 7.377, 11.708, 0, 0, 80.897, 82.186, 80.897, 82.186, 1, 102.074, 102.074, 0.025, 0.134, 80.103, 81.378, 80.103, 81.378, 6.871, 7.377, 11.708, , , 1, 4.723, 0, 0, 11.3, 5.31, 196, 0, 0, 0, 80, 19.359, 19.394, 97.265, 98.499, 100, 0, 0, 33.612, 32.25, 100, 4.41, 98.573, 0, 0, 98.702, 104.338, 0, 0, 0, 0, 0, 13.326, 0, 11.3, 0, 5.31, 196, 0, 0, 0, 80, 1, 0.019, 0.019, 97.265, 98.499, 100, 0, 0, 141, 33.612, 32.25, 100, 4.41, 0, 98.573, 0, 0, 98.702, 104.338, 0, 1.3, 0, 0, 
4.7, 17.67, 100.383, 72.5, 73.24, , 12.54, 0.984, 497.938, 497.938, 5.343, 300.921, 300.921, 300.921, 51.978, 61.598, 35.241, 34.858, 7.378, 11.817, 0, 0, 81.112, 82.406, 81.112, 82.406, 1, 102.696, 102.696, 0.025, 0.134, 79.813, 81.084, 79.813, 81.084, 6.909, 7.378, 11.817, , , 1, 4.773, 0, 0, 11.3, 5.343, 196, 0, 0, 0, 80, 19.158, 19.193, 97.078, 98.345, 100, 0, 0, 33.769, 32.25, 100, 4.41, 97.527, 0, 0, 97.604, 104.986, 0, 0, 0, 0, 0, 13.315, 0, 11.3, 0, 5.343, 196, 0, 0, 0, 80, 1, 0.019, 0.019, 97.078, 98.345, 100, 0, 0, 141, 33.769, 32.25, 100, 4.41, 0, 97.527, 0, 0, 97.604, 104.986, 0, 1.3, 0, 0, 
4.75, 17.67, 100.384, 72.5, 73.24, , 12.461, 0.984, 505.338, 505.338, 5.377, 299.081, 299.081, 299.081, 51.994, 58.754, 34.953, 34.678, 7.378, 11.925, 0, 0, 81.099, 82.392, 81.099, 82.392, 1, 103.315, 103.315, 0.025, 0.134, 79.301, 80.564, 79.301, 80.564, 6.947, 7.378, 11.925, , , 1, 4.823, 0, 0, 11.3, 5.377, 196, 0, 0, 0, 80, 18.956, 18.991, 96.89, 98.191, 100, 0, 0, 33.925, 32.25, 100, 4.41, 96.481, 0, 0, 96.505, 105.634, 0, 0, 0, 0, 0, 13.305, 0, 11.3, 0, 5.377, 196, 0, 0, 0, 80, 1, 0.019, 0.019, 96.89, 98.191, 100, 0, 0, 141, 33.925, 32.25, 100, 4.41, 0, 96.481, 0, 0, 96.505, 105.634, 0, 1.3, 0, 0, 
4.8, 17.67, 100.384, 72.5, 73.24, , 12.415, 0.984, 512.871, 512.871, 5.401, 298.01, 298.01, 298.01, 52.011, 55.909, 34.691, 34.537, 7.379, 12.03, 0, 0, 81.292, 82.587, 81.292, 82.587, 1, 103.923, 103.923, 0.025, 0.134, 78.99, 80.249, 78.99, 80.249, 6.985, 7.379, 12.03, , , 1, 4.874, 0, 0, 11.3, 5.401, 196, 0, 0, 0, 80, 18.815, 18.846, 96.8, 98.077, 100, 0, 0, 34.057, 32.278, 100, 4.41, 95.707, 0, 0, 95.707, 106.121, 0, 0, 0, 0, 0, 13.3, 0, 11.3, 0, 5.401, 196, 0, 0, 0, 80, 1, 0.018, 0.018, 96.8, 98.077, 100, 0, 0, 141, 34.057, 32.278, 100, 4.41, 0, 95.707, 0, 0, 95.707, 106.122, 0, 1.3, 0, 0, 
4.85, 17.67, 100.384, 72.5, 73.24, , 12.358, 0.984, 520.403, 520.403, 5.418, 296.669, 296.669, 296.669, 52.021, 53.065, 34.619, 34.681, 7.379, 12.127, 0, 0, 81.401, 82.699, 81.401, 82.699, 1, 104.537, 104.537, 0.025, 0.134, 78.618, 79.873, 78.618, 79.873, 7.024, 7.379, 12.127, , , 1, 4.923, 0, 0, 11.3, 5.418, 196, 0, 0, 0, 80, 18.727, 18.751, 96.8, 97.996, 100, 0, 0, 34.166, 32.333, 100, 4.41, 95.163, 0, 0, 95.163, 106.459, 0, 0, 0, 0, 0, 13.3, 0, 11.3, 0, 5.418, 196, 0, 0, 0, 80, 1, 0.018, 0.018, 96.8, 97.996, 100, 0, 0, 141, 34.166, 32.333, 100, 4.41, 0, 95.163, 0, 0, 95.163, 106.461, 0, 1.3, 0, 0, 
4.9, 17.67, 100.385, 72.5, 73.24, , 12.287, 0.984, 527.935, 527.935, 5.436, 295.006, 295.006, 295.006, 52.024, 54.468, 34.547, 34.825, 7.38, 12.215, 0, 0, 81.417, 82.716, 81.417, 82.716, 1, 105.149, 105.149, 0.025, 0.134, 78.173, 79.422, 78.173, 79.422, 7.064, 7.38, 12.215, , , 1, 4.973, 0, 0, 11.3, 5.436, 196, 0, 0, 0, 80, 18.64, 18.656, 96.8, 97.916, 100, 0, 0, 34.275, 32.388, 100, 4.41, 94.62, 0, 0, 94.62, 106.797, 0, 0, 0, 0, 0, 13.3, 0, 11.3, 0, 5.436, 196, 0, 0, 0, 80, 1, 0.018, 0.018, 96.8, 97.916, 100, 0, 0, 141, 34.275, 32.388, 100, 4.41, 0, 94.62, 0, 0, 94.62, 106.801, 0, 1.3, 0, 0, 
4.95, 17.67, 100.385, 72.5, 73.24, , 12.22, 0.984, 536.07, 536.07, 5.453, 293.444, 293.444, 293.444, 52.018, , 34.475, 34.969, 7.38, 12.29, 0, 0, 81.475, 82.774, 81.475, 82.774, 1, 105.754, 105.754, 0.025, 0.134, 77.769, 79.011, 77.769, 79.011, 7.103, 7.38, 12.29, , , 1, 5.023, 0, 0, 11.3, 5.453, 196, 0, 0, 0, 80, 18.553, 18.561, 96.8, 97.835, 100, 0, 0, 34.384, 32.442, 100, 4.41, 94.076, 0, 0, 94.076, 107.135, 0, 0, 0, 0, 0, 13.3, 0, 11.3, 0, 5.453, 196, 0, 0, 0, 80, 1, 0.018, 0.018, 96.8, 97.835, 100, 0, 0, 141, 34.384, 32.442, 100, 4.41, 0, 94.076, 0, 0, 94.076, 107.14, 0, 1.3, 0, 0, 
5, 17.67, 100.386, 72.5, 73.24, , 12.078, 0.984, 545.611, 545.611, 5.47, 290.108, 290.108, 290.108, 52.001, , 34.403, 35.113, 7.38, 12.35, 0, 0, 81.109, 82.404, 81.109, 82.404, 1, 106.53, 106.53, 0.025, 0.134, 76.908, 78.136, 76.908, 78.136, 7.143, 7.38, 12.35, , , 1, 5.073, 0, 0, 11.3, 5.47, 196, 0, 0, 0, 80, 18.465, 18.466, 96.8, 97.755, 100, 0, 0, 34.493, 32.497, 100, 4.41, 93.533, 0, 0, 93.533, 107.473, 0, 0, 0, 0, 0, 13.3, 0, 11.3, 0, 5.47, 196, 0, 0, 0, 80, 1, 0.018, 0.018, 96.8, 97.755, 100, 0, 0, 141, 34.493, 32.497, 100, 4.41, 0, 93.533, 0, 0, 93.533, 107.48, 0, 1.3, 0, 0, 
5.05, 17.67, 100.386, 72.5, 73.24, , 11.978, 0.984, 553.394, 553.394, 5.513, 287.756, 287.756, 287.756, 51.988, , 34.357, 35.244, 7.38, 12.396, 0, 0, 80.904, 82.195, 80.904, 82.195, 1, 107.128, 107.128, 0.025, 0.135, 76.304, 77.522, 76.304, 77.522, 7.182, 7.38, 12.396, , , 1, 5.123, 0, 0, 11.3, 5.513, 196, 0, 0, 0, 80, 18.54, 18.555, 96.638, 97.55, 100, 0, 0, 34.635, 32.635, 100, 4.41, 94.04, 0, 0, 94.085, 108.269, 0, 0, 0, 0, 0, 13.3, 0, 11.3, 0, 5.513, 196, 0, 0, 0, 80, 1, 0.018, 0.018, 96.638, 97.55, 100, 0, 0, 141, 34.635, 32.635, 100, 4.41, 0, 94.042, 0, 0, 94.085, 108.282, 0, 1.3, 0, 0, 
5.1, 17.67, 100.386, 72.5, 73.24, , 11.867, 0.984, 561.178, 561.178, 5.558, 285.156, 285.156, 285.156, 51.989, , 34.501, 35.28, 7.38, 12.423, 0, 0, 80.614, 81.9, 80.614, 81.9, 1, 107.716, 107.716, 0.025, 0.134, 75.616, 76.821, 75.616, 76.821, 7.212, 7.38, 12.423, , , 1, 5.173, 0, 0, 11.3, 5.558, 196, 0, 0, 0, 80, 18.625, 18.657, 96.466, 97.338, 100, 0, 0, 34.779, 32.779, 100, 4.41, 94.615, 0, 0, 94.708, 109.104, 0, 0, 0, 0, 0, 13.3, 0, 11.3, 0, 5.558, 196, 0, 0, 0, 80, 1, 0.018, 0.018, 96.466, 97.338, 100, 0, 0, 141, 34.779, 32.779, 100, 4.41, 0, 94.619, 0, 0, 94.708, 109.115, 0, 1.3, 0, 0, 
5.15, 17.67, 100.387, 72.5, 73.24, , 11.779, 0.984, 568.961, 568.961, 5.602, 283.092, 283.092, 283.092, 52.002, , 34.645, 35.316, 7.38, 12.435, 0, 0, 80.466, 81.749, 80.466, 81.749, 1, 108.298, 108.298, 0.025, 0.134, 75.05, 76.246, 75.05, 76.246, 7.241, 7.38, 12.435, , , 1, 5.223, 0, 0, 11.3, 5.602, 196, 0, 0, 0, 80, 18.711, 18.759, 96.293, 97.125, 100, 0, 0, 34.922, 32.922, 100, 4.41, 95.19, 0, 0, 95.33, 109.94, 0, 0, 0, 0, 0, 13.3, 0, 11.3, 0, 5.602, 196, 0, 0, 0, 80, 1, 0.019, 0.019, 96.293, 97.125, 100, 0, 0, 141, 34.922, 32.922, 100, 4.41, 0, 95.196, 0, 0, 95.33, 109.947, 0, 1.3, 0, 0, 
5.2, 17.67, 100.387, 72.5, 73.24, , 11.702, 0.984, 576.745, 576.745, 5.647, 281.276, 281.276, 281.276, 52.027, , 34.789, 35.352, 7.381, 12.423, 0, 0, 80.374, 81.654, 80.374, 81.654, 1, 108.872, 108.872, 0.025, 0.134, 74.531, 75.719, 74.531, 75.719, 7.27, 7.381, 12.423, , , 1, 5.273, 0, 0, 11.3, 5.647, 196, 0, 0, 0, 80, 18.796, 18.86, 96.121, 96.913, 100, 0, 0, 35.066, 33.066, 100, 4.41, 95.764, 0, 0, 95.953, 110.775, 0, 0, 0, 0, 0, 13.3, 0, 11.3, 0, 5.647, 196, 0, 0, 0, 80, 1, 0.019, 0.019, 96.121, 96.913, 100, 0, 0, 141, 35.066, 33.066, 100, 4.41, 0, 95.773, 0, 0, 95.953, 110.78, 0, 1.3, 0, 0, 
5.25, 17.67, 100.387, 72.5, 73.24, , 11.605, 0.984, 584.684, 584.684, 5.691, 278.995, 278.995, 278.995, 52.064, , 34.933, 35.388, 7.382, 12.402, 0, 0, 80.146, 81.422, 80.146, 81.422, 1, 109.451, 109.451, 0.025, 0.134, 73.874, 75.051, 73.874, 75.051, 7.299, 7.382, 12.402, , , 1, 5.323, 0, 0, 11.3, 5.691, 196, 0, 0, 0, 80, 18.881, 18.962, 95.948, 96.7, 100, 0, 0, 35.21, 33.21, 100, 4.41, 96.339, 0, 0, 96.576, 111.611, 0, 0, 0, 0, 0, 13.3, 0, 11.3, 0, 5.691, 196, 0, 0, 0, 80, 1, 0.019, 0.019, 95.948, 96.7, 100, 0, 0, 141, 35.21, 33.21, 100, 4.41, 0, 96.35, 0, 0, 96.576, 111.612, 0, 1.3, 0, 0, 
5.3, 17.67, 100.388, 72.5, 73.24, , 11.53, 0.984, 592.607, 592.607, 5.716, 277.243, 277.243, 277.243, 52.103, , 35.069, 35.42, 7.382, 12.365, 0, 0, 80.055, 81.329, 80.055, 81.329, 1, 110.023, 110.023, 0.025, 0.134, 73.354, 74.525, 73.354, 74.525, 7.333, 7.382, 12.365, , , 1, 5.373, 0, 0, 11.3, 5.716, 196, 0, 0, 0, 80, 18.966, 19.046, 95.753, 96.584, 100, 0, 0, 35.291, 33.291, 100, 4.41, 96.664, 0, 0, 96.955, 112.252, 0, 0, 0, 0, 0, 13.3, 0, 11.3, 0, 5.716, 196, 0, 0, 0, 80, 1, 0.019, 0.019, 95.753, 96.584, 100, 0, 0, 141, 35.291, 33.291, 100, 4.41, 0, 96.668, 0, 0, 96.955, 112.252, 0, 1.3, 0, 0, 
5.35, 17.67, 100.388, 72.5, 73.24, , 11.405, 0.984, 600.658, 600.658, 5.734, 274.308, 274.308, 274.308, 52.133, , 35.141, 35.42, 7.382, 12.322, 0, 0, 79.616, 80.883, 79.616, 80.883, 1, 110.587, 110.587, 0.025, 0.134, 72.536, 73.694, 72.536, 73.694, 7.369, 7.382, 12.322, , , 1, 5.423, 0, 0, 11.3, 5.734, 196, 0, 0, 0, 80, 19.052, 19.123, 95.548, 96.501, 100, 0, 0, 35.348, 33.348, 100, 4.41, 96.893, 0, 0, 97.241, 112.818, 0, 0, 0, 0, 0, 13.3, 0, 11.3, 0, 5.734, 196, 0, 0, 0, 80, 1, 0.019, 0.019, 95.548, 96.501, 100, 0, 0, 141, 35.348, 33.348, 100, 4.41, 0, 96.895, 0, 0, 97.241, 112.818, 0, 1.3, 0, 0, 
5.4, 17.67, 100.389, 72.5, 73.24, , 11.257, 0.984, 608.71, 608.71, 5.752, 270.798, 270.798, 270.798, 52.151, , 35.213, 35.42, 7.382, 12.268, 0, 0, 78.996, 80.254, 78.996, 80.254, 1, 111.15, 111.15, 0.025, 0.134, 71.583, 72.726, 71.583, 72.726, 7.405, 7.382, 12.268, , , 1, 5.473, 0, 0, 11.3, 5.752, 196, 0, 0, 0, 80, 19.137, 19.2, 95.344, 96.418, 100, 0, 0, 35.405, 33.405, 100, 4.41, 97.121, 0, 0, 97.526, 113.384, 0, 0, 0, 0, 0, 13.3, 0, 11.3, 0, 5.752, 196, 0, 0, 0, 80, 1, 0.019, 0.019, 95.344, 96.418, 100, 0, 0, 141, 35.405, 33.405, 100, 4.41, 0, 97.123, 0, 0, 97.526, 113.384, 0, 1.3, 0, 0, 
5.45, 17.67, 100.389, 72.5, 73.24, , 11.109, 0.984, 616.762, 616.762, 5.77, 267.314, 267.314, 267.314, 52.157, , 35.285, 35.42, 7.382, 12.21, 0, 0, 78.366, 79.614, 78.366, 79.614, 1, 111.701, 111.701, 0.025, 0.133, 70.653, 71.78, 70.653, 71.78, 7.441, 7.382, 12.21, , , 1, 5.523, 0, 0, 11.3, 5.77, 196, 0, 0, 0, 80, 19.222, 19.277, 95.139, 96.335, 100, 0, 0, 35.461, 33.461, 100, 4.41, 97.349, 0, 0, 97.812, 113.95, 0, 0, 0, 0, 0, 13.3, 0, 11.3, 0, 5.77, 196, 0, 0, 0, 80, 1, 0.019, 0.019, 95.139, 96.335, 100, 0, 0, 141, 35.461, 33.461, 100, 4.41, 0, 97.35, 0, 0, 97.812, 113.95, 0, 1.3, 0, 0, 
5.5, 17.67, 100.389, 72.5, 73.24, , 10.956, 0.984, 624.813, 624.813, 5.791, 263.716, 263.716, 263.716, 52.154, , 35.357, 35.42, 7.38, 12.144, 0, 0, 77.686, 78.924, 77.686, 78.924, 1, 112.253, 112.253, 0.025, 0.133, 69.706, 70.818, 69.706, 70.818, 7.478, 7.38, 12.144, , , 1, 5.573, 0, 0, 11.3, 5.791, 196, 0, 0, 0, 80, 19.288, 19.341, 95, 96.254, 100, 0, 0, 35.5, 33.5, 100, 4.41, 97.676, 0, 0, 98.176, 114.418, 0, 0, 0, 0, 0, 13.307, 0, 11.3, 0, 5.791, 196, 0, 0, 0, 80, 1, 0.019, 0.02, 95, 96.254, 100, 0, 0, 141, 35.5, 33.5, 100, 4.41, 0, 97.676, 0, 0, 98.176, 114.418, 0, 1.3, 0, 0, 
5.55, 17.67, 100.39, 72.5, 73.24, , 10.814, 0.984, 633.026, 633.026, 5.819, 260.369, 260.369, 260.369, 52.147, , 35.42, 35.411, 7.379, 12.072, 0, 0, 77.072, 78.301, 77.072, 78.301, 1, 112.785, 112.785, 0.025, 0.133, 68.833, 69.929, 68.833, 69.929, 7.515, 7.379, 12.072, , , 1, 5.623, 0, 0, 11.3, 5.819, 196, 0, 0, 0, 80, 19.313, 19.377, 95, 96.177, 100, 0, 0, 35.5, 33.5, 100, 4.41, 98.195, 0, 0, 98.695, 114.677, 0, 0, 0, 0, 0, 13.328, 0, 11.3, 0, 5.819, 196, 0, 0, 0, 80, 1, 0.019, 0.02, 95, 96.177, 100, 0, 0, 141, 35.5, 33.5, 100, 4.41, 0, 98.195, 0, 0, 98.695, 114.677, 0, 1.3, 0, 0, 
5.6, 17.67, , , 73.24, , 10.694, , 641.123, 641.123, 5.847, 257.536, 257.536, 257.536, 52.139, , 35.42, 35.339, 7.378, 11.982, 0, 0, 76.591, 77.812, 76.591, 77.812, 1, 113.317, 113.317, 0.025, 0.133, 68.094, 69.177, 68.094, 69.177, 7.552, 7.378, 11.982, , , 1, 5.673, 0, 0, 11.3, 5.847, 196, 0, 0, 0, 80, 19.338, 19.412, 95, 96.1, 100, 0, 0, 35.5, 33.5, 100, 4.41, 98.714, 0, 0, 99.214, 114.937, 0, 0, 0, 0, 0, 13.349, 0, 11.3, 0, 5.847, 196, 0, 0, 0, 80, 1, 0.019, 0.02, 95, 96.1, 100, 0, 0, 141, 35.5, 33.5, 100, 4.41, 0, 98.714, 0, 0, 99.214, 114.937, 0, 1.3, 0, 0, 
5.65, 17.67, , , 73.24, , 10.603, , 649.451, 649.451, 5.874, 255.408, 255.408, 255.408, 52.132, , 35.42, 35.267, 7.378, 11.891, 0, 0, 76.319, 77.534, 76.319, 77.534, 1, 113.848, 113.848, 0.025, 0.133, 67.54, 68.615, 67.54, 68.615, 7.589, 7.378, 11.891, , , 1, 5.723, 0, 0, 11.3, 5.874, 196, 0, 0, 0, 80, 19.363, 19.448, 95, 96.024, 100, 0, 0, 35.5, 33.5, 100, 4.41, 99.232, 0, 0, 99.732, 115.196, 0, 0, 0, 0, 0, 13.369, 0, 11.3, 0, 5.874, 196, 0, 0, 0, 80, 1, 0.019, 0.02, 95, 96.024, 100, 0, 0, 141, 35.5, 33.5, 100, 4.41, 0, 99.232, 0, 0, 99.732, 115.196, 0, 1.3, 0, 0, 
5.7, 17.67, , , 73.24, , 10.56, , 657.635, 657.635, 5.902, 254.387, 254.387, 254.387, 52.125, , 35.42, 35.195, 7.378, 11.798, 0, 0, 76.362, 77.579, 76.362, 77.579, 1, 114.367, 114.367, 0.025, 0.133, 67.279, 68.35, 67.279, 68.35, 7.617, 7.378, 11.798, , , 1, 5.774, 0, 0, 11.3, 5.902, 196, 0, 0, 0, 80, 19.388, 19.483, 95, 95.947, 100, 0, 0, 35.5, 33.5, 100, 4.41, 99.751, 0, 0, 100.251, 115.456, 0, 0, 0, 0, 0, 13.39, 0, 11.3, 0, 5.902, 196, 0, 0, 0, 80, 1, 0.019, 0.02, 95, 95.947, 100, 0, 0, 141, 35.5, 33.5, 100, 4.41, 0, 99.751, 0, 0, 100.251, 115.456, 0, 1.3, 0, 0, 
5.75, 17.67, , , 73.24, , 10.51, , 665.975, 665.975, 5.936, 253.225, 253.225, 253.225, 52.117, , 35.42, 35.123, 7.378, 11.713, 0, 0, 76.361, 77.576, 76.361, 77.576, 1, 114.888, 114.888, 0.025, 0.133, 66.982, 68.048, 66.982, 68.048, 7.63, 7.378, 11.713, , , 1, 5.824, 0, 0, 11.3, 5.936, 196, 0, 0, 0, 80, 19.28, 19.438, 94.906, 95.813, 100, 0, 0, 35.578, 33.578, 100, 4.41, 99.608, 0, 0, 100.135, 115.87, 0, 0, 0, 0, 0, 13.39, 0, 11.3, 0, 5.936, 196, 0, 0, 0, 80, 1, 0.019, 0.02, 94.906, 95.813, 100, 0, 0, 141, 35.578, 33.578, 100, 4.41, 0, 99.608, 0, 0, 100.135, 115.87, 0, 1.3, 0, 0, 
5.8, 17.67, , , 73.24, , 10.432, , 674.314, 674.314, 5.977, 251.394, 251.394, 251.394, 52.114, , 35.42, 35.112, 7.379, 11.655, 0, 0, 76.147, 77.358, 76.147, 77.358, 1, 115.407, 115.407, 0.025, 0.133, 66.501, 67.559, 66.501, 67.559, 7.642, 7.379, 11.655, , , 1, 5.873, 0, 0, 11.3, 5.977, 196, 0, 0, 0, 80, 19.05, 19.318, 94.726, 95.628, 100, 0, 0, 35.728, 33.728, 100, 4.41, 98.855, 0, 0, 99.432, 116.428, 0, 0, 0, 0, 0, 13.369, 0, 11.3, 0, 5.977, 196, 0, 0, 0, 80, 1, 0.019, 0.02, 94.726, 95.628, 100, 0, 0, 141, 35.728, 33.728, 100, 4.41, 0, 98.855, 0, 0, 99.432, 116.428, 0, 1.3, 0, 0, 
5.85, 17.67, , , 73.24, , 9.481, , 682.82, 682.82, 6.017, 228.851, 228.851, 228.851, 52.126, , 35.42, 35.544, 7.379, 11.617, 0, 0, 69.563, 70.67, 69.563, 70.67, 1, 115.912, 115.912, 0.025, 0.133, 60.533, 61.497, 60.533, 61.497, 7.654, 7.379, 11.617, , , 1, 5.923, 0, 0, 11.3, 6.017, 196, 0, 0, 0, 80, 18.82, 19.198, 94.546, 95.442, 100, 0, 0, 35.878, 33.878, 100, 4.41, 98.102, 0, 0, 98.729, 116.986, 0, 0, 0, 0, 0, 13.349, 0, 11.3, 0, 6.017, 196, 0, 0, 0, 80, 1, 0.019, 0.019, 94.546, 95.442, 100, 0, 0, 141, 35.878, 33.878, 100, 4.41, 0, 98.102, 0, 0, 98.729, 116.986, 0, 1.3, 0, 0, 
5.9, 17.67, , , 73.24, , 8.141, , 691.16, 691.16, 6.057, 197.1, 197.1, 197.1, 52.174, , 35.42, 35.976, 7.38, 11.647, 0, 0, 60.097, 61.053, 60.097, 61.053, 1, 116.342, 116.342, 0.025, 0.134, 52.11, 52.94, 52.11, 52.94, 7.666, 7.38, 11.647, , , 1, 5.973, 0, 0, 11.3, 6.057, 196, 0, 0, 0, 80, 18.59, 19.078, 94.366, 95.256, 100, 0, 0, 36.028, 34.028, 100, 4.41, 97.349, 0, 0, 98.026, 117.544, 0, 0, 0, 0, 0, 13.329, 0, 11.3, 0, 6.057, 196, 0, 0, 0, 80, 1, 0.019, 0.019, 94.366, 95.256, 100, 0, 0, 141, 36.028, 34.028, 100, 4.41, 0, 97.349, 0, 0, 98.026, 117.544, 0, 1.3, 0, 0, 
5.95, 17.67, , , 73.24, , 6.892, , 699.666, 699.666, 6.098, 167.461, 167.461, 167.461, 52.253, , 35.42, 36.408, 7.38, 11.677, 0, 0, 51.222, 52.038, 51.222, 52.038, 1, 116.723, 116.723, 0.024, 0.134, 44.229, 44.934, 44.229, 44.934, 7.674, 7.38, 11.677, , , 1, 6.023, 0, 0, 11.3, 6.098, 196, 0, 0, 0, 80, 18.36, 18.958, 94.186, 95.07, 100, 0, 0, 36.178, 34.178, 100, 4.41, 96.596, 0, 0, 97.323, 118.102, 0, 0, 0, 0, 0, 13.309, 0, 11.3, 0, 6.098, 196, 0, 0, 0, 80, 1, 0.019, 0.019, 94.186, 95.07, 100, 0, 0, 141, 36.178, 34.178, 100, 4.41, 0, 96.596, 0, 0, 97.323, 118.102, 0, 1.3, 0, 0, 
6, 17.67, , , 73.24, , 4.971, , 708.172, 708.172, 6.125, 121.921, 121.921, 121.921, 52.319, , 35.42, 36.84, 7.38, 11.708, 0, 0, 37.37, 37.966, 37.37, 37.966, 1, 117.008, 117.008, 0.024, 0.134, 32.183, 32.697, 32.183, 32.697, 7.681, 7.38, 11.708, , , 1, 6.056, 0, 0, 11.3, 6.125, 196, 0, 0, 0, 80, 18.211, 18.907, 93.999, 94.92, 100, 0, 0, 36.278, 34.278, 100, 4.41, 95.988, 0, 0, 96.767, 118.405, 0, 0, 0, 0, 0, 13.3, 0, 11.3, 0, 6.125, 196, 0, 0, 0, 80, 1, 0.018, 0.019, 93.999, 94.92, 100, 0, 0, 141, 36.278, 34.278, 100, 4.41, 0, 95.988, 0, 0, 96.767, 118.405, 0, 1.3, 0, 0, 
6.05, , , , , , 3.493, , 713.299, 713.299, 6.14, 86.843, 86.843, 86.843, 52.379, , , , 7.38, 11.746, 0, 0, 26.675, 27.101, 26.675, 27.101, 1, 117.149, 117.149, 0.024, 0.134, 22.887, 23.253, 22.887, 23.253, 7.688, 7.38, 11.746, , , 1, 6.082, 0, 0, 11.3, 6.14, 196, 0, 0, 0, 80, 18.135, 18.92, 93.804, 94.801, 100, 0, 0, 36.332, 34.332, 100, 4.41, 95.503, 0, 0, 96.336, 118.472, 0, 0, 0, 0, 0, 13.3, 0, 11.3, 0, 6.14, 196, 0, 0, 0, 80, 1, 0.018, 0.019, 93.804, 94.8, 100, 0, 0, 141, 36.332, 34.332, 100, 4.41, 0, 95.503, 0, 0, 96.336, 118.472, 0, 1.3, 0, 0, 
6.1, , , , , , 2.824, , 717.537, 717.537, 6.155, 70.975, 70.975, 70.975, 52.464, , , , 7.38, 11.819, 0, 0, 21.827, 22.176, 21.827, 22.176, 1, 117.239, 117.239, 0.024, 0.135, 18.67, 18.97, 18.67, 18.97, 7.696, 7.38, 11.819, , , 1, 6.107, 0, 0, 11.3, 6.155, 196, 0, 0, 0, 80, 18.059, 18.933, 93.609, 94.681, 100, 0, 0, 36.386, 34.386, 100, 4.41, 95.018, 0, 0, 95.905, 118.539, 0, 0, 0, 0, 0, 13.3, 0, 11.3, 0, 6.155, 196, 0, 0, 0, 80, 1, 0.018, 0.019, 93.609, 94.68, 100, 0, 0, 141, 36.386, 34.386, 100, 4.41, 0, 95.018, 0, 0, 95.905, 118.539, 0, 1.3, 0, 0, 
6.15, , , , , , 1.858, , 721.861, 721.861, 6.17, 48.063, 48.063, 48.063, 52.535, , , , , , 0, 0, 14.791, 15.028, 14.791, 15.028, 1, 117.338, 117.338, , , 12.64, 12.842, 12.64, 12.842, , , , , , , 6.132, 0, 0, 11.3, 6.17, 196, 0, 0, 0, 80, 17.983, 18.946, 93.414, 94.562, 100, 0, 0, 36.44, 34.44, 100, 4.41, 94.533, 0, 0, 95.474, 118.606, 0, 0, 0, 0, 0, 13.3, 0, 11.3, 0, 6.17, 196, 0, 0, 0, 80, 1, 0.018, 0.019, 93.414, 94.56, 100, 0, 0, 141, 36.44, 34.44, 100, 4.41, 0, 94.533, 0, 0, 95.474, 118.606, 0, 1.3, 0, 0, 
6.2, , , , , , -1.597, , 726.185, 726.185, 6.185, -33.9, -33.9, -33.9, , , , , , , 0, 0, -10.44, -10.61, -10.44, -10.61, 1, 117.35, 117.35, , , -8.87, -9.01, -8.87, -9.01, , , , , , , , 0, 0, 11.3, 6.185, 196, 0, 0, 0, 80, 17.908, 18.959, 93.219, 94.442, 100, 0, 0, 36.495, 34.495, 100, 4.41, 94.048, 0, 0, 95.043, 118.673, 0, 0, 0, 0, 0, 13.3, 0, 11.3, 0, 6.185, 196, 0, 0, 0, 80, 1, 0.018, 0.019, 93.219, 94.44, 100, 0, 0, 141, 36.495, 34.495, 100, 4.41, 0, 94.048, 0, 0, 95.043, 118.673, 0, 1.3, 0, 0, 
