Time, (DWRT ATMO) Humidity, (DWRT ATMO) Pressure, (DWRT ATMO) Temperature 1, (DWRT ATMO) Temperature 2, (DWRT CPU) ????????????????????????????????????????????????????????????????, (DWRT CPU) Acceleration, (DWRT CPU) Correction Factor, (DWRT CPU) Distance, (DWRT CPU) Distance 1, (DWRT CPU) Engine RPM, (DWRT CPU) Force, (DWRT CPU) Force 1, (DWRT CPU) Force Drum 1, (DWRT CPU) Gear Ratio, (DWRT CPU) Inductive 1 Signal Strength, (DWRT CPU) Internal Temp 1, (DWRT CPU) Internal Temp 2, (DWRT CPU) LC1 Volts Petrol AFR, (DWRT CPU) LC2 Volts Petrol AFR2, (DWRT CPU) Link 0 Status, (DWRT CPU) Link 1 Status, (DWRT CPU) Power, (DWRT CPU) Power (uncorrected), (DWRT CPU) Power Drum 1, (DWRT CPU) Power Drum 1 (uncorrected), (DWRT CPU) Sampling, (DWRT CPU) Speed, (DWRT CPU) Speed 1, (DWRT CPU) TCP RX kB/s, (DWRT CPU) TCP TX kB/s, (DWRT CPU) Torque, (DWRT CPU) Torque (uncorrected), (DWRT CPU) Torque Drum 1, (DWRT CPU) Torque Drum 1 (uncorrected), (DWRT CPU) UDP RX kB/s, (DWRT CPU) User Analog 1, (DWRT CPU) User Analog 2, (DWRT CPU) User Analog 3, (DWRT CPU) User Analog 4, (Gen) Sampling, (Gen) Sampling Duration, (Harley - ECU Type 14 SW Level 141) Accel Enrichment, (Harley - ECU Type 14 SW Level 141) Decel Enleanment, (Harley - ECU Type 14 SW Level 141) Desired Air/Fuel, (Harley - ECU Type 14 SW Level 141) Engine Speed, (Harley - ECU Type 14 SW Level 141) Engine Temperature, (Harley - ECU Type 14 SW Level 141) Front Adaptive Fuel Factor, (Harley - ECU Type 14 SW Level 141) Front Closed Loop Integrator, (Harley - ECU Type 14 SW Level 141) Front Spark Knock Retard, (Harley - ECU Type 14 SW Level 141) Idle Air Control Motor Position, (Harley - ECU Type 14 SW Level 141) Injector Time Front, (Harley - ECU Type 14 SW Level 141) Injector Time Rear, (Harley - ECU Type 14 SW Level 141) Intake Air Temperature, (Harley - ECU Type 14 SW Level 141) Manifold Absolute Pressure, (Harley - ECU Type 14 SW Level 141) Rear Adaptive Fuel Factor, (Harley - ECU Type 14 SW Level 141) Rear Closed Loop Integrator, (Harley - ECU Type 14 SW Level 141) Rear Spark Knock Retard, (Harley - ECU Type 14 SW Level 141) Spark Advance Front, (Harley - ECU Type 14 SW Level 141) Spark Advance Rear, (Harley - ECU Type 14 SW Level 141) Throttle Position, (Harley - ECU Type 14 SW Level 141) Throttle Position Sensor Voltage, (Harley - ECU Type 14 SW Level 141) VE Front, (Harley - ECU Type 14 SW Level 141) VE New Front, (Harley - ECU Type 14 SW Level 141) VE New Rear, (Harley - ECU Type 14 SW Level 141) VE Rear, (Harley - ECU Type 14 SW Level 141) Vehicle Speed, (Harley - ECU Type 14 SW Level 141) WBO2 AFR Front, (Harley - ECU Type 14 SW Level 141) WBO2 AFR Rear, (PV) Accel Enrichment, (PV) AT Lambda 1, (PV) AT Lambda 2, (PV) Battery Voltage, (PV) Decel Enleanment, (PV) Desired Air/Fuel, (PV) Desired Lambda, (PV) Engine Speed, (PV) Engine Temperature, (PV) Front Adaptive Fuel Factor, (PV) Front Closed Loop Integrator, (PV) Front Spark Knock Retard, (PV) Idle Air Control Motor Position, (PV) Idle Set Speed, (PV) Injector Time Front, (PV) Injector Time Rear, (PV) Intake Air Temperature, (PV) Manifold Absolute Pressure, (PV) Rear Adaptive Fuel Factor, (PV) Rear Closed Loop Integrator, (PV) Rear Spark Knock Retard, (PV) Software Level, (PV) Spark Advance Front, (PV) Spark Advance Rear, (PV) Throttle Position, (PV) Throttle Position Sensor, (PV) Twistgrip Position, (PV) VE Front, (PV) VE New Front, (PV) VE New Rear, (PV) VE Rear, (PV) Vehicle Speed, (PV) Warm-up Fuel AFR (Lambda), (PV) Warm-up Fuel AFR (Ratio), (PV) WBO2 AFR Front, (PV) WBO2 AFR Rear, 
0, , , , , , 4.194, , , , , 101.79, 101.79, 101.79, , , , , , , , , , , , , , , , , , , , , , , , , , , , , , , , , , , , , , , , , , , , , , , , , , , , , , , , , , , , , , , , , , , , , , , , , , , , , , , , , , , , , , , , , , , , 
0.05, , , , , , 4.193, , 2.531, 2.531, , 101.784, 101.784, 101.784, , , , , , , , , 17.6, 17.851, 17.6, 17.851, , 65.892, 65.892, , , , , , , , , , , , 1, 0.009, , , , , , , , , , , , , , , , , , , , , , , , , , , , , , , , , , , , , , , , , , , , , , , , , , , , , , , , , , , , , , , , 
0.1, , , , , , 4.338, , 12.114, 12.114, 3.426, 105.235, 105.235, 105.235, , , , , , , , , 18.442, 18.706, 18.442, 18.706, , 66.21, 66.21, 0.025, 0.14, 28.69, 29.1, 28.69, 29.1, 5.672, , , , , 1, 0.069, 0.026, 0, 14.466, 3.426, 149, 0, 0, 0, 61.189, 7.709, 7.246, 105.8, 43.677, 100, 0, 0, 45.742, 45.716, 14.842, 1.18, 114.345, 0, 0, 120.785, 66.745, 0, 0, 0.026, 0, 0, 14, 0, 14.466, 0, 3.426, 149, 0, 0, 0, 61.189, 1, 0.008, 0.007, 105.8, 43.677, 100, 0, 0, 141, 45.742, 45.716, 14.842, 1.18, 0, 114.345, 0, 0, 120.785, 66.757, 0, 0, 0, 0, 
0.15, , , , , , 4.857, , 19.411, 19.411, 3.446, 117.542, 117.542, 117.542, 51.655, , , , 7.38, 11.995, 0, 0, 20.973, 21.274, 20.973, 21.274, 1, 66.565, 66.565, 0.025, 0.139, 33.082, 33.558, 33.082, 33.558, 5.677, 7.38, 11.995, , , 1, 0.163, 0.04, 0, 14.384, 3.446, 149, 0, 0, 0, 61.639, 8.182, 7.783, 105.8, 45.836, 100, 0, 0, 45.128, 45.041, 16.847, 1.254, 113.977, 0, 0, 120.274, 67.381, 0, 0, 0.04, 0, 0, 14, 0, 14.384, 0, 3.446, 149, 0, 0, 0, 61.639, 1, 0.009, 0.008, 105.8, 45.836, 100, 0, 0, 141, 45.128, 45.041, 16.847, 1.254, 0, 113.977, 0, 0, 120.274, 67.392, 0, 0, 0, 0, 
0.2, , , , , , 6.219, , 26.707, 26.707, 3.466, 149.874, 149.874, 149.874, 51.477, , 35.444, 34.771, 7.379, 12.007, 0, 0, 27.106, 27.496, 27.106, 27.496, 1, 67.024, 67.024, 0.025, 0.139, 42.803, 43.418, 42.803, 43.418, 5.682, 7.379, 12.007, , , 1, 0.239, 0.054, 0, 14.302, 3.466, 149, 0, 0, 0, 62.089, 8.655, 8.321, 105.8, 47.995, 100, 0, 0, 44.515, 44.366, 18.852, 1.329, 113.609, 0, 0, 119.762, 68.018, 0, 0, 0.054, 0, 0, 14, 0, 14.302, 0, 3.466, 149, 0, 0, 0, 62.089, 1, 0.009, 0.008, 105.8, 47.995, 100, 0, 0, 141, 44.515, 44.366, 18.852, 1.329, 0, 113.609, 0, 0, 119.762, 68.028, 0, 0, 0, 0, 
0.25, , , , , , 9.38, , 34.004, 34.004, 3.486, 224.894, 224.894, 224.894, 51.204, , 35.48, 34.879, 7.378, 12.001, 0, 0, 40.169, 40.748, 40.169, 40.748, 1, 67.645, 67.645, 0.025, 0.138, 61.19, 62.072, 61.19, 62.072, 5.687, 7.378, 12.001, , , 1, 0.31, 0.068, 0, 14.22, 3.486, 149, 0, 0, 0, 62.539, 9.128, 8.859, 105.8, 50.154, 100, 0, 0, 43.901, 43.691, 20.857, 1.404, 113.241, 0, 0, 119.251, 68.654, 0, 0, 0.068, 0, 0, 14, 0, 14.22, 0, 3.486, 149, 0, 0, 0, 62.539, 1, 0.01, 0.009, 105.8, 50.154, 100, 0, 0, 141, 43.901, 43.691, 20.857, 1.404, 0, 113.241, 0, 0, 119.251, 68.663, 0, 0, 0, 0, 
0.3, , , , , , 10.817, , 40.788, 40.788, 3.505, 258.986, 258.986, 258.986, 50.793, , 35.516, 34.987, 7.377, 11.98, 0, 0, 46.576, 47.248, 46.576, 47.248, 1, 68.213, 68.213, 0.025, 0.138, 70.865, 71.887, 70.865, 71.887, 5.692, 7.377, 11.98, , , 1, 0.36, 0.081, 0, 14.138, 3.505, 149, 0, 0, 0, 62.989, 9.601, 9.396, 105.8, 52.314, 100, 0, 0, 43.287, 43.016, 22.862, 1.478, 112.872, 0, 0, 118.739, 69.29, 0, 0, 0.081, 0, 0, 14, 0, 14.138, 0, 3.505, 149, 0, 0, 0, 62.989, 1, 0.01, 0.009, 105.8, 52.314, 100, 0, 0, 141, 43.287, 43.016, 22.862, 1.478, 0, 112.872, 0, 0, 118.739, 69.299, 0, 0, 0, 0, 
0.35, , , , , , 12.117, , 45.756, 45.756, 3.525, 289.835, 289.835, 289.835, 50.281, , 35.552, 35.095, 7.377, 11.966, 0, 0, 52.526, 53.284, 52.526, 53.284, 1, 68.772, 68.772, 0.025, 0.138, 79.821, 80.972, 79.821, 80.972, 5.698, 7.377, 11.966, , , 1, 0.409, 0.095, 0, 14.056, 3.525, 149, 0, 0, 0, 63.439, 10.074, 9.934, 105.8, 54.473, 100, 0, 0, 42.673, 42.341, 24.867, 1.553, 112.504, 0, 0, 118.228, 69.927, 0, 0, 0.095, 0, 0, 14, 0, 14.056, 0, 3.525, 149, 0, 0, 0, 63.439, 1, 0.01, 0.01, 105.8, 54.473, 100, 0, 0, 141, 42.673, 42.341, 24.867, 1.553, 0, 112.504, 0, 0, 118.228, 69.934, 0, 0, 0, 0, 
0.4, , 100.34, 73.269, , , 13.13, 0.986, 50.724, 50.724, 3.545, 313.899, 313.899, 313.899, 49.867, 81.357, 35.588, 35.203, 7.377, 11.957, 0, 0, 57.36, 58.188, 57.36, 58.188, 1, 69.389, 69.389, 0.025, 0.138, 87.06, 88.316, 87.06, 88.316, 5.704, 7.377, 11.957, , , 1, 0.46, 0.109, 0, 13.975, 3.545, 149, 0, 0, 0, 63.89, 10.547, 10.472, 105.8, 56.632, 100, 0, 0, 42.06, 41.666, 26.872, 1.627, 112.136, 0, 0, 117.716, 70.563, 0, 0, 0.109, 0, 0, 14, 0, 13.975, 0, 3.545, 149, 0, 0, 0, 63.89, 1, 0.011, 0.01, 105.8, 56.632, 100, 0, 0, 141, 42.06, 41.666, 26.872, 1.627, 0, 112.136, 0, 0, 117.716, 70.569, 0, 0, 0, 0, 
0.45, , 100.34, 73.265, , , 13.892, 0.986, 55.692, 55.692, 3.565, 331.984, 331.984, 331.984, 49.457, 79.656, 35.529, 35.264, 7.377, 11.972, 0, 0, 61.204, 62.087, 61.204, 62.087, 1, 70.059, 70.059, 0.025, 0.137, 92.739, 94.078, 92.739, 94.078, 5.71, 7.377, 11.972, , , 1, 0.51, 0.123, 0, 13.893, 3.565, 149, 0, 0, 0, 64.34, 11.02, 11.009, 105.8, 58.791, 100, 0, 0, 41.446, 40.991, 28.876, 1.702, 111.768, 0, 0, 117.205, 71.2, 0, 0, 0.123, 0, 0, 14, 0, 13.893, 0, 3.565, 149, 0, 0, 0, 64.34, 1, 0.011, 0.011, 105.8, 58.791, 100, 0, 0, 141, 41.446, 40.991, 28.876, 1.702, 0, 111.768, 0, 0, 117.205, 71.205, 0, 0, 0, 0, 
0.5, , 100.34, 73.261, , , 14.376, 0.986, 60.71, 60.71, 3.584, 343.494, 343.494, 343.494, 49.16, 77.954, 35.421, 35.3, 7.377, 12.008, 0, 0, 63.924, 64.846, 63.924, 64.846, 1, 70.742, 70.742, 0.025, 0.137, 96.488, 97.878, 96.488, 97.878, 5.715, 7.377, 12.008, , , 1, 0.56, 0.137, 0, 13.811, 3.584, 149, 0, 0, 0, 64.79, 11.493, 11.547, 105.8, 60.95, 100, 0, 0, 40.832, 40.315, 30.881, 1.777, 111.399, 0, 0, 116.694, 71.836, 0, 0, 0.137, 0, 0, 14, 0, 13.811, 0, 3.584, 149, 0, 0, 0, 64.79, 1, 0.012, 0.011, 105.8, 60.95, 100, 0, 0, 141, 40.832, 40.315, 30.881, 1.777, 0, 111.399, 0, 0, 116.694, 71.84, 0, 0, 0, 0, 
0.55, , 100.34, 73.257, , , 14.75, 0.986, 65.847, 65.847, 3.604, 352.373, 352.373, 352.373, 49.033, 76.252, 35.314, 35.335, 7.377, 12.06, 0, 0, 66.226, 67.18, 66.226, 67.18, 1, 71.454, 71.454, 0.025, 0.137, 99.216, 100.645, 99.216, 100.645, 5.705, 7.377, 12.06, , , 1, 0.609, 0.151, 0, 13.729, 3.604, 149, 0, 0, 0, 65.24, 11.966, 12.085, 105.8, 63.109, 100, 0, 0, 40.218, 39.64, 32.886, 1.851, 111.031, 0, 0, 116.182, 72.473, 0, 0, 0.151, 0, 0, 14, 0, 13.729, 0, 3.604, 149, 0, 0, 0, 65.24, 1, 0.012, 0.012, 105.8, 63.109, 100, 0, 0, 141, 40.218, 39.64, 32.886, 1.851, 0, 111.031, 0, 0, 116.182, 72.476, 0, 0, 0, 0, 
0.6, , 100.34, 73.253, , , 14.961, 0.986, 70.964, 70.964, 3.624, 357.412, 357.412, 357.412, 49.072, 74.55, 35.206, 35.371, 7.377, 12.127, 0, 0, 67.842, 68.819, 67.842, 68.819, 1, 72.189, 72.189, 0.025, 0.137, 100.552, 102, 100.552, 102, 5.695, 7.377, 12.127, , , 1, 0.66, 0.165, 0, 13.647, 3.624, 149, 0, 0, 0, 65.69, 12.439, 12.622, 105.8, 65.269, 100, 0, 0, 39.605, 38.965, 34.891, 1.926, 110.663, 0, 0, 115.671, 73.109, 0, 0, 0.165, 0, 0, 14, 0, 13.647, 0, 3.624, 149, 0, 0, 0, 65.69, 1, 0.013, 0.013, 105.8, 65.269, 100, 0, 0, 141, 39.605, 38.965, 34.891, 1.926, 0, 110.663, 0, 0, 115.671, 73.111, 0, 0, 0, 0, 
0.65, , 100.34, 73.249, , , 15.163, 0.986, 76.206, 76.206, 3.644, 362.213, 362.213, 362.213, 49.283, 72.848, 35.099, 35.407, 7.377, 12.171, 0, 0, 69.456, 70.456, 69.456, 70.456, 1, 72.923, 72.923, 0.025, 0.137, 101.472, 102.933, 101.472, 102.933, 5.685, 7.377, 12.171, , , 1, 0.71, 0.179, 0, 13.565, 3.644, 149, 0, 0, 0, 66.14, 12.912, 13.16, 105.8, 67.428, 100, 0, 0, 38.991, 38.29, 36.896, 2, 110.295, 0, 0, 115.159, 73.746, 0, 0, 0.179, 0, 0, 14, 0, 13.565, 0, 3.644, 149, 0, 0, 0, 66.14, 1, 0.013, 0.013, 105.8, 67.428, 100, 0, 0, 141, 38.991, 38.29, 36.896, 2, 0, 110.295, 0, 0, 115.159, 73.747, 0, 0, 0, 0, 
0.7, , 100.34, 73.246, , , 15.307, 0.986, 81.413, 81.413, 3.667, 365.659, 365.659, 365.659, 49.657, 71.147, 35.083, 35.443, 7.377, 12.19, 0, 0, 70.827, 71.846, 70.827, 71.846, 1, 73.664, 73.664, 0.025, 0.137, 101.672, 103.136, 101.672, 103.136, 5.676, 7.377, 12.19, , , 1, 0.76, 0.197, 0, 13.458, 3.667, 149, 0, 0, 0, 66.646, 13.532, 13.865, 105.8, 70.259, 100, 0, 0, 38.186, 37.405, 39.483, 2.097, 109.707, 0, 0, 114.384, 74.346, 0, 0, 0.197, 0, 0, 14, 0, 13.458, 0, 3.667, 149, 0, 0, 0, 66.646, 1, 0.014, 0.014, 105.8, 70.259, 100, 0, 0, 141, 38.186, 37.405, 39.483, 2.097, 0, 109.707, 0, 0, 114.384, 74.346, 0, 0, 0, 0, 
0.75, , 100.34, 73.242, , , 15.472, 0.986, 86.713, 86.713, 3.706, 369.598, 369.598, 369.598, 50.091, 69.445, 35.119, 35.479, 7.377, 12.201, 0, 0, 72.322, 73.364, 72.322, 73.364, 1, 74.417, 74.417, 0.025, 0.137, 101.858, 103.325, 101.858, 103.325, 5.676, 7.377, 12.201, , , 1, 0.811, 0.233, 0, 13.249, 3.706, 149, 0, 0, 0, 67.379, 14.741, 15.239, 105.8, 75.779, 100, 0, 0, 36.617, 35.679, 44.4, 2.283, 108.243, 0, 0, 112.553, 74.801, 0, 0, 0.233, 0, 0, 14, 0, 13.249, 0, 3.706, 149, 0, 0, 0, 67.379, 1, 0.015, 0.015, 105.8, 75.779, 100, 0, 0, 141, 36.617, 35.679, 44.4, 2.283, 0, 108.243, 0, 0, 112.553, 74.801, 0, 0, 0, 0, 
0.8, , 100.34, 73.238, , , 15.622, 0.986, 92.042, 92.042, 3.744, 373.177, 373.177, 373.177, 50.444, 67.743, 35.155, 35.515, 7.377, 12.202, 0, 0, 73.775, 74.839, 73.775, 74.839, 1, 75.18, 75.18, 0.025, 0.137, 102.131, 103.603, 102.131, 103.603, 5.677, 7.377, 12.202, , , 1, 0.86, 0.268, 0, 13.04, 3.744, 149, 0, 0, 0, 68.111, 15.95, 16.614, 105.8, 81.299, 100, 0, 0, 35.048, 33.953, 49.316, 2.47, 106.778, 0, 0, 110.723, 75.256, 0, 0, 0.268, 0, 0, 14, 0, 13.04, 0, 3.744, 149, 0, 0, 0, 68.111, 1, 0.016, 0.016, 105.8, 81.299, 100, 0, 0, 141, 35.048, 33.953, 49.316, 2.47, 0, 106.778, 0, 0, 110.723, 75.256, 0, 0, 0, 0, 
0.85, 17.9, 100.34, 73.234, 74.049, , 15.762, 0.986, 97.473, 97.473, 3.782, 376.504, 376.504, 376.504, 50.7, 66.041, 35.192, 35.552, 7.377, 12.204, 0, 0, 75.182, 76.267, 75.182, 76.267, 1, 75.948, 75.948, 0.025, 0.137, 102.539, 104.017, 102.539, 104.017, 5.679, 7.377, 12.204, , , 1, 0.91, 0.304, 0, 12.831, 3.782, 149, 0, 0, 0, 68.843, 17.159, 17.988, 105.8, 86.819, 100, 0, 0, 33.479, 32.227, 54.232, 2.656, 105.314, 0, 0, 108.892, 75.711, 0, 0, 0.304, 0, 0, 14, 0, 12.831, 0, 3.782, 149, 0, 0, 0, 68.843, 1, 0.017, 0.018, 105.8, 86.819, 100, 0, 0, 141, 33.479, 32.227, 54.232, 2.656, 0, 105.314, 0, 0, 108.892, 75.711, 0, 0, 0, 0, 
0.9, 17.9, 100.34, 73.23, 74.049, , 15.9, 0.986, 102.963, 102.963, 3.821, 379.802, 379.802, 379.802, 50.853, 64.339, 35.228, 35.588, 7.378, 12.21, 0, 0, 76.608, 77.713, 76.608, 77.713, 1, 76.718, 76.718, 0.025, 0.137, 103.134, 104.621, 103.134, 104.621, 5.68, 7.378, 12.21, , , 1, 0.96, 0.339, 0, 12.621, 3.821, 149, 0, 0, 0, 69.575, 18.369, 19.363, 105.8, 92.338, 100, 0, 0, 31.91, 30.501, 59.149, 2.842, 103.849, 0, 0, 107.062, 76.166, 0, 0, 0.339, 0, 0, 14, 0, 12.621, 0, 3.821, 149, 0, 0, 0, 69.575, 1, 0.018, 0.019, 105.8, 92.338, 100, 0, 0, 141, 31.91, 30.501, 59.149, 2.842, 0, 103.849, 0, 0, 107.062, 76.166, 0, 0, 0, 0, 
0.95, 17.9, 100.34, 73.227, 74.048, , 16.015, 0.986, 108.523, 108.523, 3.86, 382.547, 382.547, 382.547, 50.904, 62.934, 35.216, 35.552, 7.378, 12.238, 0, 0, 77.948, 79.072, 77.948, 79.072, 1, 77.503, 77.503, 0.025, 0.137, 103.769, 105.265, 103.769, 105.265, 5.691, 7.378, 12.238, , , 1, 1.01, 0.338, 0, 12.5, 3.86, 149, 0, 0, 0, 70, 19.027, 20.029, 105.649, 95.881, 100, 0, 0, 31.042, 29.584, 63.26, 3.002, 102.748, 0, 0, 105.622, 76.743, 0, 0, 0.338, 0, 0, 14, 0, 12.5, 0, 3.86, 149, 0, 0, 0, 70, 1, 0.019, 0.02, 105.649, 95.881, 100, 0, 0, 141, 31.042, 29.584, 63.26, 3.002, 0, 102.748, 0, 0, 105.622, 76.743, 0, 0, 0, 0, 
1, 17.9, 100.34, 73.223, 74.047, , 16.091, 0.986, 114.082, 114.082, 3.901, 384.379, 384.379, 384.379, 50.907, 63.087, 35.18, 35.48, 7.379, 12.297, 0, 0, 79.108, 80.249, 79.108, 80.249, 1, 78.286, 78.286, 0.025, 0.137, 104.25, 105.752, 104.25, 105.752, 5.704, 7.379, 12.297, , , 1, 1.06, 0.286, 0, 12.5, 3.901, 149, 0, 0, 0, 70, 18.925, 19.717, 105.289, 96.693, 100, 0, 0, 31.142, 29.784, 66.26, 3.126, 102.148, 0, 0, 104.722, 77.489, 0, 0, 0.286, 0, 0, 14, 0, 12.5, 0, 3.901, 149, 0, 0, 0, 70, 1, 0.019, 0.02, 105.289, 96.693, 100, 0, 0, 141, 31.142, 29.784, 66.26, 3.126, 0, 102.148, 0, 0, 104.722, 77.489, 0, 0, 0, 0, 
1.05, 17.9, 100.34, 73.219, 74.046, , 16.12, 0.986, 120.111, 120.111, 3.942, 385.1, 385.1, 385.1, 50.919, 63.24, 35.144, 35.408, 7.379, 12.374, 0, 0, 80.104, 81.258, 80.104, 81.258, 1, 79.276, 79.276, 0.025, 0.137, 104.428, 105.933, 104.428, 105.933, 5.717, 7.379, 12.374, , , 1, 1.109, 0.234, 0, 12.5, 3.942, 149, 0, 0, 0, 70, 18.823, 19.405, 104.929, 97.505, 100, 0, 0, 31.242, 29.984, 69.26, 3.25, 101.548, 0, 0, 103.822, 78.235, 0, 0, 0.234, 0, 0, 14, 0, 12.5, 0, 3.942, 149, 0, 0, 0, 70, 1, 0.019, 0.02, 104.929, 97.505, 100, 0, 0, 141, 31.242, 29.984, 69.26, 3.25, 0, 101.548, 0, 0, 103.822, 78.235, 0, 0, 0, 0, 
1.1, 17.9, 100.34, 73.215, 74.045, , 16.133, 0.986, 127.8, 127.8, 3.983, 385.434, 385.434, 385.434, 50.934, 63.392, 35.108, 35.336, 7.38, 12.479, 0, 0, 81.246, 82.415, 81.246, 82.415, 1, 80.18, 80.18, 0.025, 0.137, 104.48, 105.986, 104.48, 105.986, 5.729, 7.38, 12.479, , , 1, 1.16, 0.182, 0, 12.5, 3.983, 149, 0, 0, 0, 70, 18.721, 19.093, 104.569, 98.317, 100, 0, 0, 31.342, 30.184, 72.26, 3.374, 100.948, 0, 0, 102.922, 78.981, 0, 0, 0.182, 0, 0, 14, 0, 12.5, 0, 3.983, 149, 0, 0, 0, 70, 1, 0.019, 0.019, 104.569, 98.317, 100, 0, 0, 141, 31.342, 30.184, 72.26, 3.374, 0, 100.948, 0, 0, 102.922, 78.981, 0, 0, 0, 0, 
1.15, 17.9, 100.34, 73.211, 74.045, , 16.146, 0.986, 133.563, 133.563, 4.024, 385.762, 385.762, 385.762, 50.95, 63.545, 35.072, 35.264, 7.38, 12.59, 0, 0, 82.113, 83.296, 82.113, 83.296, 1, 80.976, 80.976, 0.025, 0.137, 104.533, 106.04, 104.533, 106.04, 5.75, 7.38, 12.59, , , 1, 1.21, 0.13, 0, 12.5, 4.024, 149, 0, 0, 0, 70, 18.619, 18.781, 104.209, 99.129, 100, 0, 0, 31.442, 30.384, 75.26, 3.498, 100.348, 0, 0, 102.022, 79.727, 0, 0, 0.13, 0, 0, 14, 0, 12.5, 0, 4.024, 149, 0, 0, 0, 70, 1, 0.019, 0.019, 104.209, 99.129, 100, 0, 0, 141, 31.442, 30.384, 75.26, 3.498, 0, 100.348, 0, 0, 102.022, 79.727, 0, 0, 0, 0, 
1.2, 17.9, 100.34, 73.208, 74.044, , 16.114, 0.986, 139.4, 139.4, 4.066, 385.03, 385.03, 385.03, 50.975, 63.697, 35.084, 35.834, 7.379, 12.71, 0, 0, 82.756, 83.948, 82.756, 83.948, 1, 81.765, 81.765, 0.025, 0.136, 104.287, 105.79, 104.287, 105.79, 5.776, 7.379, 12.71, , , 1, 1.261, 0.098, 0, 12.5, 4.066, 149, 0, 0, 0, 70, 18.531, 18.576, 104, 99.723, 100, 0, 0, 31.584, 30.584, 78.932, 3.641, 99.664, 0, 0, 101.122, 80.525, 0, 0, 0.098, 0, 0, 14, 0, 12.5, 0, 4.066, 149, 0, 0, 0, 70, 1, 0.019, 0.019, 104, 99.723, 100, 0, 0, 141, 31.584, 30.584, 78.932, 3.641, 0, 99.664, 0, 0, 101.122, 80.525, 0, 0, 0, 0, 
1.25, 17.9, 100.34, 73.204, 74.043, , 16.076, 0.986, 145.25, 145.25, 4.109, 384.149, 384.149, 384.149, 51.004, 63.85, 35.12, 36.734, 7.379, 12.822, 0, 0, 83.355, 84.556, 83.355, 84.556, 1, 82.546, 82.546, 0.025, 0.136, 103.99, 105.489, 103.99, 105.489, 5.802, 7.379, 12.822, , , 1, 1.31, 0.094, 0, 12.5, 4.109, 149, 0, 0, 0, 70, 18.461, 18.518, 104, 100.017, 100, 0, 0, 31.784, 30.784, 83.532, 3.809, 98.864, 0, 0, 100.222, 81.395, 0, 0, 0.094, 0, 0, 14, 0, 12.5, 0, 4.109, 149, 0, 0, 0, 70, 1, 0.019, 0.019, 104, 100.017, 100, 0, 0, 141, 31.784, 30.784, 83.532, 3.809, 0, 98.864, 0, 0, 100.222, 81.395, 0, 0, 0, 0, 
1.3, 17.9, 100.34, 73.2, 74.042, , 16.044, 0.986, 151.236, 151.236, 4.153, 383.428, 383.428, 383.428, 51.034, 64.002, 35.156, 37.634, 7.378, 12.922, 0, 0, 83.995, 85.206, 83.995, 85.206, 1, 83.331, 83.331, 0.025, 0.136, 103.73, 105.226, 103.73, 105.226, 5.828, 7.378, 12.922, , , 1, 1.36, 0.09, 0, 12.5, 4.153, 149, 0, 0, 0, 70, 18.391, 18.46, 104, 100.311, 100, 0, 0, 31.984, 30.984, 88.132, 3.977, 98.064, 0, 0, 99.322, 82.265, 0, 0, 0.09, 0, 0, 14, 0, 12.5, 0, 4.153, 149, 0, 0, 0, 70, 1, 0.019, 0.019, 104, 100.311, 100, 0, 0, 141, 31.984, 30.984, 88.132, 3.977, 0, 98.064, 0, 0, 99.322, 82.265, 0, 0, 0, 0, 
1.35, 17.9, 100.34, 73.196, 74.042, , 15.995, 0.986, 157.223, 157.223, 4.196, 382.279, 382.279, 382.279, 51.067, 64.155, 35.192, 38.534, 7.378, 13.008, 0, 0, 84.528, 85.747, 84.528, 85.747, 1, 84.115, 84.115, 0.025, 0.136, 103.352, 104.842, 103.352, 104.842, 5.862, 7.378, 13.008, , , 1, 1.411, 0.086, 0, 12.5, 4.196, 149, 0, 0, 0, 70, 18.321, 18.402, 104, 100.605, 100, 0, 0, 32.184, 31.184, 92.732, 4.145, 97.264, 0, 0, 98.422, 83.135, 0, 0, 0.086, 0, 0, 14, 0, 12.5, 0, 4.196, 149, 0, 0, 0, 70, 1, 0.018, 0.018, 104, 100.605, 100, 0, 0, 141, 32.184, 31.184, 92.732, 4.145, 0, 97.264, 0, 0, 98.422, 83.135, 0, 0, 0, 0, 
1.4, 17.9, 100.34, 73.192, 74.041, , 15.947, 0.986, 163.211, 163.211, 4.239, 381.155, 381.155, 381.155, 51.106, 64.307, 35.228, 39.434, 7.377, 13.066, 0, 0, 85.061, 86.287, 85.061, 86.287, 1, 84.901, 84.901, 0.025, 0.136, 102.973, 104.458, 102.973, 104.458, 5.914, 7.377, 13.066, , , 1, 1.46, 0.082, 0, 12.5, 4.239, 149, 0, 0, 0, 70, 18.251, 18.344, 104, 100.899, 100, 0, 0, 32.384, 31.384, 97.332, 4.313, 96.464, 0, 0, 97.522, 84.005, 0, 0, 0.082, 0, 0, 14, 0, 12.5, 0, 4.239, 149, 0, 0, 0, 70, 1, 0.018, 0.018, 104, 100.899, 100, 0, 0, 141, 32.384, 31.384, 97.332, 4.313, 0, 96.464, 0, 0, 97.522, 84.005, 0, 0, 0, 0, 
1.45, 17.9, 100.34, 73.189, 74.04, , 15.902, 0.986, 169.349, 169.349, 4.291, 380.12, 380.12, 380.12, 51.148, 64.46, 35.263, 38.937, 7.377, 13.113, 0, 0, 85.608, 86.839, 85.608, 86.839, 1, 85.675, 85.675, 0.025, 0.136, 102.611, 104.09, 102.611, 104.09, 5.967, 7.377, 13.113, , , 1, 1.51, 0.074, 0, 12.5, 4.291, 149, 0, 0, 0, 70, 18.258, 18.365, 103.849, 100.993, 100, 0, 0, 32.647, 31.647, 100, 4.411, 96.399, 0, 0, 97.399, 85.032, 0, 0, 0.074, 0, 0, 14, 0, 12.5, 0, 4.291, 149, 0, 0, 0, 70, 1, 0.018, 0.018, 103.849, 100.993, 100, 0, 0, 141, 32.647, 31.647, 100, 4.411, 0, 96.399, 0, 0, 97.399, 85.032, 0, 0, 0, 0, 
1.5, 17.9, 100.34, 73.185, 74.039, , 15.852, 0.986, 175.567, 175.567, 4.355, 378.968, 378.968, 378.968, 51.19, 64.613, 35.298, 37.721, 7.377, 13.134, 0, 0, 86.128, 87.367, 86.128, 87.367, 1, 86.45, 86.45, 0.025, 0.136, 102.218, 103.689, 102.218, 103.689, 6.019, 7.377, 13.134, , , 1, 1.561, 0.059, 0, 12.5, 4.355, 149, 0, 0, 0, 70, 18.372, 18.495, 103.489, 100.81, 100, 0, 0, 32.997, 31.997, 100, 4.413, 97.349, 0, 0, 98.349, 86.274, 0, 0, 0.059, 0, 0, 14, 0, 12.5, 0, 4.355, 149, 0, 0, 0, 70, 1, 0.018, 0.018, 103.489, 100.81, 100, 0, 0, 141, 32.997, 31.997, 100, 4.413, 0, 97.349, 0, 0, 98.349, 86.274, 0, 0, 0, 0, 
1.55, 17.9, 100.34, 73.181, 74.039, , 15.805, 0.986, 181.761, 181.761, 4.42, 377.872, 377.872, 377.872, 51.23, 64.765, 35.332, 36.505, 7.377, 13.15, 0, 0, 86.646, 87.892, 86.646, 87.892, 1, 87.234, 87.234, 0.025, 0.136, 101.842, 103.308, 101.842, 103.308, 6.065, 7.377, 13.15, , , 1, 1.61, 0.044, 0, 12.5, 4.42, 149, 0, 0, 0, 70, 18.486, 18.625, 103.129, 100.627, 100, 0, 0, 33.347, 32.347, 100, 4.415, 98.299, 0, 0, 99.299, 87.516, 0, 0, 0.044, 0, 0, 14, 0, 12.5, 0, 4.42, 149, 0, 0, 0, 70, 1, 0.018, 0.018, 103.129, 100.627, 100, 0, 0, 141, 33.347, 32.347, 100, 4.415, 0, 98.299, 0, 0, 99.299, 87.516, 0, 0, 0, 0, 
1.6, 17.9, 100.34, 73.177, 74.038, , 15.725, 0.986, 188.062, 188.062, 4.484, 375.997, 375.997, 375.997, 51.27, 64.918, 35.367, 35.289, 7.377, 13.154, 0, 0, 86.976, 88.226, 86.976, 88.226, 1, 88.009, 88.009, 0.025, 0.136, 101.258, 102.715, 101.258, 102.715, 6.098, 7.377, 13.154, , , 1, 1.66, 0.029, 0, 12.5, 4.484, 149, 0, 0, 0, 70, 18.6, 18.755, 102.769, 100.444, 100, 0, 0, 33.697, 32.697, 100, 4.417, 99.249, 0, 0, 100.249, 88.758, 0, 0, 0.029, 0, 0, 14, 0, 12.5, 0, 4.484, 149, 0, 0, 0, 70, 1, 0.018, 0.019, 102.769, 100.444, 100, 0, 0, 141, 33.697, 32.697, 100, 4.417, 0, 99.249, 0, 0, 100.249, 88.758, 0, 0, 0, 0, 
1.65, 17.9, 100.34, 73.173, 74.037, , 15.626, 0.986, 194.453, 194.453, 4.549, 373.662, 373.662, 373.662, 51.308, 65.07, 35.402, 34.072, 7.377, 13.152, 0, 0, 87.186, 88.442, 87.186, 88.442, 1, 88.774, 88.774, 0.025, 0.136, 100.55, 101.998, 100.55, 101.998, 6.132, 7.377, 13.152, , , 1, 1.71, 0.014, 0, 12.5, 4.549, 149, 0, 0, 0, 70, 18.714, 18.885, 102.409, 100.261, 100, 0, 0, 34.047, 33.047, 100, 4.419, 100.199, 0, 0, 101.199, 90, 0, 0, 0.014, 0, 0, 14, 0, 12.5, 0, 4.549, 149, 0, 0, 0, 70, 1, 0.018, 0.019, 102.409, 100.261, 100, 0, 0, 141, 34.047, 33.047, 100, 4.419, 0, 100.199, 0, 0, 101.199, 90, 0, 0, 0, 0, 
1.7, 17.9, 100.34, 73.17, 74.036, , 15.547, 0.986, 200.81, 200.81, 4.604, 371.819, 371.819, 371.819, 51.346, 65.223, 35.456, 33.565, 7.378, 13.132, 0, 0, 87.5, 88.761, 87.5, 88.761, 1, 89.534, 89.534, 0.025, 0.137, 99.977, 101.419, 99.977, 101.419, 6.165, 7.378, 13.132, , , 1, 1.761, 0.005, 0, 12.5, 4.604, 149, 0, 0, 0, 70, 18.837, 19.013, 102.118, 100.138, 100, 0, 0, 34.273, 33.296, 100, 4.419, 101.138, 0, 0, 102.115, 91.06, 0, 0, 0.005, 0, 0, 13.995, 0, 12.5, 0, 4.604, 149, 0, 0, 0, 70, 1, 0.019, 0.019, 102.118, 100.138, 100, 0, 0, 141, 34.273, 33.296, 100, 4.419, 0, 101.138, 0, 0, 102.115, 91.06, 0, 0, 0, 0, 
1.75, 17.9, 100.34, 73.17, 74.036, , 15.456, 0.986, 207.296, 207.296, 4.647, 369.675, 369.675, 369.675, 51.383, 65.375, 35.531, 33.827, 7.378, 13.105, 0, 0, 87.737, 89.003, 87.737, 89.003, 1, 90.299, 90.299, 0.025, 0.137, 99.328, 100.76, 99.328, 100.76, 6.197, 7.378, 13.105, , , 1, 1.81, 0.003, 0, 12.5, 4.647, 149, 0, 0, 0, 70, 18.973, 19.139, 101.922, 100.098, 100, 0, 0, 34.327, 33.404, 100, 4.417, 102.062, 0, 0, 102.985, 91.87, 0, 0, 0.003, 0, 0, 13.985, 0, 12.5, 0, 4.647, 149, 0, 0, 0, 70, 1, 0.019, 0.019, 101.922, 100.098, 100, 0, 0, 141, 34.327, 33.404, 100, 4.417, 0, 102.062, 0, 0, 102.985, 91.87, 0, 0, 0, 0, 
1.8, 17.9, 100.34, 73.17, 74.035, , 15.349, 0.986, 213.782, 213.782, 4.69, 367.174, 367.174, 367.174, 51.42, 65.528, 35.605, 34.088, 7.379, 13.051, 0, 0, 87.885, 89.152, 87.885, 89.152, 1, 91.056, 91.056, 0.025, 0.137, 98.584, 100.007, 98.584, 100.007, 6.221, 7.379, 13.051, , , 1, 1.86, 0.002, 0, 12.5, 4.69, 149, 0, 0, 0, 70, 19.109, 19.265, 101.727, 100.058, 100, 0, 0, 34.382, 33.513, 100, 4.415, 102.986, 0, 0, 103.854, 92.68, 0, 0, 0.002, 0, 0, 13.974, 0, 12.5, 0, 4.69, 149, 0, 0, 0, 70, 1, 0.019, 0.019, 101.727, 100.058, 100, 0, 0, 141, 34.382, 33.513, 100, 4.415, 0, 102.986, 0, 0, 103.854, 92.68, 0, 0, 0, 0, 
1.85, 17.9, 100.34, 73.17, 74.034, , 15.308, 0.986, 220.424, 220.424, 4.733, 366.219, 366.219, 366.219, 51.457, 65.681, 35.68, 34.35, 7.379, 12.99, 0, 0, 88.382, 89.656, 88.382, 89.656, 1, 91.808, 91.808, 0.025, 0.137, 98.258, 99.676, 98.258, 99.676, 6.246, 7.379, 12.99, , , 1, 1.909, 0.001, 0, 12.5, 4.733, 149, 0, 0, 0, 70, 19.245, 19.391, 101.531, 100.017, 100, 0, 0, 34.436, 33.622, 100, 4.413, 103.91, 0, 0, 104.724, 93.489, 0, 0, 0.001, 0, 0, 13.963, 0, 12.5, 0, 4.733, 149, 0, 0, 0, 70, 1, 0.019, 0.019, 101.531, 100.017, 100, 0, 0, 141, 34.436, 33.622, 100, 4.413, 0, 103.91, 0, 0, 104.724, 93.489, 0, 0, 0, 0, 
1.9, 17.9, 100.34, 73.17, 74.033, , 15.266, 0.986, 228.564, 228.564, 4.776, 365.266, 365.266, 365.266, 51.504, 65.833, 35.755, 34.611, 7.38, 12.898, 0, 0, 89.031, 90.311, 89.031, 90.311, 1, 92.817, 92.817, 0.025, 0.137, 97.923, 99.337, 97.923, 99.337, 6.27, 7.38, 12.898, , , 1, 1.96, 0, 0, 12.5, 4.776, 149, 0, 0, 0, 70, 19.381, 19.517, 101.335, 99.977, 100, 0, 0, 34.49, 33.73, 100, 4.41, 104.834, 0, 0, 105.593, 94.299, 0, 0, 0, 0, 0, 13.952, 0, 12.5, 0, 4.776, 149, 0, 0, 0, 70, 1, 0.019, 0.019, 101.335, 99.977, 100, 0, 0, 141, 34.49, 33.73, 100, 4.41, 0, 104.834, 0, 0, 105.593, 94.299, 0, 0, 0, 0, 
1.95, 17.9, 100.34, 73.17, 74.033, , 15.178, 0.986, 236.103, 236.103, 4.817, 363.204, 363.204, 363.204, 51.533, 65.986, 35.709, 34.748, 7.38, 12.806, 0, 0, 89.332, 90.616, 89.332, 90.616, 1, 93.568, 93.568, 0.025, 0.138, 97.307, 98.71, 97.307, 98.71, 6.295, 7.38, 12.806, , , 1, 2.01, 0, 0, 12.5, 4.817, 149, 0, 0, 0, 70, 19.418, 19.552, 100.979, 99.871, 100, 0, 0, 34.5, 33.75, 100, 4.41, 105.357, 0, 0, 106.062, 95.055, 0, 0, 0, 0, 0, 13.941, 0, 12.5, 0, 4.817, 149, 0, 0, 0, 70, 1, 0.02, 0.02, 100.979, 99.871, 100, 0, 0, 141, 34.5, 33.75, 100, 4.41, 0, 105.357, 0, 0, 106.062, 95.055, 0, 0, 0, 0, 
2, 17.9, 100.34, 73.17, 74.032, , 15.107, 0.986, 242.841, 242.841, 4.858, 361.548, 361.548, 361.548, 51.561, 66.138, 35.601, 34.82, 7.379, 12.706, 0, 0, 89.626, 90.913, 89.626, 90.913, 1, 94.309, 94.309, 0.025, 0.137, 96.812, 98.208, 96.812, 98.208, 6.333, 7.379, 12.706, , , 1, 2.06, 0, 0, 12.5, 4.858, 149, 0, 0, 0, 70, 19.435, 19.568, 100.588, 99.75, 100, 0, 0, 34.5, 33.75, 100, 4.41, 105.791, 0, 0, 106.442, 95.798, 0, 0, 0, 0, 0, 13.93, 0, 12.5, 0, 4.858, 149, 0, 0, 0, 70, 1, 0.02, 0.02, 100.588, 99.75, 100, 0, 0, 141, 34.5, 33.75, 100, 4.41, 0, 105.791, 0, 0, 106.442, 95.798, 0, 0, 0, 0, 
2.05, 17.9, 100.34, 73.17, 74.031, , 15.071, 0.986, 249.709, 249.709, 4.9, 360.721, 360.721, 360.721, 51.586, 66.291, 35.493, 34.892, 7.379, 12.608, 0, 0, 90.126, 91.422, 90.126, 91.422, 1, 95.048, 95.048, 0.025, 0.137, 96.545, 97.935, 96.545, 97.935, 6.372, 7.379, 12.608, , , 1, 2.11, 0, 0, 12.5, 4.9, 149, 0, 0, 0, 70, 19.451, 19.583, 100.197, 99.63, 100, 0, 0, 34.5, 33.75, 100, 4.41, 106.226, 0, 0, 106.823, 96.542, 0, 0, 0, 0, 0, 13.919, 0, 12.5, 0, 4.9, 149, 0, 0, 0, 70, 1, 0.02, 0.02, 100.197, 99.63, 100, 0, 0, 141, 34.5, 33.75, 100, 4.41, 0, 106.226, 0, 0, 106.823, 96.542, 0, 0, 0, 0, 
2.1, 17.9, 100.34, 73.17, 74.03, , 14.995, 0.986, 256.497, 256.497, 4.941, 358.923, 358.923, 358.923, 51.607, 66.443, 35.385, 34.964, 7.379, 12.521, 0, 0, 90.379, 91.679, 90.379, 91.679, 1, 95.793, 95.793, 0.025, 0.137, 96.026, 97.409, 96.026, 97.409, 6.411, 7.379, 12.521, , , 1, 2.16, 0, 0, 12.5, 4.941, 149, 0, 0, 0, 70, 19.467, 19.598, 99.805, 99.509, 100, 0, 0, 34.5, 33.75, 100, 4.41, 106.661, 0, 0, 107.203, 97.285, 0, 0, 0, 0, 0, 13.908, 0, 12.5, 0, 4.941, 149, 0, 0, 0, 70, 1, 0.02, 0.02, 99.805, 99.509, 100, 0, 0, 141, 34.5, 33.75, 100, 4.41, 0, 106.661, 0, 0, 107.203, 97.285, 0, 0, 0, 0, 
2.15, 17.9, 100.34, 73.17, 74.03, , 14.967, 0.986, 263.443, 263.443, 4.977, 358.296, 358.296, 358.296, 51.615, 66.596, 35.277, 35.036, 7.378, 12.439, 0, 0, 90.909, 92.217, 90.909, 92.217, 1, 96.523, 96.523, 0.025, 0.136, 95.843, 97.224, 95.843, 97.224, 6.449, 7.378, 12.439, , , 1, 2.21, 0, 0, 12.5, 4.977, 149, 0, 0, 0, 70, 19.47, 19.598, 99.457, 99.388, 100, 0, 0, 34.5, 33.738, 100, 4.41, 107, 0, 0, 107.5, 97.939, 0, 0, 0, 0, 0, 13.9, 0, 12.5, 0, 4.977, 149, 0, 0, 0, 70, 1, 0.019, 0.019, 99.457, 99.388, 100, 0, 0, 141, 34.5, 33.738, 100, 4.41, 0, 107, 0, 0, 107.5, 97.939, 0, 0, 0, 0, 
2.2, 17.9, 100.34, 73.17, 74.03, , 14.915, 0.986, 270.365, 270.365, 4.997, 357.076, 357.076, 357.076, 51.58, 66.748, 35.359, 35.108, 7.378, 12.383, 0, 0, 91.287, 92.601, 91.287, 92.601, 1, 97.258, 97.258, 0.025, 0.136, 95.586, 96.962, 95.586, 96.962, 6.49, 7.378, 12.383, , , 1, 2.26, 0, 0, 12.5, 4.997, 149, 0, 0, 0, 70, 19.424, 19.544, 99.261, 99.268, 100, 0, 0, 34.5, 33.684, 100, 4.41, 107, 0, 0, 107.5, 98.277, 0, 0, 0, 0, 0, 13.9, 0, 12.5, 0, 4.997, 149, 0, 0, 0, 70, 1, 0.019, 0.019, 99.261, 99.268, 100, 0, 0, 141, 34.5, 33.684, 100, 4.41, 0, 107, 0, 0, 107.5, 98.277, 0, 0, 0, 0, 
2.25, 17.9, 100.34, 73.17, 74.03, , 14.895, 0.986, 277.441, 277.441, 5.017, 356.623, 356.623, 356.623, 51.498, 66.901, 35.539, 35.18, 7.377, 12.332, 0, 0, 91.86, 93.183, 91.86, 93.183, 1, 97.981, 97.981, 0.025, 0.136, 95.615, 96.992, 95.615, 96.992, 6.531, 7.377, 12.332, , , 1, 2.31, 0, 0, 12.5, 5.017, 149, 0, 0, 0, 70, 19.379, 19.489, 99.066, 99.147, 100, 0, 0, 34.5, 33.629, 100, 4.41, 107, 0, 0, 107.5, 98.615, 0, 0, 0, 0, 0, 13.9, 0, 12.5, 0, 5.017, 149, 0, 0, 0, 70, 1, 0.019, 0.019, 99.066, 99.147, 100, 0, 0, 141, 34.5, 33.629, 100, 4.41, 0, 107, 0, 0, 107.5, 98.615, 0, 0, 0, 0, 
2.3, 17.9, 100.34, 73.17, 74.03, , 14.858, 0.986, 284.516, 284.516, 5.037, 355.786, 355.786, 355.786, 51.37, 67.054, 35.719, 35.252, 7.377, 12.309, 0, 0, 92.324, 93.654, 92.324, 93.654, 1, 98.711, 98.711, 0.025, 0.136, 95.633, 97.011, 95.633, 97.011, 6.572, 7.377, 12.309, , , 1, 2.36, 0, 0, 12.5, 5.037, 149, 0, 0, 0, 70, 19.333, 19.435, 98.87, 99.026, 100, 0, 0, 34.5, 33.575, 100, 4.41, 107, 0, 0, 107.5, 98.954, 0, 0, 0, 0, 0, 13.9, 0, 12.5, 0, 5.037, 149, 0, 0, 0, 70, 1, 0.019, 0.019, 98.87, 99.026, 100, 0, 0, 141, 34.5, 33.575, 100, 4.41, 0, 107, 0, 0, 107.5, 98.954, 0, 0, 0, 0, 
2.35, 17.9, 100.34, 73.17, 74.03, , 14.79, 0.986, 291.592, 291.592, 5.057, 354.185, 354.185, 354.185, 51.19, 67.206, 35.899, 35.324, 7.377, 12.291, 0, 0, 92.581, 93.915, 92.581, 93.915, 1, 99.448, 99.448, 0.025, 0.135, 95.523, 96.9, 95.523, 96.9, 6.613, 7.377, 12.291, , , 1, 2.41, 0, 0, 12.5, 5.057, 149, 0, 0, 0, 70, 19.287, 19.381, 98.674, 98.906, 100, 0, 0, 34.5, 33.521, 100, 4.41, 107, 0, 0, 107.5, 99.292, 0, 0, 0, 0, 0, 13.9, 0, 12.5, 0, 5.057, 149, 0, 0, 0, 70, 1, 0.019, 0.019, 98.674, 98.906, 100, 0, 0, 141, 34.5, 33.521, 100, 4.41, 0, 107, 0, 0, 107.5, 99.292, 0, 0, 0, 0, 
2.4, 17.9, 100.34, 73.17, 74.03, , 14.73, 0.986, 298.88, 298.88, 5.085, 352.802, 352.802, 352.802, 50.97, 67.359, 36.079, 35.396, 7.377, 12.308, 0, 0, 92.898, 94.236, 92.898, 94.236, 1, 100.178, 100.178, 0.025, 0.135, 95.559, 96.938, 95.559, 96.938, 6.646, 7.377, 12.308, , , 1, 2.46, 0, 0, 12.5, 5.085, 149.097, 0, 0, 0, 70, 19.211, 19.304, 98.513, 98.771, 100, 0, 0, 34.512, 33.488, 100, 4.41, 106.722, 0, 0, 107.222, 99.825, 0, 0, 0, 0, 0, 13.9, 0, 12.5, 0, 5.085, 149.097, 0, 0, 0, 70, 1, 0.019, 0.019, 98.513, 98.771, 100, 0, 0, 141, 34.512, 33.488, 100, 4.41, 0, 106.722, 0, 0, 107.222, 99.825, 0, 0, 0, 0, 
2.45, 17.9, 100.34, 73.17, 74.03, , 14.651, 0.986, 306.031, 306.031, 5.119, 350.935, 350.935, 350.935, 50.747, 67.511, 36.045, 35.372, 7.377, 12.327, 0, 0, 93.064, 94.406, 93.064, 94.406, 1, 100.89, 100.89, 0.025, 0.135, 95.473, 96.852, 95.473, 96.852, 6.677, 7.377, 12.327, , , 1, 2.511, 0, 0, 12.5, 5.119, 149.252, 0, 0, 0, 70, 19.115, 19.214, 98.373, 98.627, 100, 0, 0, 34.532, 33.468, 100, 4.41, 106.275, 0, 0, 106.775, 100.479, 0, 0, 0, 0, 0, 13.9, 0, 12.5, 0, 5.119, 149.252, 0, 0, 0, 70, 1, 0.019, 0.019, 98.373, 98.627, 100, 0, 0, 141, 34.532, 33.468, 100, 4.41, 0, 106.275, 0, 0, 106.775, 100.479, 0, 0, 0, 0, 
2.5, 17.9, 100.34, 73.17, 74.03, , 14.574, 0.986, 313.327, 313.327, 5.152, 349.137, 349.137, 349.137, 50.525, 67.664, 35.901, 35.3, 7.378, 12.374, 0, 0, 93.26, 94.604, 93.26, 94.604, 1, 101.612, 101.612, 0.025, 0.134, 95.409, 96.785, 95.409, 96.785, 6.707, 7.378, 12.374, , , 1, 2.56, 0, 0, 12.5, 5.152, 149.408, 0, 0, 0, 70, 19.02, 19.123, 98.233, 98.484, 100, 0, 0, 34.551, 33.449, 100, 4.41, 105.827, 0, 0, 106.327, 101.132, 0, 0, 0, 0, 0, 13.9, 0, 12.5, 0, 5.152, 149.408, 0, 0, 0, 70, 1, 0.019, 0.019, 98.233, 98.484, 100, 0, 0, 141, 34.551, 33.449, 100, 4.41, 0, 105.827, 0, 0, 106.327, 101.132, 0, 0, 0, 0, 
2.55, 17.9, 100.34, 73.17, 74.03, , 14.522, 0.986, 320.771, 320.771, 5.185, 347.947, 347.947, 347.947, 50.306, 67.816, 35.757, 35.228, 7.378, 12.421, 0, 0, 93.599, 94.947, 93.599, 94.947, 1, 102.335, 102.335, 0.025, 0.134, 95.494, 96.872, 95.494, 96.872, 6.738, 7.378, 12.421, , , 1, 2.611, 0, 0, 12.5, 5.185, 149.564, 0, 0, 0, 70, 18.925, 19.033, 98.093, 98.34, 100, 0, 0, 34.57, 33.43, 100, 4.41, 105.379, 0, 0, 105.879, 101.785, 0, 0, 0, 0, 0, 13.9, 0, 12.5, 0, 5.185, 149.564, 0, 0, 0, 70, 1, 0.019, 0.019, 98.093, 98.34, 100, 0, 0, 141, 34.57, 33.43, 100, 4.41, 0, 105.379, 0, 0, 105.879, 101.785, 0, 0, 0, 0, 
2.6, 17.9, 100.34, 73.17, 74.03, , 14.446, 0.986, 328.181, 328.181, 5.218, 346.162, 346.162, 346.162, 50.097, 67.969, 35.613, 35.156, 7.38, 12.495, 0, 0, 93.767, 95.116, 93.767, 95.116, 1, 103.04, 103.04, 0.025, 0.134, 95.405, 96.782, 95.405, 96.782, 6.761, 7.38, 12.495, , , 1, 2.661, 0, 0, 12.5, 5.218, 149.72, 0, 0, 0, 70, 18.829, 18.943, 97.952, 98.196, 100, 0, 0, 34.59, 33.41, 100, 4.41, 104.931, 0, 0, 105.431, 102.439, 0, 0, 0, 0, 0, 13.9, 0, 12.5, 0, 5.218, 149.72, 0, 0, 0, 70, 1, 0.019, 0.019, 97.952, 98.196, 100, 0, 0, 141, 34.59, 33.41, 100, 4.41, 0, 104.931, 0, 0, 105.431, 102.439, 0, 0, 0, 0, 
2.65, 17.9, 100.34, 73.17, 74.03, , 14.364, 0.986, 335.562, 335.562, 5.251, 344.236, 344.236, 344.236, 49.888, 68.121, 35.469, 35.084, 7.381, 12.568, 0, 0, 93.88, 95.231, 93.88, 95.231, 1, 103.754, 103.754, 0.025, 0.134, 95.264, 96.637, 95.264, 96.637, 6.776, 7.381, 12.568, , , 1, 2.71, 0, 0, 12.5, 5.251, 149.875, 0, 0, 0, 70, 18.734, 18.852, 97.812, 98.052, 100, 0, 0, 34.609, 33.391, 100, 4.41, 104.483, 0, 0, 104.983, 103.092, 0, 0, 0, 0, 0, 13.9, 0, 12.5, 0, 5.251, 149.875, 0, 0, 0, 70, 1, 0.019, 0.019, 97.812, 98.052, 100, 0, 0, 141, 34.609, 33.391, 100, 4.41, 0, 104.483, 0, 0, 104.983, 103.092, 0, 0, 0, 0, 
2.7, 17.9, 100.34, 73.17, 74.03, , 14.314, 0.986, 343.095, 343.095, 5.284, 343.076, 343.076, 343.076, 49.684, 68.274, 35.539, 35.012, 7.384, 12.648, 0, 0, 94.201, 95.555, 94.201, 95.555, 1, 104.462, 104.462, 0.025, 0.134, 95.331, 96.704, 95.331, 96.704, 6.79, 7.384, 12.648, , , 1, 2.761, 0, 0, 12.5, 5.284, 150.031, 0, 0, 0, 70, 18.638, 18.762, 97.672, 97.909, 100, 0, 0, 34.629, 33.371, 100, 4.41, 104.035, 0, 0, 104.535, 103.746, 0, 0, 0, 0, 0, 13.9, 0, 12.5, 0, 5.284, 150.031, 0, 0, 0, 70, 1, 0.018, 0.018, 97.672, 97.909, 100, 0, 0, 141, 34.629, 33.371, 100, 4.41, 0, 104.035, 0, 0, 104.535, 103.746, 0, 0, 0, 0, 
2.75, 17.9, 100.34, 73.17, 74.03, , 14.227, 0.986, 350.718, 350.718, 5.317, 341.048, 341.048, 341.048, 49.486, 68.427, 35.719, 34.94, 7.386, 12.728, 0, 0, 94.276, 95.633, 94.276, 95.633, 1, 105.162, 105.162, 0.025, 0.134, 95.149, 96.521, 95.149, 96.521, 6.805, 7.386, 12.728, , , 1, 2.81, 0, 0, 12.5, 5.317, 150.187, 0, 0, 0, 70, 18.543, 18.672, 97.532, 97.765, 100, 0, 0, 34.648, 33.352, 100, 4.41, 103.588, 0, 0, 104.088, 104.399, 0, 0, 0, 0, 0, 13.9, 0, 12.5, 0, 5.317, 150.187, 0, 0, 0, 70, 1, 0.018, 0.018, 97.532, 97.765, 100, 0, 0, 141, 34.648, 33.352, 100, 4.41, 0, 103.588, 0, 0, 104.088, 104.399, 0, 0, 0, 0, 
2.8, 17.9, 100.34, 73.17, 74.03, , 14.121, 0.986, 358.89, 358.89, 5.35, 338.556, 338.556, 338.556, 49.313, 68.579, 35.899, 34.868, 7.387, 12.801, 0, 0, 94.253, 95.611, 94.253, 95.611, 1, 106.016, 106.016, 0.025, 0.134, 94.788, 96.155, 94.788, 96.155, 6.824, 7.387, 12.801, , , 1, 2.861, 0, 0, 12.5, 5.35, 150.343, 0, 0, 0, 70, 18.448, 18.581, 97.392, 97.621, 100, 0, 0, 34.668, 33.332, 100, 4.41, 103.14, 0, 0, 103.64, 105.053, 0, 0, 0, 0, 0, 13.9, 0, 12.5, 0, 5.35, 150.343, 0, 0, 0, 70, 1, 0.018, 0.018, 97.392, 97.621, 100, 0, 0, 141, 34.668, 33.332, 100, 4.41, 0, 103.14, 0, 0, 103.64, 105.053, 0, 0, 0, 0, 
2.85, 17.9, 100.34, 73.17, 74.03, , 14.008, 0.986, 368.328, 368.328, 5.383, 335.914, 335.914, 335.914, 49.325, 68.732, 36.079, 34.796, 7.388, 12.873, 0, 0, 94.266, 95.625, 94.266, 95.625, 1, 106.76, 106.76, 0.025, 0.134, 94.037, 95.393, 94.037, 95.393, 6.852, 7.388, 12.873, , , 1, 2.91, 0, 0, 12.5, 5.383, 150.498, 0, 0, 0, 70, 18.352, 18.491, 97.251, 97.478, 100, 0, 0, 34.687, 33.313, 100, 4.41, 102.692, 0, 0, 103.192, 105.706, 0, 0, 0, 0, 0, 13.9, 0, 12.5, 0, 5.383, 150.498, 0, 0, 0, 70, 1, 0.018, 0.018, 97.251, 97.478, 100, 0, 0, 141, 34.687, 33.313, 100, 4.41, 0, 102.692, 0, 0, 103.192, 105.706, 0, 0, 0, 0, 
2.9, 17.9, 100.34, 73.17, 74.03, , 13.904, 0.986, 376.091, 376.091, 5.416, 333.47, 333.47, 333.47, 49.497, 68.884, 36.259, 34.724, 7.387, 12.913, 0, 0, 94.183, 95.541, 94.183, 95.541, 1, 107.453, 107.453, 0.025, 0.134, 93.027, 94.367, 93.027, 94.367, 6.879, 7.387, 12.913, , , 1, 2.96, 0, 0, 12.5, 5.416, 150.654, 0, 0, 0, 70, 18.257, 18.401, 97.111, 97.334, 100, 0, 0, 34.707, 33.293, 100, 4.41, 102.244, 0, 0, 102.744, 106.359, 0, 0, 0, 0, 0, 13.9, 0, 12.5, 0, 5.416, 150.654, 0, 0, 0, 70, 1, 0.018, 0.018, 97.111, 97.334, 100, 0, 0, 141, 34.707, 33.293, 100, 4.41, 0, 102.244, 0, 0, 102.744, 106.359, 0, 0, 0, 0, 
2.95, 17.9, 100.34, 73.17, 74.03, , 13.769, 0.986, 383.874, 383.874, 5.449, 330.28, 330.28, 330.28, 49.837, 69.037, 36.177, 34.914, 7.386, 12.951, 0, 0, 93.872, 95.226, 93.872, 95.226, 1, 108.134, 108.134, 0.025, 0.134, 91.547, 92.866, 91.547, 92.866, 6.907, 7.386, 12.951, , , 1, 3.011, 0, 0, 12.5, 5.449, 150.81, 0, 0, 0, 70, 18.161, 18.31, 96.971, 97.19, 100, 0, 0, 34.726, 33.274, 100, 4.41, 101.796, 0, 0, 102.296, 107.013, 0, 0, 0, 0, 0, 13.9, 0, 12.5, 0, 5.449, 150.81, 0, 0, 0, 70, 1, 0.018, 0.018, 96.971, 97.19, 100, 0, 0, 141, 34.726, 33.274, 100, 4.41, 0, 101.796, 0, 0, 102.296, 107.013, 0, 0, 0, 0, 
3, 17.9, 100.34, 73.17, 74.03, , 13.67, 0.986, 391.658, 391.658, 5.482, 327.961, 327.961, 327.961, 50.314, 69.189, 35.961, 35.238, 7.384, 12.957, 0, 0, 93.798, 95.148, 93.798, 95.148, 1, 108.806, 108.806, 0.025, 0.134, 90.04, 91.338, 90.04, 91.338, 6.934, 7.384, 12.957, , , 1, 3.06, 0, 0, 12.5, 5.482, 150.966, 0, 0, 0, 70, 18.066, 18.22, 96.831, 97.047, 100, 0, 0, 34.746, 33.254, 100, 4.41, 101.349, 0, 0, 101.849, 107.666, 0, 0, 0, 0, 0, 13.9, 0, 12.5, 0, 5.482, 150.966, 0, 0, 0, 70, 1, 0.018, 0.018, 96.831, 97.047, 100, 0, 0, 141, 34.746, 33.254, 100, 4.41, 0, 101.349, 0, 0, 101.849, 107.666, 0, 0, 0, 0, 
3.05, 17.9, , , 74.03, , 13.559, , 399.527, 399.527, 5.531, 325.361, 325.361, 325.361, 50.834, 69.342, 35.745, 35.562, 7.382, 12.962, 0, 0, 93.628, 94.974, 93.628, 94.974, 1, 109.482, 109.482, 0.025, 0.134, 88.419, 89.693, 88.419, 89.693, 6.961, 7.382, 12.962, , , 1, 3.111, 0, 0, 12.5, 5.531, 151, 0, 0, 0, 70, 17.983, 18.149, 96.492, 96.889, 100, 0, 0, 34.793, 33.207, 100, 4.41, 100.951, 0, 0, 101.451, 108.607, 0, 0, 0, 0, 0, 13.9, 0, 12.5, 0, 5.531, 151, 0, 0, 0, 70, 1, 0.018, 0.018, 96.492, 96.889, 100, 0, 0, 141, 34.793, 33.207, 100, 4.41, 0, 100.951, 0, 0, 101.451, 108.607, 0, 0, 0, 0, 
3.1, 17.9, , , 74.03, , 13.445, , 407.535, 407.535, 5.584, 322.68, 322.68, 322.68, 51.212, 69.495, 35.529, 35.886, 7.382, 12.935, 0, 0, 93.429, 94.774, 93.429, 94.774, 1, 110.145, 110.145, 0.025, 0.134, 87.002, 88.257, 87.002, 88.257, 6.988, 7.382, 12.935, , , 1, 3.16, 0, 0, 12.5, 5.584, 151, 0, 0, 0, 70, 17.903, 18.083, 96.097, 96.728, 100, 0, 0, 34.848, 33.152, 100, 4.41, 100.567, 0, 0, 101.067, 109.629, 0, 0, 0, 0, 0, 13.9, 0, 12.5, 0, 5.584, 151, 0, 0, 0, 70, 1, 0.018, 0.018, 96.097, 96.728, 100, 0, 0, 141, 34.848, 33.152, 100, 4.41, 0, 100.567, 0, 0, 101.067, 109.629, 0, 0, 0, 0, 
3.15, 17.9, , , 74.03, , 13.355, , 415.469, 415.469, 5.637, 320.566, 320.566, 320.566, 51.437, 69.647, 35.313, 36.21, 7.382, 12.906, 0, 0, 93.371, 94.715, 93.371, 94.715, 1, 110.805, 110.805, 0.025, 0.134, 86.034, 87.275, 86.034, 87.275, 7.015, 7.382, 12.906, , , 1, 3.21, 0, 0, 12.5, 5.637, 151, 0, 0, 0, 70, 17.822, 18.017, 95.703, 96.567, 100, 0, 0, 34.902, 33.098, 100, 4.41, 100.183, 0, 0, 100.683, 110.651, 0, 0, 0, 0, 0, 13.9, 0, 12.5, 0, 5.637, 151, 0, 0, 0, 70, 1, 0.018, 0.018, 95.703, 96.567, 100, 0, 0, 141, 34.902, 33.098, 100, 4.41, 0, 100.183, 0, 0, 100.683, 110.651, 0, 0, 0, 0, 
3.2, 17.9, , , 74.03, , 13.244, , 423.52, 423.52, 5.69, 317.962, 317.962, 317.962, 51.507, 69.8, 35.43, 36.177, 7.383, 12.865, 0, 0, 93.157, 94.498, 93.157, 94.498, 1, 111.455, 111.455, 0.025, 0.134, 85.224, 86.453, 85.224, 86.453, 7.042, 7.383, 12.865, , , 1, 3.26, 0, 0, 12.5, 5.69, 151, 0, 0, 0, 70, 17.742, 17.951, 95.308, 96.406, 100, 0, 0, 34.957, 33.043, 100, 4.41, 99.799, 0, 0, 100.299, 111.673, 0, 0, 0, 0, 0, 13.9, 0, 12.5, 0, 5.69, 151, 0, 0, 0, 70, 1, 0.018, 0.018, 95.308, 96.406, 100, 0, 0, 141, 34.957, 33.043, 100, 4.41, 0, 99.799, 0, 0, 100.299, 111.673, 0, 0, 0, 0, 
3.25, 17.9, , , 74.03, , 13.131, , 431.572, 431.572, 5.735, 315.299, 315.299, 315.299, 51.418, 69.952, 35.718, 35.961, 7.384, 12.824, 0, 0, 92.917, 94.257, 92.917, 94.257, 1, 112.115, 112.115, 0.025, 0.134, 84.658, 85.877, 84.658, 85.877, 7.095, 7.384, 12.824, , , 1, 3.31, 0, 0, 12.5, 5.735, 151.018, 0, 0, 0, 70, 17.523, 17.891, 94.984, 96.234, 100, 0, 0, 35.018, 33.018, 100, 4.41, 99.465, 0, 0, 99.969, 112.58, 0, 0, 0, 0, 0, 13.9, 0, 12.5, 0, 5.735, 151.018, 0, 0, 0, 70, 1, 0.018, 0.018, 94.984, 96.234, 100, 0, 0, 141, 35.018, 33.018, 100, 4.41, 0, 99.465, 0, 0, 99.969, 112.58, 0, 0, 0, 0, 
3.3, 17.9, , , 74.03, , 13.024, , 439.647, 439.647, 5.753, 312.8, 312.8, 312.8, 51.246, 70.105, 36.006, 35.745, 7.385, 12.782, 0, 0, 92.707, 94.044, 92.707, 94.044, 1, 112.755, 112.755, 0.025, 0.134, 84.272, 85.485, 84.272, 85.485, 7.154, 7.385, 12.782, , , 1, 3.361, 0, 0, 12.5, 5.753, 151.098, 0, 0, 0, 70, 16.809, 17.849, 94.911, 96.026, 100, 0, 0, 35.098, 33.098, 100, 4.411, 99.303, 0, 0, 99.828, 113.081, 0, 0, 0, 0, 0, 13.9, 0, 12.5, 0, 5.753, 151.098, 0, 0, 0, 70, 1, 0.017, 0.018, 94.911, 96.026, 100, 0, 0, 141, 35.098, 33.098, 100, 4.411, 0, 99.303, 0, 0, 99.828, 113.081, 0, 0, 0, 0, 
3.35, 17.9, , , 74.03, , 12.927, , 447.837, 447.837, 5.772, 310.503, 310.503, 310.503, 51.072, 70.257, 36.294, 35.529, 7.386, 12.74, 0, 0, 92.552, 93.886, 92.552, 93.886, 1, 113.399, 113.399, 0.025, 0.133, 83.937, 85.146, 83.937, 85.146, 7.212, 7.386, 12.74, , , 1, 3.41, 0, 0, 12.5, 5.772, 151.179, 0, 0, 0, 70, 16.096, 17.807, 94.839, 95.817, 100, 0, 0, 35.179, 33.179, 100, 4.412, 99.142, 0, 0, 99.687, 113.582, 0, 0, 0, 0, 0, 13.9, 0, 12.5, 0, 5.772, 151.179, 0, 0, 0, 70, 1, 0.016, 0.018, 94.839, 95.817, 100, 0, 0, 141, 35.179, 33.179, 100, 4.412, 0, 99.142, 0, 0, 99.687, 113.582, 0, 0, 0, 0, 
3.4, 17.9, , , 74.03, , 12.844, , 456.159, 456.159, 5.79, 308.566, 308.566, 308.566, 50.903, 65.754, 36.582, 35.313, 7.385, 12.718, 0, 0, 92.499, 93.832, 92.499, 93.832, 1, 114.037, 114.037, 0.025, 0.133, 83.694, 84.9, 83.694, 84.9, 7.271, 7.385, 12.718, , , 1, 3.461, 0, 0, 12.5, 5.79, 151.26, 0, 0, 0, 70, 15.382, 17.765, 94.766, 95.609, 100, 0, 0, 35.26, 33.26, 100, 4.413, 98.981, 0, 0, 99.546, 114.083, 0, 0, 0, 0, 0, 13.9, 0, 12.5, 0, 5.79, 151.26, 0, 0, 0, 70, 1, 0.016, 0.018, 94.766, 95.609, 100, 0, 0, 141, 35.26, 33.26, 100, 4.413, 0, 98.981, 0, 0, 99.546, 114.083, 0, 0, 0, 0, 
3.45, , , , , , 12.787, , 464.332, 464.332, 5.809, 307.247, 307.247, 307.247, 50.741, 52.972, 36.537, 35.216, 7.384, 12.698, 0, 0, 92.607, 93.941, 92.607, 93.941, 1, 114.663, 114.663, 0.025, 0.133, 83.603, 84.808, 83.603, 84.808, 7.327, 7.384, 12.698, , , 1, 3.51, 0, 0, 12.5, 5.809, 151.34, 0, 0, 0, 70, 14.668, 17.723, 94.694, 95.4, 100, 0, 0, 35.34, 33.34, 100, 4.413, 98.819, 0, 0, 99.404, 114.583, 0, 0, 0, 0, 0, 13.9, 0, 12.5, 0, 5.809, 151.34, 0, 0, 0, 70, 1, 0.015, 0.018, 94.694, 95.4, 100, 0, 0, 141, 35.34, 33.34, 100, 4.413, 0, 98.819, 0, 0, 99.404, 114.583, 0, 0, 0, 0, 
3.5, , , , , , 12.021, , 472.672, 472.672, 5.827, 289.097, 289.097, 289.097, 50.583, 58.536, 36.321, 35.18, 7.383, 12.702, 0, 0, 87.552, 88.812, 87.552, 88.812, 1, 115.284, 115.284, 0.025, 0.132, 78.881, 80.019, 78.881, 80.019, 7.383, 7.383, 12.702, , , 1, 3.56, 0, 0, 12.5, 5.827, 151.421, 0, 0, 0, 70, 13.954, 17.681, 94.621, 95.192, 100, 0, 0, 35.421, 33.421, 100, 4.414, 98.658, 0, 0, 99.263, 115.084, 0, 0, 0, 0, 0, 13.9, 0, 12.5, 0, 5.827, 151.421, 0, 0, 0, 70, 1, 0.014, 0.018, 94.621, 95.192, 100, 0, 0, 141, 35.421, 33.421, 100, 4.414, 0, 98.658, 0, 0, 99.263, 115.084, 0, 0, 0, 0, 
3.55, , , , , , 10.181, , 481.011, 481.011, 5.846, 245.459, 245.459, 245.459, 50.456, , 36.105, 35.144, 7.382, 12.71, 0, 0, 74.599, 75.673, 74.599, 75.673, 1, 115.837, 115.837, 0.025, 0.132, 67.106, 68.074, 67.106, 68.074, 7.438, 7.382, 12.71, , , 1, 3.61, 0, 0, 12.5, 5.846, 151.502, 0, 0, 0, 70, 13.241, 17.639, 94.549, 94.983, 100, 0, 0, 35.502, 33.502, 100, 4.415, 98.497, 0, 0, 99.122, 115.585, 0, 0, 0, 0, 0, 13.9, 0, 12.5, 0, 5.846, 151.502, 0, 0, 0, 70, 1, 0.013, 0.018, 94.549, 94.983, 100, 0, 0, 141, 35.502, 33.502, 100, 4.415, 0, 98.497, 0, 0, 99.122, 115.585, 0, 0, 0, 0, 
3.6, , , , , , 9.404, , 489.517, 489.517, 5.864, 227.042, 227.042, 227.042, 50.361, , 35.889, 35.108, 7.381, 12.811, 0, 0, 69.327, 70.324, 69.327, 70.324, 1, 116.318, 116.318, 0.025, 0.132, 62.207, 63.104, 62.207, 63.104, 7.493, 7.381, 12.811, , , 1, 3.66, 0, 0, 12.5, 5.864, 151.582, 0, 0, 0, 70, 12.527, 17.597, 94.476, 94.775, 100, 0, 0, 35.582, 33.582, 100, 4.416, 98.335, 0, 0, 98.981, 116.086, 0, 0, 0, 0, 0, 13.9, 0, 12.5, 0, 5.864, 151.582, 0, 0, 0, 70, 1, 0.013, 0.018, 94.476, 94.775, 100, 0, 0, 141, 35.582, 33.582, 100, 4.416, 0, 98.335, 0, 0, 98.981, 116.086, 0, 0, 0, 0, 
3.65, , , , , , 7.533, , 497.961, 497.961, 5.882, 182.689, 182.689, 182.689, 50.293, , 35.673, 35.072, 7.379, 12.932, 0, 0, 55.975, 56.78, 55.975, 56.78, 1, 116.75, 116.75, 0.025, 0.131, 50.13, 50.853, 50.13, 50.853, 7.523, 7.379, 12.932, , , 1, 3.71, 0, 0, 12.5, 5.882, 151.663, 0, 0, 0, 70, 11.813, 17.555, 94.403, 94.566, 100, 0, 0, 35.663, 33.663, 100, 4.417, 98.174, 0, 0, 98.84, 116.587, 0, 0, 0, 0, 0, 13.9, 0, 12.5, 0, 5.882, 151.663, 0, 0, 0, 70, 1, 0.012, 0.018, 94.403, 94.566, 100, 0, 0, 141, 35.663, 33.663, 100, 4.417, 0, 98.174, 0, 0, 98.84, 116.587, 0, 0, 0, 0, 
3.7, , , , , , 5.347, , 506.436, 506.436, 5.901, 130.822, 130.822, 130.822, 50.295, , 35.695, 35.321, 7.379, 13.192, 0, 0, 40.207, 40.784, 40.207, 40.784, 1, 117.062, 117.062, 0.025, 0.131, 35.921, 36.44, 35.921, 36.44, 7.545, 7.379, 13.192, , , 1, 3.76, 0, 0, 12.5, 5.901, 151.744, 0, 0, 0, 70, 11.1, 17.513, 94.331, 94.358, 100, 0, 0, 35.744, 33.744, 100, 4.417, 98.013, 0, 0, 98.699, 117.087, 0, 0, 0, 0, 0, 13.9, 0, 12.5, 0, 5.901, 151.744, 0, 0, 0, 70, 1, 0.011, 0.018, 94.331, 94.358, 100, 0, 0, 141, 35.744, 33.744, 100, 4.417, 0, 98.013, 0, 0, 98.699, 117.087, 0, 0, 0, 0, 
3.75, , , , , , 4.296, , 515.034, 515.034, 5.919, 105.916, 105.916, 105.916, 50.352, , 35.839, 35.717, 7.378, 13.487, 0, 0, 32.642, 33.111, 32.642, 33.111, 1, 117.297, 117.297, 0.025, 0.131, 29.059, 29.478, 29.059, 29.478, 7.567, 7.378, 13.487, , , 1, 3.81, 0, 0, 12.5, 5.919, 151.824, 0, 0, 0, 70, 10.386, 17.471, 94.258, 94.149, 100, 0, 0, 35.824, 33.824, 100, 4.418, 97.852, 0, 0, 98.558, 117.588, 0, 0, 0, 0, 0, 13.9, 0, 12.5, 0, 5.919, 151.824, 0, 0, 0, 70, 1, 0.011, 0.018, 94.258, 94.149, 100, 0, 0, 141, 35.824, 33.824, 100, 4.418, 0, 97.852, 0, 0, 98.558, 117.588, 0, 0, 0, 0, 
3.8, , , , , , 3.605, , 523.559, 523.559, 5.938, 89.534, 89.534, 89.534, 50.451, , 35.983, 36.113, 7.378, 14.143, 0, 0, 27.619, 28.014, 27.619, 28.014, 1, 117.493, 117.493, 0.025, 0.131, 24.554, 24.907, 24.554, 24.907, 7.59, 7.378, 14.143, , , 1, 3.86, 0, 0, 12.5, 5.938, 151.905, 0, 0, 0, 70, 9.672, 17.429, 94.186, 93.941, 100, 0, 0, 35.905, 33.905, 100, 4.419, 97.69, 0, 0, 98.417, 118.089, 0, 0, 0, 0, 0, 13.9, 0, 12.5, 0, 5.938, 151.905, 0, 0, 0, 70, 1, 0.01, 0.018, 94.186, 93.941, 100, 0, 0, 141, 35.905, 33.905, 100, 4.419, 0, 97.69, 0, 0, 98.417, 118.089, 0, 0, 0, 0, 
3.85, , , , , , 2.541, , 532.207, 532.207, 5.956, 64.293, 64.293, 64.293, 50.586, , 36.127, 36.509, 7.377, 14.902, 0, 0, 19.887, 20.172, 19.887, 20.172, 1, 117.65, 117.65, 0.025, 0.132, 17.546, 17.798, 17.546, 17.798, 7.611, 7.377, 14.902, , , 1, 3.911, 0, 0, 12.5, 5.956, 151.985, 0, 0, 0, 70, 8.958, 17.388, 94.113, 93.733, 100, 0, 0, 35.985, 33.985, 100, 4.42, 97.529, 0, 0, 98.275, 118.59, 0, 0, 0, 0, 0, 13.9, 0, 12.5, 0, 5.956, 151.985, 0, 0, 0, 70, 1, 0.009, 0.018, 94.113, 93.733, 100, 0, 0, 141, 35.985, 33.985, 100, 4.42, 0, 97.529, 0, 0, 98.275, 118.59, 0, 0, 0, 0, 
3.9, , , , , , 2.548, , 538.952, 538.952, 5.97, 64.447, 64.447, 64.447, 50.697, , 36.271, 36.905, 7.377, 15.4, 0, 0, 19.947, 20.233, 19.947, 20.233, 1, 117.725, 117.725, 0.025, 0.132, 17.553, 17.806, 17.553, 17.806, 7.631, 7.377, 15.4, , , 1, 3.944, 0, 0, 12.5, 5.97, 152.178, 0, 0, 0, 70, 7.256, 17.302, 93.94, 93.366, 100, 0, 0, 36.089, 34.089, 100, 4.422, 96.965, 0, 0, 97.76, 118.68, 0, 0, 0, 0, 0, 13.9, 0, 12.5, 0, 5.97, 152.178, 0, 0, 0, 70, 1, 0.007, 0.017, 93.94, 93.365, 100, 0, 0, 141, 36.089, 34.089, 100, 4.422, 0, 96.965, 0, 0, 97.76, 118.68, 0, 0, 0, 0, 
3.95, , , , , , 2.552, , 543.19, 543.19, 5.984, 64.54, 64.54, 64.54, 50.779, , , , 7.377, 15.817, 0, 0, 19.984, 20.271, 19.984, 20.271, 1, 117.797, 117.797, 0.025, 0.132, 17.554, 17.807, 17.554, 17.807, 7.651, 7.377, 15.817, , , 1, 3.969, 0, 0, 12.5, 5.984, 152.396, 0, 0, 0, 70, 5.336, 17.206, 93.744, 92.965, 100, 0, 0, 36.198, 34.198, 100, 4.424, 96.313, 0, 0, 97.162, 118.68, 0, 0, 0, 0, 0, 13.9, 0, 12.5, 0, 5.984, 152.396, 0, 0, 0, 70, 1, 0.005, 0.017, 93.744, 92.962, 100, 0, 0, 141, 36.198, 34.198, 100, 4.424, 0, 96.313, 0, 0, 97.162, 118.68, 0, 0, 0, 0, 
4, , , , , , 2.378, , 547.514, 547.514, 5.997, 60.418, 60.418, 60.418, 50.875, , , , 7.377, 16.455, 0, 0, 18.719, 18.989, 18.719, 18.989, 1, 117.838, 117.838, 0.025, 0.132, 16.385, 16.623, 16.385, 16.623, 7.672, 7.377, 16.455, , , 1, 3.994, 0, 0, 12.5, 5.997, 152.613, 0, 0, 0, 70, 3.417, 17.11, 93.548, 92.564, 100, 0, 0, 36.307, 34.307, 100, 4.426, 95.661, 0, 0, 96.564, 118.68, 0, 0, 0, 0, 0, 13.9, 0, 12.5, 0, 5.997, 152.613, 0, 0, 0, 70, 1, 0.003, 0.017, 93.548, 92.559, 100, 0, 0, 141, 36.307, 34.307, 100, 4.426, 0, 95.661, 0, 0, 96.564, 118.68, 0, 0, 0, 0, 
4.05, , , , , , 3.81, , 551.838, 551.838, 6.011, 94.407, 94.407, 94.407, 50.955, , , , 7.377, 17.17, , , 29.253, 29.677, 29.253, 29.677, , 117.916, 117.916, , , 25.593, 25.963, 25.593, 25.963, , 7.377, 17.17, , , , 4.02, 0, 0, 12.5, 6.011, 152.83, 0, 0, 0, 70, 1.497, 17.015, 93.353, 92.163, 100, 0, 0, 36.415, 34.415, 100, 4.428, 95.009, 0, 0, 95.966, 118.68, 0, 0, 0, 0, 0, 13.9, 0, 12.5, 0, 6.011, 152.83, 0, 0, 0, 70, 1, 0.002, 0.017, 93.353, 92.156, 100, 0, 0, 141, 36.415, 34.415, 100, 4.428, 0, 95.009, 0, 0, 95.966, 118.68, 0, 0, 0, 0, 
