Time, (DWRT ATMO) Humidity, (DWRT ATMO) Pressure, (DWRT ATMO) Temperature 1, (DWRT ATMO) Temperature 2, (DWRT CPU) ????????????????????????????????????????????????????????????????, (DWRT CPU) Acceleration, (DWRT CPU) Correction Factor, (DWRT CPU) Distance, (DWRT CPU) Distance 1, (DWRT CPU) Engine RPM, (DWRT CPU) Force, (DWRT CPU) Force 1, (DWRT CPU) Force Drum 1, (DWRT CPU) Gear Ratio, (DWRT CPU) Inductive 1 Signal Strength, (DWRT CPU) Internal Temp 1, (DWRT CPU) Internal Temp 2, (DWRT CPU) LC1 Volts Petrol AFR, (DWRT CPU) LC2 Volts Petrol AFR2, (DWRT CPU) Link 0 Status, (DWRT CPU) Link 1 Status, (DWRT CPU) Power, (DWRT CPU) Power (uncorrected), (DWRT CPU) Power Drum 1, (DWRT CPU) Power Drum 1 (uncorrected), (DWRT CPU) Sampling, (DWRT CPU) Speed, (DWRT CPU) Speed 1, (DWRT CPU) TCP RX kB/s, (DWRT CPU) TCP TX kB/s, (DWRT CPU) Torque, (DWRT CPU) Torque (uncorrected), (DWRT CPU) Torque Drum 1, (DWRT CPU) Torque Drum 1 (uncorrected), (DWRT CPU) UDP RX kB/s, (DWRT CPU) User Analog 1, (DWRT CPU) User Analog 2, (DWRT CPU) User Analog 3, (DWRT CPU) User Analog 4, (Gen) Sampling, (Gen) Sampling Duration, (Harley - ECU Type 14 SW Level 141) Accel Enrichment, (Harley - ECU Type 14 SW Level 141) Decel Enleanment, (Harley - ECU Type 14 SW Level 141) Desired Air/Fuel, (Harley - ECU Type 14 SW Level 141) Engine Speed, (Harley - ECU Type 14 SW Level 141) Engine Temperature, (Harley - ECU Type 14 SW Level 141) Front Adaptive Fuel Factor, (Harley - ECU Type 14 SW Level 141) Front Closed Loop Integrator, (Harley - ECU Type 14 SW Level 141) Front Spark Knock Retard, (Harley - ECU Type 14 SW Level 141) Idle Air Control Motor Position, (Harley - ECU Type 14 SW Level 141) Injector Time Front, (Harley - ECU Type 14 SW Level 141) Injector Time Rear, (Harley - ECU Type 14 SW Level 141) Intake Air Temperature, (Harley - ECU Type 14 SW Level 141) Manifold Absolute Pressure, (Harley - ECU Type 14 SW Level 141) Rear Adaptive Fuel Factor, (Harley - ECU Type 14 SW Level 141) Rear Closed Loop Integrator, (Harley - ECU Type 14 SW Level 141) Rear Spark Knock Retard, (Harley - ECU Type 14 SW Level 141) Spark Advance Front, (Harley - ECU Type 14 SW Level 141) Spark Advance Rear, (Harley - ECU Type 14 SW Level 141) Throttle Position, (Harley - ECU Type 14 SW Level 141) Throttle Position Sensor Voltage, (Harley - ECU Type 14 SW Level 141) VE Front, (Harley - ECU Type 14 SW Level 141) VE New Front, (Harley - ECU Type 14 SW Level 141) VE New Rear, (Harley - ECU Type 14 SW Level 141) VE Rear, (Harley - ECU Type 14 SW Level 141) Vehicle Speed, (Harley - ECU Type 14 SW Level 141) WBO2 AFR Front, (Harley - ECU Type 14 SW Level 141) WBO2 AFR Rear, (PV) Accel Enrichment, (PV) AT Lambda 1, (PV) AT Lambda 2, (PV) Battery Voltage, (PV) Decel Enleanment, (PV) Desired Air/Fuel, (PV) Desired Lambda, (PV) Engine Speed, (PV) Engine Temperature, (PV) Front Adaptive Fuel Factor, (PV) Front Closed Loop Integrator, (PV) Front Spark Knock Retard, (PV) Idle Air Control Motor Position, (PV) Idle Set Speed, (PV) Injector Time Front, (PV) Injector Time Rear, (PV) Intake Air Temperature, (PV) Manifold Absolute Pressure, (PV) Rear Adaptive Fuel Factor, (PV) Rear Closed Loop Integrator, (PV) Rear Spark Knock Retard, (PV) Software Level, (PV) Spark Advance Front, (PV) Spark Advance Rear, (PV) Throttle Position, (PV) Throttle Position Sensor, (PV) Twistgrip Position, (PV) VE Front, (PV) VE New Front, (PV) VE New Rear, (PV) VE Rear, (PV) Vehicle Speed, (PV) Warm-up Fuel AFR (Lambda), (PV) Warm-up Fuel AFR (Ratio), (PV) WBO2 AFR Front, (PV) WBO2 AFR Rear, 
0, , , , , , 1.015, , , , , 25.87, 25.87, 25.87, , , , , , , , , , , , , , , , , , , , , , , , , , , , , , , , , , , , , , , , , , , , , , , , , , , , , , , , , , , , , , , , , , , , , , , , , , , , , , , , , , , , , , , , , , , , 
0.05, , , , , , 1.147, , , , 2.201, 29.013, 29.013, 29.013, 52.177, , , , 7.377, 12.587, , , , , , , , 42.194, 42.194, , , , , , , , 7.377, 12.587, , , 1, 0.064, 0, 0, 14.5, 2.201, 127, 0, 0, 0, 66, 9.33, 9.276, 91.4, 52.37, 100, 0, 0, 34.5, 34.5, 12, 1.09, 109.5, 0, 0, 120.074, 42.341, 0, 0, 0, 0, 0, 13.9, 0, 14.5, 0, 2.201, 127, 0, 0, 0, 66, 1.032, 0.009, 0.009, 91.4, 52.37, 100, 0, 0, 141, 34.5, 34.5, 12, 1.09, 0, 109.5, 0, 0, 120.074, 42.341, 0, 0, 0, 0, 
0.1, , , , , , 1.216, , 5.324, 5.324, 2.204, 30.645, 30.645, 30.645, 52.163, 79.399, , , 7.377, 12.588, 0, 0, 3.61, 3.684, 3.61, 3.684, 1, 42.254, 42.254, , , 8.59, 8.767, 8.59, 8.767, , 7.377, 12.588, , , 1, 0.139, 0, 0, 14.5, 2.204, 127, 0, 0, 0, 66, 9.33, 9.27, 91.4, 52.37, 100, 0, 0, 34.5, 34.5, 12, 1.09, 109.5, 0, 0, 120.171, 42.461, 0, 0, 0, 0, 0, 13.9, 0, 14.5, 0, 2.204, 127, 0, 0, 0, 66, 1.032, 0.009, 0.009, 91.4, 52.37, 100, 0, 0, 141, 34.5, 34.5, 12, 1.09, 0, 109.5, 0, 0, 120.171, 42.461, 0, 0, 0, 0, 
0.15, , , , , , 1.216, , 11.55, 11.55, 2.207, 30.642, 30.642, 30.642, 52.15, 62.029, 35.593, 35.655, 7.377, 12.58, 0, 0, 3.527, 3.599, 3.527, 3.599, 1, 42.364, 42.364, 0.025, 0.137, 8.382, 8.552, 8.382, 8.552, 4.634, 7.377, 12.58, , , 1, 0.214, 0, 0, 14.5, 2.207, 127, 0, 0, 0, 66, 9.33, 9.264, 91.4, 52.37, 100, 0, 0, 34.5, 34.5, 12, 1.09, 109.5, 0, 0, 120.267, 42.582, 0, 0, 0, 0, 0, 13.9, 0, 14.5, 0, 2.207, 127, 0, 0, 0, 66, 1.032, 0.009, 0.009, 91.4, 52.37, 100, 0, 0, 141, 34.5, 34.5, 12, 1.09, 0, 109.5, 0, 0, 120.267, 42.582, 0, 0, 0, 0, 
0.2, , , , , , 1.301, , 16.252, 16.252, 2.21, 32.658, 32.658, 32.658, 52.14, 44.659, 35.576, 35.794, 7.377, 12.564, 0, 0, 3.765, 3.842, 3.765, 3.842, 1, 42.486, 42.486, 0.025, 0.137, 8.928, 9.11, 8.928, 9.11, 4.631, 7.377, 12.564, , , 1, 0.289, 0, 0, 14.5, 2.21, 127, 0, 0, 0, 66, 9.33, 9.258, 91.4, 52.37, 100, 0, 0, 34.5, 34.5, 12, 1.09, 109.5, 0, 0, 120.364, 42.702, 0, 0, 0, 0, 0, 13.9, 0, 14.5, 0, 2.21, 127, 0, 0, 0, 66, 1.032, 0.009, 0.009, 91.4, 52.37, 100, 0, 0, 141, 34.5, 34.5, 12, 1.09, 0, 109.5, 0, 0, 120.364, 42.702, 0, 0, 0, 0, 
0.25, , , , , , 1.534, , 20.922, 20.922, 2.213, 38.189, 38.189, 38.189, 52.14, 51.292, 35.558, 35.932, 7.377, 12.552, 0, 0, 4.351, 4.44, 4.351, 4.44, 1, 42.591, 42.591, 0.025, 0.137, 10.287, 10.498, 10.287, 10.498, 4.629, 7.377, 12.552, , , 1, 0.344, 0, 0, 14.5, 2.213, 127, 0, 0, 0, 66, 9.33, 9.252, 91.4, 52.37, 100, 0, 0, 34.5, 34.5, 12, 1.09, 109.5, 0, 0, 120.461, 42.822, 0, 0, 0, 0, 0, 13.9, 0, 14.5, 0, 2.213, 127, 0, 0, 0, 66, 1.032, 0.009, 0.009, 91.4, 52.37, 100, 0, 0, 141, 34.5, 34.5, 12, 1.09, 0, 109.5, 0, 0, 120.461, 42.822, 0, 0, 0, 0, 
0.3, 20.66, , , 69.06, , 1.925, , 25.591, 25.591, 2.216, 47.484, 47.484, 47.484, 52.124, 57.646, 35.541, 36.071, 7.378, 12.544, 0, 0, 5.308, 5.415, 5.308, 5.415, 1, 42.69, 42.69, 0.025, 0.137, 12.511, 12.767, 12.511, 12.767, 4.627, 7.378, 12.544, , , 1, 0.393, 0, 0, 14.5, 2.216, 127, 0, 0, 0, 66.115, 9.358, 9.422, 91.4, 52.37, 100, 0, 0, 34.558, 34.558, 12, 1.09, 109.5, 0, 0, 120.5, 42.943, 0, 0, 0, 0, 0, 13.9, 0, 14.5, 0, 2.216, 127, 0, 0, 0, 66.115, 1.032, 0.009, 0.009, 91.4, 52.37, 100, 0, 0, 141, 34.558, 34.558, 12, 1.09, 0, 109.5, 0, 0, 120.5, 42.943, 0, 0, 0, 0, 
0.35, 20.661, , , 69.059, , 2.322, , 28.736, 28.736, 2.22, 56.897, 56.897, 56.897, 52.098, 58.594, 35.524, 36.209, 7.378, 12.539, 0, 0, 6.378, 6.506, 6.378, 6.506, 1, 42.793, 42.793, 0.025, 0.137, 14.998, 15.307, 14.998, 15.307, 4.624, 7.378, 12.539, , , 1, 0.443, 0, 0, 14.5, 2.22, 127, 0, 0, 0, 66.308, 9.404, 9.708, 91.4, 52.37, 100, 0, 0, 34.654, 34.654, 12, 1.09, 109.5, 0, 0, 120.5, 43.064, 0, 0, 0, 0, 0, 13.9, 0, 14.5, 0, 2.22, 127, 0, 0, 0, 66.308, 1.032, 0.009, 0.01, 91.4, 52.37, 100, 0, 0, 141, 34.654, 34.654, 12, 1.09, 0, 109.5, 0, 0, 120.5, 43.064, 0, 0, 0, 0, 
0.4, 20.663, , , 69.058, , 2.809, , 31.849, 31.849, 2.224, 68.46, 68.46, 68.46, 52.054, 59.542, 35.506, 36.328, 7.379, 12.538, 0, 0, 7.698, 7.853, 7.698, 7.853, 1, 42.92, 42.92, 0.025, 0.136, 18.067, 18.438, 18.067, 18.438, 4.614, 7.379, 12.538, , , 1, 0.494, 0, 0, 14.5, 2.224, 127, 0, 0, 0, 66.5, 9.45, 9.995, 91.4, 52.37, 100, 0, 0, 34.75, 34.75, 12, 1.09, 109.5, 0, 0, 120.5, 43.185, 0, 0, 0, 0, 0, 13.9, 0, 14.5, 0, 2.224, 127, 0, 0, 0, 66.5, 1.032, 0.01, 0.01, 91.4, 52.37, 100, 0, 0, 141, 34.75, 34.75, 12, 1.09, 0, 109.5, 0, 0, 120.5, 43.185, 0, 0, 0, 0, 
0.45, 20.664, , , 69.058, , 3.395, , 34.962, 34.962, 2.228, 82.352, 82.352, 82.352, 51.982, 60.489, 35.488, 36.365, 7.379, 12.536, 0, 0, 9.288, 9.475, 9.288, 9.475, 1, 43.076, 43.076, 0.025, 0.136, 21.759, 22.205, 21.759, 22.205, 4.603, 7.379, 12.536, , , 1, 0.544, 0, 0, 14.5, 2.228, 127, 0, 0, 0, 66.692, 9.496, 10.282, 91.4, 52.37, 100, 0, 0, 34.846, 34.846, 12, 1.09, 109.5, 0, 0, 120.5, 43.306, 0, 0, 0, 0, 0, 13.9, 0, 14.5, 0, 2.228, 127, 0, 0, 0, 66.692, 1.032, 0.01, 0.01, 91.4, 52.37, 100, 0, 0, 141, 34.846, 34.846, 12, 1.09, 0, 109.5, 0, 0, 120.5, 43.306, 0, 0, 0, 0, 
0.5, 20.665, , , 69.057, , 3.977, , 38.117, 38.117, 2.232, 96.178, 96.178, 96.178, 51.892, 61.437, 35.469, 36.402, 7.38, 12.535, 0, 0, 10.898, 11.118, 10.898, 11.118, 1, 43.253, 43.253, 0.025, 0.136, 25.466, 25.988, 25.466, 25.988, 4.592, 7.38, 12.535, , , 1, 0.593, 0, 0, 14.5, 2.232, 127, 0, 0, 0, 66.885, 9.542, 10.568, 91.4, 52.37, 100, 0, 0, 34.942, 34.942, 12, 1.09, 109.5, 0, 0, 120.5, 43.427, 0, 0, 0, 0, 0, 13.9, 0, 14.5, 0, 2.232, 127, 0, 0, 0, 66.885, 1.032, 0.01, 0.011, 91.4, 52.37, 100, 0, 0, 141, 34.942, 34.942, 12, 1.09, 0, 109.5, 0, 0, 120.5, 43.427, 0, 0, 0, 0, 
0.55, 20.666, , , 69.056, , 4.56, , 41.272, 41.272, 2.239, 110.012, 110.012, 110.012, 51.773, 62.384, 35.45, 36.44, 7.38, 12.523, 0, 0, 12.526, 12.781, 12.526, 12.781, 1, 43.464, 43.464, 0.025, 0.136, 29.193, 29.791, 29.193, 29.791, 4.581, 7.38, 12.523, , , 1, 0.643, 0.252, 0, 14.442, 2.239, 127, 0, 0, 0, 67.846, 10.203, 11.222, 91.4, 53.832, 100, 0, 0, 34.712, 34.846, 12.923, 1.13, 109.365, 0, 0, 119.654, 43.619, 0, 0, 0.252, 0, 0, 13.9, 0, 14.442, 0, 2.239, 127, 0, 0, 0, 67.846, 1.032, 0.011, 0.011, 91.4, 53.832, 100, 0, 0, 141, 34.712, 34.846, 12.923, 1.13, 0, 109.365, 0, 0, 119.654, 43.619, 0, 0, 0, 0, 
0.6, 20.667, , , 69.055, , 5.146, , 44.428, 44.428, 2.252, 123.905, 123.905, 123.905, 51.656, 63.332, 35.431, 36.478, 7.379, 12.498, 0, 0, 14.179, 14.47, 14.179, 14.47, 1, 43.706, 43.706, 0.025, 0.135, 32.953, 33.627, 32.953, 33.627, 4.589, 7.379, 12.498, , , 1, 0.694, 0.883, 0, 14.298, 2.252, 127, 0, 0, 0, 69.962, 11.786, 12.425, 91.4, 57.485, 100, 0, 0, 33.99, 34.462, 15.231, 1.229, 109.029, 0, 0, 117.538, 43.917, 0, 0, 0.883, 0, 0, 13.9, 0, 14.298, 0, 2.252, 127, 0, 0, 0, 69.962, 1.032, 0.012, 0.013, 91.4, 57.485, 100, 0, 0, 141, 33.99, 34.462, 15.231, 1.229, 0, 109.029, 0, 0, 117.538, 43.917, 0, 0, 0, 0, 
0.65, 20.668, , , 69.054, , 5.83, , 47.583, 47.583, 2.265, 140.155, 140.155, 140.155, 51.538, 64.28, 35.391, 36.428, 7.379, 12.462, 0, 0, 16.146, 16.477, 16.146, 16.477, 1, 43.972, 43.972, 0.025, 0.135, 37.36, 38.126, 37.36, 38.126, 4.602, 7.379, 12.462, , , 1, 0.744, 1.514, 0, 14.154, 2.265, 127, 0, 0, 0, 72.077, 13.368, 13.629, 91.4, 61.139, 100, 0, 0, 33.269, 34.077, 17.538, 1.328, 108.692, 0, 0, 115.423, 44.215, 0, 0, 1.514, 0, 0, 13.9, 0, 14.154, 0, 2.265, 127, 0, 0, 0, 72.077, 1.032, 0.013, 0.014, 91.4, 61.139, 100, 0, 0, 141, 33.269, 34.077, 17.538, 1.328, 0, 108.692, 0, 0, 115.423, 44.215, 0, 0, 0, 0, 
0.7, 20.669, , , 69.054, , 6.45, , 50.762, 50.762, 2.278, 154.87, 154.87, 154.87, 51.412, 65.227, 35.319, 36.248, 7.378, 12.41, 0, 0, 17.96, 18.329, 17.96, 18.329, 1, 44.275, 44.275, 0.025, 0.135, 41.372, 42.221, 41.372, 42.221, 4.615, 7.378, 12.41, , , 1, 0.794, 2.145, 0, 14.01, 2.278, 127, 0, 0, 0, 74.192, 14.951, 14.833, 91.4, 64.793, 100, 0, 0, 32.548, 33.692, 19.846, 1.427, 108.356, 0, 0, 113.308, 44.513, 0, 0, 2.145, 0, 0, 13.9, 0, 14.01, 0, 2.278, 127, 0, 0, 0, 74.192, 1.032, 0.015, 0.015, 91.4, 64.793, 100, 0, 0, 141, 32.548, 33.692, 19.846, 1.427, 0, 108.356, 0, 0, 113.308, 44.513, 0, 0, 0, 0, 
0.75, 20.671, , , 69.053, , 7.016, , 53.964, 53.964, 2.291, 168.297, 168.297, 168.297, 51.292, 66.175, 35.247, 36.068, 7.378, 12.352, 0, 0, 19.651, 20.057, 19.651, 20.057, 1, 44.609, 44.609, 0.025, 0.135, 45.054, 45.98, 45.054, 45.98, 4.629, 7.378, 12.352, , , 1, 0.844, 2.775, 0, 13.865, 2.291, 127, 0, 0, 0, 76.308, 16.534, 16.037, 91.4, 68.447, 100, 0, 0, 31.827, 33.308, 22.154, 1.526, 108.019, 0, 0, 111.192, 44.812, 0, 0, 2.775, 0, 0, 13.9, 0, 13.865, 0, 2.291, 127, 0, 0, 0, 76.308, 1.032, 0.016, 0.016, 91.4, 68.447, 100, 0, 0, 141, 31.827, 33.308, 22.154, 1.526, 0, 108.019, 0, 0, 111.192, 44.812, 0, 0, 0, 0, 
0.8, 20.672, , , 69.052, , 7.591, , 57.207, 57.207, 2.303, 181.941, 181.941, 181.941, 51.178, 67.122, 35.175, 35.888, 7.377, 12.282, 0, 0, 21.417, 21.857, 21.417, 21.857, 1, 44.965, 44.965, 0.025, 0.135, 48.817, 49.822, 48.817, 49.822, 4.638, 7.377, 12.282, , , 1, 0.894, 3.301, 0, 13.719, 2.303, 127, 0, 0, 0, 78, 17.91, 17.081, 91.4, 71.764, 100, 0, 0, 31.114, 32.874, 24.209, 1.614, 107.551, 0, 0, 109.165, 45.089, 0, 0, 3.301, 0, 0, 13.9, 0, 13.719, 0, 2.303, 127, 0, 0, 0, 78, 1.032, 0.018, 0.017, 91.4, 71.764, 100, 0, 0, 141, 31.114, 32.874, 24.209, 1.614, 0, 107.551, 0, 0, 109.165, 45.089, 0, 0, 0, 0, 
0.85, 20.673, , , 69.051, , 8.049, , 60.451, 60.451, 2.31, 192.805, 192.805, 192.805, 51.076, 68.07, 35.103, 35.708, 7.377, 12.213, 0, 0, 22.882, 23.351, 22.882, 23.351, 1, 45.347, 45.347, 0.025, 0.135, 51.834, 52.902, 51.834, 52.902, 4.647, 7.377, 12.213, , , 1, 0.943, 3.406, 0, 13.562, 2.31, 127, 0, 0, 0, 78, 18.46, 17.487, 91.4, 73.732, 100, 0, 0, 30.434, 32.247, 25.255, 1.659, 106.558, 0, 0, 107.492, 45.283, 0, 0, 3.406, 0, 0, 13.9, 0, 13.562, 0, 2.31, 127, 0, 0, 0, 78, 1.032, 0.018, 0.018, 91.4, 73.732, 100, 0, 0, 141, 30.434, 32.247, 25.255, 1.659, 0, 106.558, 0, 0, 107.492, 45.283, 0, 0, 0, 0, 
0.9, 20.674, , , 69.051, , 8.413, , 63.712, 63.712, 2.318, 201.448, 201.448, 201.448, 50.972, 69.018, 35.089, 35.571, 7.377, 12.145, 0, 0, 24.108, 24.602, 24.108, 24.602, 1, 45.755, 45.755, 0.025, 0.136, 54.257, 55.376, 54.257, 55.376, 4.655, 7.377, 12.145, , , 1, 0.993, 3.51, 0, 13.405, 2.318, 127, 0, 0, 0, 78, 19.01, 17.893, 91.4, 75.701, 100, 0, 0, 29.754, 31.619, 26.301, 1.704, 105.564, 0, 0, 105.818, 45.478, 0, 0, 3.51, 0, 0, 13.9, 0, 13.405, 0, 2.318, 127, 0, 0, 0, 78, 1.032, 0.019, 0.018, 91.4, 75.701, 100, 0, 0, 141, 29.754, 31.619, 26.301, 1.704, 0, 105.564, 0, 0, 105.818, 45.478, 0, 0, 0, 0, 
0.95, 20.675, , , 69.05, , 8.678, , 67.048, 67.048, 2.325, 207.756, 207.756, 207.756, 50.871, 69.965, 35.161, 35.499, 7.377, 12.082, 0, 0, 25.087, 25.6, 25.087, 25.6, 1, 46.174, 46.174, 0.025, 0.136, 56.064, 57.219, 56.064, 57.219, 4.664, 7.377, 12.082, , , 1, 1.044, 3.615, 0, 13.248, 2.325, 127, 0, 0, 0, 78, 19.561, 18.299, 91.4, 77.67, 100, 0, 0, 29.074, 30.992, 27.347, 1.749, 104.57, 0, 0, 104.144, 45.673, 0, 0, 3.615, 0, 0, 13.9, 0, 13.248, 0, 2.325, 127, 0, 0, 0, 78, 1.032, 0.019, 0.018, 91.4, 77.67, 100, 0, 0, 141, 29.074, 30.992, 27.347, 1.749, 0, 104.57, 0, 0, 104.144, 45.673, 0, 0, 0, 0, 
1, 20.676, , , 69.049, , 8.915, , 70.384, 70.384, 2.333, 213.376, 213.376, 213.376, 50.774, 70.913, 35.233, 35.427, 7.377, 12.03, 0, 0, 26.001, 26.533, 26.001, 26.533, 1, 46.604, 46.604, 0.025, 0.136, 57.685, 58.873, 57.685, 58.873, 4.668, 7.377, 12.03, , , 1, 1.094, 3.719, 0, 13.091, 2.333, 127, 0, 0, 0, 78, 20.111, 18.705, 91.4, 79.638, 100, 0, 0, 28.394, 30.364, 28.393, 1.794, 103.576, 0, 0, 102.471, 45.867, 0, 0, 3.719, 0, 0, 13.9, 0, 13.091, 0, 2.333, 127, 0, 0, 0, 78, 1.032, 0.02, 0.019, 91.4, 79.638, 100, 0, 0, 141, 28.394, 30.364, 28.393, 1.794, 0, 103.576, 0, 0, 102.471, 45.867, 0, 0, 0, 0, 
1.05, 20.677, , , 69.048, , 9.069, , 73.739, 73.739, 2.345, 217.049, 217.049, 217.049, 50.684, 71.86, 35.305, 35.355, 7.377, 11.988, 0, 0, 26.69, 27.235, 26.69, 27.235, 1, 47.043, 47.043, 0.025, 0.136, 58.771, 59.982, 58.771, 59.982, 4.671, 7.377, 11.988, , , 1, 1.144, 3.522, 0, 12.958, 2.345, 127, 0, 0, 0, 78, 20.184, 18.769, 91.4, 82.082, 100, 0, 0, 27.916, 29.748, 29.924, 1.853, 101.782, 0, 0, 100.534, 46.137, 0, 0, 3.522, 0, 0, 13.9, 0, 12.958, 0, 2.345, 127, 0, 0, 0, 78, 1.032, 0.02, 0.019, 91.4, 82.082, 100, 0, 0, 141, 27.916, 29.748, 29.924, 1.853, 0, 101.782, 0, 0, 100.534, 46.137, 0, 0, 0, 0, 
1.1, 20.679, , , 69.048, , 9.112, , 77.124, 77.124, 2.364, 218.082, 218.082, 218.082, 50.618, 72.808, 35.377, 35.283, 7.377, 11.967, 0, 0, 27.068, 27.621, 27.068, 27.621, 1, 47.489, 47.489, 0.025, 0.136, 59.131, 60.348, 59.131, 60.348, 4.674, 7.377, 11.967, , , 1, 1.194, 2.908, 0, 12.858, 2.364, 127, 0, 0, 0, 78, 19.598, 18.361, 91.4, 85.182, 100, 0, 0, 27.716, 29.148, 32.124, 1.931, 98.882, 0, 0, 98.234, 46.511, 0, 0, 2.908, 0, 0, 13.9, 0, 12.858, 0, 2.364, 127, 0, 0, 0, 78, 1.032, 0.019, 0.018, 91.4, 85.182, 100, 0, 0, 141, 27.716, 29.148, 32.124, 1.931, 0, 98.882, 0, 0, 98.234, 46.511, 0, 0, 0, 0, 
1.15, 20.68, , , 69.047, , 9.206, , 80.557, 80.557, 2.383, 220.299, 220.299, 220.299, 50.57, 73.756, 35.276, 35.24, 7.377, 11.959, 0, 0, 27.601, 28.163, 27.601, 28.163, 1, 47.938, 47.938, 0.025, 0.137, 59.781, 61.014, 59.781, 61.014, 4.677, 7.377, 11.959, , , 1, 1.244, 2.294, 0, 12.758, 2.383, 127, 0, 0, 0, 78, 19.012, 17.953, 91.4, 88.282, 100, 0, 0, 27.516, 28.548, 34.324, 2.009, 95.982, 0, 0, 95.934, 46.885, 0, 0, 2.294, 0, 0, 13.9, 0, 12.758, 0, 2.383, 127, 0, 0, 0, 78, 1.032, 0.019, 0.018, 91.4, 88.282, 100, 0, 0, 141, 27.516, 28.548, 34.324, 2.009, 0, 95.982, 0, 0, 95.934, 46.885, 0, 0, 0, 0, 
1.2, 20.681, 100.36, 68.22, 69.046, , 9.206, 0.98, 84.025, 84.025, 2.403, 220.321, 220.321, 220.321, 50.541, 74.703, 34.916, 35.24, 7.377, 11.98, 0, 0, 27.859, 28.426, 27.859, 28.426, 1, 48.388, 48.388, 0.025, 0.136, 59.815, 61.049, 59.815, 61.049, 4.683, 7.377, 11.98, , , 1, 1.294, 1.68, 0, 12.658, 2.403, 127, 0, 0, 0, 78, 18.426, 17.545, 91.4, 91.382, 100, 0, 0, 27.316, 27.948, 36.524, 2.087, 93.082, 0, 0, 93.634, 47.259, 0, 0, 1.68, 0, 0, 13.9, 0, 12.658, 0, 2.403, 127, 0, 0, 0, 78, 1.032, 0.019, 0.018, 91.4, 91.382, 100, 0, 0, 141, 27.316, 27.948, 36.524, 2.087, 0, 93.082, 0, 0, 93.634, 47.259, 0, 0, 0, 0, 
1.25, 20.682, 100.361, 68.22, 69.045, , 9.168, 0.98, 87.527, 87.527, 2.422, 219.418, 219.418, 219.418, 50.542, 75.651, 34.556, 35.24, 7.377, 12.007, 0, 0, 28.002, 28.574, 28.002, 28.574, 1, 48.845, 48.845, 0.025, 0.136, 59.575, 60.803, 59.575, 60.803, 4.689, 7.377, 12.007, , , 1, 1.344, 1.066, 0, 12.558, 2.422, 127, 0, 0, 0, 78, 17.84, 17.137, 91.4, 94.482, 100, 0, 0, 27.116, 27.348, 38.724, 2.165, 90.182, 0, 0, 91.334, 47.633, 0, 0, 1.066, 0, 0, 13.9, 0, 12.558, 0, 2.422, 127, 0, 0, 0, 78, 1.032, 0.018, 0.017, 91.4, 94.482, 100, 0, 0, 141, 27.116, 27.348, 38.724, 2.165, 0, 90.182, 0, 0, 91.334, 47.633, 0, 0, 0, 0, 
1.3, 20.683, 100.361, 68.22, 69.045, , 9.148, 0.98, 91.064, 91.064, 2.444, 218.952, 218.952, 218.952, 50.566, 76.598, 34.196, 35.24, 7.377, 12.047, 0, 0, 28.205, 28.78, 28.205, 28.78, 1, 49.296, 49.296, 0.025, 0.136, 59.425, 60.65, 59.425, 60.65, 4.696, 7.377, 12.047, , , 1, 1.394, 0.729, 0, 12.5, 2.444, 127, 0, 0, 0, 78, 17.545, 17.004, 91.4, 96.652, 100, 0, 0, 27, 27, 40.84, 2.239, 88.29, 0, 0, 89.79, 48.11, 0, 0, 0.729, 0, 0, 13.9, 0, 12.5, 0, 2.444, 127, 0, 0, 0, 78, 1.032, 0.018, 0.017, 91.4, 96.652, 100, 0, 0, 141, 27, 27, 40.84, 2.239, 0, 88.29, 0, 0, 89.79, 48.11, 0, 0, 0, 0, 
1.35, 20.684, 100.361, 68.22, 69.044, , 9.179, 0.98, 94.602, 94.602, 2.469, 219.699, 219.699, 219.699, 50.603, 77.546, 33.836, 35.24, 7.377, 12.083, 0, 0, 28.557, 29.14, 28.557, 29.14, 1, 49.746, 49.746, 0.025, 0.136, 59.58, 60.807, 59.58, 60.807, 4.703, 7.377, 12.083, , , 1, 1.444, 0.775, 0, 12.5, 2.469, 127, 0, 0, 0, 78, 17.651, 17.252, 91.4, 97.538, 100, 0, 0, 27, 27, 42.84, 2.309, 87.79, 0, 0, 89.29, 48.73, 0, 0, 0.775, 0, 0, 13.9, 0, 12.5, 0, 2.469, 127, 0, 0, 0, 78, 1.032, 0.018, 0.017, 91.4, 97.538, 100, 0, 0, 141, 27, 27, 42.84, 2.309, 0, 87.79, 0, 0, 89.29, 48.73, 0, 0, 0, 0, 
1.4, 20.685, 100.362, 68.22, 69.043, , 9.145, 0.98, 98.215, 98.215, 2.494, 218.908, 218.908, 218.908, 50.642, 78.494, 33.778, 35.312, 7.377, 12.106, 0, 0, 28.711, 29.298, 28.711, 29.298, 1, 50.198, 50.198, 0.025, 0.136, 59.319, 60.54, 59.319, 60.54, 4.712, 7.377, 12.106, , , 1, 1.494, 0.821, 0, 12.5, 2.494, 127, 0, 0, 0, 78, 17.757, 17.5, 91.4, 98.424, 100, 0, 0, 27, 27, 44.84, 2.379, 87.29, 0, 0, 88.79, 49.35, 0, 0, 0.821, 0, 0, 13.9, 0, 12.5, 0, 2.494, 127, 0, 0, 0, 78, 1.032, 0.018, 0.017, 91.4, 98.424, 100, 0, 0, 141, 27, 27, 44.84, 2.379, 0, 87.29, 0, 0, 88.79, 49.35, 0, 0, 0, 0, 
1.45, 20.687, 100.362, 68.22, 69.042, , 9.13, 0.98, 101.864, 101.864, 2.519, 218.568, 218.568, 218.568, 50.683, 79.441, 34.174, 35.492, 7.377, 12.119, 0, 0, 28.925, 29.516, 28.925, 29.516, 1, 50.647, 50.647, 0.025, 0.135, 59.181, 60.399, 59.181, 60.399, 4.722, 7.377, 12.119, , , 1, 1.544, 0.867, 0, 12.5, 2.519, 127, 0, 0, 0, 78, 17.863, 17.748, 91.4, 99.31, 100, 0, 0, 27, 27, 46.84, 2.449, 86.79, 0, 0, 88.29, 49.97, 0, 0, 0.867, 0, 0, 13.9, 0, 12.5, 0, 2.519, 127, 0, 0, 0, 78, 1.032, 0.018, 0.018, 91.4, 99.31, 100, 0, 0, 141, 27, 27, 46.84, 2.449, 0, 86.79, 0, 0, 88.29, 49.97, 0, 0, 0, 0, 
1.5, 20.688, 100.362, 68.22, 69.042, , 9.176, 0.98, 105.52, 105.52, 2.544, 219.67, 219.67, 219.67, 50.719, 80.389, 34.57, 35.672, 7.378, 12.099, 0, 0, 29.326, 29.926, 29.326, 29.926, 1, 51.095, 51.095, 0.025, 0.135, 59.435, 60.66, 59.435, 60.66, 4.732, 7.378, 12.099, , , 1, 1.594, 0.913, 0, 12.5, 2.544, 127, 0, 0, 0, 78, 17.969, 17.996, 91.4, 100.196, 100, 0, 0, 27, 27, 48.84, 2.519, 86.29, 0, 0, 87.79, 50.59, 0, 0, 0.913, 0, 0, 13.9, 0, 12.5, 0, 2.544, 127, 0, 0, 0, 78, 1.032, 0.018, 0.018, 91.4, 100.196, 100, 0, 0, 141, 27, 27, 48.84, 2.519, 0, 86.29, 0, 0, 87.79, 50.59, 0, 0, 0, 0, 
1.55, 20.689, 100.363, 68.22, 69.041, , 9.124, 0.98, 109.226, 109.226, 2.57, 218.444, 218.444, 218.444, 50.755, 81.336, 34.966, 35.852, 7.378, 12.073, 0, 0, 29.417, 30.019, 29.417, 30.019, 1, 51.542, 51.542, 0.025, 0.135, 59.064, 60.281, 59.064, 60.281, 4.742, 7.378, 12.073, , , 1, 1.644, 0.905, 0, 12.5, 2.57, 127, 0, 0, 0, 78, 18.048, 18.186, 91.4, 100.771, 100, 0, 0, 27, 27.042, 50.672, 2.581, 86.126, 0, 0, 87.668, 51.107, 0, 0, 0.905, 0, 0, 13.9, 0, 12.5, 0, 2.57, 127, 0, 0, 0, 78, 1.032, 0.018, 0.018, 91.4, 100.771, 100, 0, 0, 141, 27, 27.042, 50.672, 2.581, 0, 86.126, 0, 0, 87.668, 51.107, 0, 0, 0, 0, 
1.6, 20.69, 100.363, 68.22, 69.04, , 9.116, 0.98, 112.932, 112.932, 2.594, 218.259, 218.259, 218.259, 50.79, 82.284, 35.362, 36.032, 7.379, 12.017, 0, 0, 29.65, 30.258, 29.65, 30.258, 1, 51.989, 51.989, 0.025, 0.135, 58.975, 60.19, 58.975, 60.19, 4.752, 7.379, 12.017, , , 1, 1.694, 0.821, 0, 12.5, 2.594, 127, 0, 0, 0, 78, 18.09, 18.296, 91.4, 100.917, 100, 0, 0, 27, 27.142, 52.272, 2.631, 86.426, 0, 0, 88.068, 51.481, 0, 0, 0.821, 0, 0, 13.9, 0, 12.5, 0, 2.594, 127, 0, 0, 0, 78, 1.032, 0.018, 0.018, 91.4, 100.917, 100, 0, 0, 141, 27, 27.142, 52.272, 2.631, 0, 86.426, 0, 0, 88.068, 51.481, 0, 0, 0, 0, 
1.65, 20.691, 100.364, 68.22, 69.04, , 9.148, 0.98, 117.805, 117.805, 2.62, 219.03, 219.03, 219.03, 50.822, 83.232, 35.557, 36.068, 7.379, 11.96, 0, 0, 30.014, 30.631, 30.014, 30.631, 1, 52.439, 52.439, 0.025, 0.134, 59.149, 60.368, 59.149, 60.368, 4.763, 7.379, 11.96, , , 1, 1.744, 0.737, 0, 12.5, 2.62, 127, 0, 0, 0, 78, 18.132, 18.406, 91.4, 101.063, 100, 0, 0, 27, 27.242, 53.872, 2.681, 86.726, 0, 0, 88.468, 51.855, 0, 0, 0.737, 0, 0, 13.9, 0, 12.5, 0, 2.62, 127, 0, 0, 0, 78, 1.032, 0.018, 0.018, 91.4, 101.063, 100, 0, 0, 141, 27, 27.242, 53.872, 2.681, 0, 86.726, 0, 0, 88.468, 51.855, 0, 0, 0, 0, 
1.7, 20.692, 100.364, 68.22, 69.04, , 9.191, 0.98, 122.798, 122.798, 2.645, 220.061, 220.061, 220.061, 50.853, 84.179, 35.449, 35.888, 7.38, 11.892, 0, 0, 30.467, 31.093, 30.467, 31.093, 1, 53.113, 53.113, 0.025, 0.134, 59.397, 60.619, 59.397, 60.619, 4.774, 7.38, 11.892, , , 1, 1.794, 0.653, 0, 12.5, 2.645, 127, 0, 0, 0, 78, 18.174, 18.516, 91.4, 101.209, 100, 0, 0, 27, 27.342, 55.472, 2.731, 87.026, 0, 0, 88.868, 52.229, 0, 0, 0.653, 0, 0, 13.9, 0, 12.5, 0, 2.645, 127, 0, 0, 0, 78, 1.032, 0.018, 0.019, 91.4, 101.209, 100, 0, 0, 141, 27, 27.342, 55.472, 2.731, 0, 87.026, 0, 0, 88.868, 52.229, 0, 0, 0, 0, 
1.75, 20.692, 100.364, 68.22, 69.04, , 9.215, 0.98, 126.635, 126.635, 2.67, 220.652, 220.652, 220.652, 50.874, 85.127, 35.341, 35.708, 7.38, 11.826, 0, 0, 30.92, 31.556, 30.92, 31.556, 1, 53.617, 53.617, 0.025, 0.134, 59.526, 60.749, 59.526, 60.749, 4.786, 7.38, 11.826, , , 1, 1.844, 0.569, 0, 12.5, 2.67, 127, 0, 0, 0, 78, 18.216, 18.626, 91.4, 101.355, 100, 0, 0, 27, 27.442, 57.072, 2.781, 87.326, 0, 0, 89.268, 52.603, 0, 0, 0.569, 0, 0, 13.9, 0, 12.5, 0, 2.67, 127, 0, 0, 0, 78, 1.032, 0.018, 0.019, 91.4, 101.355, 100, 0, 0, 141, 27, 27.442, 57.072, 2.781, 0, 87.326, 0, 0, 89.268, 52.603, 0, 0, 0, 0, 
1.8, 20.693, 100.365, 68.22, 69.04, , 9.238, 0.98, 130.527, 130.527, 2.694, 221.188, 221.188, 221.188, 50.889, 86.074, 35.233, 35.528, 7.38, 11.767, 0, 0, 31.248, 31.89, 31.248, 31.89, 1, 54.069, 54.069, 0.025, 0.134, 59.652, 60.878, 59.652, 60.878, 4.804, 7.38, 11.767, , , 1, 1.894, 0.475, 0, 12.5, 2.694, 127, 0, 0, 0, 78, 18.195, 18.685, 91.244, 101.472, 100, 0, 0, 27, 27.543, 58.434, 2.829, 87.587, 0, 0, 89.587, 53.034, 0, 0, 0.475, 0, 0, 13.9, 0, 12.5, 0, 2.694, 127, 0, 0, 0, 78, 1.032, 0.018, 0.019, 91.244, 101.472, 100, 0, 0, 141, 27, 27.543, 58.434, 2.829, 0, 87.587, 0, 0, 89.587, 53.034, 0, 0, 0, 0, 
1.85, 20.694, 100.365, 68.22, 69.04, , 9.255, 0.98, 134.418, 134.418, 2.718, 221.599, 221.599, 221.599, 50.903, 87.022, 35.125, 35.348, 7.379, 11.712, 0, 0, 31.569, 32.217, 31.569, 32.217, 1, 54.524, 54.524, 0.025, 0.135, 59.746, 60.975, 59.746, 60.975, 4.83, 7.379, 11.712, , , 1, 1.943, 0.367, 0, 12.5, 2.718, 127, 0, 0, 0, 78, 18.087, 18.672, 90.872, 101.549, 100, 0, 0, 27, 27.647, 59.467, 2.874, 87.793, 0, 0, 89.793, 53.545, 0, 0, 0.367, 0, 0, 13.9, 0, 12.5, 0, 2.718, 127, 0, 0, 0, 78, 1.032, 0.018, 0.019, 90.872, 101.549, 100, 0, 0, 141, 27, 27.647, 59.467, 2.874, 0, 87.793, 0, 0, 89.793, 53.545, 0, 0, 0, 0, 
1.9, 20.695, 100.366, 68.22, 69.04, , 9.268, 0.98, 138.359, 138.359, 2.742, 221.923, 221.923, 221.923, 50.918, 87.97, 35.089, 35.326, 7.379, 11.676, 0, 0, 31.879, 32.534, 31.879, 32.534, 1, 54.981, 54.981, 0.025, 0.135, 59.815, 61.045, 59.815, 61.045, 4.855, 7.379, 11.676, , , 1, 1.993, 0.26, 0, 12.5, 2.742, 127, 0, 0, 0, 78, 17.98, 18.66, 90.5, 101.625, 100, 0, 0, 27, 27.75, 60.5, 2.92, 88, 0, 0, 90, 54.055, 0, 0, 0.26, 0, 0, 13.9, 0, 12.5, 0, 2.742, 127, 0, 0, 0, 78, 1.032, 0.018, 0.019, 90.5, 101.625, 100, 0, 0, 141, 27, 27.75, 60.5, 2.92, 0, 88, 0, 0, 90, 54.055, 0, 0, 0, 0, 
1.95, 20.695, 100.366, 68.22, 69.04, , 9.302, 0.98, 142.316, 142.316, 2.767, 222.747, 222.747, 222.747, 50.934, 88.917, 35.161, 35.542, 7.379, 11.643, 0, 0, 32.264, 32.927, 32.264, 32.927, 1, 55.435, 55.435, 0.025, 0.135, 60.018, 61.252, 60.018, 61.252, 4.881, 7.379, 11.643, , , 1, 2.044, 0.153, 0, 12.5, 2.767, 127, 0, 0, 0, 78, 17.873, 18.648, 90.128, 101.701, 100, 0, 0, 27, 27.853, 61.533, 2.965, 88.207, 0, 0, 90.207, 54.565, 0, 0, 0.153, 0, 0, 13.9, 0, 12.5, 0, 2.767, 127, 0, 0, 0, 78, 1.032, 0.018, 0.019, 90.128, 101.701, 100, 0, 0, 141, 27, 27.853, 61.533, 2.965, 0, 88.207, 0, 0, 90.207, 54.565, 0, 0, 0, 0, 
2, 20.696, 100.366, 68.22, 69.04, , 9.342, 0.98, 146.299, 146.299, 2.791, 223.691, 223.691, 223.691, 50.949, 89.865, 35.233, 35.758, 7.379, 11.636, 0, 0, 32.671, 33.342, 32.671, 33.342, 1, 55.887, 55.887, 0.025, 0.136, 60.252, 61.492, 60.252, 61.492, 4.897, 7.379, 11.636, , , 1, 2.094, 0.045, 0, 12.5, 2.791, 127, 0, 0, 0, 78, 17.765, 18.635, 89.756, 101.778, 100, 0, 0, 27, 27.957, 62.566, 3.01, 88.413, 0, 0, 90.413, 55.075, 0, 0, 0.045, 0, 0, 13.9, 0, 12.5, 0, 2.791, 127, 0, 0, 0, 78, 1.032, 0.018, 0.019, 89.756, 101.778, 100, 0, 0, 141, 27, 27.957, 62.566, 3.01, 0, 88.413, 0, 0, 90.413, 55.075, 0, 0, 0, 0, 
2.05, 20.697, 100.367, 68.22, 69.04, , 9.365, 0.98, 150.341, 150.341, 2.815, 224.247, 224.247, 224.247, 50.963, 90.812, 35.305, 35.974, 7.379, 11.629, 0, 0, 33.023, 33.703, 33.023, 33.703, 1, 56.35, 56.35, 0.025, 0.136, 60.383, 61.626, 60.383, 61.626, 4.903, 7.379, 11.629, , , 1, 2.144, 0.044, 0, 12.5, 2.815, 127, 0, 0, 0, 78, 17.803, 18.656, 89.6, 101.853, 100, 0, 0, 27.058, 28.058, 63.819, 3.058, 88.558, 0, 0, 90.558, 55.582, 0, 0, 0.044, 0, 0, 13.9, 0, 12.5, 0, 2.815, 127, 0, 0, 0, 78, 1.032, 0.018, 0.019, 89.6, 101.853, 100, 0, 0, 141, 27.058, 28.058, 63.819, 3.058, 0, 88.558, 0, 0, 90.558, 55.582, 0, 0, 0, 0, 
2.1, 20.698, 100.367, 68.22, 69.04, , 9.395, 0.98, 154.437, 154.437, 2.84, 224.988, 224.988, 224.988, 50.975, 90.145, 35.377, 36.19, 7.381, 11.631, 0, 0, 33.394, 34.083, 33.394, 34.083, 1, 56.808, 56.808, 0.025, 0.136, 60.568, 61.814, 60.568, 61.814, 4.908, 7.381, 11.631, , , 1, 2.194, 0.121, 0, 12.5, 2.84, 127, 0, 0, 0, 78, 17.946, 18.703, 89.6, 101.928, 100, 0, 0, 27.159, 28.159, 65.23, 3.109, 88.659, 0, 0, 90.659, 56.086, 0, 0, 0.121, 0, 0, 13.9, 0, 12.5, 0, 2.84, 127, 0, 0, 0, 78, 1.032, 0.018, 0.019, 89.6, 101.928, 100, 0, 0, 141, 27.159, 28.159, 65.23, 3.109, 0, 88.659, 0, 0, 90.659, 56.086, 0, 0, 0, 0, 
2.15, 20.698, 100.367, 68.22, 69.04, , 9.432, 0.98, 158.534, 158.534, 2.865, 225.865, 225.865, 225.865, 50.983, 86.842, 35.391, 36.32, 7.382, 11.631, 0, 0, 33.798, 34.495, 33.798, 34.495, 1, 57.27, 57.27, 0.025, 0.136, 60.794, 62.044, 60.794, 62.044, 4.914, 7.382, 11.631, , , 1, 2.244, 0.198, 0, 12.5, 2.865, 127, 0, 0, 0, 78, 18.089, 18.749, 89.6, 102.002, 100, 0, 0, 27.26, 28.26, 66.641, 3.16, 88.76, 0, 0, 90.76, 56.59, 0, 0, 0.198, 0, 0, 13.9, 0, 12.5, 0, 2.865, 127, 0, 0, 0, 78, 1.032, 0.018, 0.019, 89.6, 102.002, 100, 0, 0, 141, 27.26, 28.26, 66.641, 3.16, 0, 88.76, 0, 0, 90.76, 56.59, 0, 0, 0, 0, 
2.2, 20.699, 100.368, 68.22, 69.04, , 9.455, 0.98, 162.699, 162.699, 2.89, 226.425, 226.425, 226.425, 50.987, 83.539, 35.319, 36.32, 7.382, 11.611, 0, 0, 34.156, 34.861, 34.156, 34.861, 1, 57.736, 57.736, 0.025, 0.136, 60.941, 62.194, 60.941, 62.194, 4.916, 7.382, 11.611, , , 1, 2.294, 0.274, 0, 12.5, 2.89, 127, 0, 0, 0, 78, 18.232, 18.796, 89.6, 102.077, 100, 0, 0, 27.361, 28.361, 68.052, 3.21, 88.861, 0, 0, 90.861, 57.094, 0, 0, 0.274, 0, 0, 13.9, 0, 12.5, 0, 2.89, 127, 0, 0, 0, 78, 1.032, 0.018, 0.019, 89.6, 102.077, 100, 0, 0, 141, 27.361, 28.361, 68.052, 3.21, 0, 88.861, 0, 0, 90.861, 57.094, 0, 0, 0, 0, 
2.25, 20.7, 100.368, 68.22, 69.04, , 9.468, 0.98, 166.869, 166.869, 2.915, 226.733, 226.733, 226.733, 50.987, 80.235, 35.247, 36.32, 7.382, 11.589, 0, 0, 34.478, 35.19, 34.478, 35.19, 1, 58.2, 58.2, 0.025, 0.136, 61.025, 62.279, 61.025, 62.279, 4.912, 7.382, 11.589, , , 1, 2.344, 0.351, 0, 12.5, 2.915, 127, 0, 0, 0, 78, 18.376, 18.842, 89.6, 102.152, 100, 0, 0, 27.462, 28.462, 69.464, 3.261, 88.962, 0, 0, 90.962, 57.598, 0, 0, 0.351, 0, 0, 13.9, 0, 12.5, 0, 2.915, 127, 0, 0, 0, 78, 1.032, 0.018, 0.019, 89.6, 102.152, 100, 0, 0, 141, 27.462, 28.462, 69.464, 3.261, 0, 88.962, 0, 0, 90.962, 57.598, 0, 0, 0, 0, 
2.3, 20.701, 100.369, 68.22, 69.04, , 9.5, 0.98, 171.039, 171.039, 2.947, 227.513, 227.513, 227.513, 50.984, 76.932, 35.175, 36.32, 7.382, 11.525, 0, 0, 34.879, 35.599, 34.879, 35.599, 1, 58.662, 58.662, 0.025, 0.136, 61.239, 62.497, 61.239, 62.497, 4.909, 7.382, 11.525, , , 1, 2.394, 0.353, 0, 12.5, 2.947, 127, 0, 0, 0, 78, 18.549, 19.016, 89.6, 102.265, 100, 0, 0, 27.586, 28.557, 73.444, 3.41, 89.775, 0, 0, 91.947, 58.218, 0, 0, 0.353, 0, 0, 13.9, 0, 12.5, 0, 2.947, 127, 0, 0, 0, 78, 1.032, 0.018, 0.019, 89.6, 102.265, 100, 0, 0, 141, 27.586, 28.557, 73.444, 3.41, 0, 89.775, 0, 0, 91.947, 58.218, 0, 0, 0, 0, 
2.35, 20.701, 100.369, 68.22, 69.04, , 9.543, 0.98, 175.298, 175.298, 2.983, 228.539, 228.539, 228.539, 50.987, 73.629, 35.103, 36.32, 7.382, 11.461, 0, 0, 35.316, 36.045, 35.316, 36.045, 1, 59.131, 59.131, 0.025, 0.136, 61.513, 62.776, 61.513, 62.776, 4.906, 7.382, 11.461, , , 1, 2.444, 0.309, 0, 12.5, 2.983, 127, 0, 0, 0, 78, 18.741, 19.267, 89.6, 102.402, 100, 0, 0, 27.725, 28.65, 79, 3.619, 91.025, 0, 0, 93.475, 58.908, 0, 0, 0.309, 0, 0, 13.9, 0, 12.5, 0, 2.983, 127, 0, 0, 0, 78, 1.032, 0.018, 0.019, 89.6, 102.402, 100, 0, 0, 141, 27.725, 28.65, 79, 3.619, 0, 91.025, 0, 0, 93.475, 58.908, 0, 0, 0, 0, 
2.4, 20.702, 100.369, 68.22, 69.04, , 9.597, 0.98, 179.583, 179.583, 3.02, 229.843, 229.843, 229.843, 51.001, 70.326, 35.017, 36.22, 7.381, 11.365, 0, 0, 35.799, 36.538, 35.799, 36.538, 1, 59.598, 59.598, 0.025, 0.136, 61.846, 63.116, 61.846, 63.116, 4.912, 7.381, 11.365, , , 1, 2.493, 0.266, 0, 12.5, 3.02, 127, 0, 0, 0, 78, 18.932, 19.517, 89.6, 102.539, 100, 0, 0, 27.864, 28.743, 84.556, 3.828, 92.275, 0, 0, 95.003, 59.597, 0, 0, 0.266, 0, 0, 13.9, 0, 12.5, 0, 3.02, 127, 0, 0, 0, 78, 1.032, 0.019, 0.019, 89.6, 102.539, 100, 0, 0, 141, 27.864, 28.743, 84.556, 3.828, 0, 92.275, 0, 0, 95.003, 59.597, 0, 0, 0, 0, 
2.45, 20.703, 100.37, 68.22, 69.04, , 9.664, 0.98, 183.86, 183.86, 3.057, 231.431, 231.431, 231.431, 51.028, 67.023, 34.909, 35.969, 7.379, 11.268, 0, 0, 36.334, 37.083, 36.334, 37.083, 1, 60.073, 60.073, 0.025, 0.136, 62.242, 63.519, 62.242, 63.519, 4.928, 7.379, 11.268, , , 1, 2.543, 0.222, 0, 12.5, 3.057, 127, 0, 0, 0, 78, 19.124, 19.768, 89.6, 102.676, 100, 0, 0, 28.003, 28.835, 90.111, 4.038, 93.525, 0, 0, 96.531, 60.287, 0, 0, 0.222, 0, 0, 13.9, 0, 12.5, 0, 3.057, 127, 0, 0, 0, 78, 1.032, 0.019, 0.02, 89.6, 102.676, 100, 0, 0, 141, 28.003, 28.835, 90.111, 4.038, 0, 93.525, 0, 0, 96.531, 60.287, 0, 0, 0, 0, 
2.5, 20.704, 100.37, 68.22, 69.04, , 9.745, 0.98, 188.21, 188.21, 3.093, 233.359, 233.359, 233.359, 51.068, 63.72, 34.802, 35.718, 7.379, 11.182, 0, 0, 36.927, 37.687, 36.927, 37.687, 1, 60.555, 60.555, 0.025, 0.135, 62.713, 64.002, 62.713, 64.002, 4.945, 7.379, 11.182, , , 1, 2.593, 0.179, 0, 12.5, 3.093, 127, 0, 0, 0, 78, 19.316, 20.019, 89.6, 102.813, 100, 0, 0, 28.142, 28.928, 95.667, 4.247, 94.775, 0, 0, 98.058, 60.977, 0, 0, 0.179, 0, 0, 13.9, 0, 12.5, 0, 3.093, 127, 0, 0, 0, 78, 1.032, 0.019, 0.02, 89.6, 102.813, 100, 0, 0, 141, 28.142, 28.928, 95.667, 4.247, 0, 94.775, 0, 0, 98.058, 60.977, 0, 0, 0, 0, 
2.55, 20.704, 100.37, 68.22, 69.04, , 9.85, 0.98, 192.615, 192.615, 3.125, 235.87, 235.87, 235.87, 51.116, 60.417, 34.694, 35.467, 7.378, 11.095, 0, 0, 37.625, 38.398, 37.625, 38.398, 1, 61.033, 61.033, 0.025, 0.135, 63.327, 64.63, 63.327, 64.63, 4.961, 7.378, 11.095, , , 1, 2.644, 0.138, 0, 12.5, 3.125, 127, 0, 0, 0, 78, 19.468, 20.221, 89.6, 102.92, 100, 0, 0, 28.261, 29, 100, 4.411, 95.784, 0, 0, 99.284, 61.572, 0, 0, 0.138, 0, 0, 13.9, 0, 12.5, 0, 3.125, 127, 0, 0, 0, 78, 1.032, 0.02, 0.02, 89.6, 102.92, 100, 0, 0, 141, 28.261, 29, 100, 4.411, 0, 95.784, 0, 0, 99.284, 61.572, 0, 0, 0, 0, 
2.6, 20.705, 100.37, 68.22, 69.04, , 9.955, 0.98, 197.021, 197.021, 3.14, 238.368, 238.368, 238.368, 51.162, 57.114, 34.587, 35.216, 7.378, 11.054, 0, 0, 38.331, 39.118, 38.331, 39.118, 1, 61.522, 61.522, 0.025, 0.135, 63.937, 65.252, 63.937, 65.252, 4.981, 7.378, 11.054, , , 1, 2.694, 0.108, 0, 12.5, 3.14, 127, 0, 0, 0, 78, 19.484, 20.249, 89.6, 102.92, 100, 0, 0, 28.314, 29, 100, 4.415, 95.941, 0, 0, 99.441, 61.831, 0, 0, 0.108, 0, 0, 13.9, 0, 12.5, 0, 3.14, 127, 0, 0, 0, 78, 1.032, 0.02, 0.02, 89.6, 102.92, 100, 0, 0, 141, 28.314, 29, 100, 4.415, 0, 95.941, 0, 0, 99.441, 61.831, 0, 0, 0, 0, 
2.65, 20.706, 100.37, 68.22, 69.04, , 10.088, 0.98, 201.438, 201.438, 3.154, 241.55, 241.55, 241.55, 51.195, 53.81, 34.534, 35.142, 7.377, 11.014, 0, 0, 39.147, 39.951, 39.147, 39.951, 1, 62.012, 62.012, 0.025, 0.135, 64.75, 66.08, 64.75, 66.08, 5.016, 7.377, 11.014, , , 1, 2.743, 0.078, 0, 12.5, 3.154, 127, 0, 0, 0, 78, 19.5, 20.277, 89.6, 102.92, 100, 0, 0, 28.366, 29, 100, 4.419, 96.097, 0, 0, 99.597, 62.091, 0, 0, 0.078, 0, 0, 13.9, 0, 12.5, 0, 3.154, 127, 0, 0, 0, 78, 1.032, 0.02, 0.02, 89.6, 102.92, 100, 0, 0, 141, 28.366, 29, 100, 4.419, 0, 96.097, 0, 0, 99.597, 62.091, 0, 0, 0, 0, 
2.7, 20.707, 100.37, 68.22, 69.04, , 10.216, 0.98, 205.937, 205.937, 3.168, 244.578, 244.578, 244.578, 51.213, 50.507, 34.57, 35.359, 7.377, 11.018, 0, 0, 39.959, 40.782, 39.959, 40.782, 1, 62.508, 62.508, 0.025, 0.135, 65.537, 66.885, 65.537, 66.885, 5.05, 7.377, 11.018, , , 1, 2.793, 0.048, 0, 12.5, 3.168, 127, 0, 0, 0, 78, 19.515, 20.306, 89.6, 102.92, 100, 0, 0, 28.418, 29, 100, 4.423, 96.253, 0, 0, 99.753, 62.35, 0, 0, 0.048, 0, 0, 13.9, 0, 12.5, 0, 3.168, 127, 0, 0, 0, 78, 1.032, 0.02, 0.02, 89.6, 102.92, 100, 0, 0, 141, 28.418, 29, 100, 4.423, 0, 96.253, 0, 0, 99.753, 62.35, 0, 0, 0, 0, 
2.75, 20.708, 100.37, 68.22, 69.04, , 10.327, 0.98, 210.509, 210.509, 3.183, 247.234, 247.234, 247.234, 51.216, 47.204, 34.606, 35.576, 7.377, 11.022, 0, 0, 40.718, 41.556, 40.718, 41.556, 1, 63.015, 63.015, 0.025, 0.135, 66.246, 67.608, 66.246, 67.608, 5.084, 7.377, 11.022, , , 1, 2.844, 0.018, 0, 12.5, 3.183, 127, 0, 0, 0, 78, 19.531, 20.334, 89.6, 102.92, 100, 0, 0, 28.47, 29, 100, 4.428, 96.409, 0, 0, 99.909, 62.61, 0, 0, 0.018, 0, 0, 13.9, 0, 12.5, 0, 3.183, 127, 0, 0, 0, 78, 1.032, 0.02, 0.02, 89.6, 102.92, 100, 0, 0, 141, 28.47, 29, 100, 4.428, 0, 96.409, 0, 0, 99.909, 62.61, 0, 0, 0, 0, 
2.8, 20.708, 100.37, 68.22, 69.04, , 10.465, 0.98, 215.006, 215.006, 3.202, 250.514, 250.514, 250.514, 51.203, 43.901, 34.642, 35.793, 7.378, 11.049, 0, 0, 41.589, 42.444, 41.589, 42.444, 1, 63.529, 63.529, 0.025, 0.134, 67.142, 68.521, 67.142, 68.521, 5.122, 7.378, 11.049, , , 1, 2.894, 0, 0, 12.5, 3.202, 127, 0, 0, 0, 77.916, 19.574, 20.368, 89.449, 102.92, 100, 0, 0, 28.5, 29, 100, 4.43, 96.626, 0, 0, 100.126, 62.968, 0, 0, 0, 0, 0, 13.9, 0, 12.5, 0, 3.202, 127, 0, 0, 0, 77.916, 1.032, 0.02, 0.02, 89.449, 102.92, 100, 0, 0, 141, 28.5, 29, 100, 4.43, 0, 96.626, 0, 0, 100.126, 62.968, 0, 0, 0, 0, 
2.85, 20.709, 100.37, 68.22, 69.04, , 10.563, 0.98, 219.673, 219.673, 3.227, 252.85, 252.85, 252.85, 51.183, 48.679, 34.678, 36.01, 7.378, 11.078, 0, 0, 42.324, 43.193, 42.324, 43.193, 1, 64.044, 64.044, 0.025, 0.135, 67.795, 69.187, 67.795, 69.187, 5.173, 7.378, 11.078, , , 1, 2.944, 0, 0, 12.5, 3.227, 127, 0, 0, 0, 77.716, 19.654, 20.412, 89.089, 102.92, 100, 0, 0, 28.5, 29, 100, 4.43, 96.926, 0, 0, 100.426, 63.464, 0, 0, 0, 0, 0, 13.9, 0, 12.5, 0, 3.227, 127, 0, 0, 0, 77.716, 1.032, 0.02, 0.02, 89.089, 102.92, 100, 0, 0, 141, 28.5, 29, 100, 4.43, 0, 96.926, 0, 0, 100.426, 63.464, 0, 0, 0, 0, 
2.9, 20.71, 100.37, 68.22, 69.04, , 10.655, 0.98, 224.253, 224.253, 3.252, 255.06, 255.06, 255.06, 51.165, 57.924, 34.686, 36.068, 7.379, 11.102, 0, 0, 43.034, 43.916, 43.034, 43.916, 1, 64.566, 64.566, 0.025, 0.135, 68.412, 69.818, 68.412, 69.818, 5.225, 7.379, 11.102, , , 1, 2.994, 0, 0, 12.5, 3.252, 127, 0, 0, 0, 77.516, 19.734, 20.456, 88.729, 102.92, 100, 0, 0, 28.5, 29, 100, 4.43, 97.226, 0, 0, 100.726, 63.96, 0, 0, 0, 0, 0, 13.9, 0, 12.5, 0, 3.252, 127, 0, 0, 0, 77.516, 1.032, 0.02, 0.02, 88.729, 102.92, 100, 0, 0, 141, 28.5, 29, 100, 4.43, 0, 97.226, 0, 0, 100.726, 63.96, 0, 0, 0, 0, 
2.95, 20.712, 100.37, 68.22, 69.04, , 10.76, 0.98, 228.925, 228.925, 3.278, 257.548, 257.548, 257.548, 51.148, 58.698, 34.65, 35.888, 7.379, 11.127, 0, 0, 43.812, 44.711, 43.812, 44.711, 1, 65.092, 65.092, 0.025, 0.135, 69.103, 70.523, 69.103, 70.523, 5.276, 7.379, 11.127, , , 1, 3.044, 0, 0, 12.5, 3.278, 127, 0, 0, 0, 77.316, 19.814, 20.5, 88.369, 102.92, 100, 0, 0, 28.5, 29, 100, 4.43, 97.526, 0, 0, 101.026, 64.456, 0, 0, 0, 0, 0, 13.9, 0, 12.5, 0, 3.278, 127, 0, 0, 0, 77.316, 1.032, 0.02, 0.021, 88.369, 102.92, 100, 0, 0, 141, 28.5, 29, 100, 4.43, 0, 97.526, 0, 0, 101.026, 64.456, 0, 0, 0, 0, 
3, 20.715, 100.37, 68.22, 69.04, , 10.829, 0.98, 233.78, 233.78, 3.303, 259.207, 259.207, 259.207, 51.133, 59.471, 34.614, 35.708, 7.38, 11.151, 0, 0, 44.457, 45.37, 44.457, 45.37, 1, 65.623, 65.623, 0.025, 0.135, 69.567, 70.996, 69.567, 70.996, 5.32, 7.38, 11.151, , , 1, 3.094, 0, 0, 12.5, 3.303, 127, 0, 0, 0, 77.116, 19.894, 20.544, 88.009, 102.92, 100, 0, 0, 28.5, 29, 100, 4.43, 97.826, 0, 0, 101.326, 64.952, 0, 0, 0, 0, 0, 13.9, 0, 12.5, 0, 3.303, 127, 0, 0, 0, 77.116, 1.032, 0.02, 0.021, 88.009, 102.92, 100, 0, 0, 141, 28.5, 29, 100, 4.43, 0, 97.826, 0, 0, 101.326, 64.952, 0, 0, 0, 0, 
3.05, 20.718, 100.37, 68.22, 69.04, , 10.966, 0.98, 240.7, 240.7, 3.336, 262.487, 262.487, 262.487, 51.121, 60.245, 34.578, 35.528, 7.38, 11.175, 0, 0, 45.567, 46.505, 45.567, 46.505, 1, 66.304, 66.304, 0.025, 0.135, 70.471, 71.919, 70.471, 71.919, 5.332, 7.38, 11.175, , , 1, 3.144, 0, 0, 12.5, 3.336, 127, 0, 0, 0, 77, 19.967, 20.592, 87.727, 102.89, 100, 0, 0, 28.561, 29, 100, 4.43, 98.222, 0, 0, 101.702, 65.592, 0, 0, 0, 0, 0, 13.9, 0, 12.5, 0, 3.336, 127, 0, 0, 0, 77, 1.032, 0.02, 0.021, 87.727, 102.89, 100, 0, 0, 141, 28.561, 29, 100, 4.43, 0, 98.222, 0, 0, 101.702, 65.592, 0, 0, 0, 0, 
3.1, 20.721, 100.37, 68.22, 69.04, , 11.054, 0.98, 245.556, 245.556, 3.377, 264.574, 264.574, 264.574, 51.118, 61.019, 34.542, 35.348, 7.38, 11.199, 0, 0, 46.303, 47.257, 46.303, 47.257, 1, 66.965, 66.965, 0.025, 0.136, 71.035, 72.493, 71.035, 72.493, 5.344, 7.38, 11.199, , , 1, 3.193, 0, 0, 12.5, 3.377, 127, 0, 0, 0, 77, 20.033, 20.645, 87.554, 102.819, 100, 0, 0, 28.705, 29, 100, 4.43, 98.751, 0, 0, 102.183, 66.429, 0, 0, 0, 0, 0, 13.9, 0, 12.5, 0, 3.377, 127, 0, 0, 0, 77, 1.032, 0.02, 0.021, 87.554, 102.819, 100, 0, 0, 141, 28.705, 29, 100, 4.43, 0, 98.751, 0, 0, 102.183, 66.429, 0, 0, 0, 0, 
3.15, 20.724, 100.37, 68.22, 69.04, , 11.202, 0.98, 250.331, 250.331, 3.419, 268.114, 268.114, 268.114, 51.121, 61.792, 34.578, 35.312, 7.379, 11.222, 0, 0, 47.302, 48.276, 47.302, 48.276, 1, 67.507, 67.507, 0.025, 0.136, 71.977, 73.456, 71.977, 73.456, 5.356, 7.379, 11.222, , , 1, 3.244, 0, 0, 12.5, 3.419, 127, 0, 0, 0, 77, 20.098, 20.698, 87.381, 102.748, 100, 0, 0, 28.849, 29, 100, 4.43, 99.28, 0, 0, 102.663, 67.267, 0, 0, 0, 0, 0, 13.9, 0, 12.5, 0, 3.419, 127, 0, 0, 0, 77, 1.032, 0.02, 0.021, 87.381, 102.748, 100, 0, 0, 141, 28.849, 29, 100, 4.43, 0, 99.28, 0, 0, 102.663, 67.267, 0, 0, 0, 0, 
3.2, 20.727, 100.37, 68.22, 69.04, , 11.239, 0.98, 255.21, 255.21, 3.461, 268.996, 268.996, 268.996, 51.132, 62.566, 34.722, 35.492, 7.379, 11.254, 0, 0, 47.844, 48.828, 47.844, 48.828, 1, 68.059, 68.059, 0.025, 0.136, 72.198, 73.681, 72.198, 73.681, 5.366, 7.379, 11.254, , , 1, 3.294, 0, 0, 12.5, 3.461, 127, 0, 0, 0, 77, 20.164, 20.751, 87.208, 102.677, 100, 0, 0, 28.993, 29, 100, 4.43, 99.809, 0, 0, 103.144, 68.104, 0, 0, 0, 0, 0, 13.9, 0, 12.5, 0, 3.461, 127, 0, 0, 0, 77, 1.032, 0.02, 0.021, 87.208, 102.677, 100, 0, 0, 141, 28.993, 29, 100, 4.43, 0, 99.809, 0, 0, 103.144, 68.104, 0, 0, 0, 0, 
3.25, 20.731, 100.37, 68.22, 69.04, , 11.379, 0.98, 260.178, 260.178, 3.503, 272.335, 272.335, 272.335, 51.151, 63.34, 34.866, 35.672, 7.379, 11.287, 0, 0, 48.831, 49.835, 48.831, 49.835, 1, 68.614, 68.614, 0.025, 0.136, 73.067, 74.569, 73.067, 74.569, 5.366, 7.379, 11.287, , , 1, 3.344, 0, 0, 12.5, 3.503, 127, 0, 0, 0, 77, 20.229, 20.804, 87.035, 102.605, 100, 0, 0, 29.138, 29, 100, 4.43, 100.338, 0, 0, 103.625, 68.942, 0, 0, 0, 0, 0, 13.9, 0, 12.5, 0, 3.503, 127, 0, 0, 0, 77, 1.032, 0.02, 0.021, 87.035, 102.605, 100, 0, 0, 141, 29.138, 29, 100, 4.43, 0, 100.338, 0, 0, 103.625, 68.942, 0, 0, 0, 0, 
3.3, 20.734, 100.37, 68.22, 69.04, , 11.431, 0.98, 265.146, 265.146, 3.539, 273.59, 273.59, 273.59, 51.176, 64.113, 35.01, 35.852, 7.379, 11.324, 0, 0, 49.456, 50.473, 49.456, 50.473, 1, 69.172, 69.172, 0.025, 0.136, 73.368, 74.877, 73.368, 74.877, 5.365, 7.379, 11.324, , , 1, 3.394, 0, 0, 12.5, 3.539, 127, 0, 0, 0, 77, 20.291, 20.85, 86.859, 102.55, 100, 0, 0, 29.261, 29, 100, 4.43, 100.807, 0, 0, 104.046, 69.652, 0, 0, 0, 0, 0, 13.9, 0, 12.5, 0, 3.539, 127, 0, 0, 0, 77, 1.032, 0.021, 0.021, 86.859, 102.55, 100, 0, 0, 141, 29.261, 29, 100, 4.43, 0, 100.807, 0, 0, 104.046, 69.652, 0, 0, 0, 0, 
3.35, 20.737, 100.37, 68.22, 69.04, , 11.498, 0.98, 270.114, 270.114, 3.555, 275.176, 275.176, 275.176, 51.202, 64.887, 35.154, 36.032, 7.379, 11.361, 0, 0, 50.144, 51.173, 50.144, 51.173, 1, 69.732, 69.732, 0.025, 0.136, 73.754, 75.27, 73.754, 75.27, 5.364, 7.379, 11.361, , , 1, 3.444, 0, 0, 12.5, 3.555, 127, 0, 0, 0, 77, 20.344, 20.874, 86.671, 102.55, 100, 0, 0, 29.314, 29, 100, 4.43, 101.068, 0, 0, 104.254, 69.911, 0, 0, 0, 0, 0, 13.9, 0, 12.5, 0, 3.555, 127, 0, 0, 0, 77, 1.032, 0.021, 0.021, 86.671, 102.55, 100, 0, 0, 141, 29.314, 29, 100, 4.43, 0, 101.068, 0, 0, 104.254, 69.911, 0, 0, 0, 0, 
3.4, 20.74, 100.37, 68.22, 69.04, , 11.525, 0.98, 275.124, 275.124, 3.57, 275.851, 275.851, 275.851, 51.225, 65.66, 35.309, 36.084, 7.379, 11.398, 0, 0, 50.671, 51.711, 50.671, 51.711, 1, 70.301, 70.301, 0.025, 0.136, 73.903, 75.421, 73.903, 75.421, 5.363, 7.379, 11.398, , , 1, 3.493, 0, 0, 12.5, 3.57, 127, 0, 0, 0, 77, 20.396, 20.898, 86.484, 102.55, 100, 0, 0, 29.366, 29, 100, 4.43, 101.328, 0, 0, 104.462, 70.171, 0, 0, 0, 0, 0, 13.9, 0, 12.5, 0, 3.57, 127, 0, 0, 0, 77, 1.032, 0.021, 0.021, 86.484, 102.55, 100, 0, 0, 141, 29.366, 29, 100, 4.43, 0, 101.328, 0, 0, 104.462, 70.171, 0, 0, 0, 0, 
3.45, 20.743, 100.37, 68.22, 69.04, , 11.559, 0.98, 280.2, 280.2, 3.586, 276.659, 276.659, 276.659, 51.247, 66.434, 35.483, 35.945, 7.38, 11.434, 0, 0, 51.23, 52.282, 51.23, 52.282, 1, 70.867, 70.867, 0.025, 0.135, 74.092, 75.615, 74.092, 75.615, 5.388, 7.38, 11.434, , , 1, 3.543, 0, 0, 12.5, 3.586, 127, 0, 0, 0, 77, 20.448, 20.922, 86.296, 102.55, 100, 0, 0, 29.418, 29, 100, 4.43, 101.589, 0, 0, 104.671, 70.43, 0, 0, 0, 0, 0, 13.9, 0, 12.5, 0, 3.586, 127, 0, 0, 0, 77, 1.032, 0.021, 0.021, 86.296, 102.55, 100, 0, 0, 141, 29.418, 29, 100, 4.43, 0, 101.589, 0, 0, 104.671, 70.43, 0, 0, 0, 0, 
3.5, 20.746, 100.37, 68.22, 69.04, , 11.601, 0.98, 285.337, 285.337, 3.602, 277.67, 277.67, 277.67, 51.261, 67.208, 35.657, 35.806, 7.38, 11.463, 0, 0, 51.83, 52.894, 51.83, 52.894, 1, 71.432, 71.432, 0.025, 0.135, 74.342, 75.871, 74.342, 75.871, 5.414, 7.38, 11.463, , , 1, 3.594, 0, 0, 12.5, 3.602, 127, 0, 0, 0, 77, 20.5, 20.946, 86.109, 102.55, 100, 0, 0, 29.47, 29, 100, 4.43, 101.849, 0, 0, 104.879, 70.69, 0, 0, 0, 0, 0, 13.9, 0, 12.5, 0, 3.602, 127, 0, 0, 0, 77, 1.032, 0.021, 0.021, 86.109, 102.55, 100, 0, 0, 141, 29.47, 29, 100, 4.43, 0, 101.849, 0, 0, 104.879, 70.69, 0, 0, 0, 0, 
3.55, 20.749, 100.37, 68.22, 69.04, , 11.635, 0.98, 290.526, 290.526, 3.624, 278.494, 278.494, 278.494, 51.269, 67.981, 35.831, 35.667, 7.379, 11.49, 0, 0, 52.404, 53.479, 52.404, 53.479, 1, 72.004, 72.004, 0.025, 0.135, 74.55, 76.082, 74.55, 76.082, 5.44, 7.379, 11.49, , , 1, 3.644, 0, 0, 12.5, 3.624, 127, 0, 0, 0, 77, 20.567, 20.995, 86, 102.518, 100, 0, 0, 29.543, 29.043, 100, 4.43, 102.216, 0, 0, 105.13, 71.161, 0, 0, 0, 0, 0, 13.9, 0, 12.5, 0, 3.624, 127, 0, 0, 0, 77, 1.032, 0.021, 0.021, 86, 102.518, 100, 0, 0, 141, 29.543, 29.043, 100, 4.43, 0, 102.216, 0, 0, 105.13, 71.161, 0, 0, 0, 0, 
3.6, 20.752, 100.37, 68.22, 69.04, , 11.674, 0.98, 295.715, 295.715, 3.654, 279.44, 279.44, 279.44, 51.268, 68.755, 36.004, 35.528, 7.379, 11.511, 0, 0, 52.999, 54.087, 52.999, 54.087, 1, 72.578, 72.578, 0.025, 0.135, 74.802, 76.341, 74.802, 76.341, 5.466, 7.379, 11.511, , , 1, 3.693, 0, 0, 12.5, 3.654, 127, 0, 0, 0, 77, 20.656, 21.077, 86, 102.442, 100, 0, 0, 29.646, 29.146, 100, 4.43, 102.73, 0, 0, 105.438, 71.927, 0, 0, 0, 0, 0, 13.9, 0, 12.5, 0, 3.654, 127, 0, 0, 0, 77, 1.032, 0.021, 0.021, 86, 102.442, 100, 0, 0, 141, 29.646, 29.146, 100, 4.43, 0, 102.73, 0, 0, 105.438, 71.927, 0, 0, 0, 0, 
3.65, 20.755, 100.37, 68.22, 69.04, , 11.698, 0.98, 300.904, 300.904, 3.685, 280.021, 280.021, 280.021, 51.258, 69.529, 36.099, 35.404, 7.378, 11.529, 0, 0, 53.524, 54.623, 53.524, 54.623, 1, 73.153, 73.153, 0.025, 0.135, 74.969, 76.512, 74.969, 76.512, 5.491, 7.378, 11.529, , , 1, 3.744, 0, 0, 12.5, 3.685, 127, 0, 0, 0, 77, 20.744, 21.159, 86, 102.366, 100, 0, 0, 29.749, 29.249, 100, 4.43, 103.245, 0, 0, 105.747, 72.692, 0, 0, 0, 0, 0, 13.9, 0, 12.5, 0, 3.685, 127, 0, 0, 0, 77, 1.032, 0.021, 0.021, 86, 102.366, 100, 0, 0, 141, 29.749, 29.249, 100, 4.43, 0, 103.245, 0, 0, 105.747, 72.692, 0, 0, 0, 0, 
3.7, 20.758, 100.37, 68.22, 69.04, , 11.773, 0.98, 306.203, 306.203, 3.715, 281.813, 281.813, 281.813, 51.239, 70.302, 35.912, 35.329, 7.378, 11.548, 0, 0, 54.292, 55.407, 54.292, 55.407, 1, 73.724, 73.724, 0.025, 0.135, 75.476, 77.03, 75.476, 77.03, 5.516, 7.378, 11.548, , , 1, 3.794, 0, 0, 12.5, 3.715, 127, 0, 0, 0, 77, 20.833, 21.241, 86, 102.29, 100, 0, 0, 29.852, 29.352, 100, 4.43, 103.759, 0, 0, 106.056, 73.458, 0, 0, 0, 0, 0, 13.9, 0, 12.5, 0, 3.715, 127, 0, 0, 0, 77, 1.032, 0.021, 0.021, 86, 102.29, 100, 0, 0, 141, 29.852, 29.352, 100, 4.43, 0, 103.759, 0, 0, 106.056, 73.458, 0, 0, 0, 0, 
3.75, 20.761, 100.37, 68.22, 69.04, , 11.749, 0.98, 311.532, 311.532, 3.746, 281.261, 281.261, 281.261, 51.211, 71.076, 35.725, 35.254, 7.377, 11.566, 0, 0, 54.607, 55.729, 54.607, 55.729, 1, 74.306, 74.306, 0.025, 0.136, 75.369, 76.921, 75.369, 76.921, 5.541, 7.377, 11.566, , , 1, 3.843, 0, 0, 12.5, 3.746, 127, 0, 0, 0, 77, 20.921, 21.324, 86, 102.213, 100, 0, 0, 29.955, 29.455, 100, 4.43, 104.274, 0, 0, 106.364, 74.223, 0, 0, 0, 0, 0, 13.9, 0, 12.5, 0, 3.746, 127, 0, 0, 0, 77, 1.032, 0.021, 0.021, 86, 102.213, 100, 0, 0, 141, 29.955, 29.455, 100, 4.43, 0, 104.274, 0, 0, 106.364, 74.223, 0, 0, 0, 0, 
3.8, 20.764, 100.37, 68.22, 69.04, , 11.812, 0.98, 316.962, 316.962, 3.774, 282.781, 282.781, 282.781, 51.175, 71.85, 35.539, 35.18, 7.377, 11.588, 0, 0, 55.335, 56.472, 55.335, 56.472, 1, 74.881, 74.881, 0.025, 0.136, 75.831, 77.392, 75.831, 77.392, 5.566, 7.377, 11.588, , , 1, 3.894, 0, 0, 12.5, 3.774, 127, 0, 0, 0, 77, 20.989, 21.375, 86, 102.141, 100, 0, 0, 30.052, 29.552, 100, 4.43, 104.762, 0, 0, 106.657, 74.821, 0, 0, 0, 0, 0, 13.9, 0, 12.5, 0, 3.774, 127, 0, 0, 0, 77, 1.032, 0.021, 0.021, 86, 102.141, 100, 0, 0, 141, 30.052, 29.552, 100, 4.43, 0, 104.762, 0, 0, 106.657, 74.821, 0, 0, 0, 0, 
3.85, 20.767, 100.37, 68.22, 69.04, , 11.829, 0.98, 322.392, 322.392, 3.801, 283.182, 283.182, 283.182, 51.143, 72.623, 35.352, 35.105, 7.377, 11.611, 0, 0, 55.845, 56.994, 55.845, 56.994, 1, 75.463, 75.463, 0.025, 0.136, 75.988, 77.552, 75.988, 77.552, 5.594, 7.377, 11.611, , , 1, 3.944, 0, 0, 12.5, 3.801, 127, 0, 0, 0, 77, 21.042, 21.401, 86, 102.072, 100, 0, 0, 30.146, 29.646, 100, 4.43, 105.23, 0, 0, 106.938, 75.287, 0, 0, 0, 0, 0, 13.9, 0, 12.5, 0, 3.801, 127, 0, 0, 0, 77, 1.032, 0.021, 0.021, 86, 102.072, 100, 0, 0, 141, 30.146, 29.646, 100, 4.43, 0, 105.23, 0, 0, 106.938, 75.287, 0, 0, 0, 0, 
3.9, 20.77, 100.371, 68.22, 69.04, , 11.868, 0.98, 327.823, 327.823, 3.829, 284.131, 284.131, 284.131, 51.132, 73.397, 35.096, 35.103, 7.377, 11.638, 0, 0, 56.464, 57.626, 56.464, 57.626, 1, 76.045, 76.045, 0.025, 0.136, 76.263, 77.831, 76.263, 77.831, 5.623, 7.377, 11.638, , , 1, 3.994, 0, 0, 12.5, 3.829, 127, 0, 0, 0, 77, 21.094, 21.427, 86, 102.003, 100, 0, 0, 30.24, 29.74, 100, 4.43, 105.699, 0, 0, 107.219, 75.754, 0, 0, 0, 0, 0, 13.9, 0, 12.5, 0, 3.829, 127, 0, 0, 0, 77, 1.032, 0.021, 0.021, 86, 102.003, 100, 0, 0, 141, 30.24, 29.74, 100, 4.43, 0, 105.699, 0, 0, 107.219, 75.754, 0, 0, 0, 0, 
3.95, 20.773, 100.371, 68.22, 69.04, , 11.845, 0.98, 333.349, 333.349, 3.856, 283.605, 283.605, 283.605, 51.14, 74.17, 34.736, 35.211, 7.377, 11.666, 0, 0, 56.794, 57.962, 56.794, 57.962, 1, 76.634, 76.634, 0.025, 0.136, 76.112, 77.674, 76.112, 77.674, 5.651, 7.377, 11.666, , , 1, 4.044, 0, 0, 12.5, 3.856, 127, 0, 0, 0, 77, 21.147, 21.453, 86, 101.933, 100, 0, 0, 30.333, 29.833, 100, 4.43, 106.167, 0, 0, 107.5, 76.22, 0, 0, 0, 0, 0, 13.9, 0, 12.5, 0, 3.856, 127, 0, 0, 0, 77, 1.032, 0.021, 0.022, 86, 101.933, 100, 0, 0, 141, 30.333, 29.833, 100, 4.43, 0, 106.167, 0, 0, 107.5, 76.22, 0, 0, 0, 0, 
4, 20.776, 100.372, 68.22, 69.04, , 11.918, 0.98, 338.908, 338.908, 3.883, 285.348, 285.348, 285.348, 51.17, 74.944, 34.376, 35.319, 7.377, 11.69, 0, 0, 57.576, 58.759, 57.576, 58.759, 1, 77.219, 77.219, 0.025, 0.136, 76.536, 78.107, 76.536, 78.107, 5.68, 7.377, 11.69, , , 1, 4.094, 0, 0, 12.5, 3.883, 127, 0, 0, 0, 77, 21.199, 21.48, 86, 101.864, 100, 0, 0, 30.427, 29.927, 100, 4.43, 106.635, 0, 0, 107.781, 76.686, 0, 0, 0, 0, 0, 13.9, 0, 12.5, 0, 3.883, 127, 0, 0, 0, 77, 1.032, 0.021, 0.022, 86, 101.864, 100, 0, 0, 141, 30.427, 29.927, 100, 4.43, 0, 106.635, 0, 0, 107.781, 76.686, 0, 0, 0, 0, 
4.05, 20.779, 100.372, 68.22, 69.04, , 11.844, 0.98, 344.468, 344.468, 3.912, 283.621, 283.621, 283.621, 51.22, 75.718, 34.016, 35.427, 7.377, 11.712, 0, 0, 57.655, 58.841, 57.655, 58.841, 1, 77.801, 77.801, 0.025, 0.136, 76.001, 77.561, 76.001, 77.561, 5.711, 7.377, 11.712, , , 1, 4.144, 0, 0, 12.5, 3.912, 127, 0, 0, 0, 77, 21.261, 21.522, 85.918, 101.81, 100, 0, 0, 30.523, 30, 100, 4.43, 107.091, 0, 0, 108.091, 77.22, 0, 0, 0, 0, 0, 13.9, 0, 12.5, 0, 3.912, 127, 0, 0, 0, 77, 1.032, 0.021, 0.022, 85.918, 101.81, 100, 0, 0, 141, 30.523, 30, 100, 4.43, 0, 107.091, 0, 0, 108.091, 77.22, 0, 0, 0, 0, 
4.1, 20.782, 100.372, 68.22, 69.04, , 11.818, 0.98, 350.079, 350.079, 3.947, 283.02, 283.02, 283.02, 51.259, 76.491, 33.656, 35.535, 7.377, 11.723, 0, 0, 57.96, 59.153, 57.96, 59.153, 1, 78.387, 78.387, 0.025, 0.136, 75.778, 77.333, 75.778, 77.333, 5.743, 7.377, 11.723, , , 1, 4.194, 0, 0, 12.5, 3.947, 127, 0, 0, 0, 77, 21.356, 21.621, 85.544, 101.81, 100, 0, 0, 30.627, 30, 100, 4.43, 107.506, 0, 0, 108.506, 77.994, 0, 0, 0, 0, 0, 13.9, 0, 12.5, 0, 3.947, 127, 0, 0, 0, 77, 1.03, 0.021, 0.022, 85.544, 101.81, 100, 0, 0, 141, 30.627, 30, 100, 4.43, 0, 107.506, 0, 0, 108.506, 77.994, 0, 0, 0, 0, 
4.15, 20.785, 100.373, 68.22, 69.04, , 11.775, 0.98, 355.774, 355.774, 3.983, 282.012, 282.012, 282.012, 51.23, 77.265, 33.57, 35.73, 7.378, 11.728, 0, 0, 58.184, 59.38, 58.184, 59.38, 1, 78.998, 78.998, 0.025, 0.136, 75.528, 77.079, 75.528, 77.079, 5.776, 7.378, 11.728, , , 1, 4.244, 0, 0, 12.5, 3.983, 127, 0, 0, 0, 77, 21.452, 21.721, 85.171, 101.81, 100, 0, 0, 30.73, 30, 100, 4.43, 107.921, 0, 0, 108.921, 78.768, 0, 0, 0, 0, 0, 13.9, 0, 12.5, 0, 3.983, 127, 0, 0, 0, 77, 1.028, 0.021, 0.022, 85.171, 101.81, 100, 0, 0, 141, 30.73, 30, 100, 4.43, 0, 107.921, 0, 0, 108.921, 78.768, 0, 0, 0, 0, 
4.2, 20.788, 100.373, 68.22, 69.04, , 11.778, 0.98, 363.577, 363.577, 4.018, 282.1, 282.1, 282.1, 51.094, 78.039, 33.894, 36.054, 7.378, 11.723, 0, 0, 58.785, 59.994, 58.785, 59.994, 1, 79.776, 79.776, 0.025, 0.136, 75.758, 77.316, 75.758, 77.316, 5.808, 7.378, 11.723, , , 1, 4.294, 0, 0, 12.5, 4.018, 127, 0, 0, 0, 77, 21.547, 21.821, 84.798, 101.81, 100, 0, 0, 30.834, 30, 100, 4.43, 108.336, 0, 0, 109.336, 79.542, 0, 0, 0, 0, 0, 13.9, 0, 12.5, 0, 4.018, 127, 0, 0, 0, 77, 1.027, 0.022, 0.022, 84.798, 101.81, 100, 0, 0, 141, 30.834, 30, 100, 4.43, 0, 108.336, 0, 0, 109.336, 79.542, 0, 0, 0, 0, 
4.25, 20.789, 100.373, 68.22, 69.04, , 11.73, 0.98, 369.613, 369.613, 4.054, 280.982, 280.982, 280.982, 50.951, 78.812, 34.218, 36.378, 7.379, 11.712, 0, 0, 58.996, 60.21, 58.996, 60.21, 1, 80.354, 80.354, 0.025, 0.136, 75.683, 77.24, 75.683, 77.24, 5.838, 7.379, 11.712, , , 1, 4.344, 0, 0, 12.5, 4.054, 127, 0, 0, 0, 77, 21.643, 21.92, 84.424, 101.81, 100, 0, 0, 30.938, 30, 100, 4.43, 108.751, 0, 0, 109.751, 80.316, 0, 0, 0, 0, 0, 13.9, 0, 12.5, 0, 4.054, 127, 0, 0, 0, 77, 1.025, 0.022, 0.022, 84.424, 101.81, 100, 0, 0, 141, 30.938, 30, 100, 4.43, 0, 108.751, 0, 0, 109.751, 80.316, 0, 0, 0, 0, 
4.3, 20.788, 100.374, 68.22, 69.041, , 11.723, 0.98, 375.351, 375.351, 4.086, 280.842, 280.842, 280.842, 50.759, 79.586, 34.542, 36.702, 7.379, 11.696, 0, 0, 59.38, 60.602, 59.38, 60.602, 1, 80.929, 80.929, 0.025, 0.136, 75.928, 77.489, 75.928, 77.489, 5.864, 7.379, 11.696, , , 1, 4.394, 0, 0, 12.5, 4.086, 127.062, 0, 0, 0, 77, 21.717, 21.994, 84.172, 101.787, 100, 0, 0, 31.023, 30.031, 100, 4.429, 109.123, 0, 0, 110.115, 80.971, 0, 0, 0, 0, 0, 13.9, 0, 12.5, 0, 4.086, 127.062, 0, 0, 0, 77, 1.024, 0.022, 0.022, 84.172, 101.786, 100, 0, 0, 141, 31.023, 30.031, 100, 4.429, 0, 109.123, 0, 0, 110.115, 80.971, 0, 0, 0, 0, 
4.35, 20.787, 100.374, 68.22, 69.042, , 11.704, 0.98, 381.263, 381.263, 4.113, 280.405, 280.405, 280.405, 50.544, 80.36, 34.866, 37.026, 7.38, 11.676, 0, 0, 59.714, 60.943, 59.714, 60.943, 1, 81.506, 81.506, 0.025, 0.135, 76.138, 77.704, 76.138, 77.704, 5.891, 7.38, 11.676, , , 1, 4.444, 0, 0, 12.5, 4.113, 127.215, 0, 0, 0, 77, 21.758, 22.028, 84.103, 101.731, 100, 0, 0, 31.081, 30.108, 100, 4.428, 109.431, 0, 0, 110.404, 81.449, 0, 0, 0, 0, 0, 13.9, 0, 12.5, 0, 4.113, 127.215, 0, 0, 0, 77, 1.024, 0.022, 0.022, 84.103, 101.73, 100, 0, 0, 141, 31.081, 30.108, 100, 4.428, 0, 109.431, 0, 0, 110.404, 81.449, 0, 0, 0, 0, 
4.4, 20.786, 100.375, 68.22, 69.043, , 11.67, 0.98, 387.143, 387.143, 4.14, 279.61, 279.61, 279.61, 50.329, 81.133, 35.089, 37.134, 7.38, 11.653, 0, 0, 59.962, 61.196, 59.962, 61.196, 1, 82.085, 82.085, 0.025, 0.135, 76.244, 77.81, 76.244, 77.81, 5.918, 7.38, 11.653, , , 1, 4.494, 0, 0, 12.5, 4.14, 127.369, 0, 0, 0, 77, 21.8, 22.063, 84.034, 101.674, 100, 0, 0, 31.138, 30.185, 100, 4.426, 109.738, 0, 0, 110.692, 81.926, 0, 0, 0, 0, 0, 13.9, 0, 12.5, 0, 4.14, 127.369, 0, 0, 0, 77, 1.024, 0.022, 0.022, 84.034, 101.673, 100, 0, 0, 141, 31.138, 30.185, 100, 4.426, 0, 109.738, 0, 0, 110.692, 81.926, 0, 0, 0, 0, 
4.45, 20.785, 100.375, 68.22, 69.043, , 11.603, 0.98, 393.097, 393.097, 4.167, 278.048, 278.048, 278.048, 50.121, 81.907, 35.161, 36.918, 7.38, 11.628, 0, 0, 60.049, 61.286, 60.049, 61.286, 1, 82.656, 82.656, 0.025, 0.135, 76.139, 77.702, 76.139, 77.702, 5.942, 7.38, 11.628, , , 1, 4.543, 0, 0, 12.5, 4.167, 127.523, 0, 0, 0, 77, 21.841, 22.098, 83.965, 101.618, 100, 0, 0, 31.196, 30.262, 100, 4.425, 110.046, 0, 0, 110.981, 82.404, 0, 0, 0, 0, 0, 13.9, 0, 12.5, 0, 4.167, 127.523, 0, 0, 0, 77, 1.024, 0.022, 0.022, 83.965, 101.617, 100, 0, 0, 141, 31.196, 30.262, 100, 4.425, 0, 110.046, 0, 0, 110.981, 82.404, 0, 0, 0, 0, 
4.5, 20.784, 100.375, 68.22, 69.044, , 11.582, 0.98, 399.039, 399.039, 4.194, 277.558, 277.558, 277.558, 49.915, 82.68, 35.233, 36.702, 7.38, 11.601, 0, 0, 60.357, 61.601, 60.357, 61.601, 1, 83.227, 83.227, 0.025, 0.134, 76.315, 77.883, 76.315, 77.883, 5.965, 7.38, 11.601, , , 1, 4.594, 0, 0, 12.5, 4.194, 127.677, 0, 0, 0, 77, 21.883, 22.132, 83.895, 101.561, 100, 0, 0, 31.254, 30.338, 100, 4.423, 110.354, 0, 0, 111.269, 82.882, 0, 0, 0, 0, 0, 13.9, 0, 12.5, 0, 4.194, 127.677, 0, 0, 0, 77, 1.024, 0.022, 0.022, 83.895, 101.56, 100, 0, 0, 141, 31.254, 30.338, 100, 4.423, 0, 110.354, 0, 0, 111.269, 82.882, 0, 0, 0, 0, 
4.55, 20.783, 100.376, 68.22, 69.045, , 11.56, 0.98, 405.093, 405.093, 4.221, 277.053, 277.053, 277.053, 49.714, 83.454, 35.305, 36.486, 7.38, 11.575, 0, 0, 60.658, 61.908, 60.658, 61.908, 1, 83.797, 83.797, 0.025, 0.134, 76.482, 78.055, 76.482, 78.055, 5.987, 7.38, 11.575, , , 1, 4.644, 0, 0, 12.5, 4.221, 127.831, 0, 0, 0, 77, 21.924, 22.167, 83.826, 101.505, 100, 0, 0, 31.312, 30.415, 100, 4.422, 110.662, 0, 0, 111.558, 83.36, 0, 0, 0, 0, 0, 13.9, 0, 12.5, 0, 4.221, 127.831, 0, 0, 0, 77, 1.024, 0.022, 0.022, 83.826, 101.504, 100, 0, 0, 141, 31.312, 30.415, 100, 4.422, 0, 110.662, 0, 0, 111.558, 83.36, 0, 0, 0, 0, 
4.6, 20.781, 100.376, 68.22, 69.046, , 11.505, 0.98, 411.083, 411.083, 4.248, 275.754, 275.754, 275.754, 49.516, 84.228, 35.377, 36.27, 7.38, 11.547, 0, 0, 60.773, 62.024, 60.773, 62.024, 1, 84.365, 84.365, 0.025, 0.134, 76.419, 77.991, 76.419, 77.991, 6.009, 7.38, 11.547, , , 1, 4.693, 0, 0, 12.5, 4.248, 127.985, 0, 0, 0, 77, 21.966, 22.202, 83.757, 101.448, 100, 0, 0, 31.369, 30.492, 100, 4.42, 110.969, 0, 0, 111.846, 83.837, 0, 0, 0, 0, 0, 13.9, 0, 12.5, 0, 4.248, 127.985, 0, 0, 0, 77, 1.024, 0.022, 0.022, 83.757, 101.448, 100, 0, 0, 141, 31.369, 30.492, 100, 4.42, 0, 110.969, 0, 0, 111.846, 83.837, 0, 0, 0, 0, 
4.65, 20.78, 100.376, 68.22, 69.046, , 11.459, 0.98, 417.228, 417.228, 4.275, 274.696, 274.696, 274.696, 49.323, 85.001, 35.406, 36.097, 7.38, 11.52, 0, 0, 60.951, 62.206, 60.951, 62.206, 1, 84.929, 84.929, 0.025, 0.133, 76.427, 77.999, 76.427, 77.999, 6.023, 7.38, 11.52, , , 1, 4.743, 0, 0, 12.5, 4.275, 128.138, 0, 0, 0, 77, 22.007, 22.236, 83.688, 101.392, 100, 0, 0, 31.427, 30.569, 100, 4.419, 111.277, 0, 0, 112.135, 84.315, 0, 0, 0, 0, 0, 13.9, 0, 12.5, 0, 4.275, 128.138, 0, 0, 0, 77, 1.024, 0.022, 0.022, 83.688, 101.391, 100, 0, 0, 141, 31.427, 30.569, 100, 4.419, 0, 111.277, 0, 0, 112.135, 84.315, 0, 0, 0, 0, 
4.7, 20.779, 100.377, 68.22, 69.047, , 11.414, 0.98, 423.372, 423.372, 4.302, 273.635, 273.635, 273.635, 49.143, 85.775, 35.37, 35.989, 7.38, 11.501, 0, 0, 61.118, 62.375, 61.118, 62.375, 1, 85.491, 85.491, 0.025, 0.133, 76.407, 77.98, 76.407, 77.98, 6.027, 7.38, 11.501, , , 1, 4.794, 0, 0, 12.5, 4.302, 128.292, 0, 0, 0, 77, 22.049, 22.271, 83.618, 101.335, 100, 0, 0, 31.485, 30.646, 100, 4.417, 111.585, 0, 0, 112.423, 84.793, 0, 0, 0, 0, 0, 13.9, 0, 12.5, 0, 4.302, 128.292, 0, 0, 0, 77, 1.024, 0.022, 0.022, 83.618, 101.335, 100, 0, 0, 141, 31.485, 30.646, 100, 4.417, 0, 111.585, 0, 0, 112.423, 84.793, 0, 0, 0, 0, 
4.75, 20.778, 100.377, 68.22, 69.048, , 11.389, 0.98, 429.64, 429.64, 4.33, 273.061, 273.061, 273.061, 49.087, 86.549, 35.334, 35.881, 7.379, 11.489, 0, 0, 61.397, 62.659, 61.397, 62.659, 1, 86.052, 86.052, 0.025, 0.133, 76.359, 77.931, 76.359, 77.931, 6.031, 7.379, 11.489, , , 1, 4.844, 0, 0, 12.5, 4.33, 128.446, 0, 0, 0, 77, 22.09, 22.305, 83.549, 101.279, 100, 0, 0, 31.542, 30.723, 100, 4.416, 111.892, 0, 0, 112.712, 85.27, 0, 0, 0, 0, 0, 13.9, 0, 12.5, 0, 4.33, 128.446, 0, 0, 0, 77, 1.024, 0.022, 0.022, 83.549, 101.278, 100, 0, 0, 141, 31.542, 30.723, 100, 4.416, 0, 111.892, 0, 0, 112.712, 85.27, 0, 0, 0, 0, 
4.8, 20.777, 100.378, 68.22, 69.049, , 11.374, 0.98, 435.824, 435.824, 4.357, 272.721, 272.721, 272.721, 49.189, 87.322, 35.298, 35.773, 7.379, 11.478, 0, 0, 61.722, 62.99, 61.722, 62.99, 1, 86.61, 86.61, 0.025, 0.133, 76.085, 77.651, 76.085, 77.651, 6.035, 7.379, 11.478, , , 1, 4.893, 0, 0, 12.5, 4.357, 128.6, 0, 0, 0, 77, 22.132, 22.34, 83.48, 101.222, 100, 0, 0, 31.6, 30.8, 100, 4.414, 112.2, 0, 0, 113, 85.748, 0, 0, 0, 0, 0, 13.9, 0, 12.5, 0, 4.357, 128.6, 0, 0, 0, 77, 1.024, 0.022, 0.022, 83.48, 101.222, 100, 0, 0, 141, 31.6, 30.8, 100, 4.414, 0, 112.2, 0, 0, 113, 85.748, 0, 0, 0, 0, 
4.85, 20.776, 100.378, 68.22, 69.05, , 11.373, 0.98, 442.135, 442.135, 4.384, 272.732, 272.732, 272.732, 49.464, 88.096, 35.262, 35.665, 7.379, 11.467, 0, 0, 62.125, 63.402, 62.125, 63.402, 1, 87.171, 87.171, 0.025, 0.133, 75.674, 77.232, 75.674, 77.232, 6.039, 7.379, 11.467, , , 1, 4.944, 0, 0, 12.5, 4.384, 128.754, 0, 0, 0, 77, 22.174, 22.375, 83.411, 101.165, 100, 0, 0, 31.658, 30.877, 100, 4.412, 112.508, 0, 0, 113.288, 86.226, 0, 0, 0, 0, 0, 13.9, 0, 12.5, 0, 4.384, 128.754, 0, 0, 0, 77, 1.024, 0.022, 0.022, 83.411, 101.165, 100, 0, 0, 141, 31.658, 30.877, 100, 4.412, 0, 112.508, 0, 0, 113.288, 86.226, 0, 0, 0, 0, 
4.9, 20.775, 100.378, 68.22, 69.05, , 11.316, 0.98, 448.446, 448.446, 4.411, 271.374, 271.374, 271.374, 49.915, 88.869, 35.226, 35.6, 7.38, 11.456, 0, 0, 62.21, 63.489, 62.21, 63.489, 1, 87.729, 87.729, 0.025, 0.134, 74.656, 76.193, 74.656, 76.193, 6.043, 7.38, 11.456, , , 1, 4.994, 0, 0, 12.5, 4.411, 128.908, 0, 0, 0, 77, 22.215, 22.409, 83.342, 101.109, 100, 0, 0, 31.715, 30.954, 100, 4.411, 112.815, 0, 0, 113.577, 86.703, 0, 0, 0, 0, 0, 13.9, 0, 12.5, 0, 4.411, 128.908, 0, 0, 0, 77, 1.024, 0.022, 0.022, 83.342, 101.109, 100, 0, 0, 141, 31.715, 30.954, 100, 4.411, 0, 112.815, 0, 0, 113.577, 86.703, 0, 0, 0, 0, 
4.95, 20.773, 100.379, 68.22, 69.051, , 11.287, 0.98, 454.757, 454.757, 4.445, 270.715, 270.715, 270.715, 50.492, 89.643, 35.19, 35.6, 7.381, 11.445, 0, 0, 62.447, 63.73, 62.447, 63.73, 1, 88.292, 88.292, 0.025, 0.134, 73.633, 75.147, 73.633, 75.147, 6.047, 7.381, 11.445, , , 1, 5.043, 0, 0, 12.5, 4.445, 129, 0, 0, 0, 77, 22.267, 22.456, 83.218, 101.042, 100, 0, 0, 31.773, 31.046, 100, 4.41, 113.183, 0, 0, 113.91, 87.331, 0, 0, 0, 0, 0, 13.9, 0, 12.5, 0, 4.445, 129, 0, 0, 0, 77, 1.024, 0.023, 0.023, 83.218, 101.042, 100, 0, 0, 141, 31.773, 31.046, 100, 4.41, 0, 113.183, 0, 0, 113.91, 87.331, 0, 0, 0, 0, 
5, 20.772, 100.379, 68.22, 69.052, , 11.182, 0.98, 461.162, 461.162, 4.491, 268.245, 268.245, 268.245, 51.008, 90.417, 35.154, 35.6, 7.382, 11.429, 0, 0, 62.259, 63.539, 62.259, 63.539, 1, 88.843, 88.843, 0.025, 0.134, 72.201, 73.685, 72.201, 73.685, 6.051, 7.382, 11.429, , , 1, 5.093, 0, 0, 12.5, 4.491, 129, 0, 0, 0, 77, 22.336, 22.523, 83.012, 100.958, 100, 0, 0, 31.83, 31.16, 100, 4.41, 113.639, 0, 0, 114.309, 88.182, 0, 0, 0, 0, 0, 13.9, 0, 12.5, 0, 4.491, 129, 0, 0, 0, 77, 1.024, 0.023, 0.023, 83.012, 100.958, 100, 0, 0, 141, 31.83, 31.16, 100, 4.41, 0, 113.639, 0, 0, 114.309, 88.182, 0, 0, 0, 0, 
5.05, 20.771, 100.379, 68.22, 69.053, , 10.722, 0.98, 467.649, 467.649, 4.536, 257.342, 257.342, 257.342, 51.399, 91.19, 35.118, 35.6, 7.385, 11.407, 0, 0, 60.072, 61.307, 60.072, 61.307, 1, 89.389, 89.389, 0.025, 0.134, 68.731, 70.143, 68.731, 70.143, 6.055, 7.385, 11.407, , , 1, 5.144, 0, 0, 12.5, 4.536, 129, 0, 0, 0, 77, 22.404, 22.589, 82.807, 100.875, 100, 0, 0, 31.887, 31.274, 100, 4.41, 114.096, 0, 0, 114.709, 89.034, 0, 0, 0, 0, 0, 13.9, 0, 12.5, 0, 4.536, 129, 0, 0, 0, 77, 1.024, 0.023, 0.023, 82.807, 100.874, 100, 0, 0, 141, 31.887, 31.274, 100, 4.41, 0, 114.096, 0, 0, 114.709, 89.034, 0, 0, 0, 0, 
5.1, 20.77, 100.38, 68.22, 69.053, , 9.548, 0.98, 474.135, 474.135, 4.581, 229.499, 229.499, 229.499, 51.672, 90.743, 35.082, 35.6, 7.387, 11.389, 0, 0, 53.819, 54.924, 53.819, 54.924, 1, 89.9, 89.9, 0.025, 0.134, 60.988, 62.24, 60.988, 62.24, 6.098, 7.387, 11.389, , , 1, 5.193, 0, 0, 12.5, 4.581, 129, 0, 0, 0, 77, 22.473, 22.655, 82.601, 100.792, 100, 0, 0, 31.944, 31.388, 100, 4.41, 114.553, 0, 0, 115.108, 89.885, 0, 0, 0, 0, 0, 13.9, 0, 12.5, 0, 4.581, 129, 0, 0, 0, 77, 1.024, 0.023, 0.023, 82.601, 100.79, 100, 0, 0, 141, 31.944, 31.388, 100, 4.41, 0, 114.553, 0, 0, 115.108, 89.885, 0, 0, 0, 0, 
5.15, 20.769, , , 69.054, , 7.142, , 480.621, 480.621, 4.626, 172.453, 172.453, 172.453, 51.838, 88.303, 35.06, 35.571, 7.388, 11.375, 0, 0, 40.557, 41.39, 40.557, 41.39, 1, 90.314, 90.314, 0.025, 0.134, 45.716, 46.654, 45.716, 46.654, 6.141, 7.388, 11.375, , , 1, 5.243, 0, 0, 12.5, 4.626, 129, 0, 0, 0, 76.981, 22.493, 22.672, 82.4, 100.553, 100, 0, 0, 32.007, 31.506, 99.767, 4.4, 114.954, 0, 0, 115.462, 90.719, 0, 0, 0, 0, 0, 13.9, 0, 12.5, 0, 4.626, 129, 0, 0, 0, 76.981, 1.024, 0.023, 0.023, 82.4, 100.398, 100, 0, 0, 141, 32.007, 31.506, 99.767, 4.4, 0, 114.954, 0, 0, 115.462, 90.719, 0, 0, 0, 0, 
5.2, 20.768, , , 69.055, , 3.438, , 487.148, 487.148, 4.626, 84.585, 84.585, 84.585, 51.972, 85.863, 35.06, 35.499, 7.388, 11.356, 0, 0, 19.918, 20.328, 19.918, 20.328, 1, 90.59, 90.59, 0.025, 0.134, 22.527, 22.99, 22.527, 22.99, 6.184, 7.388, 11.356, , , 1, 5.294, 0, 0.01, 12.5, 4.626, 129, 0, 0, 0, 76.019, 20.141, 20.295, 82.4, 92.711, 100, 0, 0, 32.343, 31.794, 88.133, 3.923, 112.646, 0, 0, 113.538, 90.659, 0, 0, 0, 0, 0, 13.9, 0.01, 12.5, 0, 4.626, 129, 0, 0, 0, 76.019, 1.024, 0.021, 0.02, 82.4, 92.585, 100, 0, 0, 141, 32.343, 31.794, 88.133, 3.923, 0, 112.646, 0, 0, 113.538, 90.659, 0, 0, 0, 0, 
5.25, 20.767, , , 69.056, , -1.386, , 493.819, 493.819, 4.626, -29.868, -29.868, -29.868, 52.058, 83.422, 35.06, 35.427, 7.388, 11.331, 0, 0, -7.02, -7.164, -7.02, -7.164, 1, 90.645, 90.645, 0.025, 0.134, -7.678, -7.835, -7.678, -7.835, 6.227, 7.388, 11.331, , , 1, 5.344, 0, 0.019, 12.5, 4.626, 129, 0, 0, 0, 75.058, 17.789, 17.917, 82.4, 84.869, 100, 0, 0, 32.68, 32.083, 76.498, 3.445, 110.338, 0, 0, 111.615, 90.6, 0, 0, 0, 0, 0, 13.9, 0.019, 12.5, 0, 4.626, 129, 0, 0, 0, 75.058, 1.024, 0.018, 0.018, 82.4, 84.773, 100, 0, 0, 141, 32.68, 32.083, 76.498, 3.445, 0, 110.338, 0, 0, 111.615, 90.6, 0, 0, 0, 0, 
5.3, 20.765, , , 69.056, , -5.951, , 500.49, 500.49, 4.625, -138.178, -138.178, -138.178, 52.09, 80.982, 35.06, 35.355, 7.387, 11.32, 0, 0, -32.469, -33.136, -32.469, -33.136, 1, 90.453, 90.453, 0.025, 0.134, -36.331, -37.076, -36.331, -37.076, 6.258, 7.387, 11.32, , , 1, 5.394, 0, 0.029, 12.5, 4.625, 129, 0, 0, 0, 74.096, 15.437, 15.539, 82.4, 77.026, 100, 0, 0, 33.016, 32.371, 64.863, 2.967, 108.031, 0, 0, 109.692, 90.54, 0, 0, 0, 0, 0, 13.9, 0.029, 12.5, 0, 4.625, 129, 0, 0, 0, 74.096, 1.024, 0.016, 0.015, 82.4, 76.961, 100, 0, 0, 141, 33.016, 32.371, 64.863, 2.967, 0, 108.031, 0, 0, 109.692, 90.54, 0, 0, 0, 0, 
5.35, 20.764, , , 69.057, , -9.185, , 507.162, 507.162, 4.625, -214.914, -214.914, -214.914, 52.04, 78.542, 35.06, 35.283, 7.385, 11.332, 0, 0, -50.427, -51.463, -50.427, -51.463, 1, 90.068, 90.068, 0.025, 0.134, -56.711, -57.876, -56.711, -57.876, 6.285, 7.385, 11.332, , , 1, 5.444, 0, 0.039, 12.5, 4.625, 129, 0, 0, 0, 73.135, 13.085, 13.161, 82.4, 69.184, 100, 0, 0, 33.353, 32.66, 53.229, 2.489, 105.723, 0, 0, 107.769, 90.48, 0, 0, 0, 0, 0, 13.9, 0.039, 12.5, 0, 4.625, 129, 0, 0, 0, 73.135, 1.024, 0.013, 0.013, 82.4, 69.148, 100, 0, 0, 141, 33.353, 32.66, 53.229, 2.489, 0, 105.723, 0, 0, 107.769, 90.48, 0, 0, 0, 0, 
5.4, 20.763, , , 69.058, , -10.965, , 513.829, 513.829, 4.625, -257.159, -257.159, -257.159, 51.849, 76.102, 35.06, 35.254, 7.384, 11.389, 0, 0, -60.151, -61.389, -60.151, -61.389, 1, 89.545, 89.545, 0.025, 0.134, -68.061, -69.461, -68.061, -69.461, 6.312, 7.384, 11.389, , , 1, 5.493, 0, 0.048, 12.5, 4.625, 129, 0, 0, 0, 72.173, 10.733, 10.783, 82.4, 61.342, 100, 0, 0, 33.689, 32.948, 41.594, 2.011, 103.415, 0, 0, 105.846, 90.421, 0, 0, 0, 0, 0, 13.9, 0.048, 12.5, 0, 4.625, 129, 0, 0, 0, 72.173, 1.024, 0.011, 0.01, 82.4, 61.336, 100, 0, 0, 141, 33.689, 32.948, 41.594, 2.011, 0, 103.415, 0, 0, 105.846, 90.421, 0, 0, 0, 0, 
5.45, 20.762, , , 69.059, , -11.44, , 520.371, 520.371, 4.6, -268.43, -268.43, -268.43, 51.593, 73.662, 35.06, 35.29, 7.383, 11.519, 0, 0, -62.476, -63.76, -62.476, -63.76, 1, 88.968, 88.968, 0.025, 0.134, -71.321, -72.788, -71.321, -72.788, 6.338, 7.383, 11.519, , , 1, 5.544, 0, 0.045, 12.5, 4.6, 129, 0, 0, 0, 71.109, 9.103, 9.103, 82.4, 53.056, 100, 0, 0, 34.151, 33.535, 32.459, 1.68, 102.376, 0, 0, 104.965, 90.134, 0, 0, 0, 0, 0, 13.9, 0.045, 12.5, 0, 4.6, 129, 0, 0, 0, 71.109, 1.024, 0.009, 0.009, 82.4, 53.056, 100, 0, 0, 141, 34.151, 33.535, 32.459, 1.68, 0, 102.376, 0, 0, 104.965, 90.134, 0, 0, 0, 0, 
5.5, 20.761, , , 69.059, , -10.651, , 527.043, 527.043, 4.57, -249.749, -249.749, -249.749, 51.49, 71.222, 35.06, 35.326, 7.382, 11.749, 0, 0, -57.746, -58.932, -57.746, -58.932, 1, 88.408, 88.408, 0.025, 0.134, -66.541, -67.909, -66.541, -67.909, 6.356, 7.382, 11.749, , , 1, 5.593, 0, 0.038, 12.5, 4.57, 129, 0, 0, 0, 70.022, 7.631, 7.576, 82.4, 44.674, 100, 0, 0, 34.64, 34.187, 23.872, 1.381, 101.615, 0, 0, 104.313, 89.797, 0, 0, 0, 0, 0, 13.9, 0.038, 12.5, 0, 4.57, 129, 0, 0, 0, 70.022, 1.024, 0.008, 0.007, 82.4, 44.674, 100, 0, 0, 141, 34.64, 34.187, 23.872, 1.381, 0, 101.615, 0, 0, 104.313, 89.797, 0, 0, 0, 0, 
5.55, , , , , , -9.953, , 533.548, 533.548, 4.539, -233.191, -233.191, -233.191, 51.536, 68.782, 35.06, 35.362, 7.38, 12.176, 0, 0, -53.571, -54.673, -53.571, -54.673, 1, 87.887, 87.887, 0.025, 0.134, -62.109, -63.388, -62.109, -63.388, 6.368, 7.38, 12.176, , , 1, 5.643, 0, 0.032, 12.5, 4.539, 129, 0, 0, 0, 68.935, 6.16, 6.048, 82.4, 36.291, 100, 0, 0, 35.129, 34.839, 15.285, 1.082, 100.854, 0, 0, 103.661, 89.46, 0, 0, 0, 0, 0, 13.9, 0.032, 12.5, 0, 4.539, 129, 0, 0, 0, 68.935, 1.024, 0.007, 0.006, 82.4, 36.291, 100, 0, 0, 141, 35.129, 34.839, 15.285, 1.082, 0, 100.854, 0, 0, 103.661, 89.46, 0, 0, 0, 0, 
5.6, , , , , , -9.76, , 540.034, 540.034, 4.509, -228.641, -228.641, -228.641, 51.753, 66.342, 35.06, 35.398, 7.379, 12.775, 0, 0, -52.222, -53.297, -52.222, -53.297, 1, 87.392, 87.392, 0.025, 0.133, -60.648, -61.897, -60.648, -61.897, 6.379, 7.379, 12.775, , , 1, 5.693, 0, 0.025, 12.5, 4.509, 129, 0, 0, 0, 67.848, 4.688, 4.521, 82.4, 27.908, 100, 0, 0, 35.618, 35.491, 6.698, 0.783, 100.093, 0, 0, 103.009, 89.123, 0, 0, 0, 0, 0, 13.9, 0.025, 12.5, 0, 4.509, 129, 0, 0, 0, 67.848, 1.024, 0.005, 0.004, 82.4, 27.908, 100, 0, 0, 141, 35.618, 35.491, 6.698, 0.783, 0, 100.093, 0, 0, 103.009, 89.123, 0, 0, 0, 0, 
5.65, , , , , , -9.632, , 546.519, 546.519, 4.486, -225.6, -225.6, -225.6, 52.162, 63.902, 35.06, 35.478, 7.378, 13.743, 0, 0, -51.232, -52.287, -51.232, -52.287, 1, 86.899, 86.899, 0.025, 0.133, -59.393, -60.615, -59.393, -60.615, 6.39, 7.378, 13.743, , , 1, 5.743, 0, 0.019, 12.5, 4.486, 129, 0, 0, 0, 66.384, 3.533, 3.322, 82.321, 21.143, 100, 0, 0, 36, 36, 0, 0.55, 99.5, 0, 0, 102.5, 88.778, 0, 0, 0, 0, 0, 13.9, 0.019, 12.5, 0, 4.486, 129, 0, 0, 0, 66.384, 1.024, 0.004, 0.003, 82.321, 21.24, 100, 0, 0, 141, 36, 36, 0, 0.55, 0, 99.5, 0, 0, 102.5, 88.778, 0, 0, 0, 0, 
5.7, , , , , , -9.406, , 552.953, 552.953, 4.493, -220.266, -220.266, -220.266, 52.614, 61.461, 35.06, 35.622, 7.378, 14.82, 0, 0, -49.746, -50.771, -49.746, -50.771, 1, 86.423, 86.423, 0.025, 0.133, -57.487, -58.67, -57.487, -58.67, 6.428, 7.378, 14.82, , , 1, 5.794, 0, 0.016, 12.5, 4.493, 129, 0, 0, 0, 63.584, 3.503, 3.284, 81.961, 20.11, 100, 0, 0, 36, 36, 0, 0.55, 99.5, 0, 0, 102.5, 88.404, 0, 0, 0, 0, 0, 13.9, 0.016, 12.5, 0, 4.493, 129, 0, 0, 0, 63.584, 1.024, 0.004, 0.003, 81.961, 20.647, 100, 0, 0, 141, 36, 36, 0, 0.55, 0, 99.5, 0, 0, 102.5, 88.404, 0, 0, 0, 0, 
5.75, , , , , , -9.399, , 559.362, 559.362, 4.499, -220.111, -220.111, -220.111, 52.971, 59.021, 35.06, 35.766, 7.377, 16.152, 0, 0, -49.431, -50.45, -49.431, -50.45, 1, 85.944, 85.944, 0.025, 0.133, -57.045, -58.219, -57.045, -58.219, 6.49, 7.377, 16.152, , , 1, 5.844, 0, 0.013, 12.5, 4.499, 129, 0, 0, 0, 60.784, 3.473, 3.246, 81.601, 19.077, 100, 0, 0, 36, 36, 0, 0.55, 99.5, 0, 0, 102.5, 88.03, 0, 0, 0, 0, 0, 13.9, 0.013, 12.5, 0, 4.499, 129, 0, 0, 0, 60.784, 1.024, 0.004, 0.003, 81.601, 20.055, 100, 0, 0, 141, 36, 36, 0, 0.55, 0, 99.5, 0, 0, 102.5, 88.03, 0, 0, 0, 0, 
5.8, , , , , , -9.499, , 565.701, 565.701, 4.506, -222.489, -222.489, -222.489, 53.224, 56.581, 35.06, 35.91, 7.377, 17.504, 0, 0, -49.68, -50.702, -49.68, -50.702, 1, 85.47, 85.47, 0.025, 0.133, -57.375, -58.555, -57.375, -58.555, 6.552, 7.377, 17.504, , , 1, 5.893, 0, 0.01, 12.5, 4.506, 129, 0, 0, 0, 57.984, 3.443, 3.208, 81.241, 18.044, 100, 0, 0, 36, 36, 0, 0.55, 99.5, 0, 0, 102.5, 87.656, 0, 0, 0, 0, 0, 13.9, 0.01, 12.5, 0, 4.506, 129, 0, 0, 0, 57.984, 1.024, 0.003, 0.003, 81.241, 19.463, 100, 0, 0, 141, 36, 36, 0, 0.55, 0, 99.5, 0, 0, 102.5, 87.656, 0, 0, 0, 0, 
5.85, , , , , , -9.653, , 572.012, 572.012, 4.512, -226.164, -226.164, -226.164, 53.387, 54.141, 35.06, 36.054, 7.377, 18.907, 0, 0, -50.202, -51.234, -50.202, -51.234, 1, 84.985, 84.985, 0.025, 0.132, -58.151, -59.347, -58.151, -59.347, 6.614, 7.377, 18.907, , , 1, 5.943, 0, 0.007, 12.5, 4.512, 129, 0, 0, 0, 55.184, 3.413, 3.17, 80.881, 17.011, 100, 0, 0, 36, 36, 0, 0.55, 99.5, 0, 0, 102.5, 87.282, 0, 0, 0, 0, 0, 13.9, 0.007, 12.5, 0, 4.512, 129, 0, 0, 0, 55.184, 1.024, 0.003, 0.003, 80.881, 18.87, 100, 0, 0, 141, 36, 36, 0, 0.55, 0, 99.5, 0, 0, 102.5, 87.282, 0, 0, 0, 0, 
5.9, , , , , , -9.818, , 578.323, 578.323, 4.515, -230.094, -230.094, -230.094, 53.442, 51.701, 35.103, 36.14, 7.377, 20.165, 0, 0, -50.768, -51.811, -50.768, -51.811, 1, 84.489, 84.489, 0.025, 0.132, -58.566, -59.769, -58.566, -59.769, 6.674, 7.377, 20.165, , , 1, 5.994, 0, 0.005, 12.5, 4.515, 129, 0, 0, 0, 52.726, 3.235, 2.997, 80.682, 16.103, 100, 0, 0, 35.498, 35.498, 0, 0.55, 99.5, 0, 0, 102.5, 86.877, 0, 0, 0, 0, 0, 13.9, 0.005, 12.5, 0, 4.515, 129, 0, 0, 0, 52.726, 1.024, 0.003, 0.003, 80.682, 18.199, 100, 0, 0, 141, 35.498, 35.498, 0, 0.55, 0, 99.5, 0, 0, 102.5, 86.877, 0, 0, 0, 0, 
5.95, , , , , , -10.09, , 584.507, 584.507, 4.501, -236.574, -236.574, -236.574, 53.439, 49.261, 35.211, 36.14, 7.377, 21.007, 0, 0, -51.902, -52.969, -51.902, -52.969, 1, 83.979, 83.979, 0.025, 0.132, -60.107, -61.342, -60.107, -61.342, 6.73, 7.377, 21.007, , , 1, 6.044, 0, 0.004, 12.5, 4.501, 129, 0, 0, 0, 51.481, 2.532, 2.345, 81.056, 15.642, 100, 0, 0, 33.216, 33.216, 0, 0.55, 99.5, 0, 0, 102.5, 86.362, 0, 0, 0, 0, 0, 13.9, 0.004, 12.5, 0, 4.501, 129, 0, 0, 0, 51.481, 1.024, 0.002, 0.002, 81.056, 17.28, 100, 0, 0, 141, 33.216, 33.216, 0, 0.55, 0, 99.5, 0, 0, 102.5, 86.362, 0, 0, 0, 0, 
6, , , , , , -10.239, , 590.755, 590.755, 4.488, -240.109, -240.109, -240.109, 53.438, 46.821, 35.319, 36.14, 7.377, 21.733, 0, 0, -52.362, -53.439, -52.362, -53.439, 1, 83.467, 83.467, 0.025, 0.132, -61.294, -62.552, -61.294, -62.552, 6.786, 7.377, 21.733, , , 1, 6.094, 0, 0.003, 12.5, 4.488, 129, 0, 0, 0, 50.237, 1.829, 1.694, 81.429, 15.181, 100, 0, 0, 30.934, 30.934, 0, 0.55, 99.5, 0, 0, 102.5, 85.848, 0, 0, 0, 0, 0, 13.9, 0.003, 12.5, 0, 4.488, 129, 0, 0, 0, 50.237, 1.024, 0.002, 0.002, 81.429, 16.361, 100, 0, 0, 141, 30.934, 30.934, 0, 0.55, 0, 99.5, 0, 0, 102.5, 85.848, 0, 0, 0, 0, 
6.05, , , , , , -10.31, , 596.9, 596.9, 4.475, -241.802, -241.802, -241.802, 53.442, 52.19, 35.427, 36.14, 7.377, 22.091, 0, 0, -52.413, -53.49, -52.413, -53.49, 1, 82.949, 82.949, 0.025, 0.132, -62.405, -63.687, -62.405, -63.687, 6.842, 7.377, 22.091, , , 1, 6.144, 0, 0.002, 12.5, 4.475, 129, 0, 0, 0, 48.992, 1.125, 1.042, 81.802, 14.719, 100, 0, 0, 28.651, 28.651, 0, 0.55, 99.5, 0, 0, 102.5, 85.333, 0, 0, 0, 0, 0, 13.9, 0.002, 12.5, 0, 4.475, 129, 0, 0, 0, 48.992, 1.024, 0.001, 0.001, 81.802, 15.442, 100, 0, 0, 141, 28.651, 28.651, 0, 0.55, 0, 99.5, 0, 0, 102.5, 85.333, 0, 0, 0, 0, 
6.1, , , , , , -10.312, , 602.737, 602.737, 4.462, -241.878, -241.878, -241.878, 53.448, 58.392, 35.535, 36.14, 7.377, 22.372, 0, 0, -52.242, -53.317, -52.242, -53.317, 1, 82.553, 82.553, 0.025, 0.132, , , , , 6.894, 7.377, 22.372, , , 1, 6.193, 0, 0.001, 12.5, 4.462, 129, 0, 0, 0, 47.747, 0.422, 0.391, 82.176, 14.258, 100, 0, 0, 26.369, 26.369, 0, 0.55, 99.5, 0, 0, 102.5, 84.819, 0, 0, 0, 0, 0, 13.9, 0.001, 12.5, 0, 4.462, 129, 0, 0, 0, 47.747, 1.024, 0, 0, 82.176, 14.523, 100, 0, 0, 141, 26.369, 26.369, 0, 0.55, 0, 99.5, 0, 0, 102.5, 84.819, 0, 0, 0, 0, 
6.15, , , , , , -10.271, , 605.809, 605.809, , -240.896, -240.896, -240.896, , 64.38, , , 7.377, 22.382, 0, 0, -51.865, -52.931, -51.865, -52.931, 1, 82.292, 82.292, 0.025, 0.133, , , , , 6.9, 7.377, 22.382, , , 1, 6.218, , , , , , , , , , , , , , , , , , , , , , , , , , , , , , , , , , , , , , , , , , , , , , , , , , , , , , , , , , , , , , , , 
6.2, , , , , , -10.253, , 608.836, 608.836, , -240.489, -240.489, -240.489, , 69.189, , , 7.377, 22.39, 0, 0, -51.615, -52.676, -51.615, -52.676, 1, 82.034, 82.034, 0.025, 0.133, , , , , 6.906, 7.377, 22.39, , , 1, 6.243, , , , , , , , , , , , , , , , , , , , , , , , , , , , , , , , , , , , , , , , , , , , , , , , , , , , , , , , , , , , , , , , 
6.25, , , , , , -10.236, , 611.889, 611.889, , -240.101, -240.101, -240.101, , , , , 7.377, 22.39, 0, 0, -51.37, -52.425, -51.37, -52.425, 1, 81.781, 81.781, 0.025, 0.133, , , , , 6.912, 7.377, 22.39, , , 1, 6.268, , , , , , , , , , , , , , , , , , , , , , , , , , , , , , , , , , , , , , , , , , , , , , , , , , , , , , , , , , , , , , , , 
6.3, , , , , , , , 614.883, 614.883, , , , , , , , , , , 0, 0, , , , , 1, 81.526, 81.526, 0.025, 0.133, , , , , 6.918, , , , , 1, 6.293, , , , , , , , , , , , , , , , , , , , , , , , , , , , , , , , , , , , , , , , , , , , , , , , , , , , , , , , , , , , , , , , 
