Time, (DWRT ATMO) Humidity, (DWRT ATMO) Pressure, (DWRT ATMO) Temperature 1, (DWRT ATMO) Temperature 2, (DWRT CPU) ????????????????????????????????????????????????????????????????, (DWRT CPU) Acceleration, (DWRT CPU) Correction Factor, (DWRT CPU) Distance, (DWRT CPU) Distance 1, (DWRT CPU) Engine RPM, (DWRT CPU) Force, (DWRT CPU) Force 1, (DWRT CPU) Force Drum 1, (DWRT CPU) Gear Ratio, (DWRT CPU) Inductive 1 Signal Strength, (DWRT CPU) Internal Temp 1, (DWRT CPU) Internal Temp 2, (DWRT CPU) LC1 Volts Petrol AFR, (DWRT CPU) LC2 Volts Petrol AFR2, (DWRT CPU) Link 0 Status, (DWRT CPU) Link 1 Status, (DWRT CPU) Power, (DWRT CPU) Power (uncorrected), (DWRT CPU) Power Drum 1, (DWRT CPU) Power Drum 1 (uncorrected), (DWRT CPU) Sampling, (DWRT CPU) Speed, (DWRT CPU) Speed 1, (DWRT CPU) TCP RX kB/s, (DWRT CPU) TCP TX kB/s, (DWRT CPU) Torque, (DWRT CPU) Torque (uncorrected), (DWRT CPU) Torque Drum 1, (DWRT CPU) Torque Drum 1 (uncorrected), (DWRT CPU) UDP RX kB/s, (DWRT CPU) User Analog 1, (DWRT CPU) User Analog 2, (DWRT CPU) User Analog 3, (DWRT CPU) User Analog 4, (Gen) Sampling, (Gen) Sampling Duration, (Harley - ECU Type 14 SW Level 141) Accel Enrichment, (Harley - ECU Type 14 SW Level 141) Decel Enleanment, (Harley - ECU Type 14 SW Level 141) Desired Air/Fuel, (Harley - ECU Type 14 SW Level 141) Engine Speed, (Harley - ECU Type 14 SW Level 141) Engine Temperature, (Harley - ECU Type 14 SW Level 141) Front Adaptive Fuel Factor, (Harley - ECU Type 14 SW Level 141) Front Closed Loop Integrator, (Harley - ECU Type 14 SW Level 141) Front Spark Knock Retard, (Harley - ECU Type 14 SW Level 141) Idle Air Control Motor Position, (Harley - ECU Type 14 SW Level 141) Injector Time Front, (Harley - ECU Type 14 SW Level 141) Injector Time Rear, (Harley - ECU Type 14 SW Level 141) Intake Air Temperature, (Harley - ECU Type 14 SW Level 141) Manifold Absolute Pressure, (Harley - ECU Type 14 SW Level 141) Rear Adaptive Fuel Factor, (Harley - ECU Type 14 SW Level 141) Rear Closed Loop Integrator, (Harley - ECU Type 14 SW Level 141) Rear Spark Knock Retard, (Harley - ECU Type 14 SW Level 141) Spark Advance Front, (Harley - ECU Type 14 SW Level 141) Spark Advance Rear, (Harley - ECU Type 14 SW Level 141) Throttle Position, (Harley - ECU Type 14 SW Level 141) Throttle Position Sensor Voltage, (Harley - ECU Type 14 SW Level 141) VE Front, (Harley - ECU Type 14 SW Level 141) VE New Front, (Harley - ECU Type 14 SW Level 141) VE New Rear, (Harley - ECU Type 14 SW Level 141) VE Rear, (Harley - ECU Type 14 SW Level 141) Vehicle Speed, (Harley - ECU Type 14 SW Level 141) WBO2 AFR Front, (Harley - ECU Type 14 SW Level 141) WBO2 AFR Rear, (PV) Accel Enrichment, (PV) AT Lambda 1, (PV) AT Lambda 2, (PV) Battery Voltage, (PV) Decel Enleanment, (PV) Desired Air/Fuel, (PV) Desired Lambda, (PV) Engine Speed, (PV) Engine Temperature, (PV) Front Adaptive Fuel Factor, (PV) Front Closed Loop Integrator, (PV) Front Spark Knock Retard, (PV) Idle Air Control Motor Position, (PV) Idle Set Speed, (PV) Injector Time Front, (PV) Injector Time Rear, (PV) Intake Air Temperature, (PV) Manifold Absolute Pressure, (PV) Rear Adaptive Fuel Factor, (PV) Rear Closed Loop Integrator, (PV) Rear Spark Knock Retard, (PV) Software Level, (PV) Spark Advance Front, (PV) Spark Advance Rear, (PV) Throttle Position, (PV) Throttle Position Sensor, (PV) Twistgrip Position, (PV) VE Front, (PV) VE New Front, (PV) VE New Rear, (PV) VE Rear, (PV) Vehicle Speed, (PV) Warm-up Fuel AFR (Lambda), (PV) Warm-up Fuel AFR (Ratio), (PV) WBO2 AFR Front, (PV) WBO2 AFR Rear, 
0, , , , , , 0.892, , , , , 23.09, 23.09, 23.09, , , , , , , , , , , , , , , , , , , , , , , , , , , , , , , , , , , , , , , , , , , , , , , , , , , , , , , , , , , , , , , , , , , , , , , , , , , , , , , , , , , , , , , , , , , , 
0.05, , , , , , 1.058, , , , , 27.028, 27.028, 27.028, , , , , , , , , , , , , , 48.698, 48.698, , , , , , , , , , , , 1, 0.013, , , , , , , , , , , , , , , , , , , , , , , , , , , , , , , , , , , , , , , , , , , , , , , , , , , , , , , , , , , , , , , , 
0.1, , , , , , 1.663, , 7.287, 7.287, , 41.384, 41.384, 41.384, , , 33.86, 33.491, 7.379, 12.821, , , 6.141, 6.227, 6.141, 6.227, , 48.813, 48.813, 0.025, 0.135, , , , , 4.881, 7.379, 12.821, , , 1, 0.088, , , , , , , , , , , , , , , , , , , , , , , , , , , , , , , , , , , , , , , , , , , , , , , , , , , , , , , , , , , , , , , , 
0.15, , , , , , 2.597, , 13.722, 13.722, , 63.532, 63.532, 63.532, , , 34.109, 33.705, 7.377, 12.78, 0, 0, 9.315, 9.447, 9.315, 9.447, 1, 49.012, 49.012, 0.025, 0.135, 30.657, 31.084, 30.657, 31.084, 4.901, 7.377, 12.78, , , 1, 0.163, , , , , , , , , , , , , , , , , , , , , , , , , , , , , , , , , , , , , , , , , , , , , , , , , , , , , , , , , , , , , , , , 
0.2, , , , , , 3.884, , 19.111, 19.111, , 94.086, 94.086, 94.086, , , 34.358, 33.918, 7.377, 12.759, 0, 0, 13.59, 13.782, 13.59, 13.782, 1, 49.349, 49.349, 0.025, 0.136, 41.051, 41.622, 41.051, 41.622, 4.922, 7.377, 12.759, , , 1, 0.239, , , , , , , , , , , , , , , , , , , , , , , , , , , , , , , , , , , , , , , , , , , , , , , , , , , , , , , , , , , , , , , , 
0.25, , , , , , 6.613, , 24.5, 24.5, 2.551, 158.839, 158.839, 158.839, , , 34.607, 34.132, 7.377, 12.742, 0, 0, 21.092, 21.389, 21.092, 21.389, 1, 49.724, 49.724, 0.025, 0.136, 45.474, 46.106, 45.474, 46.106, 4.942, 7.377, 12.742, , , 1, 0.31, 0.926, 0, 14.488, 2.551, 174, 0, 0, 0, 54.241, 5.73, 5.002, 123.777, 32.128, 100, 0, 0, 35.487, 34.007, 6.235, 0.83, 94.588, 0, 0, 102.555, 49.746, 0, 0, 0.926, 0, 0, 14.099, 0, 14.488, 0, 2.551, 174, 0, 0, 0, 54.241, 1, 0.006, 0.005, 123.777, 32.128, 100, 0, 0, 141, 35.487, 34.007, 6.235, 0.83, 0, 94.588, 0, 0, 102.555, 49.746, 0, 0, 0, 0, 
0.3, , , , , , 8.303, , 28.488, 28.488, 2.572, 198.932, 198.932, 198.932, 51.838, , 34.856, 34.345, 7.377, 12.651, 0, 0, 26.306, 26.676, 26.306, 26.676, 1, 50.096, 50.096, 0.025, 0.136, 53.544, 54.288, 53.544, 54.288, 4.953, 7.377, 12.651, , , 1, 0.36, 1.2, 0, 14.293, 2.572, 174, 0, 0, 0, 58.263, 7.559, 7.032, 123.385, 39.269, 100, 0, 0, 35.27, 34.115, 10.148, 0.997, 96.055, 0, 0, 103.479, 50.354, 0, 0, 1.2, 0, 0, 14.077, 0, 14.293, 0, 2.572, 174, 0, 0, 0, 58.263, 1, 0.008, 0.007, 123.385, 39.269, 100, 0, 0, 141, 35.27, 34.115, 10.148, 0.997, 0, 96.055, 0, 0, 103.479, 50.354, 0, 0, 0, 0, 
0.35, , , , , , 9.576, , 32.107, 32.107, 2.592, 229.143, 229.143, 229.143, 51.538, , 35.099, 34.54, 7.377, 12.539, 0, 0, 30.548, 30.977, 30.548, 30.977, 1, 50.535, 50.535, 0.025, 0.136, 61.884, 62.745, 61.884, 62.745, 4.957, 7.377, 12.539, , , 1, 0.41, 1.474, 0, 14.097, 2.592, 174, 0, 0, 0, 62.285, 9.388, 9.063, 122.994, 46.409, 100, 0, 0, 35.052, 34.224, 14.061, 1.165, 97.523, 0, 0, 104.403, 50.962, 0, 0, 1.474, 0, 0, 14.055, 0, 14.097, 0, 2.592, 174, 0, 0, 0, 62.285, 1, 0.01, 0.009, 122.994, 46.409, 100, 0, 0, 141, 35.052, 34.224, 14.061, 1.165, 0, 97.523, 0, 0, 104.403, 50.962, 0, 0, 0, 0, 
0.4, , , , , , 10.651, , 35.766, 35.766, 2.613, 254.66, 254.66, 254.66, 51.181, , 35.318, 34.649, 7.377, 12.45, 0, 0, 34.254, 34.734, 34.254, 34.734, 1, 51.042, 51.042, 0.025, 0.136, 68.999, 69.959, 68.999, 69.959, 4.961, 7.377, 12.45, , , 1, 0.46, 1.748, 0, 13.901, 2.613, 174, 0, 0, 0, 66.307, 11.218, 11.093, 122.603, 53.549, 100, 0, 0, 34.835, 34.333, 17.974, 1.332, 98.99, 0, 0, 105.327, 51.569, 0, 0, 1.748, 0, 0, 14.033, 0, 13.901, 0, 2.613, 174, 0, 0, 0, 66.307, 1, 0.011, 0.011, 122.603, 53.549, 100, 0, 0, 141, 34.835, 34.333, 17.974, 1.332, 0, 98.99, 0, 0, 105.327, 51.569, 0, 0, 0, 0, 
0.45, , , , , , 11.469, , 39.473, 39.473, 2.633, 274.07, 274.07, 274.07, 50.891, , 35.537, 34.758, 7.377, 12.368, 0, 0, 37.236, 37.756, 37.236, 37.756, 1, 51.588, 51.588, 0.025, 0.136, 74.493, 75.531, 74.493, 75.531, 4.966, 7.377, 12.368, , , 1, 0.509, 2.022, 0, 13.706, 2.633, 174, 0, 0, 0, 70.328, 13.047, 13.124, 122.211, 60.689, 100, 0, 0, 34.617, 34.441, 21.887, 1.5, 100.458, 0, 0, 106.251, 52.177, 0, 0, 2.022, 0, 0, 14.012, 0, 13.706, 0, 2.633, 174, 0, 0, 0, 70.328, 1, 0.013, 0.013, 122.211, 60.689, 100, 0, 0, 141, 34.617, 34.441, 21.887, 1.5, 0, 100.458, 0, 0, 106.251, 52.177, 0, 0, 0, 0, 
0.5, , , , , , 12.148, , 43.179, 43.179, 2.657, 290.195, 290.195, 290.195, 50.684, , 35.755, 34.868, 7.377, 12.336, 0, 0, 39.856, 40.412, 39.856, 40.412, 1, 52.261, 52.261, 0.025, 0.136, 79.088, 80.192, 79.088, 80.192, 4.968, 7.377, 12.336, , , 1, 0.56, 2.102, 0, 13.5, 2.657, 174, 0, 0, 0, 72.65, 14.29, 14.453, 122, 67.072, 100, 0, 0, 33.825, 33.9, 25.9, 1.661, 100.025, 0, 0, 105.225, 52.816, 0, 0, 2.102, 0, 0, 14, 0, 13.5, 0, 2.657, 174, 0, 0, 0, 72.65, 1, 0.014, 0.015, 122, 67.072, 100, 0, 0, 141, 33.825, 33.9, 25.9, 1.661, 0, 100.025, 0, 0, 105.225, 52.816, 0, 0, 0, 0, 
0.55, , 100.36, 73.851, , , 12.691, 0.986, 48.207, 48.207, 2.687, 303.087, 303.087, 303.087, 50.535, , 35.974, 34.977, 7.377, 12.323, 0, 0, 42.279, 42.869, 42.279, 42.869, 1, 53.148, 53.148, 0.025, 0.136, 82.822, 83.978, 82.822, 83.978, 4.965, 7.377, 12.323, , , 1, 0.61, 1.954, 0, 13.283, 2.687, 174, 0, 0, 0, 72.976, 14.844, 14.96, 122, 72.567, 100, 0, 0, 32.358, 32.596, 30.03, 1.814, 97.362, 0, 0, 101.91, 53.492, 0, 0, 1.954, 0, 0, 14, 0, 13.283, 0, 2.687, 174, 0, 0, 0, 72.976, 1, 0.015, 0.015, 122, 72.567, 100, 0, 0, 141, 32.358, 32.596, 30.03, 1.814, 0, 97.362, 0, 0, 101.91, 53.492, 0, 0, 0, 0, 
0.6, , 100.36, 73.856, , , 13.059, 0.986, 53.082, 53.082, 2.716, 311.842, 311.842, 311.842, 50.451, , 36.097, 35.069, 7.377, 12.344, 0, 0, 44.142, 44.758, 44.142, 44.758, 1, 53.781, 53.781, 0.025, 0.136, 85.392, 86.582, 85.392, 86.582, 4.962, 7.377, 12.344, , , 1, 0.659, 1.806, 0, 13.065, 2.716, 174, 0, 0, 0, 73.302, 15.399, 15.466, 122, 78.062, 100, 0, 0, 30.89, 31.291, 34.161, 1.967, 94.699, 0, 0, 98.595, 54.168, 0, 0, 1.806, 0, 0, 14, 0, 13.065, 0, 2.716, 174, 0, 0, 0, 73.302, 1, 0.015, 0.016, 122, 78.062, 100, 0, 0, 141, 30.89, 31.291, 34.161, 1.967, 0, 94.699, 0, 0, 98.595, 54.168, 0, 0, 0, 0, 
0.65, , 100.36, 73.86, , , 13.283, 0.986, 56.974, 56.974, 2.745, 317.169, 317.169, 317.169, 50.383, , 35.917, 35.105, 7.377, 12.38, 0, 0, 45.42, 46.052, 45.42, 46.052, 1, 54.427, 54.427, 0.025, 0.136, 86.966, 88.176, 86.966, 88.176, 4.96, 7.377, 12.38, , , 1, 0.709, 1.659, 0, 12.848, 2.745, 174, 0, 0, 0, 73.628, 15.953, 15.973, 122, 83.556, 100, 0, 0, 29.423, 29.987, 38.291, 2.12, 92.036, 0, 0, 95.279, 54.844, 0, 0, 1.659, 0, 0, 14, 0, 12.848, 0, 2.745, 174, 0, 0, 0, 73.628, 1, 0.016, 0.016, 122, 83.556, 100, 0, 0, 141, 29.423, 29.987, 38.291, 2.12, 0, 92.036, 0, 0, 95.279, 54.844, 0, 0, 0, 0, 
0.7, , 100.36, 73.864, , , 13.472, 0.986, 60.866, 60.866, 2.774, 321.672, 321.672, 321.672, 50.334, , 35.737, 35.141, 7.377, 12.41, 0, 0, 46.607, 47.255, 46.607, 47.255, 1, 55.075, 55.075, 0.025, 0.135, 88.29, 89.518, 88.29, 89.518, 4.958, 7.377, 12.41, , , 1, 0.76, 1.511, 0, 12.63, 2.774, 174, 0, 0, 0, 73.954, 16.507, 16.479, 122, 89.051, 100, 0, 0, 27.955, 28.683, 42.422, 2.274, 89.373, 0, 0, 91.964, 55.52, 0, 0, 1.511, 0, 0, 14, 0, 12.63, 0, 2.774, 174, 0, 0, 0, 73.954, 1, 0.016, 0.016, 122, 89.051, 100, 0, 0, 141, 27.955, 28.683, 42.422, 2.274, 0, 89.373, 0, 0, 91.964, 55.52, 0, 0, 0, 0, 
0.75, , 100.36, 73.868, , , 13.603, 0.986, 64.757, 64.757, 2.792, 324.784, 324.784, 324.784, 50.305, , 35.557, 35.177, 7.377, 12.438, 0, 0, 47.625, 48.287, 47.625, 48.287, 1, 55.728, 55.728, 0.025, 0.135, 89.186, 90.427, 89.186, 90.427, 4.965, 7.377, 12.438, , , 1, 0.81, 1.259, 0, 12.582, 2.792, 174, 0, 0, 0, 74, 16.484, 16.512, 122, 91.307, 100, 0, 0, 27.616, 28.41, 44.612, 2.353, 88.821, 0, 0, 91.231, 55.894, 0, 0, 1.259, 0, 0, 14, 0, 12.582, 0, 2.792, 174, 0, 0, 0, 74, 1, 0.016, 0.016, 122, 91.307, 100, 0, 0, 141, 27.616, 28.41, 44.612, 2.353, 0, 88.821, 0, 0, 91.231, 55.894, 0, 0, 0, 0, 
0.8, , 100.36, 73.872, , , 13.725, 0.986, 68.762, 68.762, 2.808, 327.689, 327.689, 327.689, 50.288, , 35.377, 35.213, 7.377, 12.435, 0, 0, 48.615, 49.291, 48.615, 49.291, 1, 56.389, 56.389, 0.025, 0.135, 90.015, 91.265, 90.015, 91.265, 4.973, 7.377, 12.435, , , 1, 0.86, 0.99, 0, 12.561, 2.808, 174, 0, 0, 0, 74, 16.366, 16.469, 122, 93.036, 100, 0, 0, 27.459, 28.306, 46.488, 2.421, 88.612, 0, 0, 90.919, 56.218, 0, 0, 0.99, 0, 0, 14, 0, 12.561, 0, 2.808, 174, 0, 0, 0, 74, 1, 0.016, 0.016, 122, 93.036, 100, 0, 0, 141, 27.459, 28.306, 46.488, 2.421, 0, 88.612, 0, 0, 90.919, 56.218, 0, 0, 0, 0, 
0.85, , 100.36, 73.877, , , 13.844, 0.986, 72.836, 72.836, 2.824, 330.541, 330.541, 330.541, 50.275, , 35.266, 35.231, 7.377, 12.416, 0, 0, 49.621, 50.31, 49.621, 50.31, 1, 57.058, 57.058, 0.025, 0.135, 90.821, 92.084, 90.821, 92.084, 4.98, 7.377, 12.416, , , 1, 0.91, 0.721, 0, 12.54, 2.824, 174, 0, 0, 0, 74, 16.248, 16.425, 122, 94.765, 100, 0, 0, 27.303, 28.202, 48.362, 2.489, 88.404, 0, 0, 90.606, 56.542, 0, 0, 0.721, 0, 0, 14, 0, 12.54, 0, 2.824, 174, 0, 0, 0, 74, 1, 0.016, 0.016, 122, 94.765, 100, 0, 0, 141, 27.303, 28.202, 48.362, 2.489, 0, 88.404, 0, 0, 90.606, 56.542, 0, 0, 0, 0, 
0.9, , 100.36, 73.881, , , 13.93, 0.986, 76.932, 76.932, 2.841, 332.594, 332.594, 332.594, 50.264, , 35.374, 35.195, 7.377, 12.405, 0, 0, 50.517, 51.219, 50.517, 51.219, 1, 57.735, 57.735, 0.025, 0.135, 91.399, 92.67, 91.399, 92.67, 4.988, 7.377, 12.405, , , 1, 0.96, 0.453, 0, 12.52, 2.841, 174, 0, 0, 0, 74, 16.131, 16.381, 122, 96.495, 100, 0, 0, 27.147, 28.098, 50.238, 2.556, 88.196, 0, 0, 90.294, 56.865, 0, 0, 0.453, 0, 0, 14, 0, 12.52, 0, 2.841, 174, 0, 0, 0, 74, 1, 0.016, 0.016, 122, 96.495, 100, 0, 0, 141, 27.147, 28.098, 50.238, 2.556, 0, 88.196, 0, 0, 90.294, 56.865, 0, 0, 0, 0, 
0.95, , 100.36, 73.885, , , 14.005, 0.986, 81.058, 81.058, 2.858, 334.395, 334.395, 334.395, 50.264, , 35.482, 35.159, 7.377, 12.399, 0, 0, 51.385, 52.098, 51.385, 52.098, 1, 58.417, 58.417, 0.025, 0.135, 91.897, 93.175, 91.897, 93.175, 5.011, 7.377, 12.399, , , 1, 1.009, 0.204, 0, 12.5, 2.858, 174, 0, 0, 0, 74, 16.025, 16.359, 122, 98.16, 100, 0, 0, 27.012, 28.006, 52.144, 2.625, 87.97, 0, 0, 89.97, 57.207, 0, 0, 0.204, 0, 0, 14, 0, 12.5, 0, 2.858, 174, 0, 0, 0, 74, 1, 0.016, 0.016, 122, 98.16, 100, 0, 0, 141, 27.012, 28.006, 52.144, 2.625, 0, 87.97, 0, 0, 89.97, 57.207, 0, 0, 0, 0, 
1, 17.24, 100.36, 73.889, 74.661, , 14.09, 0.986, 85.248, 85.248, 2.894, 336.412, 336.412, 336.412, 50.271, , 35.59, 35.123, 7.377, 12.407, 0, 0, 52.3, 53.027, 52.3, 53.027, 1, 59.098, 59.098, 0.025, 0.135, 92.442, 93.726, 92.442, 93.726, 5.036, 7.377, 12.407, , , 1, 1.059, 0.272, 0, 12.5, 2.894, 174, 0, 0, 0, 74, 16.117, 16.678, 122, 98.824, 100, 0, 0, 27.211, 28.106, 54.544, 2.715, 87.47, 0, 0, 89.47, 57.825, 0, 0, 0.272, 0, 0, 14, 0, 12.5, 0, 2.894, 174, 0, 0, 0, 74, 1, 0.016, 0.016, 122, 98.824, 100, 0, 0, 141, 27.211, 28.106, 54.544, 2.715, 0, 87.47, 0, 0, 89.47, 57.825, 0, 0, 0, 0, 
1.05, 17.24, 100.36, 73.893, 74.661, , 14.14, 0.986, 89.494, 89.494, 2.929, 337.615, 337.615, 337.615, 50.283, , 35.698, 35.087, 7.377, 12.424, 0, 0, 53.1, 53.839, 53.1, 53.839, 1, 59.791, 59.791, 0.025, 0.135, 92.752, 94.04, 92.752, 94.04, 5.061, 7.377, 12.424, , , 1, 1.11, 0.34, 0, 12.5, 2.929, 174, 0, 0, 0, 74, 16.209, 16.997, 122, 99.488, 100, 0, 0, 27.41, 28.205, 56.944, 2.805, 86.97, 0, 0, 88.97, 58.442, 0, 0, 0.34, 0, 0, 14, 0, 12.5, 0, 2.929, 174, 0, 0, 0, 74, 1, 0.016, 0.017, 122, 99.488, 100, 0, 0, 141, 27.41, 28.205, 56.944, 2.805, 0, 86.97, 0, 0, 88.97, 58.442, 0, 0, 0, 0, 
1.1, 17.24, 100.36, 73.898, 74.662, , 14.242, 0.986, 93.751, 93.751, 2.965, 340.045, 340.045, 340.045, 50.297, , 35.772, 35.077, 7.377, 12.445, 0, 0, 54.104, 54.856, 54.104, 54.856, 1, 60.486, 60.486, 0.025, 0.134, 93.391, 94.69, 93.391, 94.69, 5.086, 7.377, 12.445, , , 1, 1.16, 0.408, 0, 12.5, 2.965, 174, 0, 0, 0, 74, 16.3, 17.315, 122, 100.152, 100, 0, 0, 27.61, 28.305, 59.344, 2.894, 86.47, 0, 0, 88.47, 59.06, 0, 0, 0.408, 0, 0, 14, 0, 12.5, 0, 2.965, 174, 0, 0, 0, 74, 1, 0.016, 0.017, 122, 100.152, 100, 0, 0, 141, 27.61, 28.305, 59.344, 2.894, 0, 86.47, 0, 0, 88.47, 59.06, 0, 0, 0, 0, 
1.15, 17.24, 100.36, 73.902, 74.663, , 14.37, 0.986, 98.157, 98.157, 3.001, 343.104, 343.104, 343.104, 50.314, , 35.737, 35.146, 7.377, 12.469, 0, 0, 55.225, 55.994, 55.225, 55.994, 1, 61.18, 61.18, 0.025, 0.135, 94.199, 95.51, 94.199, 95.51, 5.101, 7.377, 12.469, , , 1, 1.21, 0.476, 0, 12.5, 3.001, 174, 0, 0, 0, 74, 16.392, 17.634, 122, 100.816, 100, 0, 0, 27.809, 28.404, 61.744, 2.984, 85.97, 0, 0, 87.97, 59.677, 0, 0, 0.476, 0, 0, 14, 0, 12.5, 0, 3.001, 174, 0, 0, 0, 74, 1, 0.016, 0.018, 122, 100.816, 100, 0, 0, 141, 27.809, 28.404, 61.744, 2.984, 0, 85.97, 0, 0, 87.97, 59.677, 0, 0, 0, 0, 
1.2, 17.24, 100.36, 73.906, 74.664, , 14.507, 0.986, 102.563, 102.563, 3.036, 346.385, 346.385, 346.385, 50.332, , 35.702, 35.215, 7.377, 12.48, 0, 0, 56.389, 57.177, 56.389, 57.177, 1, 61.879, 61.879, 0.025, 0.135, 95.067, 96.391, 95.067, 96.391, 5.111, 7.377, 12.48, , , 1, 1.26, 0.534, 0, 12.5, 3.036, 174, 0, 0, 0, 74, 16.475, 17.927, 122, 101.453, 100, 0, 0, 28, 28.5, 64.288, 3.077, 85.524, 0, 0, 87.536, 60.3, 0, 0, 0.534, 0, 0, 14, 0, 12.5, 0, 3.036, 174, 0, 0, 0, 74, 1, 0.016, 0.018, 122, 101.453, 100, 0, 0, 141, 28, 28.5, 64.288, 3.077, 0, 85.524, 0, 0, 87.536, 60.3, 0, 0, 0, 0, 
1.25, 17.24, 100.36, 73.91, 74.664, , 14.657, 0.986, 106.969, 106.969, 3.074, 349.95, 349.95, 349.95, 50.349, , 35.668, 35.284, 7.377, 12.48, 0, 0, 57.626, 58.43, 57.626, 58.43, 1, 62.589, 62.589, 0.025, 0.136, 96.011, 97.348, 96.011, 97.348, 5.12, 7.377, 12.48, , , 1, 1.309, 0.426, 0, 12.5, 3.074, 174, 0, 0, 0, 74, 16.346, 17.598, 122, 101.675, 100, 0, 0, 28, 28.5, 69.088, 3.256, 85.924, 0, 0, 88.136, 61.049, 0, 0, 0.426, 0, 0, 14, 0, 12.5, 0, 3.074, 174, 0, 0, 0, 74, 1, 0.016, 0.018, 122, 101.675, 100, 0, 0, 141, 28, 28.5, 69.088, 3.256, 0, 85.924, 0, 0, 88.136, 61.049, 0, 0, 0, 0, 
1.3, 17.24, 100.36, 73.914, 74.665, , 14.828, 0.986, 111.529, 111.529, 3.112, 354.016, 354.016, 354.016, 50.367, , 35.633, 35.354, 7.377, 12.495, 0, 0, 58.969, 59.791, 58.969, 59.791, 1, 63.312, 63.312, 0.025, 0.136, 97.092, 98.445, 97.092, 98.445, 5.13, 7.377, 12.495, , , 1, 1.359, 0.318, 0, 12.5, 3.112, 174, 0, 0, 0, 74, 16.218, 17.268, 122, 101.897, 100, 0, 0, 28, 28.5, 73.888, 3.435, 86.324, 0, 0, 88.736, 61.798, 0, 0, 0.318, 0, 0, 14, 0, 12.5, 0, 3.112, 174, 0, 0, 0, 74, 1, 0.016, 0.017, 122, 101.897, 100, 0, 0, 141, 28, 28.5, 73.888, 3.435, 0, 86.324, 0, 0, 88.736, 61.798, 0, 0, 0, 0, 
1.35, 17.24, 100.36, 73.918, 74.666, , 14.978, 0.986, 116.031, 116.031, 3.15, 357.595, 357.595, 357.595, 50.384, , 35.602, 35.423, 7.377, 12.524, 0, 0, 60.248, 61.088, 60.248, 61.088, 1, 64.043, 64.043, 0.025, 0.137, 98.042, 99.406, 98.042, 99.406, 5.138, 7.377, 12.524, , , 1, 1.41, 0.21, 0, 12.5, 3.15, 174, 0, 0, 0, 74, 16.089, 16.939, 122, 102.119, 100, 0, 0, 28, 28.5, 78.688, 3.613, 86.724, 0, 0, 89.336, 62.547, 0, 0, 0.21, 0, 0, 14, 0, 12.5, 0, 3.15, 174, 0, 0, 0, 74, 1, 0.016, 0.017, 122, 102.119, 100, 0, 0, 141, 28, 28.5, 78.688, 3.613, 0, 86.724, 0, 0, 89.336, 62.547, 0, 0, 0, 0, 
1.4, 17.24, 100.36, 73.923, 74.667, , 15.105, 0.986, 120.672, 120.672, 3.187, 360.62, 360.62, 360.62, 50.402, , 35.639, 35.498, 7.377, 12.582, 0, 0, 61.456, 62.31, 61.456, 62.31, 1, 64.778, 64.778, 0.025, 0.137, 98.836, 100.211, 98.836, 100.211, 5.145, 7.377, 12.582, , , 1, 1.46, 0.102, 0, 12.5, 3.187, 174, 0, 0, 0, 74, 15.961, 16.61, 122, 102.341, 100, 0, 0, 28, 28.5, 83.488, 3.792, 87.124, 0, 0, 89.936, 63.296, 0, 0, 0.102, 0, 0, 14, 0, 12.5, 0, 3.187, 174, 0, 0, 0, 74, 1, 0.016, 0.016, 122, 102.341, 100, 0, 0, 141, 28, 28.5, 83.488, 3.792, 0, 87.124, 0, 0, 89.936, 63.296, 0, 0, 0, 0, 
1.45, 17.24, 100.36, 73.927, 74.668, , 15.219, 0.986, 125.342, 125.342, 3.225, 363.35, 363.35, 363.35, 50.424, , 35.677, 35.573, 7.377, 12.666, 0, 0, 62.621, 63.49, 62.621, 63.49, 1, 65.644, 65.644, 0.025, 0.137, 99.546, 100.929, 99.546, 100.929, 5.152, 7.377, 12.666, , , 1, 1.51, 0, 0, 12.5, 3.225, 174, 0, 0, 0, 74, 15.837, 16.297, 121.978, 102.55, 100, 0, 0, 28.006, 28.5, 88.144, 3.965, 87.458, 0, 0, 90.452, 64.052, 0, 0, 0, 0, 0, 14, 0, 12.5, 0, 3.225, 174, 0, 0, 0, 74, 1, 0.016, 0.016, 121.978, 102.55, 100, 0, 0, 141, 28.006, 28.5, 88.144, 3.965, 0, 87.458, 0, 0, 90.452, 64.052, 0, 0, 0, 0, 
1.5, 17.24, 100.36, 73.931, 74.668, , 15.335, 0.986, 131.974, 131.974, 3.265, 366.13, 366.13, 366.13, 50.449, , 35.714, 35.648, 7.377, 12.781, 0, 0, 64.127, 65.017, 64.127, 65.017, 1, 66.629, 66.629, 0.025, 0.138, 100.255, 101.646, 100.255, 101.646, 5.159, 7.377, 12.781, , , 1, 1.56, 0, 0, 12.5, 3.265, 174, 0, 0, 0, 74, 15.781, 16.241, 121.618, 102.55, 100, 0, 0, 28.106, 28.5, 90.544, 4.055, 86.758, 0, 0, 89.652, 64.922, 0, 0, 0, 0, 0, 14, 0, 12.5, 0, 3.265, 174, 0, 0, 0, 74, 1, 0.016, 0.016, 121.618, 102.55, 100, 0, 0, 141, 28.106, 28.5, 90.544, 4.055, 0, 86.758, 0, 0, 89.652, 64.922, 0, 0, 0, 0, 
1.55, 17.24, 100.36, 73.935, 74.669, , 15.426, 0.986, 137.181, 137.181, 3.305, 368.321, 368.321, 368.321, 50.462, , 35.752, 35.723, 7.377, 12.928, 0, 0, 65.283, 66.191, 65.283, 66.191, 1, 67.382, 67.382, 0.025, 0.138, 100.824, 102.223, 100.824, 102.223, 5.167, 7.377, 12.928, , , 1, 1.609, 0, 0, 12.5, 3.305, 174, 0, 0, 0, 74, 15.725, 16.185, 121.258, 102.55, 100, 0, 0, 28.206, 28.5, 92.944, 4.145, 86.058, 0, 0, 88.852, 65.792, 0, 0, 0, 0, 0, 14, 0, 12.5, 0, 3.305, 174, 0, 0, 0, 74, 1, 0.016, 0.016, 121.258, 102.55, 100, 0, 0, 141, 28.206, 28.5, 92.944, 4.145, 0, 86.058, 0, 0, 88.852, 65.792, 0, 0, 0, 0, 
1.6, 17.24, 100.36, 73.939, 74.67, , 15.502, 0.986, 141.958, 141.958, 3.345, 370.145, 370.145, 370.145, 50.472, , 35.754, 35.754, 7.377, 13.079, 0, 0, 66.338, 67.261, 66.338, 67.261, 1, 68.14, 68.14, 0.025, 0.138, 101.302, 102.709, 101.302, 102.709, 5.176, 7.377, 13.079, , , 1, 1.659, 0, 0, 12.5, 3.345, 174, 0, 0, 0, 74, 15.669, 16.129, 120.898, 102.55, 100, 0, 0, 28.306, 28.5, 95.344, 4.235, 85.358, 0, 0, 88.052, 66.662, 0, 0, 0, 0, 0, 14, 0, 12.5, 0, 3.345, 174, 0, 0, 0, 74, 1, 0.016, 0.016, 120.898, 102.55, 100, 0, 0, 141, 28.306, 28.5, 95.344, 4.235, 0, 85.358, 0, 0, 88.052, 66.662, 0, 0, 0, 0, 
1.65, 17.24, 100.36, 73.944, 74.671, , 15.536, 0.986, 146.907, 146.907, 3.385, 370.974, 370.974, 370.974, 50.48, , 35.646, 35.646, 7.378, 13.236, 0, 0, 67.22, 68.158, 67.22, 68.158, 1, 68.893, 68.893, 0.025, 0.138, 101.514, 102.924, 101.514, 102.924, 5.186, 7.378, 13.236, , , 1, 1.709, 0, 0, 12.5, 3.385, 174, 0, 0, 0, 74, 15.613, 16.073, 120.538, 102.55, 100, 0, 0, 28.406, 28.5, 97.744, 4.325, 84.658, 0, 0, 87.252, 67.532, 0, 0, 0, 0, 0, 14, 0, 12.5, 0, 3.385, 174, 0, 0, 0, 74, 1, 0.016, 0.016, 120.538, 102.55, 100, 0, 0, 141, 28.406, 28.5, 97.744, 4.325, 0, 84.658, 0, 0, 87.252, 67.532, 0, 0, 0, 0, 
1.7, 17.24, 100.36, 73.948, 74.671, , 15.64, 0.986, 151.775, 151.775, 3.425, 373.449, 373.449, 373.449, 50.484, , 35.538, 35.538, 7.378, 13.383, 0, 0, 68.415, 69.369, 68.415, 69.369, 1, 69.647, 69.647, 0.025, 0.138, 102.184, 103.604, 102.184, 103.604, 5.196, 7.378, 13.383, , , 1, 1.76, 0, 0, 12.5, 3.425, 174, 0, 0, 0, 74, 15.567, 16.026, 120.178, 102.546, 100, 0, 0, 28.512, 28.506, 100, 4.41, 84.03, 0, 0, 86.524, 68.387, 0, 0, 0, 0, 0, 14, 0, 12.5, 0, 3.425, 174, 0, 0, 0, 74, 1, 0.016, 0.016, 120.178, 102.546, 100, 0, 0, 141, 28.512, 28.506, 100, 4.41, 0, 84.03, 0, 0, 86.524, 68.387, 0, 0, 0, 0, 
1.75, 17.24, 100.36, 73.952, 74.672, , 15.632, 0.986, 156.851, 156.851, 3.465, 373.284, 373.284, 373.284, 50.492, , 35.43, 35.43, 7.379, 13.517, 0, 0, 69.132, 70.097, 69.132, 70.097, 1, 70.412, 70.412, 0.025, 0.138, 102.125, 103.546, 102.125, 103.546, 5.207, 7.379, 13.517, , , 1, 1.81, 0, 0, 12.5, 3.465, 174, 0, 0, 0, 74, 15.685, 16.126, 119.818, 102.472, 100, 0, 0, 28.712, 28.606, 100, 4.414, 84.53, 0, 0, 86.924, 69.009, 0, 0, 0, 0, 0, 14, 0, 12.5, 0, 3.465, 174, 0, 0, 0, 74, 1, 0.016, 0.016, 119.818, 102.472, 100, 0, 0, 141, 28.712, 28.606, 100, 4.414, 0, 84.53, 0, 0, 86.924, 69.009, 0, 0, 0, 0, 
1.8, 17.24, 100.36, 73.956, 74.673, , 15.717, 0.986, 161.927, 161.927, 3.504, 375.312, 375.312, 375.312, 50.509, , 35.322, 35.322, 7.379, 13.629, 0, 0, 70.264, 71.244, 70.264, 71.244, 1, 71.18, 71.18, 0.025, 0.137, 102.645, 104.073, 102.645, 104.073, 5.231, 7.379, 13.629, , , 1, 1.86, 0, 0, 12.5, 3.504, 174, 0, 0, 0, 74, 15.803, 16.226, 119.458, 102.398, 100, 0, 0, 28.912, 28.706, 100, 4.418, 85.03, 0, 0, 87.324, 69.631, 0, 0, 0, 0, 0, 14, 0, 12.5, 0, 3.504, 174, 0, 0, 0, 74, 1, 0.016, 0.016, 119.458, 102.398, 100, 0, 0, 141, 28.912, 28.706, 100, 4.418, 0, 85.03, 0, 0, 87.324, 69.631, 0, 0, 0, 0, 
1.85, 17.24, 100.36, 73.96, 74.674, , 15.753, 0.986, 167.003, 167.003, 3.544, 376.181, 376.181, 376.181, 50.537, , 35.266, 35.335, 7.38, 13.713, 0, 0, 71.184, 72.175, 71.184, 72.175, 1, 71.941, 71.941, 0.025, 0.137, 102.828, 104.259, 102.828, 104.259, 5.255, 7.38, 13.713, , , 1, 1.91, 0, 0, 12.5, 3.544, 174, 0, 0, 0, 74, 15.921, 16.326, 119.098, 102.324, 100, 0, 0, 29.112, 28.806, 100, 4.422, 85.53, 0, 0, 87.724, 70.253, 0, 0, 0, 0, 0, 14, 0, 12.5, 0, 3.544, 174, 0, 0, 0, 74, 1, 0.016, 0.017, 119.098, 102.324, 100, 0, 0, 141, 29.112, 28.806, 100, 4.422, 0, 85.53, 0, 0, 87.724, 70.253, 0, 0, 0, 0, 
1.9, 17.24, 100.36, 73.96, 74.674, , 15.767, 0.986, 172.153, 172.153, 3.583, 376.548, 376.548, 376.548, 50.574, , 35.374, 35.731, 7.38, 13.775, 0, 0, 72.012, 73.015, 72.012, 73.015, 1, 72.709, 72.709, 0.025, 0.137, 102.853, 104.283, 102.853, 104.283, 5.279, 7.38, 13.775, , , 1, 1.96, 0, 0, 12.5, 3.583, 174, 0, 0, 0, 74, 16.039, 16.426, 118.738, 102.25, 100, 0, 0, 29.312, 28.906, 100, 4.426, 86.03, 0, 0, 88.124, 70.875, 0, 0, 0, 0, 0, 14, 0, 12.5, 0, 3.583, 174, 0, 0, 0, 74, 1, 0.016, 0.017, 118.738, 102.25, 100, 0, 0, 141, 29.312, 28.906, 100, 4.426, 0, 86.03, 0, 0, 88.124, 70.875, 0, 0, 0, 0, 
1.95, 17.24, 100.36, 73.96, 74.675, , 15.761, 0.986, 177.408, 177.408, 3.623, 376.419, 376.419, 376.419, 50.621, , 35.482, 36.127, 7.379, 13.808, 0, 0, 72.743, 73.756, 72.743, 73.756, 1, 73.473, 73.473, 0.025, 0.137, 102.719, 104.147, 102.719, 104.147, 5.303, 7.379, 13.808, , , 1, 2.01, 0, 0, 12.5, 3.623, 174, 0, 0, 0, 74, 16.157, 16.526, 118.4, 102.18, 100, 0, 0, 29.512, 29.006, 100, 4.43, 86.55, 0, 0, 88.543, 71.514, 0, 0, 0, 0, 0, 14, 0, 12.5, 0, 3.623, 174, 0, 0, 0, 74, 1, 0.016, 0.017, 118.4, 102.18, 100, 0, 0, 141, 29.512, 29.006, 100, 4.43, 0, 86.55, 0, 0, 88.543, 71.514, 0, 0, 0, 0, 
2, 17.24, 100.36, 73.96, 74.676, , 15.796, 0.986, 182.661, 182.661, 3.667, 377.268, 377.268, 377.268, 50.674, , 35.59, 36.523, 7.379, 13.824, 0, 0, 73.668, 74.693, 73.668, 74.693, 1, 74.247, 74.247, 0.025, 0.137, 102.847, 104.277, 102.847, 104.277, 5.351, 7.379, 13.824, , , 1, 2.059, 0, 0, 12.5, 3.667, 174, 0, 0, 0, 74, 16.279, 16.627, 118.4, 102.18, 100, 0, 0, 29.719, 29.11, 100, 4.426, 87.376, 0, 0, 89.267, 72.413, 0, 0, 0, 0, 0, 14, 0, 12.5, 0, 3.667, 174, 0, 0, 0, 74, 1, 0.016, 0.017, 118.4, 102.18, 100, 0, 0, 141, 29.719, 29.11, 100, 4.426, 0, 87.376, 0, 0, 89.267, 72.413, 0, 0, 0, 0, 
2.05, 17.24, 100.36, 73.96, 74.677, , 15.813, 0.986, 188.049, 188.049, 3.712, 377.693, 377.693, 377.693, 50.713, , 35.698, 36.919, 7.378, 13.817, 0, 0, 74.525, 75.562, 74.525, 75.562, 1, 75.028, 75.028, 0.025, 0.137, 102.878, 104.308, 102.878, 104.308, 5.402, 7.378, 13.817, , , 1, 2.109, 0, 0, 12.5, 3.712, 174, 0, 0, 0, 74, 16.401, 16.729, 118.4, 102.18, 100, 0, 0, 29.926, 29.213, 100, 4.421, 88.202, 0, 0, 89.99, 73.311, 0, 0, 0, 0, 0, 14, 0, 12.5, 0, 3.712, 174, 0, 0, 0, 74, 1, 0.016, 0.017, 118.4, 102.18, 100, 0, 0, 141, 29.926, 29.213, 100, 4.421, 0, 88.202, 0, 0, 89.99, 73.311, 0, 0, 0, 0, 
2.1, 17.24, 100.36, 73.96, 74.677, , 15.83, 0.986, 193.479, 193.479, 3.756, 378.124, 378.124, 378.124, 50.743, , 35.754, 37.142, 7.378, 13.8, 0, 0, 75.385, 76.435, 75.385, 76.435, 1, 75.793, 75.793, 0.025, 0.137, 102.933, 104.364, 102.933, 104.364, 5.453, 7.378, 13.8, , , 1, 2.16, 0, 0, 12.5, 3.756, 174, 0, 0, 0, 74, 16.523, 16.83, 118.4, 102.18, 100, 0, 0, 30.132, 29.316, 100, 4.417, 89.029, 0, 0, 90.713, 74.21, 0, 0, 0, 0, 0, 14, 0, 12.5, 0, 3.756, 174, 0, 0, 0, 74, 1, 0.017, 0.017, 118.4, 102.18, 100, 0, 0, 141, 30.132, 29.316, 100, 4.417, 0, 89.029, 0, 0, 90.713, 74.21, 0, 0, 0, 0, 
2.15, 17.24, 100.36, 73.96, 74.678, , 15.853, 0.986, 198.909, 198.909, 3.8, 378.689, 378.689, 378.689, 50.759, , 35.646, 36.818, 7.378, 13.77, 0, 0, 76.267, 77.326, 76.267, 77.326, 1, 76.573, 76.573, 0.025, 0.136, 103.053, 104.487, 103.053, 104.487, 5.503, 7.378, 13.77, , , 1, 2.21, 0, 0, 12.5, 3.8, 174, 0, 0, 0, 74, 16.645, 16.931, 118.4, 102.18, 100, 0, 0, 30.339, 29.419, 100, 4.413, 89.855, 0, 0, 91.436, 75.109, 0, 0, 0, 0, 0, 14, 0, 12.5, 0, 3.8, 174, 0, 0, 0, 74, 1, 0.017, 0.017, 118.4, 102.18, 100, 0, 0, 141, 30.339, 29.419, 100, 4.413, 0, 89.855, 0, 0, 91.436, 75.109, 0, 0, 0, 0, 
2.2, 17.24, 100.36, 73.96, 74.679, , 15.924, 0.986, 204.368, 204.368, 3.844, 380.397, 380.397, 380.397, 50.763, , 35.538, 36.494, 7.378, 13.738, 0, 0, 77.393, 78.467, 77.393, 78.467, 1, 77.345, 77.345, 0.025, 0.136, 103.514, 104.953, 103.514, 104.953, 5.55, 7.378, 13.738, , , 1, 2.259, 0, 0, 12.5, 3.844, 174, 0, 0, 0, 74, 16.763, 17.027, 118.323, 102.164, 100, 0, 0, 30.521, 29.521, 100, 4.41, 90.628, 0, 0, 92.107, 75.995, 0, 0, 0, 0, 0, 14, 0, 12.5, 0, 3.844, 174, 0, 0, 0, 74, 1, 0.017, 0.017, 118.323, 102.164, 100, 0, 0, 141, 30.521, 29.521, 100, 4.41, 0, 90.628, 0, 0, 92.107, 75.995, 0, 0, 0, 0, 
2.25, 17.24, 100.36, 73.96, 74.68, , 15.937, 0.986, 209.978, 209.978, 3.884, 380.727, 380.727, 380.727, 50.758, 80.041, 35.43, 36.17, 7.379, 13.703, 0, 0, 78.241, 79.327, 78.241, 79.327, 1, 78.136, 78.136, 0.025, 0.137, 103.611, 105.05, 103.611, 105.05, 5.594, 7.379, 13.703, , , 1, 2.31, 0, 0, 12.5, 3.884, 174, 0, 0, 0, 74, 16.87, 17.102, 117.974, 102.093, 100, 0, 0, 30.618, 29.618, 100, 4.41, 91.209, 0, 0, 92.591, 76.838, 0, 0, 0, 0, 0, 14, 0, 12.5, 0, 3.884, 174, 0, 0, 0, 74, 1, 0.017, 0.017, 117.974, 102.093, 100, 0, 0, 141, 30.618, 29.618, 100, 4.41, 0, 91.209, 0, 0, 92.591, 76.838, 0, 0, 0, 0, 
2.3, 17.24, 100.36, 73.96, 74.68, , 15.96, 0.986, 215.673, 215.673, 3.924, 381.291, 381.291, 381.291, 50.772, 53.019, 35.322, 35.846, 7.379, 13.672, 0, 0, 79.142, 80.24, 79.142, 80.24, 1, 78.962, 78.962, 0.025, 0.137, 103.747, 105.188, 103.747, 105.188, 5.639, 7.379, 13.672, , , 1, 2.36, 0, 0, 12.5, 3.924, 174, 0, 0, 0, 74, 16.977, 17.178, 117.626, 102.021, 100, 0, 0, 30.715, 29.715, 100, 4.41, 91.791, 0, 0, 93.076, 77.682, 0, 0, 0, 0, 0, 14, 0, 12.5, 0, 3.924, 174, 0, 0, 0, 74, 1, 0.017, 0.017, 117.626, 102.021, 100, 0, 0, 141, 30.715, 29.715, 100, 4.41, 0, 91.791, 0, 0, 93.076, 77.682, 0, 0, 0, 0, 
2.35, 17.24, 100.36, 73.96, 74.68, , 15.959, 0.986, 223.475, 223.475, 3.964, 381.306, 381.306, 381.306, 50.812, 56.64, 35.24, 35.583, 7.38, 13.644, 0, 0, 80.212, 81.325, 80.212, 81.325, 1, 80.007, 80.007, 0.025, 0.137, 103.666, 105.104, 103.666, 105.104, 5.683, 7.38, 13.644, , , 1, 2.41, 0, 0, 12.5, 3.964, 174, 0, 0, 0, 74, 17.083, 17.253, 117.277, 101.949, 100, 0, 0, 30.812, 29.812, 100, 4.41, 92.372, 0, 0, 93.56, 78.525, 0, 0, 0, 0, 0, 14, 0, 12.5, 0, 3.964, 174, 0, 0, 0, 74, 1, 0.017, 0.017, 117.277, 101.949, 100, 0, 0, 141, 30.812, 29.812, 100, 4.41, 0, 92.372, 0, 0, 93.56, 78.525, 0, 0, 0, 0, 
2.4, 17.24, 100.36, 73.96, 74.68, , 15.954, 0.986, 229.413, 229.413, 4.003, 381.208, 381.208, 381.208, 50.853, 58.65, 35.24, 35.511, 7.38, 13.62, 0, 0, 80.995, 82.12, 80.995, 82.12, 1, 80.788, 80.788, 0.025, 0.137, 103.552, 104.989, 103.552, 104.989, 5.715, 7.38, 13.62, , , 1, 2.46, 0, 0, 12.5, 4.003, 174, 0, 0, 0, 74, 17.19, 17.329, 116.928, 101.877, 100, 0, 0, 30.909, 29.909, 100, 4.41, 92.953, 0, 0, 94.045, 79.368, 0, 0, 0, 0, 0, 14, 0, 12.5, 0, 4.003, 174, 0, 0, 0, 74, 1, 0.017, 0.017, 116.928, 101.877, 100, 0, 0, 141, 30.909, 29.909, 100, 4.41, 0, 92.953, 0, 0, 94.045, 79.368, 0, 0, 0, 0, 
2.45, 17.24, 100.36, 73.96, 74.68, , 15.914, 0.986, 235.25, 235.25, 4.044, 380.275, 380.275, 380.275, 50.907, 60.659, 35.24, 35.439, 7.379, 13.604, 0, 0, 81.577, 82.711, 81.577, 82.711, 1, 81.569, 81.569, 0.025, 0.137, 103.19, 104.622, 103.19, 104.622, 5.734, 7.379, 13.604, , , 1, 2.511, 0, 0, 12.5, 4.044, 174, 0, 0, 0, 74, 17.294, 17.405, 116.578, 101.805, 100, 0, 0, 31.012, 30.012, 100, 4.41, 93.531, 0, 0, 94.531, 80.214, 0, 0, 0, 0, 0, 14, 0, 12.5, 0, 4.044, 174, 0, 0, 0, 74, 1, 0.017, 0.017, 116.578, 101.805, 100, 0, 0, 141, 31.012, 30.012, 100, 4.41, 0, 93.531, 0, 0, 94.531, 80.214, 0, 0, 0, 0, 
2.5, 17.24, 100.36, 73.96, 74.68, , 15.897, 0.986, 241.088, 241.088, 4.09, 379.895, 379.895, 379.895, 50.96, 62.669, 35.24, 35.367, 7.379, 13.586, 0, 0, 82.268, 83.412, 82.268, 83.412, 1, 82.344, 82.344, 0.025, 0.137, 102.98, 104.41, 102.98, 104.41, 5.753, 7.379, 13.586, , , 1, 2.56, 0, 0, 12.5, 4.09, 174, 0, 0, 0, 74, 17.362, 17.487, 116.206, 101.729, 100, 0, 0, 31.219, 30.219, 100, 4.41, 94.048, 0, 0, 95.048, 81.109, 0, 0, 0, 0, 0, 14, 0, 12.5, 0, 4.09, 174, 0, 0, 0, 74, 1, 0.017, 0.017, 116.206, 101.729, 100, 0, 0, 141, 31.219, 30.219, 100, 4.41, 0, 94.048, 0, 0, 95.048, 81.109, 0, 0, 0, 0, 
2.55, 17.24, 100.36, 73.96, 74.68, , 15.838, 0.986, 247.031, 247.031, 4.136, 378.522, 378.522, 378.522, 50.999, 64.679, 35.24, 35.295, 7.378, 13.567, 0, 0, 82.744, 83.896, 82.744, 83.896, 1, 83.122, 83.122, 0.025, 0.137, 102.524, 103.948, 102.524, 103.948, 5.772, 7.378, 13.567, , , 1, 2.61, 0, 0, 12.5, 4.136, 174, 0, 0, 0, 74, 17.43, 17.57, 115.834, 101.653, 100, 0, 0, 31.426, 30.426, 100, 4.41, 94.564, 0, 0, 95.564, 82.004, 0, 0, 0, 0, 0, 14, 0, 12.5, 0, 4.136, 174, 0, 0, 0, 74, 1, 0.017, 0.017, 115.834, 101.653, 100, 0, 0, 141, 31.426, 30.426, 100, 4.41, 0, 94.564, 0, 0, 95.564, 82.004, 0, 0, 0, 0, 
2.6, 17.24, 100.36, 73.96, 74.68, , 15.81, 0.986, 253.018, 253.018, 4.182, 377.887, 377.887, 377.887, 51.026, 66.689, 35.24, 35.249, 7.378, 13.546, 0, 0, 83.372, 84.532, 83.372, 84.532, 1, 83.887, 83.887, 0.025, 0.137, 102.3, 103.722, 102.3, 103.722, 5.794, 7.378, 13.546, , , 1, 2.66, 0, 0, 12.5, 4.182, 174, 0, 0, 0, 74, 17.498, 17.652, 115.462, 101.576, 100, 0, 0, 31.632, 30.632, 100, 4.41, 95.081, 0, 0, 96.081, 82.899, 0, 0, 0, 0, 0, 14, 0, 12.5, 0, 4.182, 174, 0, 0, 0, 74, 1, 0.018, 0.018, 115.462, 101.576, 100, 0, 0, 141, 31.632, 30.632, 100, 4.41, 0, 95.081, 0, 0, 96.081, 82.899, 0, 0, 0, 0, 
2.65, 17.24, 100.36, 73.96, 74.68, , 15.77, 0.986, 259.062, 259.062, 4.228, 376.96, 376.96, 376.96, 51.038, 68.698, 35.24, 35.285, 7.377, 13.518, 0, 0, 83.936, 85.103, 83.936, 85.103, 1, 84.667, 84.667, 0.025, 0.137, 102.028, 103.445, 102.028, 103.445, 5.83, 7.377, 13.518, , , 1, 2.709, 0, 0, 12.5, 4.228, 174, 0, 0, 0, 74, 17.566, 17.734, 115.09, 101.5, 100, 0, 0, 31.839, 30.839, 100, 4.41, 95.597, 0, 0, 96.597, 83.794, 0, 0, 0, 0, 0, 14, 0, 12.5, 0, 4.228, 174, 0, 0, 0, 74, 1, 0.018, 0.018, 115.09, 101.5, 100, 0, 0, 141, 31.839, 30.839, 100, 4.41, 0, 95.597, 0, 0, 96.597, 83.794, 0, 0, 0, 0, 
2.7, 17.24, 100.36, 73.96, 74.68, , 15.742, 0.986, 265.207, 265.207, 4.273, 376.307, 376.307, 376.307, 51.034, 70.708, 35.24, 35.321, 7.377, 13.487, 0, 0, 84.557, 85.733, 84.557, 85.733, 1, 85.444, 85.444, 0.025, 0.137, 101.855, 103.271, 101.855, 103.271, 5.866, 7.377, 13.487, , , 1, 2.759, 0, 0, 12.5, 4.273, 174, 0, 0, 0, 74, 17.632, 17.815, 114.8, 101.41, 100, 0, 0, 32.041, 31.041, 100, 4.41, 96.103, 0, 0, 97.103, 84.649, 0, 0, 0, 0, 0, 13.996, 0, 12.5, 0, 4.273, 174, 0, 0, 0, 74, 1, 0.018, 0.018, 114.8, 101.41, 100, 0, 0, 141, 32.041, 31.041, 100, 4.41, 0, 96.103, 0, 0, 97.103, 84.649, 0, 0, 0, 0, 
2.75, 17.24, 100.36, 73.96, 74.68, , 15.691, 0.986, 271.352, 271.352, 4.312, 375.131, 375.131, 375.131, 51.025, 72.718, 35.24, 35.357, 7.378, 13.447, 0, 0, 85.055, 86.237, 85.055, 86.237, 1, 86.213, 86.213, 0.025, 0.137, 101.554, 102.965, 101.554, 102.965, 5.902, 7.378, 13.447, , , 1, 2.81, 0, 0, 12.5, 4.312, 174, 0, 0, 0, 74, 17.692, 17.888, 114.8, 101.274, 100, 0, 0, 32.228, 31.228, 100, 4.41, 96.569, 0, 0, 97.569, 85.346, 0, 0, 0, 0, 0, 13.977, 0, 12.5, 0, 4.312, 174, 0, 0, 0, 74, 1, 0.018, 0.018, 114.8, 101.274, 100, 0, 0, 141, 32.228, 31.228, 100, 4.41, 0, 96.569, 0, 0, 97.569, 85.346, 0, 0, 0, 0, 
2.8, 17.24, 100.36, 73.96, 74.68, , 15.644, 0.986, 277.55, 277.55, 4.351, 374.048, 374.048, 374.048, 51.03, 74.727, 35.24, 35.393, 7.378, 13.405, 0, 0, 85.559, 86.748, 85.559, 86.748, 1, 86.972, 86.972, 0.025, 0.137, 101.25, 102.659, 101.25, 102.659, 5.943, 7.378, 13.405, , , 1, 2.86, 0, 0, 12.5, 4.351, 174, 0, 0, 0, 74, 17.752, 17.961, 114.8, 101.138, 100, 0, 0, 32.414, 31.414, 100, 4.41, 97.035, 0, 0, 98.035, 86.043, 0, 0, 0, 0, 0, 13.959, 0, 12.5, 0, 4.351, 174, 0, 0, 0, 74, 1, 0.018, 0.018, 114.8, 101.138, 100, 0, 0, 141, 32.414, 31.414, 100, 4.41, 0, 97.035, 0, 0, 98.035, 86.043, 0, 0, 0, 0, 
2.85, 17.24, 100.36, 73.96, 74.68, , 15.61, 0.986, 283.86, 283.86, 4.39, 373.261, 373.261, 373.261, 51.049, 76.737, 35.231, 35.411, 7.38, 13.354, 0, 0, 86.136, 87.333, 86.136, 87.333, 1, 87.741, 87.741, 0.025, 0.137, 101.001, 102.406, 101.001, 102.406, 6.003, 7.38, 13.354, , , 1, 2.91, 0, 0, 12.5, 4.39, 174, 0, 0, 0, 74, 17.812, 18.034, 114.8, 101.001, 100, 0, 0, 32.601, 31.601, 100, 4.41, 97.502, 0, 0, 98.502, 86.739, 0, 0, 0, 0, 0, 13.94, 0, 12.5, 0, 4.39, 174, 0, 0, 0, 74, 1, 0.018, 0.018, 114.8, 101.001, 100, 0, 0, 141, 32.601, 31.601, 100, 4.41, 0, 97.502, 0, 0, 98.502, 86.739, 0, 0, 0, 0, 
2.9, 17.24, 100.36, 73.96, 74.68, , 15.522, 0.986, 290.171, 290.171, 4.429, 371.182, 371.182, 371.182, 51.083, 78.747, 35.195, 35.375, 7.381, 13.302, 0, 0, 86.396, 87.598, 86.396, 87.598, 1, 88.502, 88.502, 0.025, 0.137, 100.372, 101.77, 100.372, 101.77, 6.063, 7.381, 13.302, , , 1, 2.96, 0, 0, 12.5, 4.429, 174, 0, 0, 0, 74, 17.872, 18.107, 114.8, 100.865, 100, 0, 0, 32.787, 31.787, 100, 4.41, 97.968, 0, 0, 98.968, 87.436, 0, 0, 0, 0, 0, 13.921, 0, 12.5, 0, 4.429, 174, 0, 0, 0, 74, 1, 0.018, 0.018, 114.8, 100.865, 100, 0, 0, 141, 32.787, 31.787, 100, 4.41, 0, 97.968, 0, 0, 98.968, 87.436, 0, 0, 0, 0, 
2.95, 17.24, 100.36, 73.96, 74.68, , 15.448, 0.986, 296.545, 296.545, 4.468, 369.468, 369.468, 369.468, 51.131, 80.757, 35.159, 35.339, 7.383, 13.243, 0, 0, 86.734, 87.941, 86.734, 87.941, 1, 89.269, 89.269, 0.025, 0.137, 99.811, 101.201, 99.811, 101.201, 6.122, 7.383, 13.243, , , 1, 3.01, 0, 0, 12.5, 4.468, 174, 0, 0, 0, 74, 17.932, 18.18, 114.8, 100.729, 100, 0, 0, 32.974, 31.974, 100, 4.41, 98.435, 0, 0, 99.435, 88.132, 0, 0, 0, 0, 0, 13.903, 0, 12.5, 0, 4.468, 174, 0, 0, 0, 74, 1, 0.018, 0.018, 114.8, 100.729, 100, 0, 0, 141, 32.974, 31.974, 100, 4.41, 0, 98.435, 0, 0, 99.435, 88.132, 0, 0, 0, 0, 
3, 17.24, 100.36, 73.96, 74.68, , 15.356, 0.986, 303.031, 303.031, 4.512, 367.314, 367.314, 367.314, 51.193, 82.766, 35.123, 35.303, 7.384, 13.182, 0, 0, 86.966, 88.176, 86.966, 88.176, 1, 90.028, 90.028, 0.025, 0.137, 99.112, 100.493, 99.112, 100.493, 6.182, 7.384, 13.182, , , 1, 3.06, 0, 0, 12.5, 4.512, 174, 0, 0, 0, 74, 18.065, 18.299, 114.479, 100.644, 100, 0, 0, 33.089, 32.178, 100, 4.414, 99.303, 0, 0, 100.303, 89.006, 0, 0, 0, 0, 0, 13.9, 0, 12.5, 0, 4.512, 174, 0, 0, 0, 74, 1, 0.018, 0.018, 114.479, 100.644, 100, 0, 0, 141, 33.089, 32.178, 100, 4.414, 0, 99.303, 0, 0, 100.303, 89.006, 0, 0, 0, 0, 
3.05, 17.24, 100.36, 73.96, 74.68, , 15.28, 0.986, 309.517, 309.517, 4.558, 365.523, 365.523, 365.523, 51.246, 84.776, 35.087, 35.267, 7.384, 13.113, 0, 0, 87.261, 88.474, 87.261, 88.474, 1, 90.779, 90.779, 0.025, 0.137, 98.529, 99.901, 98.529, 99.901, 6.225, 7.384, 13.113, , , 1, 3.111, 0, 0, 12.5, 4.558, 174, 0, 0, 0, 74, 18.21, 18.425, 114.105, 100.567, 100, 0, 0, 33.193, 32.386, 100, 4.418, 100.237, 0, 0, 101.237, 89.909, 0, 0, 0, 0, 0, 13.9, 0, 12.5, 0, 4.558, 174, 0, 0, 0, 74, 1, 0.018, 0.018, 114.105, 100.567, 100, 0, 0, 141, 33.193, 32.386, 100, 4.418, 0, 100.237, 0, 0, 101.237, 89.909, 0, 0, 0, 0, 
3.1, 17.24, 100.36, 73.96, 74.68, , 15.194, 0.986, 316.092, 316.092, 4.603, 363.502, 363.502, 363.502, 51.286, 86.786, 35.043, 35.24, 7.384, 13.044, 0, 0, 87.499, 88.716, 87.499, 88.716, 1, 91.52, 91.52, 0.025, 0.137, 97.907, 99.272, 97.907, 99.272, 6.268, 7.384, 13.044, , , 1, 3.16, 0, 0, 12.5, 4.603, 174, 0, 0, 0, 74, 18.355, 18.552, 113.732, 100.49, 100, 0, 0, 33.297, 32.593, 100, 4.422, 101.17, 0, 0, 102.17, 90.811, 0, 0, 0, 0, 0, 13.9, 0, 12.5, 0, 4.603, 174, 0, 0, 0, 74, 1, 0.019, 0.019, 113.732, 100.49, 100, 0, 0, 141, 33.297, 32.593, 100, 4.422, 0, 101.17, 0, 0, 102.17, 90.811, 0, 0, 0, 0, 
3.15, 17.24, 100.36, 73.96, 74.68, , 15.151, 0.986, 322.83, 322.83, 4.648, 362.506, 362.506, 362.506, 51.311, 84.842, 34.971, 35.24, 7.383, 12.975, 0, 0, 87.985, 89.209, 87.985, 89.209, 1, 92.271, 92.271, 0.025, 0.138, 97.589, 98.948, 97.589, 98.948, 6.31, 7.383, 12.975, , , 1, 3.209, 0, 0, 12.5, 4.648, 174, 0, 0, 0, 74, 18.501, 18.679, 113.359, 100.414, 100, 0, 0, 33.4, 32.801, 100, 4.426, 102.104, 0, 0, 103.104, 91.714, 0, 0, 0, 0, 0, 13.9, 0, 12.5, 0, 4.648, 174, 0, 0, 0, 74, 1, 0.019, 0.019, 113.359, 100.414, 100, 0, 0, 141, 33.4, 32.801, 100, 4.426, 0, 102.104, 0, 0, 103.104, 91.714, 0, 0, 0, 0, 
3.2, 17.24, 100.36, 73.956, 74.68, , 15.08, 0.986, 331.636, 331.636, 4.694, 360.872, 360.872, 360.872, 51.326, 79.793, 34.899, 35.24, 7.382, 12.904, 0, 0, 88.514, 89.746, 88.514, 89.746, 1, 93.27, 93.27, 0.025, 0.138, 97.125, 98.476, 97.125, 98.476, 6.353, 7.382, 12.904, , , 1, 3.259, 0, 0, 12.5, 4.694, 174.015, 0, 0, 0, 74, 18.643, 18.803, 112.979, 100.333, 100, 0, 0, 33.502, 33, 100, 4.43, 103.031, 0, 0, 104.025, 92.628, 0, 0, 0, 0, 0, 13.9, 0, 12.5, 0, 4.694, 174.015, 0, 0, 0, 74, 1, 0.019, 0.019, 112.979, 100.333, 100, 0, 0, 141, 33.502, 33, 100, 4.43, 0, 103.031, 0, 0, 104.025, 92.628, 0, 0, 0, 0, 
3.25, 17.24, 100.359, 73.952, 74.68, , 15.019, 0.986, 338.437, 338.437, 4.753, 359.442, 359.442, 359.442, 51.333, 74.744, 34.827, 35.24, 7.382, 12.82, 0, 0, 88.866, 90.102, 88.866, 90.102, 1, 94.001, 94.001, 0.025, 0.138, 96.728, 98.073, 96.728, 98.073, 6.406, 7.382, 12.82, , , 1, 3.31, 0, 0, 12.5, 4.753, 174.4, 0, 0, 0, 74, 18.725, 18.87, 112.46, 100.154, 100, 0, 0, 33.55, 33, 100, 4.426, 103.8, 0, 0, 104.65, 93.823, 0, 0, 0, 0, 0, 13.91, 0, 12.5, 0, 4.753, 174.4, 0, 0, 0, 74, 1, 0.019, 0.019, 112.46, 100.154, 100, 0, 0, 141, 33.55, 33, 100, 4.426, 0, 103.8, 0, 0, 104.65, 93.823, 0, 0, 0, 0, 
3.3, 17.24, 100.359, 73.948, 74.68, , 14.958, 0.986, 345.167, 345.167, 4.811, 358.008, 358.008, 358.008, 51.344, 69.694, 34.755, 35.24, 7.382, 12.735, 0, 0, 89.197, 90.438, 89.197, 90.438, 1, 94.738, 94.738, 0.025, 0.138, 96.319, 97.658, 96.319, 97.658, 6.461, 7.382, 12.735, , , 1, 3.36, 0, 0, 12.5, 4.811, 174.785, 0, 0, 0, 74, 18.807, 18.937, 111.941, 99.976, 100, 0, 0, 33.598, 33, 100, 4.422, 104.569, 0, 0, 105.275, 95.018, 0, 0, 0, 0, 0, 13.92, 0, 12.5, 0, 4.811, 174.785, 0, 0, 0, 74, 1, 0.019, 0.019, 111.941, 99.976, 100, 0, 0, 141, 33.598, 33, 100, 4.422, 0, 104.569, 0, 0, 105.275, 95.018, 0, 0, 0, 0, 
3.35, 17.24, 100.359, 73.944, 74.68, , 14.892, 0.986, 352.035, 352.035, 4.869, 356.478, 356.478, 356.478, 51.364, 64.645, 34.648, 35.24, 7.383, 12.648, 0, 0, 89.508, 90.752, 89.508, 90.752, 1, 95.474, 95.474, 0.025, 0.138, 95.871, 97.202, 95.871, 97.202, 6.517, 7.383, 12.648, , , 1, 3.409, 0, 0, 12.5, 4.869, 175.169, 0, 0, 0, 74, 18.888, 19.005, 111.422, 99.797, 100, 0, 0, 33.646, 33, 100, 4.418, 105.338, 0, 0, 105.9, 96.213, 0, 0, 0, 0, 0, 13.929, 0, 12.5, 0, 4.869, 175.169, 0, 0, 0, 74, 1, 0.019, 0.019, 111.422, 99.797, 100, 0, 0, 141, 33.646, 33, 100, 4.418, 0, 105.338, 0, 0, 105.9, 96.213, 0, 0, 0, 0, 
3.4, 17.24, 100.358, 73.94, 74.68, , 14.847, 0.986, 358.903, 358.903, 4.927, 355.443, 355.443, 355.443, 51.391, , 34.432, 35.24, 7.384, 12.561, 0, 0, 89.932, 91.181, 89.932, 91.181, 1, 96.202, 96.202, 0.025, 0.138, 95.541, 96.867, 95.541, 96.867, 6.572, 7.384, 12.561, , , 1, 3.459, 0, 0, 12.5, 4.927, 175.554, 0, 0, 0, 74, 18.97, 19.072, 110.902, 99.619, 100, 0, 0, 33.694, 33, 100, 4.414, 106.108, 0, 0, 106.525, 97.409, 0, 0, 0, 0, 0, 13.939, 0, 12.5, 0, 4.927, 175.554, 0, 0, 0, 74, 1, 0.019, 0.019, 110.902, 99.619, 100, 0, 0, 141, 33.694, 33, 100, 4.414, 0, 106.108, 0, 0, 106.525, 97.409, 0, 0, 0, 0, 
3.45, 17.24, 100.358, 73.935, 74.68, , 14.789, 0.986, 365.887, 365.887, 4.986, 354.086, 354.086, 354.086, 51.427, , 34.216, 35.24, 7.384, 12.479, 0, 0, 90.271, 91.526, 90.271, 91.526, 1, 96.936, 96.936, 0.025, 0.138, 95.112, 96.432, 95.112, 96.432, 6.624, 7.384, 12.479, , , 1, 3.51, 0, 0, 12.5, 4.986, 175.938, 0, 0, 0, 74, 19.052, 19.139, 110.383, 99.44, 100, 0, 0, 33.742, 33, 100, 4.411, 106.877, 0, 0, 107.15, 98.604, 0, 0, 0, 0, 0, 13.948, 0, 12.5, 0, 4.986, 175.938, 0, 0, 0, 74, 1, 0.019, 0.019, 110.383, 99.44, 100, 0, 0, 141, 33.742, 33, 100, 4.411, 0, 106.877, 0, 0, 107.15, 98.604, 0, 0, 0, 0, 
3.5, 17.24, 100.357, 73.931, 74.68, , 14.729, 0.986, 372.822, 372.822, 5.029, 352.693, 352.693, 352.693, 51.465, , 34, 35.24, 7.384, 12.4, 0, 0, 90.591, 91.849, 90.591, 91.849, 1, 97.658, 97.658, 0.025, 0.137, 94.663, 95.978, 94.663, 95.978, 6.673, 7.384, 12.4, , , 1, 3.56, 0, 0, 12.5, 5.029, 176, 0, 0, 0, 74, 18.951, 19.04, 110.142, 99.282, 100, 0, 0, 33.794, 32.956, 100, 4.41, 106.517, 0, 0, 106.767, 99.396, 0, 0, 0, 0, 0, 13.941, 0, 12.5, 0, 5.029, 176, 0, 0, 0, 74, 1, 0.019, 0.019, 110.142, 99.282, 100, 0, 0, 141, 33.794, 32.956, 100, 4.41, 0, 106.517, 0, 0, 106.767, 99.396, 0, 0, 0, 0, 
3.55, 17.24, 100.357, 73.927, 74.68, , 14.693, 0.986, 379.897, 379.897, 5.07, 351.852, 351.852, 351.852, 51.502, , 33.784, 35.24, 7.383, 12.362, 0, 0, 91.035, 92.299, 91.035, 92.299, 1, 98.381, 98.381, 0.025, 0.137, 94.371, 95.682, 94.371, 95.682, 6.723, 7.383, 12.362, , , 1, 3.61, 0, 0, 12.5, 5.07, 176, 0, 0, 0, 74, 18.815, 18.909, 109.954, 99.128, 100, 0, 0, 33.846, 32.904, 100, 4.41, 105.941, 0, 0, 106.191, 100.111, 0, 0, 0, 0, 0, 13.931, 0, 12.5, 0, 5.07, 176, 0, 0, 0, 74, 1, 0.019, 0.019, 109.954, 99.128, 100, 0, 0, 141, 33.846, 32.904, 100, 4.41, 0, 105.941, 0, 0, 106.191, 100.111, 0, 0, 0, 0, 
3.6, 17.24, 100.357, 73.923, 74.68, , 14.633, 0.986, 387.027, 387.027, 5.111, 350.447, 350.447, 350.447, 51.535, , 33.741, 35.249, 7.381, 12.327, 0, 0, 91.333, 92.603, 91.333, 92.603, 1, 99.099, 99.099, 0.025, 0.137, 93.934, 95.24, 93.934, 95.24, 6.772, 7.381, 12.327, , , 1, 3.66, 0, 0, 12.5, 5.111, 176, 0, 0, 0, 74, 18.679, 18.779, 109.765, 98.974, 100, 0, 0, 33.899, 32.851, 100, 4.41, 105.366, 0, 0, 105.616, 100.827, 0, 0, 0, 0, 0, 13.92, 0, 12.5, 0, 5.111, 176, 0, 0, 0, 74, 1, 0.019, 0.019, 109.765, 98.974, 100, 0, 0, 141, 33.899, 32.851, 100, 4.41, 0, 105.366, 0, 0, 105.616, 100.827, 0, 0, 0, 0, 
3.65, 17.24, 100.356, 73.919, 74.68, , 14.573, 0.986, 394.191, 394.191, 5.152, 349.061, 349.061, 349.061, 51.564, , 34.245, 35.285, 7.38, 12.338, 0, 0, 91.633, 92.907, 91.633, 92.907, 1, 99.821, 99.821, 0.025, 0.137, 93.51, 94.811, 93.51, 94.811, 6.811, 7.38, 12.338, , , 1, 3.71, 0, 0, 12.5, 5.152, 176, 0, 0, 0, 74, 18.543, 18.648, 109.577, 98.82, 100, 0, 0, 33.951, 32.799, 100, 4.41, 104.791, 0, 0, 105.041, 101.542, 0, 0, 0, 0, 0, 13.91, 0, 12.5, 0, 5.152, 176, 0, 0, 0, 74, 1, 0.019, 0.019, 109.577, 98.82, 100, 0, 0, 141, 33.951, 32.799, 100, 4.41, 0, 104.791, 0, 0, 105.041, 101.542, 0, 0, 0, 0, 
3.7, 17.24, 100.356, 73.914, 74.68, , 14.499, 0.986, 401.474, 401.474, 5.192, 347.317, 347.317, 347.317, 51.59, , 34.749, 35.321, 7.378, 12.349, 0, 0, 91.831, 93.108, 91.831, 93.108, 1, 100.536, 100.536, 0.025, 0.137, 92.998, 94.291, 92.998, 94.291, 6.832, 7.378, 12.349, , , 1, 3.76, 0, 0, 12.5, 5.192, 176, 0, 0, 0, 74, 18.41, 18.519, 109.4, 98.673, 100, 0, 0, 34, 32.747, 100, 4.41, 104.222, 0, 0, 104.475, 102.234, 0, 0, 0, 0, 0, 13.9, 0, 12.5, 0, 5.192, 176, 0, 0, 0, 74, 1, 0.018, 0.018, 109.4, 98.673, 100, 0, 0, 141, 34, 32.747, 100, 4.41, 0, 104.222, 0, 0, 104.475, 102.234, 0, 0, 0, 0, 
3.75, 17.24, 100.355, 73.91, 74.68, , 14.428, 0.986, 408.771, 408.771, 5.212, 345.673, 345.673, 345.673, 51.61, , 35.253, 35.357, 7.378, 12.403, 0, 0, 92.048, 93.328, 92.048, 93.328, 1, 101.249, 101.249, 0.025, 0.137, 92.522, 93.807, 92.522, 93.807, 6.852, 7.378, 12.403, , , 1, 3.81, 0, 0, 12.5, 5.212, 176, 0, 0, 0, 74, 18.321, 18.42, 109.4, 98.634, 100, 0, 0, 34, 32.695, 100, 4.41, 103.753, 0, 0, 104.058, 102.558, 0, 0, 0, 0, 0, 13.9, 0, 12.5, 0, 5.212, 176, 0, 0, 0, 74, 1, 0.018, 0.018, 109.4, 98.634, 100, 0, 0, 141, 34, 32.695, 100, 4.41, 0, 103.753, 0, 0, 104.058, 102.558, 0, 0, 0, 0, 
3.8, 17.24, 100.355, 73.906, 74.68, , 14.353, 0.986, 416.068, 416.068, 5.232, 343.911, 343.911, 343.911, 51.629, , 35.757, 35.393, 7.377, 12.457, 0, 0, 92.213, 93.496, 92.213, 93.496, 1, 101.956, 101.956, 0.025, 0.136, 92.019, 93.297, 92.019, 93.297, 6.873, 7.377, 12.457, , , 1, 3.86, 0, 0, 12.5, 5.232, 176, 0, 0, 0, 74, 18.233, 18.321, 109.4, 98.596, 100, 0, 0, 34, 32.643, 100, 4.41, 103.284, 0, 0, 103.642, 102.882, 0, 0, 0, 0, 0, 13.9, 0, 12.5, 0, 5.232, 176, 0, 0, 0, 74, 1, 0.018, 0.018, 109.4, 98.596, 100, 0, 0, 141, 34, 32.643, 100, 4.41, 0, 103.284, 0, 0, 103.642, 102.882, 0, 0, 0, 0, 
3.85, 17.24, 100.355, 73.902, 74.68, , 14.269, 0.986, 423.388, 423.388, 5.252, 341.955, 341.955, 341.955, 51.645, , 36.097, 35.325, 7.377, 12.534, 0, 0, 92.317, 93.602, 92.317, 93.602, 1, 102.661, 102.661, 0.025, 0.136, 91.469, 92.74, 91.469, 92.74, 6.893, 7.377, 12.534, , , 1, 3.91, 0, 0, 12.5, 5.252, 176, 0, 0, 0, 74, 18.144, 18.222, 109.4, 98.557, 100, 0, 0, 34, 32.591, 100, 4.41, 102.816, 0, 0, 103.225, 103.206, 0, 0, 0, 0, 0, 13.9, 0, 12.5, 0, 5.252, 176, 0, 0, 0, 74, 1, 0.018, 0.018, 109.4, 98.557, 100, 0, 0, 141, 34, 32.591, 100, 4.41, 0, 102.816, 0, 0, 103.225, 103.206, 0, 0, 0, 0, 
3.9, 17.24, 100.354, 73.898, 74.68, , 14.174, 0.986, 430.92, 430.92, 5.271, 339.725, 339.725, 339.725, 51.658, , 35.917, 34.929, 7.377, 12.61, 0, 0, 92.349, 93.633, 92.349, 93.633, 1, 103.356, 103.356, 0.025, 0.136, 90.849, 92.111, 90.849, 92.111, 6.913, 7.377, 12.61, , , 1, 3.96, 0, 0, 12.5, 5.271, 176, 0, 0, 0, 74, 18.056, 18.123, 109.4, 98.519, 100, 0, 0, 34, 32.539, 100, 4.41, 102.347, 0, 0, 102.808, 103.53, 0, 0, 0, 0, 0, 13.9, 0, 12.5, 0, 5.271, 176, 0, 0, 0, 74, 1, 0.018, 0.018, 109.4, 98.519, 100, 0, 0, 141, 34, 32.539, 100, 4.41, 0, 102.347, 0, 0, 102.808, 103.53, 0, 0, 0, 0, 
3.95, 17.24, 100.354, 73.893, 74.68, , 14.105, 0.986, 438.302, 438.302, 5.296, 338.113, 338.113, 338.113, 51.668, , 35.737, 34.533, 7.377, 12.685, 0, 0, 92.524, 93.811, 92.524, 93.811, 1, 104.058, 104.058, 0.025, 0.136, 90.4, 91.656, 90.4, 91.656, 6.932, 7.377, 12.685, , , 1, 4.01, 0, 0, 12.5, 5.296, 176, 0, 0, 0, 74, 17.951, 18.011, 109.306, 98.452, 100, 0, 0, 34.052, 32.526, 100, 4.41, 101.792, 0, 0, 102.266, 103.964, 0, 0, 0, 0, 0, 13.9, 0, 12.5, 0, 5.296, 176, 0, 0, 0, 74, 1, 0.018, 0.018, 109.306, 98.452, 100, 0, 0, 141, 34.052, 32.526, 100, 4.41, 0, 101.792, 0, 0, 102.266, 103.964, 0, 0, 0, 0, 
4, 17.24, 100.354, 73.889, 74.68, , 14.002, 0.986, 445.834, 445.834, 5.333, 335.679, 335.679, 335.679, 51.677, , 35.557, 34.137, 7.377, 12.759, 0, 0, 92.468, 93.754, 92.468, 93.754, 1, 104.749, 104.749, 0.025, 0.136, 89.732, 90.98, 89.732, 90.98, 6.952, 7.377, 12.759, , , 1, 4.06, 0, 0, 12.5, 5.333, 176, 0, 0, 0, 74, 17.801, 17.861, 108.946, 98.304, 100, 0, 0, 34.252, 32.626, 100, 4.41, 100.992, 0, 0, 101.366, 104.71, 0, 0, 0, 0, 0, 13.9, 0, 12.5, 0, 5.333, 176, 0, 0, 0, 74, 1, 0.018, 0.018, 108.946, 98.304, 100, 0, 0, 141, 34.252, 32.626, 100, 4.41, 0, 100.992, 0, 0, 101.366, 104.71, 0, 0, 0, 0, 
4.05, 17.24, 100.353, 73.885, 74.68, , 13.94, 0.986, 453.516, 453.516, 5.371, 334.237, 334.237, 334.237, 51.685, , 35.377, 33.741, 7.377, 12.821, 0, 0, 92.682, 93.972, 92.682, 93.972, 1, 105.435, 105.435, 0.025, 0.136, 89.332, 90.575, 89.332, 90.575, 6.971, 7.377, 12.821, , , 1, 4.11, 0, 0, 12.5, 5.371, 176, 0, 0, 0, 74, 17.651, 17.711, 108.586, 98.156, 100, 0, 0, 34.452, 32.726, 100, 4.41, 100.192, 0, 0, 100.466, 105.456, 0, 0, 0, 0, 0, 13.9, 0, 12.5, 0, 5.371, 176, 0, 0, 0, 74, 1, 0.018, 0.018, 108.586, 98.156, 100, 0, 0, 141, 34.452, 32.726, 100, 4.41, 0, 100.192, 0, 0, 100.466, 105.456, 0, 0, 0, 0, 
4.1, 17.24, 100.353, 73.881, 74.68, , 13.837, 0.986, 463.419, 463.419, 5.408, 331.836, 331.836, 331.836, 51.694, , 35.171, 33.57, 7.377, 12.881, 0, 0, 92.788, 94.08, 92.788, 94.08, 1, 106.275, 106.275, 0.025, 0.136, 88.673, 89.907, 88.673, 89.907, 6.984, 7.377, 12.881, , , 1, 4.16, 0, 0, 12.5, 5.408, 176, 0, 0, 0, 74, 17.501, 17.561, 108.226, 98.008, 100, 0, 0, 34.652, 32.826, 100, 4.41, 99.392, 0, 0, 99.566, 106.202, 0, 0, 0, 0, 0, 13.9, 0, 12.5, 0, 5.408, 176, 0, 0, 0, 74, 1, 0.017, 0.017, 108.226, 98.008, 100, 0, 0, 141, 34.652, 32.826, 100, 4.41, 0, 99.392, 0, 0, 99.566, 106.202, 0, 0, 0, 0, 
4.15, 17.24, 100.352, 73.877, 74.68, , 13.763, 0.986, 471.202, 471.202, 5.445, 330.099, 330.099, 330.099, 51.702, , 34.883, 34.11, 7.378, 12.91, 0, 0, 92.897, 94.191, 92.897, 94.191, 1, 107.012, 107.012, 0.025, 0.137, 88.196, 89.423, 88.196, 89.423, 6.997, 7.378, 12.91, , , 1, 4.21, 0, 0, 12.5, 5.445, 176, 0, 0, 0, 74, 17.351, 17.411, 107.866, 97.86, 100, 0, 0, 34.852, 32.926, 100, 4.41, 98.592, 0, 0, 98.666, 106.948, 0, 0, 0, 0, 0, 13.9, 0, 12.5, 0, 5.445, 176, 0, 0, 0, 74, 1, 0.017, 0.017, 107.866, 97.86, 100, 0, 0, 141, 34.852, 32.926, 100, 4.41, 0, 98.592, 0, 0, 98.666, 106.948, 0, 0, 0, 0, 
4.2, 17.24, 100.352, 73.872, 74.68, , 13.66, 0.986, 478.901, 478.901, 5.482, 327.679, 327.679, 327.679, 51.709, , 34.595, 34.65, 7.378, 12.938, 0, 0, 92.802, 94.094, 92.802, 94.094, 1, 107.69, 107.69, 0.025, 0.137, 87.538, 88.756, 87.538, 88.756, 7.009, 7.378, 12.938, , , 1, 4.26, 0, 0, 12.5, 5.482, 176, 0, 0, 0, 74, 17.25, 17.307, 107.507, 97.693, 100, 0, 0, 35, 33, 100, 4.41, 98.052, 0, 0, 98.052, 107.66, 0, 0, 0, 0, 0, 13.9, 0, 12.5, 0, 5.482, 176, 0, 0, 0, 74, 1, 0.017, 0.017, 107.507, 97.693, 100, 0, 0, 141, 35, 33, 100, 4.41, 0, 98.052, 0, 0, 98.052, 107.66, 0, 0, 0, 0, 
4.25, 17.24, 100.352, 73.868, 74.68, , 13.575, 0.986, 486.769, 486.769, 5.518, 325.687, 325.687, 325.687, 51.716, , 34.307, 35.19, 7.379, 12.949, 0, 0, 92.811, 94.103, 92.811, 94.103, 1, 108.36, 108.36, 0.025, 0.138, 86.996, 88.206, 86.996, 88.206, 7.021, 7.379, 12.949, , , 1, 4.31, 0, 0, 12.5, 5.518, 176, 0, 0, 0, 74, 17.29, 17.335, 107.15, 97.475, 100, 0, 0, 35, 33, 100, 4.41, 98.25, 0, 0, 98.25, 108.275, 0, 0, 0, 0, 0, 13.9, 0, 12.5, 0, 5.518, 176, 0, 0, 0, 74, 1, 0.017, 0.017, 107.15, 97.475, 100, 0, 0, 141, 35, 33, 100, 4.41, 0, 98.25, 0, 0, 98.25, 108.275, 0, 0, 0, 0, 
4.3, 17.24, 100.351, 73.864, 74.68, , 13.483, 0.986, 494.553, 494.553, 5.555, 323.526, 323.526, 323.526, 51.72, , 34.019, 35.73, 7.379, 12.958, 0, 0, 92.76, 94.05, 92.76, 94.05, 1, 109.021, 109.021, 0.025, 0.138, 86.41, 87.612, 86.41, 87.612, 7.041, 7.379, 12.958, , , 1, 4.36, 0, 0, 12.5, 5.555, 176, 0, 0, 0, 74, 17.33, 17.363, 106.793, 97.257, 100, 0, 0, 35, 33, 100, 4.41, 98.448, 0, 0, 98.448, 108.89, 0, 0, 0, 0, 0, 13.9, 0, 12.5, 0, 5.555, 176, 0, 0, 0, 74, 1, 0.017, 0.017, 106.793, 97.257, 100, 0, 0, 141, 35, 33, 100, 4.41, 0, 98.448, 0, 0, 98.448, 108.89, 0, 0, 0, 0, 
4.35, 17.24, 100.351, 73.86, 74.68, , 13.393, 0.986, 502.428, 502.428, 5.591, 321.423, 321.423, 321.423, 51.725, , 33.959, 36.107, 7.38, 12.949, 0, 0, 92.715, 94.003, 92.715, 94.003, 1, 109.687, 109.687, 0.025, 0.138, 85.841, 87.035, 85.841, 87.035, 7.066, 7.38, 12.949, , , 1, 4.41, 0, 0, 12.5, 5.591, 176, 0, 0, 0, 74, 17.369, 17.391, 106.436, 97.038, 100, 0, 0, 35, 33, 100, 4.41, 98.647, 0, 0, 98.647, 109.505, 0, 0, 0, 0, 0, 13.9, 0, 12.5, 0, 5.591, 176, 0, 0, 0, 74, 1, 0.017, 0.017, 106.436, 97.038, 100, 0, 0, 141, 35, 33, 100, 4.41, 0, 98.647, 0, 0, 98.647, 109.505, 0, 0, 0, 0, 
4.4, 17.24, 100.351, 73.856, 74.68, , 13.279, 0.986, 510.431, 510.431, 5.627, 318.749, 318.749, 318.749, 51.728, , 34.622, 35.967, 7.38, 12.937, 0, 0, 92.497, 93.782, 92.497, 93.782, 1, 110.34, 110.34, 0.025, 0.138, 85.121, 86.306, 85.121, 86.306, 7.091, 7.38, 12.937, , , 1, 4.46, 0, 0, 12.5, 5.627, 176, 0, 0, 0, 74, 17.409, 17.418, 106.079, 96.82, 100, 0, 0, 35, 33, 100, 4.41, 98.845, 0, 0, 98.845, 110.12, 0, 0, 0, 0, 0, 13.9, 0, 12.5, 0, 5.627, 176, 0, 0, 0, 74, 1, 0.017, 0.017, 106.079, 96.82, 100, 0, 0, 141, 35, 33, 100, 4.41, 0, 98.845, 0, 0, 98.845, 110.12, 0, 0, 0, 0, 
4.45, 17.24, 100.35, 73.852, 74.68, , 13.179, 0.986, 518.37, 518.37, 5.663, 316.393, 316.393, 316.393, 51.729, , 35.285, 35.827, 7.38, 12.922, 0, 0, 92.351, 93.634, 92.351, 93.634, 1, 110.997, 110.997, 0.025, 0.138, 84.489, 85.664, 84.489, 85.664, 7.115, 7.38, 12.922, , , 1, 4.51, 0, 0, 12.5, 5.663, 176, 0, 0, 0, 74, 17.436, 17.439, 105.8, 96.618, 100, 0, 0, 35.021, 33.021, 100, 4.41, 99.043, 0, 0, 99.064, 110.785, 0, 0, 0, 0, 0, 13.9, 0, 12.5, 0, 5.663, 176, 0, 0, 0, 74, 1, 0.017, 0.017, 105.8, 96.618, 100, 0, 0, 141, 35.021, 33.021, 100, 4.41, 0, 99.043, 0, 0, 99.064, 110.785, 0, 0, 0, 0, 
4.5, 17.24, 100.35, 73.853, 74.68, , 13.063, 0.986, 526.422, 526.422, 5.697, 313.681, 313.681, 313.681, 51.734, , 35.947, 35.688, 7.38, 12.906, 0, 0, 92.09, 93.371, 92.09, 93.371, 1, 111.643, 111.643, 0.025, 0.138, 83.756, 84.922, 83.756, 84.922, 7.145, 7.38, 12.906, , , 1, 4.56, 0, 0, 12.5, 5.697, 176, 0, 0, 0, 74, 17.416, 17.433, 105.8, 96.475, 100, 0, 0, 35.118, 33.118, 100, 4.41, 99.236, 0, 0, 99.355, 111.628, 0, 0, 0, 0, 0, 13.9, 0, 12.5, 0, 5.697, 176, 0, 0, 0, 74, 1, 0.017, 0.017, 105.8, 96.475, 100, 0, 0, 141, 35.118, 33.118, 100, 4.41, 0, 99.236, 0, 0, 99.355, 111.628, 0, 0, 0, 0, 
4.55, 17.24, 100.351, 73.857, 74.68, , 12.93, 0.986, 534.548, 534.548, 5.731, 310.549, 310.549, 310.549, 51.745, , 36.61, 35.548, 7.38, 12.874, 0, 0, 91.695, 92.97, 91.695, 92.97, 1, 112.281, 112.281, 0.025, 0.138, 82.903, 84.058, 82.903, 84.058, 7.182, 7.38, 12.874, , , 1, 4.61, 0, 0, 12.5, 5.731, 176, 0, 0, 0, 74, 17.397, 17.427, 105.8, 96.332, 100, 0, 0, 35.215, 33.215, 100, 4.41, 99.43, 0, 0, 99.645, 112.472, 0, 0, 0, 0, 0, 13.9, 0, 12.5, 0, 5.731, 176, 0, 0, 0, 74, 1, 0.017, 0.017, 105.8, 96.332, 100, 0, 0, 141, 35.215, 33.215, 100, 4.41, 0, 99.43, 0, 0, 99.645, 112.472, 0, 0, 0, 0, 
4.6, 17.24, 100.351, 73.861, 74.68, , 12.815, 0.986, 542.686, 542.686, 5.765, 307.836, 307.836, 307.836, 51.76, , 37.205, 35.417, 7.38, 12.838, 0, 0, 91.411, 92.682, 91.411, 92.682, 1, 112.918, 112.918, 0.025, 0.138, 82.154, 83.299, 82.154, 83.299, 7.22, 7.38, 12.838, , , 1, 4.66, 0, 0, 12.5, 5.765, 176, 0, 0, 0, 74, 17.378, 17.421, 105.8, 96.188, 100, 0, 0, 35.312, 33.312, 100, 4.41, 99.624, 0, 0, 99.936, 113.315, 0, 0, 0, 0, 0, 13.9, 0, 12.5, 0, 5.765, 176, 0, 0, 0, 74, 1, 0.017, 0.017, 105.8, 96.188, 100, 0, 0, 141, 35.312, 33.312, 100, 4.41, 0, 99.624, 0, 0, 99.936, 113.315, 0, 0, 0, 0, 
4.65, 17.24, 100.351, 73.865, 74.68, , 12.751, 0.986, 550.893, 550.893, 5.8, 306.348, 306.348, 306.348, 51.78, , 37.019, 35.38, 7.38, 12.805, 0, 0, 91.48, 92.752, 91.48, 92.752, 1, 113.546, 113.546, 0.025, 0.137, 81.725, 82.864, 81.725, 82.864, 7.257, 7.38, 12.805, , , 1, 4.71, 0, 0, 12.5, 5.8, 176, 0, 0, 0, 74, 17.358, 17.415, 105.8, 96.045, 100, 0, 0, 35.409, 33.409, 100, 4.41, 99.818, 0, 0, 100.227, 114.158, 0, 0, 0, 0, 0, 13.9, 0, 12.5, 0, 5.8, 176, 0, 0, 0, 74, 1, 0.017, 0.017, 105.8, 96.045, 100, 0, 0, 141, 35.409, 33.409, 100, 4.41, 0, 99.818, 0, 0, 100.227, 114.158, 0, 0, 0, 0, 
4.7, 17.24, 100.352, 73.869, 74.68, , 12.644, 0.986, 559.111, 559.111, 5.834, 303.832, 303.832, 303.832, 51.804, , 36.833, 35.343, 7.38, 12.773, 0, 0, 91.231, 92.499, 91.231, 92.499, 1, 114.168, 114.168, 0.025, 0.137, 81.014, 82.142, 81.014, 82.142, 7.291, 7.38, 12.773, , , 1, 4.76, 0, 0, 12.5, 5.834, 176, 0, 0, 0, 74, 17.333, 17.408, 105.8, 95.896, 100, 0, 0, 35.506, 33.506, 100, 4.41, 100, 0, 0, 100.5, 114.981, 0, 0, 0, 0, 0, 13.9, 0, 12.5, 0, 5.834, 176, 0, 0, 0, 74, 1, 0.017, 0.017, 105.8, 95.896, 100, 0, 0, 141, 35.506, 33.506, 100, 4.41, 0, 100, 0, 0, 100.5, 114.981, 0, 0, 0, 0, 
4.75, 17.24, 100.352, 73.874, 74.68, , 12.578, 0.986, 567.404, 567.404, 5.87, 302.298, 302.298, 302.298, 51.829, , 36.647, 35.305, 7.38, 12.744, 0, 0, 91.266, 92.533, 91.266, 92.533, 1, 114.794, 114.794, 0.025, 0.137, 80.568, 81.689, 80.568, 81.689, 7.312, 7.38, 12.744, , , 1, 4.81, 0, 0, 12.5, 5.87, 176, 0, 0, 0, 74, 17.222, 17.373, 105.8, 95.667, 100, 0, 0, 35.61, 33.61, 100, 4.41, 100, 0, 0, 100.5, 115.495, 0, 0, 0, 0, 0, 13.9, 0, 12.5, 0, 5.87, 176, 0, 0, 0, 74, 1, 0.017, 0.017, 105.8, 95.667, 100, 0, 0, 141, 35.61, 33.61, 100, 4.41, 0, 100, 0, 0, 100.5, 115.495, 0, 0, 0, 0, 
4.8, 17.24, 100.353, 73.878, 74.68, , 11.946, 0.986, 575.743, 575.743, 5.906, 287.311, 287.311, 287.311, 51.85, , 36.461, 35.268, 7.379, 12.716, 0, 0, 87.154, 88.364, 87.154, 88.364, 1, 115.408, 115.408, 0.025, 0.137, 76.544, 77.61, 76.544, 77.61, 7.334, 7.379, 12.716, , , 1, 4.86, 0, 0, 12.5, 5.906, 176, 0, 0, 0, 74, 17.11, 17.338, 105.8, 95.438, 100, 0, 0, 35.713, 33.713, 100, 4.41, 100, 0, 0, 100.5, 116.01, 0, 0, 0, 0, 0, 13.9, 0, 12.5, 0, 5.906, 176, 0, 0, 0, 74, 1, 0.017, 0.017, 105.8, 95.438, 100, 0, 0, 141, 35.713, 33.713, 100, 4.41, 0, 100, 0, 0, 100.5, 116.01, 0, 0, 0, 0, 
4.85, 17.24, 100.353, 73.882, 74.68, , 9.899, 0.986, 584.083, 584.083, 5.942, 238.78, 238.78, 238.78, 51.894, , 36.26, 35.396, 7.379, 12.717, 0, 0, 72.669, 73.678, 72.669, 73.678, 1, 115.949, 115.949, 0.025, 0.137, 63.592, 64.477, 63.592, 64.477, 7.355, 7.379, 12.717, , , 1, 4.909, 0, 0, 12.5, 5.942, 176, 0, 0, 0, 74, 16.999, 17.303, 105.8, 95.208, 100, 0, 0, 35.816, 33.816, 100, 4.41, 100, 0, 0, 100.5, 116.524, 0, 0, 0, 0, 0, 13.9, 0, 12.5, 0, 5.942, 176, 0, 0, 0, 74, 1, 0.017, 0.017, 105.8, 95.208, 100, 0, 0, 141, 35.816, 33.816, 100, 4.41, 0, 100, 0, 0, 100.5, 116.524, 0, 0, 0, 0, 
4.9, , 100.353, 73.886, , , 7.598, 0.986, 592.571, 592.571, 5.978, 184.202, 184.202, 184.202, 51.98, , 36.008, 36.044, 7.378, 12.726, 0, 0, 56.229, 57.008, 56.229, 57.008, 1, 116.389, 116.389, 0.024, 0.137, 49.034, 49.716, 49.034, 49.716, 7.376, 7.378, 12.726, , , 1, 4.96, 0, 0, 12.5, 5.978, 176, 0, 0, 0, 74, 16.887, 17.267, 105.8, 94.979, 100, 0, 0, 35.919, 33.919, 100, 4.41, 100, 0, 0, 100.5, 117.039, 0, 0, 0, 0, 0, 13.9, 0, 12.5, 0, 5.978, 176, 0, 0, 0, 74, 1, 0.017, 0.017, 105.8, 94.979, 100, 0, 0, 141, 35.919, 33.919, 100, 4.41, 0, 100, 0, 0, 100.5, 117.039, 0, 0, 0, 0, 
4.95, , 100.354, 73.89, , , 4.853, 0.986, 601.046, 601.046, 6.013, 119.095, 119.095, 119.095, 52.11, , 35.756, 36.692, 7.378, 12.815, 0, 0, 36.443, 36.947, 36.443, 36.947, 1, 116.7, 116.7, 0.024, 0.137, 31.711, 32.151, 31.711, 32.151, 7.395, 7.378, 12.815, , , 1, 5.01, 0, 0.008, 12.5, 6.013, 176, 0, 0, 0, 74, 16.084, 16.98, 105.723, 94.768, 100, 0, 0, 36, 34.043, 100, 4.399, 99.808, 0, 0, 100.308, 117.493, 0, 0, 0, 0, 0, 13.9, 0.008, 12.5, 0, 6.013, 176, 0, 0, 0, 74, 1, 0.016, 0.017, 105.723, 94.768, 100, 0, 0, 141, 36, 34.043, 100, 4.399, 0, 99.808, 0, 0, 100.308, 117.493, 0, 0, 0, 0, 
5, , 100.354, 73.895, , , 0.822, 0.986, 609.521, 609.521, 6.044, 23.476, 23.476, 23.476, 52.275, , 35.504, 37.34, 7.378, 12.929, 0, 0, 7.195, 7.292, 7.195, 7.292, 1, 116.854, 116.854, 0.024, 0.137, 6.391, 6.479, 6.391, 6.479, 7.414, 7.378, 12.929, , , 1, 5.06, 0, 0.043, 12.5, 6.044, 176, 0, 0, 0, 74, 12.828, 15.798, 105.374, 94.625, 100, 0, 0, 36, 34.236, 100, 4.351, 98.936, 0, 0, 99.436, 117.733, 0, 0, 0, 0, 0, 13.9, 0.043, 12.5, 0, 6.044, 176, 0, 0, 0, 74, 1, 0.013, 0.016, 105.374, 94.625, 100, 0, 0, 141, 36, 34.236, 100, 4.351, 0, 98.936, 0, 0, 99.436, 117.733, 0, 0, 0, 0, 
5.05, , 100.354, 73.899, , , -2.715, 0.986, 618.108, 618.108, 6.076, -60.44, -60.44, -60.44, 52.381, , 35.252, 37.988, 7.379, 13.111, 0, 0, -18.513, -18.773, -18.513, -18.773, 1, 116.793, 116.793, 0.024, 0.137, -15.846, -16.067, -15.846, -16.067, 7.432, 7.379, 13.111, , , 1, 5.11, 0, 0.077, 12.5, 6.076, 176, 0, 0, 0, 74, 9.572, 14.616, 105.026, 94.482, 100, 0, 0, 36, 34.43, 100, 4.302, 98.064, 0, 0, 98.564, 117.973, 0, 0, 0, 0, 0, 13.9, 0.077, 12.5, 0, 6.076, 176, 0, 0, 0, 74, 1, 0.01, 0.014, 105.026, 94.482, 100, 0, 0, 141, 36, 34.43, 100, 4.302, 0, 98.064, 0, 0, 98.564, 117.973, 0, 0, 0, 0, 
5.1, , 100.355, 73.903, , , -4.496, 0.986, 626.645, 626.645, 6.107, -102.704, -102.704, -102.704, 52.387, , 35.077, 38.428, 7.381, 13.316, 0, 0, -31.435, -31.874, -31.435, -31.874, 1, 116.607, 116.607, 0.024, 0.137, -27.059, -27.435, -27.059, -27.435, 7.451, 7.381, 13.316, , , 1, 5.16, 0, 0.112, 12.5, 6.107, 176, 0, 0, 0, 74, 6.316, 13.433, 104.677, 94.338, 100, 0, 0, 36, 34.624, 100, 4.254, 97.192, 0, 0, 97.692, 118.214, 0, 0, 0, 0, 0, 13.9, 0.112, 12.5, 0, 6.107, 176, 0, 0, 0, 74, 1, 0.006, 0.013, 104.677, 94.338, 100, 0, 0, 141, 36, 34.624, 100, 4.254, 0, 97.192, 0, 0, 97.692, 118.214, 0, 0, 0, 0, 
5.15, , 100.355, 73.907, , , -5.929, 0.986, 635.287, 635.287, 6.138, -136.707, -136.707, -136.707, 52.273, , 35.149, 38.212, 7.382, 13.561, 0, 0, -41.803, -42.385, -41.803, -42.385, 1, 116.343, 116.343, 0.024, 0.137, -36.124, -36.627, -36.124, -36.627, 7.492, 7.382, 13.561, , , 1, 5.21, 0, 0.147, 12.5, 6.138, 176, 0, 0, 0, 74, 3.06, 12.251, 104.328, 94.195, 100, 0, 0, 36, 34.818, 100, 4.206, 96.32, 0, 0, 96.82, 118.454, 0, 0, 0, 0, 0, 13.9, 0.147, 12.5, 0, 6.138, 176, 0, 0, 0, 74, 1, 0.003, 0.012, 104.328, 94.195, 100, 0, 0, 141, 36, 34.818, 100, 4.206, 0, 96.32, 0, 0, 96.82, 118.454, 0, 0, 0, 0, 
5.2, , 100.356, 73.911, , , -6.803, 0.986, 643.768, 643.768, 6.165, -157.458, -157.458, -157.458, 52.027, , 35.221, 37.996, 7.384, 13.82, 0, 0, -48.077, -48.745, -48.077, -48.745, 1, 116.02, 116.02, 0.024, 0.138, -41.746, -42.327, -41.746, -42.327, 7.534, 7.384, 13.82, , , 1, 5.26, 0, 0.178, 12.5, 6.165, 176, 0, 0, 0, 73.851, 0.033, 11.033, 104, 93.081, 100, 0, 0, 35.988, 35, 98.76, 4.115, 95.562, 0, 0, 96.093, 118.649, 0, 0, 0, 0, 0, 13.9, 0.178, 12.5, 0, 6.165, 176, 0, 0, 0, 73.851, 1, 0, 0.011, 104, 93.077, 100, 0, 0, 141, 35.988, 35, 98.76, 4.115, 0, 95.562, 0, 0, 96.093, 118.649, 0, 0, 0, 0, 
5.25, , 100.356, 73.916, , , -6.273, 0.986, 652.299, 652.299, 6.106, -144.905, -144.905, -144.905, 51.732, , 35.293, 37.78, 7.384, 14.005, 0, 0, -44.115, -44.727, -44.115, -44.727, 1, 115.688, 115.688, 0.025, 0.138, -38.645, -39.182, -38.645, -39.182, 7.576, 7.384, 14.005, , , 1, 5.31, 0, 0.141, 12.5, 6.106, 176, 0, 0, 0, 71.372, 0.576, 9.248, 104, 76.767, 100, 0, 0, 35.781, 35, 78.099, 3.369, 96.595, 0, 0, 97.643, 118.137, 0, 0, 0, 0, 0, 13.9, 0.141, 12.5, 0, 6.106, 176, 0, 0, 0, 71.372, 1, 0.001, 0.009, 104, 76.695, 100, 0, 0, 141, 35.781, 35, 78.099, 3.369, 0, 96.595, 0, 0, 97.643, 118.137, 0, 0, 0, 0, 
5.3, , 100.356, 73.92, , , -5.811, 0.986, 660.891, 660.891, 6.048, -133.941, -133.941, -133.941, 51.543, , 35.365, 37.564, 7.384, 14.16, 0, 0, -40.656, -41.22, -40.656, -41.22, 1, 115.387, 115.387, 0.025, 0.138, -35.879, -36.378, -35.879, -36.378, 7.618, 7.384, 14.16, , , 1, 5.36, 0, 0.103, 12.5, 6.048, 176, 0, 0, 0, 68.893, 1.119, 7.463, 104, 60.453, 100, 0, 0, 35.574, 35, 57.438, 2.624, 97.628, 0, 0, 99.192, 117.624, 0, 0, 0, 0, 0, 13.9, 0.103, 12.5, 0, 6.048, 176, 0, 0, 0, 68.893, 1, 0.001, 0.007, 104, 60.314, 100, 0, 0, 141, 35.574, 35, 57.438, 2.624, 0, 97.628, 0, 0, 99.192, 117.624, 0, 0, 0, 0, 
5.35, , 100.357, 73.924, , , -5.66, 0.986, 669.366, 669.366, 5.99, -130.376, -130.376, -130.376, 51.482, , 35.463, 37.348, 7.383, 14.321, 0, 0, -39.47, -40.017, -39.47, -40.017, 1, 115.099, 115.099, 0.025, 0.138, -34.976, -35.463, -34.976, -35.463, 7.656, 7.383, 14.321, , , 1, 5.409, 0, 0.066, 12.5, 5.99, 176, 0, 0, 0, 66.413, 1.663, 5.678, 104, 44.139, 100, 0, 0, 35.368, 35, 36.777, 1.878, 98.661, 0, 0, 100.742, 117.112, 0, 0, 0, 0, 0, 13.9, 0.066, 12.5, 0, 5.99, 176, 0, 0, 0, 66.413, 1, 0.002, 0.005, 104, 43.932, 100, 0, 0, 141, 35.368, 35, 36.777, 1.878, 0, 98.661, 0, 0, 100.742, 117.112, 0, 0, 0, 0, 
5.4, , 100.357, 73.928, , , -5.632, 0.986, 677.816, 677.816, 5.932, -129.716, -129.716, -129.716, 51.551, , 35.643, 37.132, 7.382, 14.484, 0, 0, -39.171, -39.715, -39.171, -39.715, 1, 114.814, 114.814, 0.025, 0.138, -34.757, -35.241, -34.757, -35.241, 7.694, 7.382, 14.484, , , 1, 5.46, 0, 0.029, 12.5, 5.932, 176, 0, 0, 0, 63.934, 2.206, 3.892, 104, 27.825, 100, 0, 0, 35.161, 35, 16.116, 1.132, 99.694, 0, 0, 102.291, 116.6, 0, 0, 0, 0, 0, 13.9, 0.029, 12.5, 0, 5.932, 176, 0, 0, 0, 63.934, 1, 0.003, 0.003, 104, 27.55, 100, 0, 0, 141, 35.161, 35, 16.116, 1.132, 0, 99.694, 0, 0, 102.291, 116.6, 0, 0, 0, 0, 
5.45, , 100.357, 73.932, , , -5.564, 0.986, 686.316, 686.316, 5.891, -128.123, -128.123, -128.123, 51.748, , 35.823, 36.916, 7.381, 14.717, 0, 0, -38.596, -39.132, -38.596, -39.132, 1, 114.531, 114.531, 0.025, 0.138, -34.205, -34.682, -34.205, -34.682, 7.731, 7.381, 14.717, , , 1, 5.51, 0, 0, 12.5, 5.891, 176, 0, 0, 0, 61.36, 2.622, 2.495, 104, 15.068, 100, 0, 0, 35, 35, 0, 0.55, 100.5, 0, 0, 103.5, 116.147, 0, 0, 0, 0, 0, 13.904, 0, 12.5, 0, 5.891, 176, 0, 0, 0, 61.36, 1, 0.003, 0.002, 104, 15.066, 100, 0, 0, 141, 35, 35, 0, 0.55, 0, 100.5, 0, 0, 103.5, 116.147, 0, 0, 0, 0, 
5.5, , 100.358, 73.937, , , -5.503, 0.986, 694.661, 694.661, 5.907, -126.695, -126.695, -126.695, 51.919, , 36.003, 36.7, 7.38, 14.985, 0, 0, -38.076, -38.606, -38.076, -38.606, 1, 114.256, 114.256, 0.025, 0.139, -34.139, -34.616, -34.139, -34.616, 7.768, 7.38, 14.985, , , 1, 5.56, 0, 0, 12.5, 5.907, 176, 0, 0, 0, 58.453, 2.587, 2.474, 104, 14.924, 100, 0, 0, 35, 35, 0, 0.55, 100.5, 0, 0, 103.5, 115.904, 0, 0, 0, 0, 0, 13.924, 0, 12.5, 0, 5.907, 176, 0, 0, 0, 58.453, 1, 0.003, 0.002, 104, 14.922, 100, 0, 0, 141, 35, 35, 0, 0.55, 0, 100.5, 0, 0, 103.5, 115.904, 0, 0, 0, 0, 
5.55, , 100.358, 73.941, , , -5.534, 0.986, 703.168, 703.168, 5.923, -127.421, -127.421, -127.421, 52.054, , 36.183, 36.484, 7.38, 15.202, 0, 0, -38.197, -38.729, -38.197, -38.729, 1, 113.976, 113.976, 0.025, 0.139, -33.919, -34.393, -33.919, -34.393, 7.783, 7.38, 15.202, , , 1, 5.61, 0, 0, 12.5, 5.923, 176, 0, 0, 0, 55.547, 2.553, 2.453, 104, 14.78, 100, 0, 0, 35, 35, 0, 0.55, 100.5, 0, 0, 103.5, 115.662, 0, 0, 0, 0, 0, 13.943, 0, 12.5, 0, 5.923, 176, 0, 0, 0, 55.547, 1, 0.003, 0.002, 104, 14.779, 100, 0, 0, 141, 35, 35, 0, 0.55, 0, 100.5, 0, 0, 103.5, 115.662, 0, 0, 0, 0, 
5.6, , 100.359, 73.945, , , -5.525, 0.986, 710.673, 710.673, 5.939, -127.212, -127.212, -127.212, 52.189, , , , 7.38, 15.389, 0, 0, -38.076, -38.606, -38.076, -38.606, 1, 113.766, 113.766, 0.025, 0.138, -33.514, -33.983, -33.514, -33.983, 7.789, 7.38, 15.389, , , 1, 5.65, 0, 0, 12.5, 5.939, 176, 0, 0, 0, 52.64, 2.518, 2.431, 104, 14.636, 100, 0, 0, 35, 35, 0, 0.55, 100.5, 0, 0, 103.5, 115.42, 0, 0, 0, 0, 0, 13.962, 0, 12.5, 0, 5.939, 176, 0, 0, 0, 52.64, 1, 0.002, 0.002, 104, 14.635, 100, 0, 0, 141, 35, 35, 0, 0.55, 0, 100.5, 0, 0, 103.5, 115.42, 0, 0, 0, 0, 
5.65, , 100.359, 73.949, , , -5.473, 0.986, 714.843, 714.843, 5.955, -125.999, -125.999, -125.999, 52.319, , , , 7.38, 15.624, 0, 0, -37.666, -38.19, -37.666, -38.19, 1, 113.63, 113.63, 0.025, 0.138, -32.227, -32.68, -32.227, -32.68, 7.795, 7.38, 15.624, , , 1, 5.675, 0, 0, 12.5, 5.955, 176, 0, 0, 0, 49.733, 2.483, 2.41, 104, 14.492, 100, 0, 0, 35, 35, 0, 0.55, 100.5, 0, 0, 103.5, 115.178, 0, 0, 0, 0, 0, 13.982, 0, 12.5, 0, 5.955, 176, 0, 0, 0, 49.733, 1, 0.002, 0.002, 104, 14.492, 100, 0, 0, 141, 35, 35, 0, 0.55, 0, 100.5, 0, 0, 103.5, 115.178, 0, 0, 0, 0, 
5.7, , 100.359, 73.953, , , -5.542, 0.986, 719.013, 719.013, , -127.634, -127.634, -127.634, , , , , 7.38, 15.889, 0, 0, -38.11, -38.642, -38.11, -38.642, 1, 113.496, 113.496, 0.025, 0.138, , , , , 7.801, 7.38, 15.889, , , 1, 5.7, , , , , , , , , , , , , , , , , , , , , , , , , , , , , , , , , , , , , , , , , , , , , , , , , , , , , , , , , , , , , , , , 
5.75, , 100.36, 73.957, , , -5.797, 0.986, 723.183, 723.183, , -133.695, -133.695, -133.695, , , , , , , , , -39.875, -40.43, -39.875, -40.43, , 113.355, 113.355, , , , , , , , , , , , , 5.724, , , , , , , , , , , , , , , , , , , , , , , , , , , , , , , , , , , , , , , , , , , , , , , , , , , , , , , , , , , , , , , , 
5.8, , , , , , , , 727.353, 727.353, , , , , , , , , , , , , , , , , , 113.21, 113.21, , , , , , , , , , , , , , , , , , , , , , , , , , , , , , , , , , , , , , , , , , , , , , , , , , , , , , , , , , , , , , , , , , , , , , , , , , , , , 
