Time, (DWRT ATMO) Humidity, (DWRT ATMO) Pressure, (DWRT ATMO) Temperature 1, (DWRT ATMO) Temperature 2, (DWRT CPU) ????????????????????????????????????????????????????????????????, (DWRT CPU) Acceleration, (DWRT CPU) Correction Factor, (DWRT CPU) Distance, (DWRT CPU) Distance 1, (DWRT CPU) Engine RPM, (DWRT CPU) Force, (DWRT CPU) Force 1, (DWRT CPU) Force Drum 1, (DWRT CPU) Gear Ratio, (DWRT CPU) Inductive 1 Signal Strength, (DWRT CPU) Internal Temp 1, (DWRT CPU) Internal Temp 2, (DWRT CPU) LC1 Volts Petrol AFR, (DWRT CPU) LC2 Volts Petrol AFR2, (DWRT CPU) Link 0 Status, (DWRT CPU) Link 1 Status, (DWRT CPU) Power, (DWRT CPU) Power (uncorrected), (DWRT CPU) Power Drum 1, (DWRT CPU) Power Drum 1 (uncorrected), (DWRT CPU) Sampling, (DWRT CPU) Speed, (DWRT CPU) Speed 1, (DWRT CPU) TCP RX kB/s, (DWRT CPU) TCP TX kB/s, (DWRT CPU) Torque, (DWRT CPU) Torque (uncorrected), (DWRT CPU) Torque Drum 1, (DWRT CPU) Torque Drum 1 (uncorrected), (DWRT CPU) UDP RX kB/s, (DWRT CPU) User Analog 1, (DWRT CPU) User Analog 2, (DWRT CPU) User Analog 3, (DWRT CPU) User Analog 4, (Gen) Sampling, (Gen) Sampling Duration, (Harley - ECU Type 14 SW Level 141) Accel Enrichment, (Harley - ECU Type 14 SW Level 141) Decel Enleanment, (Harley - ECU Type 14 SW Level 141) Desired Air/Fuel, (Harley - ECU Type 14 SW Level 141) Engine Speed, (Harley - ECU Type 14 SW Level 141) Engine Temperature, (Harley - ECU Type 14 SW Level 141) Front Adaptive Fuel Factor, (Harley - ECU Type 14 SW Level 141) Front Closed Loop Integrator, (Harley - ECU Type 14 SW Level 141) Front Spark Knock Retard, (Harley - ECU Type 14 SW Level 141) Idle Air Control Motor Position, (Harley - ECU Type 14 SW Level 141) Injector Time Front, (Harley - ECU Type 14 SW Level 141) Injector Time Rear, (Harley - ECU Type 14 SW Level 141) Intake Air Temperature, (Harley - ECU Type 14 SW Level 141) Manifold Absolute Pressure, (Harley - ECU Type 14 SW Level 141) Rear Adaptive Fuel Factor, (Harley - ECU Type 14 SW Level 141) Rear Closed Loop Integrator, (Harley - ECU Type 14 SW Level 141) Rear Spark Knock Retard, (Harley - ECU Type 14 SW Level 141) Spark Advance Front, (Harley - ECU Type 14 SW Level 141) Spark Advance Rear, (Harley - ECU Type 14 SW Level 141) Throttle Position, (Harley - ECU Type 14 SW Level 141) Throttle Position Sensor Voltage, (Harley - ECU Type 14 SW Level 141) VE Front, (Harley - ECU Type 14 SW Level 141) VE New Front, (Harley - ECU Type 14 SW Level 141) VE New Rear, (Harley - ECU Type 14 SW Level 141) VE Rear, (Harley - ECU Type 14 SW Level 141) Vehicle Speed, (Harley - ECU Type 14 SW Level 141) WBO2 AFR Front, (Harley - ECU Type 14 SW Level 141) WBO2 AFR Rear, (PV) Accel Enrichment, (PV) AT Lambda 1, (PV) AT Lambda 2, (PV) Battery Voltage, (PV) Decel Enleanment, (PV) Desired Air/Fuel, (PV) Desired Lambda, (PV) Engine Speed, (PV) Engine Temperature, (PV) Front Adaptive Fuel Factor, (PV) Front Closed Loop Integrator, (PV) Front Spark Knock Retard, (PV) Idle Air Control Motor Position, (PV) Idle Set Speed, (PV) Injector Time Front, (PV) Injector Time Rear, (PV) Intake Air Temperature, (PV) Manifold Absolute Pressure, (PV) Rear Adaptive Fuel Factor, (PV) Rear Closed Loop Integrator, (PV) Rear Spark Knock Retard, (PV) Software Level, (PV) Spark Advance Front, (PV) Spark Advance Rear, (PV) Throttle Position, (PV) Throttle Position Sensor, (PV) Twistgrip Position, (PV) VE Front, (PV) VE New Front, (PV) VE New Rear, (PV) VE Rear, (PV) Vehicle Speed, (PV) Warm-up Fuel AFR (Lambda), (PV) Warm-up Fuel AFR (Ratio), (PV) WBO2 AFR Front, (PV) WBO2 AFR Rear, 
0, , , , , , , , , , , , , , , , , , , , , , , , , , , , , , , , , , , , , , , , 1, 0, , , , , , , , , , , , , , , , , , , , , , , , , , , , , , , , , , , , , , , , , , , , , , , , , , , , , , , , , , , , , , , , 
0.05, , , , , , 2.549, , , , , 62.29, 62.29, 62.29, , , , , , , , , , , , , , , , , , , , , , , , , , , 1, 0.025, , , , , , , , , , , , , , , , , , , , , , , , , , , , , , , , , , , , , , , , , , , , , , , , , , , , , , , , , , , , , , , , 
0.1, , , , , , 2.648, , , , , 64.646, 64.646, 64.646, , , 34.529, 37.151, , , , , , , , , , 43.817, 43.817, 0.024, 0.127, , , , , 4.541, , , , , 1, 0.099, , , , , , , , , , , , , , , , , , , , , , , , , , , , , , , , , , , , , , , , , , , , , , , , , , , , , , , , , , , , , , , , 
0.15, , , , , , 4.392, , 8.476, 8.476, , 106.033, 106.033, 106.033, , , 34.565, 36.863, 7.407, 7.35, 0, 0, 12.321, 12.532, 12.321, 12.532, 1, 44.053, 44.053, 0.024, 0.127, 28.647, 29.133, 28.647, 29.133, 4.561, 7.407, 7.35, , , 1, 0.15, , , , , , , , , , , , , , , , , , , , , , , , , , , , , , , , , , , , , , , , , , , , , , , , , , , , , , , , , , , , , , , , 
0.2, , , , , , 6.361, , 14.107, 14.107, 2.301, 152.763, 152.763, 152.763, , , 34.601, 36.575, 7.407, 7.35, 0, 0, 17.95, 18.257, 17.95, 18.257, 1, 44.422, 44.422, 0.024, 0.127, 40.661, 41.349, 40.661, 41.349, 4.581, 7.407, 7.35, , , 1, 0.176, 0.152, 0, 13.888, 2.301, 145, 0, 0, 0, 60.836, 7.572, 7.709, 116.6, 44.69, 100, 0, 0, 34.568, 34.622, 10.96, 1.006, 100.972, 0, 0, 111.108, 44.489, 0, 0, 0.152, 0, 0, 13.6, 0, 13.888, 0, 2.301, 145, 0, 0, 0, 60.836, 1, 0.008, 0.008, 116.6, 44.69, 100, 0, 0, 141, 34.568, 34.622, 10.96, 1.006, 0, 100.972, 0, 0, 111.108, 44.489, 0, 0.6, 0, 0, 
0.25, , , , , , 8.418, , 18.972, 18.972, 2.323, 201.565, 201.565, 201.565, 51.95, , 34.637, 36.287, 7.407, 7.35, 0, 0, 23.934, 24.343, 23.934, 24.343, 1, 44.98, 44.98, 0.024, 0.127, 53.895, 54.805, 53.895, 54.805, 4.601, 7.407, 7.35, , , 1, 0.345, 0.424, 0, 13.689, 2.323, 145, 0, 0, 0, 64.236, 9.391, 9.799, 116.6, 51.405, 100, 0, 0, 33.768, 33.922, 14.46, 1.166, 100.922, 0, 0, 109.514, 45.172, 0, 0, 0.424, 0, 0, 13.6, 0, 13.689, 0, 2.323, 145, 0, 0, 0, 64.236, 1, 0.01, 0.01, 116.6, 51.405, 100, 0, 0, 141, 33.768, 33.922, 14.46, 1.166, 0, 100.922, 0, 0, 109.514, 45.172, 0, 0.6, 0, 0, 
0.3, , , , , , 9.579, , 23.836, 23.836, 2.345, 229.104, 229.104, 229.104, 51.696, , 34.673, 35.999, 7.407, 7.35, 0, 0, 27.464, 27.933, 27.464, 27.933, 1, 45.549, 45.549, 0.024, 0.127, 61.443, 62.48, 61.443, 62.48, 4.604, 7.407, 7.35, , , 1, 0.401, 0.696, 0, 13.49, 2.345, 145, 0, 0, 0, 67.636, 11.21, 11.889, 116.6, 58.12, 100, 0, 0, 32.968, 33.222, 17.96, 1.326, 100.873, 0, 0, 107.92, 45.855, 0, 0, 0.696, 0, 0, 13.6, 0, 13.49, 0, 2.345, 145, 0, 0, 0, 67.636, 1, 0.012, 0.012, 116.6, 58.12, 100, 0, 0, 141, 32.968, 33.222, 17.96, 1.326, 0, 100.873, 0, 0, 107.92, 45.855, 0, 0.6, 0, 0, 
0.35, , , , , , 10.478, , 27.753, 27.753, 2.366, 250.45, 250.45, 250.45, 51.345, , 34.743, 35.72, 7.407, 7.35, 0, 0, 30.321, 30.837, 30.321, 30.837, 1, 46.038, 46.038, 0.024, 0.127, 67.353, 68.49, 67.353, 68.49, 4.599, 7.407, 7.35, , , 1, 0.451, 0.968, 0, 13.291, 2.366, 145, 0, 0, 0, 71.036, 13.029, 13.979, 116.6, 64.835, 100, 0, 0, 32.168, 32.522, 21.46, 1.486, 100.823, 0, 0, 106.327, 46.538, 0, 0, 0.968, 0, 0, 13.6, 0, 13.291, 0, 2.366, 145, 0, 0, 0, 71.036, 1, 0.013, 0.014, 116.6, 64.835, 100, 0, 0, 141, 32.168, 32.522, 21.46, 1.486, 0, 100.823, 0, 0, 106.327, 46.538, 0, 0.6, 0, 0, 
0.4, , , , , , 11.165, , 31.088, 31.088, 2.388, 266.753, 266.753, 266.753, 51.125, , 34.923, 35.468, 7.407, 7.35, 0, 0, 32.63, 33.184, 32.63, 33.184, 1, 46.575, 46.575, 0.024, 0.127, 71.921, 73.135, 71.921, 73.135, 4.594, 7.407, 7.35, , , 1, 0.501, 1.24, 0, 13.092, 2.388, 145, 0, 0, 0, 74.436, 14.848, 16.069, 116.6, 71.55, 100, 0, 0, 31.368, 31.822, 24.96, 1.646, 100.773, 0, 0, 104.733, 47.221, 0, 0, 1.24, 0, 0, 13.6, 0, 13.092, 0, 2.388, 145, 0, 0, 0, 74.436, 1, 0.015, 0.016, 116.6, 71.55, 100, 0, 0, 141, 31.368, 31.822, 24.96, 1.646, 0, 100.773, 0, 0, 104.733, 47.221, 0, 0.6, 0, 0, 
0.45, , , , , , 11.619, , 34.424, 34.424, 2.405, 277.53, 277.53, 277.53, 50.981, , 35.103, 35.216, 7.407, 7.35, 0, 0, 34.336, 34.918, 34.336, 34.918, 1, 47.133, 47.133, 0.024, 0.127, 74.992, 76.258, 74.992, 76.258, 4.589, 7.407, 7.35, , , 1, 0.551, 1.28, 0, 12.887, 2.405, 145, 0, 0, 0, 76, 15.809, 17.144, 116.6, 76.529, 100, 0, 0, 30.606, 31.05, 27.608, 1.762, 99.484, 0, 0, 102.425, 47.71, 0, 0, 1.28, 0, 0, 13.6, 0, 12.887, 0, 2.405, 145, 0, 0, 0, 76, 1, 0.016, 0.017, 116.6, 76.529, 100, 0, 0, 141, 30.606, 31.05, 27.608, 1.762, 0, 99.484, 0, 0, 102.425, 47.71, 0, 0.6, 0, 0, 
0.5, , , , , , 11.917, , 37.799, 37.799, 2.417, 284.631, 284.631, 284.631, 50.896, , 35.283, 34.964, 7.407, 7.35, 0, 0, 35.633, 36.237, 35.633, 36.237, 1, 47.707, 47.707, 0.024, 0.127, 77.04, 78.341, 77.04, 78.341, 4.592, 7.407, 7.35, , , 1, 0.6, 1.122, 0, 12.678, 2.417, 145, 0, 0, 0, 76, 16.04, 17.354, 116.6, 80.142, 100, 0, 0, 29.877, 30.217, 29.588, 1.839, 97.141, 0, 0, 99.508, 48.034, 0, 0, 1.122, 0, 0, 13.6, 0, 12.678, 0, 2.417, 145, 0, 0, 0, 76, 1, 0.016, 0.017, 116.6, 80.142, 100, 0, 0, 141, 29.877, 30.217, 29.588, 1.839, 0, 97.141, 0, 0, 99.508, 48.034, 0, 0.6, 0, 0, 
0.55, , , , , , 12.09, , 41.227, 41.227, 2.43, 288.739, 288.739, 288.739, 50.817, , 35.463, 34.712, 7.407, 7.35, 0, 0, 36.578, 37.198, 36.578, 37.198, 1, 48.296, 48.296, 0.024, 0.127, 78.266, 79.587, 78.266, 79.587, 4.605, 7.407, 7.35, , , 1, 0.651, 0.964, 0, 12.469, 2.43, 145, 0, 0, 0, 76, 16.27, 17.564, 116.6, 83.756, 100, 0, 0, 29.148, 29.383, 31.567, 1.916, 94.797, 0, 0, 96.592, 48.358, 0, 0, 0.964, 0, 0, 13.6, 0, 12.469, 0, 2.43, 145, 0, 0, 0, 76, 1, 0.017, 0.018, 116.6, 83.756, 100, 0, 0, 141, 29.148, 29.383, 31.567, 1.916, 0, 94.797, 0, 0, 96.592, 48.358, 0, 0.6, 0, 0, 
0.6, , , , , , 12.16, , 44.713, 44.713, 2.442, 290.4, 290.4, 290.4, 50.752, , 35.548, 34.598, 7.407, 7.35, 0, 0, 37.231, 37.863, 37.231, 37.863, 1, 48.886, 48.886, 0.024, 0.127, 78.82, 80.149, 78.82, 80.149, 4.618, 7.407, 7.35, , , 1, 0.701, 0.806, 0, 12.259, 2.442, 145, 0, 0, 0, 76, 16.5, 17.775, 116.6, 87.369, 100, 0, 0, 28.419, 28.55, 33.546, 1.993, 92.453, 0, 0, 93.675, 48.682, 0, 0, 0.806, 0, 0, 13.6, 0, 12.259, 0, 2.442, 145, 0, 0, 0, 76, 1, 0.017, 0.018, 116.6, 87.369, 100, 0, 0, 141, 28.419, 28.55, 33.546, 1.993, 0, 92.453, 0, 0, 93.675, 48.682, 0, 0.6, 0, 0, 
0.65, , , , , , 12.275, , 48.198, 48.198, 2.455, 293.15, 293.15, 293.15, 50.697, , 35.331, 34.923, 7.407, 7.35, 0, 0, 38.044, 38.688, 38.044, 38.688, 1, 49.481, 49.481, 0.024, 0.126, 79.65, 80.994, 79.65, 80.994, 4.632, 7.407, 7.35, , , 1, 0.75, 0.648, 0, 12.05, 2.455, 145, 0, 0, 0, 76, 16.73, 17.985, 116.6, 90.983, 100, 0, 0, 27.69, 27.717, 35.525, 2.07, 90.109, 0, 0, 90.758, 49.006, 0, 0, 0.648, 0, 0, 13.6, 0, 12.05, 0, 2.455, 145, 0, 0, 0, 76, 1, 0.017, 0.018, 116.6, 90.983, 100, 0, 0, 141, 27.69, 27.717, 35.525, 2.07, 0, 90.109, 0, 0, 90.758, 49.006, 0, 0.6, 0, 0, 
0.7, , , , , , 12.285, , 51.764, 51.764, 2.48, 293.396, 293.396, 293.396, 50.652, , 35.114, 35.249, 7.407, 7.35, 0, 0, 38.528, 39.18, 38.528, 39.18, 1, 50.079, 50.079, 0.024, 0.126, 79.778, 81.124, 79.778, 81.124, 4.651, 7.407, 7.35, , , 1, 0.8, 0.745, 0, 12, 2.48, 145, 0, 0, 0, 76, 17.123, 18.115, 116.6, 93.246, 100, 0, 0, 27.426, 27.5, 38.876, 2.196, 88.982, 0, 0, 89.704, 49.55, 0, 0, 0.745, 0, 0, 13.585, 0, 12, 0, 2.48, 145, 0, 0, 0, 76, 1, 0.017, 0.018, 116.6, 93.246, 100, 0, 0, 141, 27.426, 27.5, 38.876, 2.197, 0, 88.982, 0, 0, 89.704, 49.55, 0, 0.6, 0, 0, 
0.75, , , , , , 12.297, , 55.382, 55.382, 2.51, 293.705, 293.705, 293.705, 50.627, , 34.897, 35.574, 7.407, 7.35, 0, 0, 39.03, 39.69, 39.03, 39.69, 1, 50.675, 50.675, 0.024, 0.126, 79.904, 81.253, 79.904, 81.253, 4.681, 7.407, 7.35, , , 1, 0.85, 0.922, 0, 12, 2.51, 145, 0, 0, 0, 76, 17.573, 18.217, 116.6, 95.083, 100, 0, 0, 27.326, 27.5, 42.661, 2.34, 88.282, 0, 0, 89.304, 50.172, 0, 0, 0.922, 0, 0, 13.565, 0, 12, 0, 2.51, 145, 0, 0, 0, 76, 1, 0.018, 0.018, 116.6, 95.083, 100, 0, 0, 141, 27.326, 27.5, 42.661, 2.341, 0, 88.282, 0, 0, 89.304, 50.172, 0, 0.6, 0, 0, 
0.8, , , , , , 12.352, , 59.042, 59.042, 2.539, 295.012, 295.012, 295.012, 50.613, 100, 34.68, 35.899, 7.407, 7.35, 0, 0, 39.675, 40.344, 39.675, 40.344, 1, 51.276, 51.276, 0.024, 0.126, 80.284, 81.64, 80.284, 81.64, 4.711, 7.407, 7.35, , , 1, 0.901, 1.099, 0, 12, 2.539, 145, 0, 0, 0, 76, 18.023, 18.319, 116.6, 96.919, 100, 0, 0, 27.226, 27.5, 46.446, 2.483, 87.582, 0, 0, 88.904, 50.794, 0, 0, 1.099, 0, 0, 13.545, 0, 12, 0, 2.539, 145, 0, 0, 0, 76, 1, 0.018, 0.019, 116.6, 96.919, 100, 0, 0, 141, 27.226, 27.5, 46.446, 2.485, 0, 87.582, 0, 0, 88.904, 50.794, 0, 0.6, 0, 0, 
0.85, , 100.36, 71.26, , , 12.424, 0.983, 62.748, 62.748, 2.568, 296.744, 296.744, 296.744, 50.609, 74.009, 34.464, 36.093, 7.407, 7.35, 0, 0, 40.381, 41.06, 40.381, 41.06, 1, 51.885, 51.885, 0.024, 0.126, 80.762, 82.128, 80.762, 82.128, 4.741, 7.407, 7.35, , , 1, 0.951, 1.277, 0, 12, 2.568, 145, 0, 0, 0, 76, 18.473, 18.421, 116.6, 98.756, 100, 0, 0, 27.126, 27.5, 50.231, 2.626, 86.882, 0, 0, 88.504, 51.416, 0, 0, 1.277, 0, 0, 13.525, 0, 12, 0, 2.568, 145, 0, 0, 0, 76, 1, 0.018, 0.019, 116.6, 98.756, 100, 0, 0, 141, 27.126, 27.5, 50.231, 2.629, 0, 86.882, 0, 0, 88.504, 51.416, 0, 0.6, 0, 0, 
0.9, , 100.36, 71.26, , , 12.429, 0.983, 66.51, 66.51, 2.597, 296.87, 296.87, 296.87, 50.619, 48.019, 34.249, 35.914, 7.407, 7.35, 0, 0, 40.877, 41.565, 40.877, 41.565, 1, 52.588, 52.588, 0.024, 0.126, 80.781, 82.149, 80.781, 82.149, 4.771, 7.407, 7.35, , , 1, 1, 1.454, 0, 12, 2.597, 145, 0, 0, 0, 76, 18.923, 18.523, 116.6, 100.592, 100, 0, 0, 27.026, 27.5, 54.016, 2.77, 86.182, 0, 0, 88.104, 52.038, 0, 0, 1.454, 0, 0, 13.505, 0, 12, 0, 2.597, 145, 0, 0, 0, 76, 1, 0.019, 0.019, 116.6, 100.592, 100, 0, 0, 141, 27.026, 27.5, 54.016, 2.773, 0, 86.182, 0, 0, 88.104, 52.038, 0, 0.6, 0, 0, 
0.95, , 100.361, 71.26, , , 12.528, 0.983, 71.557, 71.557, 2.629, 299.23, 299.23, 299.23, 50.647, 60.58, 34.034, 35.735, 7.407, 7.35, 0, 0, 41.843, 42.547, 41.843, 42.547, 1, 53.479, 53.479, 0.024, 0.126, 81.381, 82.759, 81.381, 82.759, 4.8, 7.407, 7.35, , , 1, 1.051, 1.284, 0, 12.015, 2.629, 145, 0, 0, 0, 76, 18.685, 18.38, 116.334, 101.29, 100, 0, 0, 27, 27.574, 59.458, 2.966, 86, 0, 0, 88, 52.659, 0, 0, 1.284, 0, 0, 13.5, 0, 12.015, 0, 2.629, 145, 0, 0, 0, 76, 1, 0.019, 0.019, 116.334, 101.29, 100, 0, 0, 141, 27, 27.574, 59.458, 2.97, 0, 86, 0, 0, 88, 52.659, 0, 0.585, 0, 0, 
1, , 100.361, 71.26, , , 12.647, 0.983, 76.433, 76.433, 2.662, 302.068, 302.068, 302.068, 50.67, 61.527, 33.819, 35.556, 7.407, 7.35, 0, 0, 42.857, 43.579, 42.857, 43.579, 1, 54.092, 54.092, 0.024, 0.126, 82.107, 83.496, 82.107, 83.496, 4.829, 7.407, 7.35, , , 1, 1.101, 0.992, 0, 12.035, 2.662, 145, 0, 0, 0, 76, 18.205, 18.15, 115.974, 101.587, 100, 0, 0, 27, 27.674, 65.482, 3.183, 86, 0, 0, 88, 53.279, 0, 0, 0.992, 0, 0, 13.5, 0, 12.035, 0, 2.662, 145, 0, 0, 0, 76, 1, 0.018, 0.018, 115.974, 101.587, 100, 0, 0, 141, 27, 27.674, 65.482, 3.186, 0, 86, 0, 0, 88, 53.279, 0, 0.565, 0, 0, 
1.05, , 100.362, 71.26, , , 12.723, 0.983, 80.325, 80.325, 2.695, 303.88, 303.88, 303.88, 50.691, 62.474, 33.604, 35.376, 7.407, 7.35, 0, 0, 43.609, 44.346, 43.609, 44.346, 1, 54.709, 54.709, 0.024, 0.126, 82.565, 83.962, 82.565, 83.962, 4.859, 7.407, 7.35, , , 1, 1.15, 0.7, 0, 12.055, 2.695, 145, 0, 0, 0, 76, 17.725, 17.92, 115.614, 101.884, 100, 0, 0, 27, 27.774, 71.506, 3.4, 86, 0, 0, 88, 53.899, 0, 0, 0.7, 0, 0, 13.5, 0, 12.055, 0, 2.695, 145, 0, 0, 0, 76, 1, 0.018, 0.018, 115.614, 101.884, 100, 0, 0, 141, 27, 27.774, 71.506, 3.402, 0, 86, 0, 0, 88, 53.899, 0, 0.545, 0, 0, 
1.1, , 100.362, 71.26, , , 12.772, 0.983, 84.219, 84.219, 2.728, 305.065, 305.065, 305.065, 50.711, 63.42, 33.566, 35.282, 7.407, 7.35, 0, 0, 44.27, 45.018, 44.27, 45.018, 1, 55.331, 55.331, 0.024, 0.126, 82.855, 84.257, 82.855, 84.257, 4.887, 7.407, 7.35, , , 1, 1.201, 0.408, 0, 12.075, 2.728, 145, 0, 0, 0, 76, 17.245, 17.69, 115.254, 102.181, 100, 0, 0, 27, 27.874, 77.53, 3.617, 86, 0, 0, 88, 54.519, 0, 0, 0.408, 0, 0, 13.5, 0, 12.075, 0, 2.728, 145, 0, 0, 0, 76, 1, 0.018, 0.018, 115.254, 102.181, 100, 0, 0, 141, 27, 27.874, 77.53, 3.618, 0, 86, 0, 0, 88, 54.519, 0, 0.525, 0, 0, 
1.15, , 100.362, 71.26, , , 12.857, 0.983, 88.176, 88.176, 2.761, 307.103, 307.103, 307.103, 50.731, 64.367, 34.091, 35.457, 7.407, 7.35, 0, 0, 45.063, 45.825, 45.063, 45.825, 1, 55.953, 55.953, 0.024, 0.127, 83.377, 84.788, 83.377, 84.788, 4.906, 7.407, 7.35, , , 1, 1.251, 0.116, 0, 12.095, 2.761, 145, 0, 0, 0, 76, 16.765, 17.46, 114.894, 102.479, 100, 0, 0, 27, 27.974, 83.554, 3.834, 86, 0, 0, 88, 55.139, 0, 0, 0.116, 0, 0, 13.5, 0, 12.095, 0, 2.761, 145, 0, 0, 0, 76, 1, 0.017, 0.017, 114.894, 102.479, 100, 0, 0, 141, 27, 27.974, 83.554, 3.834, 0, 86, 0, 0, 88, 55.139, 0, 0.505, 0, 0, 
1.2, , 100.363, 71.26, , , 12.925, 0.983, 92.192, 92.192, 2.795, 308.727, 308.727, 308.727, 50.751, 65.314, 34.617, 35.632, 7.407, 7.35, 0, 0, 45.812, 46.587, 45.812, 46.587, 1, 56.578, 56.578, 0.024, 0.127, 83.785, 85.202, 83.785, 85.202, 4.925, 7.407, 7.35, , , 1, 1.301, 0.049, 0, 12.1, 2.795, 145, 0, 0, 0, 76, 16.665, 17.461, 114.8, 102.606, 100, 0, 0, 27.148, 28.148, 87.28, 3.97, 85.703, 0, 0, 87.926, 55.852, 0, 0, 0.049, 0, 0, 13.5, 0, 12.1, 0, 2.795, 145, 0, 0, 0, 76, 1, 0.017, 0.017, 114.8, 102.606, 100, 0, 0, 141, 27.148, 28.148, 87.28, 3.97, 0, 85.703, 0, 0, 87.926, 55.852, 0, 0.5, 0, 0, 
1.25, , 100.363, 71.26, , , 13.001, 0.983, 96.268, 96.268, 2.828, 310.541, 310.541, 310.541, 50.771, 66.261, 35.142, 35.807, 7.407, 7.35, 0, 0, 46.593, 47.383, 46.593, 47.383, 1, 57.215, 57.215, 0.024, 0.127, 84.242, 85.668, 84.242, 85.668, 4.944, 7.407, 7.35, , , 1, 1.351, 0.061, 0, 12.1, 2.828, 145, 0, 0, 0, 76, 16.699, 17.543, 114.8, 102.68, 100, 0, 0, 27.348, 28.348, 90.28, 4.078, 85.301, 0, 0, 87.825, 56.598, 0, 0, 0.061, 0, 0, 13.5, 0, 12.1, 0, 2.828, 145, 0, 0, 0, 76, 1, 0.017, 0.017, 114.8, 102.68, 100, 0, 0, 141, 27.348, 28.348, 90.28, 4.078, 0, 85.301, 0, 0, 87.825, 56.598, 0, 0.5, 0, 0, 
1.3, 19.021, 100.363, 71.26, 72, , 13.084, 0.983, 100.405, 100.405, 2.862, 312.515, 312.515, 312.515, 50.794, 67.207, 35.667, 35.982, 7.407, 7.35, 0, 0, 47.413, 48.217, 47.413, 48.217, 1, 57.848, 57.848, 0.024, 0.127, 84.741, 86.175, 84.741, 86.175, 4.964, 7.407, 7.35, , , 1, 1.401, 0.073, 0, 12.1, 2.862, 145, 0, 0, 0, 76, 16.733, 17.625, 114.8, 102.754, 100, 0, 0, 27.548, 28.548, 93.28, 4.186, 84.9, 0, 0, 87.725, 57.344, 0, 0, 0.073, 0, 0, 13.5, 0, 12.1, 0, 2.862, 145, 0, 0, 0, 76, 1, 0.017, 0.018, 114.8, 102.754, 100, 0, 0, 141, 27.548, 28.548, 93.28, 4.186, 0, 84.9, 0, 0, 87.725, 57.344, 0, 0.5, 0, 0, 
1.35, 19.022, 100.364, 71.26, 72, , 13.175, 0.983, 104.575, 104.575, 2.896, 314.689, 314.689, 314.689, 50.817, 68.154, 36.144, 36.107, 7.407, 7.35, 0, 0, 48.274, 49.092, 48.274, 49.092, 1, 58.489, 58.489, 0.024, 0.127, 85.294, 86.736, 85.294, 86.736, 4.963, 7.407, 7.35, , , 1, 1.45, 0.085, 0, 12.1, 2.896, 145, 0, 0, 0, 76, 16.767, 17.707, 114.8, 102.828, 100, 0, 0, 27.748, 28.748, 96.28, 4.294, 84.498, 0, 0, 87.624, 58.09, 0, 0, 0.085, 0, 0, 13.5, 0, 12.1, 0, 2.896, 145, 0, 0, 0, 76, 1, 0.017, 0.018, 114.8, 102.828, 100, 0, 0, 141, 27.748, 28.748, 96.28, 4.294, 0, 84.498, 0, 0, 87.624, 58.09, 0, 0.5, 0, 0, 
1.4, 19.024, 100.364, 71.26, 72, , 13.273, 0.983, 108.769, 108.769, 2.93, 317.026, 317.026, 317.026, 50.839, 69.101, 36.181, 35.773, 7.407, 7.35, 0, 0, 49.165, 49.998, 49.165, 49.998, 1, 59.129, 59.129, 0.024, 0.127, 85.891, 87.342, 85.891, 87.342, 4.96, 7.407, 7.35, , , 1, 1.5, 0.097, 0, 12.1, 2.93, 145, 0, 0, 0, 76, 16.801, 17.789, 114.8, 102.902, 100, 0, 0, 27.948, 28.948, 99.28, 4.402, 84.096, 0, 0, 87.524, 58.836, 0, 0, 0.097, 0, 0, 13.5, 0, 12.1, 0, 2.93, 145, 0, 0, 0, 76, 1, 0.017, 0.018, 114.8, 102.902, 100, 0, 0, 141, 27.948, 28.948, 99.28, 4.402, 0, 84.096, 0, 0, 87.524, 58.836, 0, 0.5, 0, 0, 
1.45, 19.025, 100.365, 71.26, 72, , 13.36, 0.983, 113.014, 113.014, 2.965, 319.104, 319.104, 319.104, 50.862, 70.048, 36.218, 35.44, 7.407, 7.35, 0, 0, 50.03, 50.879, 50.03, 50.879, 1, 59.784, 59.784, 0.024, 0.127, 86.415, 87.875, 86.415, 87.875, 4.957, 7.407, 7.35, , , 1, 1.551, 0.085, 0, 12.1, 2.965, 145, 0, 0, 0, 76, 16.811, 17.752, 114.534, 102.92, 100, 0, 0, 28, 29, 100, 4.43, 84.076, 0, 0, 87.5, 59.49, 0, 0, 0.085, 0, 0, 13.5, 0, 12.1, 0, 2.965, 145, 0, 0, 0, 76, 1, 0.017, 0.018, 114.527, 102.92, 100, 0, 0, 141, 28, 29, 100, 4.43, 0, 84.076, 0, 0, 87.5, 59.49, 0, 0.5, 0, 0, 
1.5, 19.027, 100.365, 71.26, 72, , 13.43, 0.983, 117.279, 117.279, 3, 320.787, 320.787, 320.787, 50.892, 70.994, 36.255, 35.107, 7.407, 7.35, 0, 0, 50.847, 51.71, 50.847, 51.71, 1, 60.434, 60.434, 0.024, 0.127, 86.82, 88.288, 86.82, 88.288, 4.954, 7.407, 7.35, , , 1, 1.601, 0.065, 0, 12.1, 3, 145, 0, 0, 0, 76, 16.813, 17.674, 114.174, 102.92, 100, 0, 0, 28, 29, 100, 4.43, 84.176, 0, 0, 87.5, 60.112, 0, 0, 0.065, 0, 0, 13.5, 0, 12.1, 0, 3, 145, 0, 0, 0, 76, 1, 0.017, 0.018, 114.169, 102.92, 100, 0, 0, 141, 28, 29, 100, 4.43, 0, 84.176, 0, 0, 87.5, 60.112, 0, 0.5, 0, 0, 
1.55, 19.029, 100.365, 71.26, 72, , 13.555, 0.983, 121.679, 121.679, 3.035, 323.76, 323.76, 323.76, 50.926, 71.941, 36.292, 34.773, 7.407, 7.35, 0, 0, 51.874, 52.753, 51.874, 52.753, 1, 61.091, 61.091, 0.024, 0.127, 87.568, 89.047, 87.568, 89.047, 4.968, 7.407, 7.35, , , 1, 1.651, 0.045, 0, 12.1, 3.035, 145, 0, 0, 0, 76, 16.815, 17.596, 113.814, 102.92, 100, 0, 0, 28, 29, 100, 4.43, 84.276, 0, 0, 87.5, 60.734, 0, 0, 0.045, 0, 0, 13.5, 0, 12.1, 0, 3.035, 145, 0, 0, 0, 76, 1, 0.017, 0.017, 113.81, 102.92, 100, 0, 0, 141, 28, 29, 100, 4.43, 0, 84.276, 0, 0, 87.5, 60.734, 0, 0.5, 0, 0, 
1.6, 19.03, 100.366, 71.26, 72, , 13.683, 0.983, 126.004, 126.004, 3.07, 326.818, 326.818, 326.818, 50.962, 72.888, 36.285, 34.624, 7.407, 7.35, 0, 0, 52.946, 53.842, 52.946, 53.842, 1, 61.758, 61.758, 0.024, 0.127, 88.33, 89.822, 88.33, 89.822, 4.99, 7.407, 7.35, , , 1, 1.701, 0.025, 0, 12.1, 3.07, 145, 0, 0, 0, 76, 16.817, 17.518, 113.454, 102.92, 100, 0, 0, 28, 29, 100, 4.43, 84.376, 0, 0, 87.5, 61.356, 0, 0, 0.025, 0, 0, 13.5, 0, 12.1, 0, 3.07, 145, 0, 0, 0, 76, 1, 0.017, 0.017, 113.452, 102.92, 100, 0, 0, 141, 28, 29, 100, 4.43, 0, 84.376, 0, 0, 87.5, 61.356, 0, 0.5, 0, 0, 
1.65, 19.032, 100.366, 71.26, 72, , 13.787, 0.983, 130.491, 130.491, 3.106, 329.295, 329.295, 329.295, 51.002, 73.835, 36.141, 35.058, 7.407, 7.35, 0, 0, 53.92, 54.833, 53.92, 54.833, 1, 62.429, 62.429, 0.024, 0.127, 88.928, 90.431, 88.928, 90.431, 5.013, 7.407, 7.35, , , 1, 1.751, 0.005, 0, 12.1, 3.106, 145, 0, 0, 0, 76, 16.819, 17.44, 113.094, 102.92, 100, 0, 0, 28, 29, 100, 4.43, 84.476, 0, 0, 87.5, 61.978, 0, 0, 0.005, 0, 0, 13.5, 0, 12.1, 0, 3.106, 145, 0, 0, 0, 76, 1, 0.017, 0.017, 113.093, 102.92, 100, 0, 0, 141, 28, 29, 100, 4.43, 0, 84.476, 0, 0, 87.5, 61.978, 0, 0.5, 0, 0, 
1.7, 19.033, 100.367, 71.26, 72, , 13.954, 0.983, 134.981, 134.981, 3.143, 333.282, 333.282, 333.282, 51.044, 74.781, 35.996, 35.492, 7.407, 7.35, 0, 0, 55.169, 56.101, 55.169, 56.101, 1, 63.106, 63.106, 0.024, 0.127, 89.926, 91.446, 89.926, 91.446, 5.036, 7.407, 7.35, , , 1, 1.801, 0, 0, 12.1, 3.143, 145.304, 0, 0, 0, 76, 16.789, 17.379, 113, 102.92, 100, 0, 0, 28.074, 29, 100, 4.427, 84.424, 0, 0, 87.424, 62.692, 0, 0, 0, 0, 0, 13.5, 0, 12.1, 0, 3.143, 145.304, 0, 0, 0, 76, 1, 0.017, 0.017, 113, 102.92, 100, 0, 0, 141, 28.074, 29, 100, 4.427, 0, 84.424, 0, 0, 87.424, 62.692, 0, 0.5, 0, 0, 
1.75, 19.035, 100.367, 71.26, 72, , 14.099, 0.983, 139.55, 139.55, 3.182, 336.736, 336.736, 336.736, 51.077, 75.728, 35.852, 35.925, 7.407, 7.35, 0, 0, 56.346, 57.298, 56.346, 57.298, 1, 63.788, 63.788, 0.024, 0.127, 90.801, 92.335, 90.801, 92.335, 5.063, 7.407, 7.35, , , 1, 1.851, 0, 0, 12.1, 3.182, 145.704, 0, 0, 0, 76, 16.747, 17.323, 113, 102.92, 100, 0, 0, 28.174, 29, 100, 4.423, 84.324, 0, 0, 87.324, 63.438, 0, 0, 0, 0, 0, 13.5, 0, 12.1, 0, 3.182, 145.704, 0, 0, 0, 76, 1, 0.017, 0.017, 113, 102.92, 100, 0, 0, 141, 28.174, 29, 100, 4.423, 0, 84.324, 0, 0, 87.324, 63.438, 0, 0.5, 0, 0, 
1.8, 19.036, 100.367, 71.26, 72, , 14.254, 0.983, 144.129, 144.129, 3.22, 340.427, 340.427, 340.427, 51.095, 76.675, 35.707, 36.359, 7.407, 7.35, 0, 0, 57.58, 58.553, 57.58, 58.553, 1, 64.483, 64.483, 0.024, 0.127, 91.765, 93.315, 91.765, 93.315, 5.094, 7.407, 7.35, , , 1, 1.901, 0, 0, 12.1, 3.22, 146.104, 0, 0, 0, 76, 16.705, 17.267, 113, 102.92, 100, 0, 0, 28.274, 29, 100, 4.419, 84.224, 0, 0, 87.224, 64.184, 0, 0, 0, 0, 0, 13.5, 0, 12.1, 0, 3.22, 146.104, 0, 0, 0, 76, 1, 0.017, 0.017, 113, 102.92, 100, 0, 0, 141, 28.274, 29, 100, 4.419, 0, 84.224, 0, 0, 87.224, 64.184, 0, 0.5, 0, 0, 
1.85, 19.038, 100.368, 71.26, 72, , 14.328, 0.983, 148.786, 148.786, 3.258, 342.199, 342.199, 342.199, 51.099, 77.622, 35.628, 36.755, 7.407, 7.35, 0, 0, 58.509, 59.497, 58.509, 59.497, 1, 65.186, 65.186, 0.024, 0.127, 92.232, 93.791, 92.232, 93.791, 5.124, 7.407, 7.35, , , 1, 1.951, 0, 0, 12.1, 3.258, 146.504, 0, 0, 0, 76, 16.663, 17.211, 113, 102.92, 100, 0, 0, 28.374, 29, 100, 4.415, 84.124, 0, 0, 87.124, 64.93, 0, 0, 0, 0, 0, 13.5, 0, 12.1, 0, 3.258, 146.504, 0, 0, 0, 76, 1, 0.017, 0.017, 113, 102.92, 100, 0, 0, 141, 28.374, 29, 100, 4.415, 0, 84.124, 0, 0, 87.124, 64.93, 0, 0.5, 0, 0, 
1.9, 19.039, 100.368, 71.26, 72, , 14.453, 0.983, 155.463, 155.463, 3.297, 345.21, 345.21, 345.21, 51.089, 78.568, 35.736, 37.041, 7.407, 7.35, 0, 0, 59.923, 60.936, 59.923, 60.936, 1, 66.016, 66.016, 0.024, 0.127, 93.071, 94.642, 93.071, 94.642, 5.154, 7.407, 7.35, , , 1, 2.001, 0, 0, 12.1, 3.297, 146.904, 0, 0, 0, 76, 16.621, 17.155, 113, 102.92, 100, 0, 0, 28.474, 29, 100, 4.411, 84.024, 0, 0, 87.024, 65.676, 0, 0, 0, 0, 0, 13.5, 0, 12.1, 0, 3.297, 146.904, 0, 0, 0, 76, 1, 0.017, 0.017, 113, 102.92, 100, 0, 0, 141, 28.474, 29, 100, 4.411, 0, 84.024, 0, 0, 87.024, 65.676, 0, 0.5, 0, 0, 
1.95, 19.041, 100.368, 71.26, 72, , 14.499, 0.983, 160.542, 160.542, 3.333, 346.306, 346.306, 346.306, 51.068, 79.515, 35.843, 37.328, 7.407, 7.35, 0, 0, 60.794, 61.824, 60.794, 61.824, 1, 66.943, 66.943, 0.024, 0.127, 93.397, 94.975, 93.397, 94.975, 5.191, 7.407, 7.35, , , 1, 2.051, 0, 0, 12.1, 3.333, 147, 0, 0, 0, 76, 16.63, 17.14, 112.738, 102.866, 100, 0, 0, 28.571, 29, 100, 4.41, 84, 0, 0, 86.927, 66.399, 0, 0, 0, 0, 0, 13.5, 0, 12.1, 0, 3.333, 147, 0, 0, 0, 76, 1, 0.017, 0.017, 112.738, 102.866, 100, 0, 0, 141, 28.571, 29, 100, 4.41, 0, 84, 0, 0, 86.927, 66.399, 0, 0.5, 0, 0, 
2, 19.042, 100.369, 71.26, 72, , 14.582, 0.983, 165.395, 165.395, 3.369, 348.308, 348.308, 348.308, 51.052, 80.462, 35.951, 37.615, 7.407, 7.35, 0, 0, 61.797, 62.844, 61.797, 62.844, 1, 67.651, 67.651, 0.024, 0.126, 93.964, 95.552, 93.964, 95.552, 5.242, 7.407, 7.35, , , 1, 2.1, 0, 0, 12.1, 3.369, 147, 0, 0, 0, 76, 16.657, 17.14, 112.393, 102.795, 100, 0, 0, 28.667, 29, 100, 4.41, 84, 0, 0, 86.831, 67.115, 0, 0, 0, 0, 0, 13.5, 0, 12.1, 0, 3.369, 147, 0, 0, 0, 76, 1, 0.017, 0.017, 112.393, 102.795, 100, 0, 0, 141, 28.667, 29, 100, 4.41, 0, 84, 0, 0, 86.831, 67.115, 0, 0.5, 0, 0, 
2.05, 19.044, 100.369, 71.26, 72, , 14.615, 0.983, 170.26, 170.26, 3.404, 349.092, 349.092, 349.092, 51.04, 81.409, 36.058, 37.902, 7.407, 7.35, 0, 0, 62.589, 63.65, 62.589, 63.65, 1, 68.363, 68.363, 0.024, 0.126, 94.199, 95.79, 94.199, 95.79, 5.292, 7.407, 7.35, , , 1, 2.15, 0, 0, 12.1, 3.404, 147, 0, 0, 0, 76, 16.684, 17.14, 112.048, 102.724, 100, 0, 0, 28.763, 29, 100, 4.41, 84, 0, 0, 86.736, 67.83, 0, 0, 0, 0, 0, 13.5, 0, 12.1, 0, 3.404, 147, 0, 0, 0, 76, 1, 0.017, 0.017, 112.048, 102.724, 100, 0, 0, 141, 28.763, 29, 100, 4.41, 0, 84, 0, 0, 86.736, 67.83, 0, 0.5, 0, 0, 
2.1, 19.045, 100.37, 71.26, 72, , 14.672, 0.983, 175.125, 175.125, 3.44, 350.473, 350.473, 350.473, 51.032, 82.355, 36.097, 38.085, 7.407, 7.35, 0, 0, 63.485, 64.563, 63.485, 64.563, 1, 69.077, 69.077, 0.024, 0.126, 94.587, 96.183, 94.587, 96.183, 5.342, 7.407, 7.35, , , 1, 2.201, 0, 0, 12.1, 3.44, 147, 0, 0, 0, 76, 16.711, 17.14, 111.703, 102.653, 100, 0, 0, 28.86, 29, 100, 4.41, 84, 0, 0, 86.64, 68.546, 0, 0, 0, 0, 0, 13.5, 0, 12.1, 0, 3.44, 147, 0, 0, 0, 76, 1, 0.017, 0.017, 111.703, 102.653, 100, 0, 0, 141, 28.86, 29, 100, 4.41, 0, 84, 0, 0, 86.64, 68.546, 0, 0.5, 0, 0, 
2.15, 19.047, 100.37, 71.26, 72, , 14.779, 0.983, 180.1, 180.1, 3.476, 353.02, 353.02, 353.02, 51.027, 83.302, 35.916, 37.941, 7.407, 7.35, 0, 0, 64.608, 65.707, 64.608, 65.707, 1, 69.796, 69.796, 0.024, 0.126, 95.282, 96.892, 95.282, 96.892, 5.392, 7.407, 7.35, , , 1, 2.251, 0, 0, 12.1, 3.476, 147, 0, 0, 0, 76, 16.738, 17.14, 111.359, 102.583, 100, 0, 0, 28.956, 29, 100, 4.41, 84, 0, 0, 86.544, 69.261, 0, 0, 0, 0, 0, 13.5, 0, 12.1, 0, 3.476, 147, 0, 0, 0, 76, 1, 0.017, 0.017, 111.359, 102.583, 100, 0, 0, 141, 28.956, 29, 100, 4.41, 0, 84, 0, 0, 86.544, 69.261, 0, 0.5, 0, 0, 
2.2, 19.048, 100.37, 71.26, 72, , 14.774, 0.983, 185.161, 185.161, 3.523, 352.917, 352.917, 352.917, 51.027, 84.249, 35.735, 37.796, 7.407, 7.35, 0, 0, 65.262, 66.37, 65.262, 66.37, 1, 70.51, 70.51, 0.024, 0.126, 95.254, 96.866, 95.254, 96.866, 5.441, 7.407, 7.35, , , 1, 2.301, 0, 0, 12.1, 3.523, 146.896, 0, 0, 0, 76, 16.869, 17.249, 111.013, 102.531, 100, 0, 0, 29.13, 29.078, 100, 4.41, 84.597, 0, 0, 86.993, 70.203, 0, 0, 0, 0, 0, 13.505, 0, 12.1, 0, 3.523, 146.896, 0, 0, 0, 76, 1, 0.017, 0.017, 111.013, 102.531, 100, 0, 0, 141, 29.13, 29.078, 100, 4.41, 0, 84.599, 0, 0, 86.993, 70.203, 0, 0.5, 0, 0, 
2.25, 19.05, 100.37, 71.26, 72, , 14.847, 0.983, 190.173, 190.173, 3.582, 354.685, 354.685, 354.685, 51.039, 85.196, 35.554, 37.652, 7.407, 7.35, 0, 0, 66.264, 67.388, 66.264, 67.388, 1, 71.239, 71.239, 0.024, 0.126, 95.708, 97.326, 95.708, 97.326, 5.491, 7.407, 7.35, , , 1, 2.351, 0, 0, 12.1, 3.582, 146.703, 0, 0, 0, 76, 17.089, 17.449, 110.667, 102.495, 100, 0, 0, 29.37, 29.222, 100, 4.41, 85.703, 0, 0, 87.907, 71.339, 0, 0, 0, 0, 0, 13.515, 0, 12.1, 0, 3.582, 146.703, 0, 0, 0, 76, 1, 0.017, 0.017, 110.667, 102.495, 100, 0, 0, 141, 29.37, 29.222, 100, 4.41, 0, 85.709, 0, 0, 87.907, 71.339, 0, 0.5, 0, 0, 
2.3, 19.051, 100.37, 71.26, 72, , 14.872, 0.983, 195.362, 195.362, 3.64, 355.28, 355.28, 355.28, 51.067, 86.142, 35.374, 37.507, 7.407, 7.35, 0, 0, 67.048, 68.185, 67.048, 68.185, 1, 71.962, 71.962, 0.024, 0.126, 95.818, 97.438, 95.818, 97.438, 5.54, 7.407, 7.35, , , 1, 2.401, 0, 0, 12.1, 3.64, 146.51, 0, 0, 0, 76, 17.309, 17.65, 110.321, 102.459, 100, 0, 0, 29.611, 29.366, 100, 4.41, 86.809, 0, 0, 88.82, 72.474, 0, 0, 0, 0, 0, 13.525, 0, 12.1, 0, 3.64, 146.51, 0, 0, 0, 76, 1, 0.017, 0.017, 110.321, 102.459, 100, 0, 0, 141, 29.611, 29.366, 100, 4.41, 0, 86.819, 0, 0, 88.82, 72.474, 0, 0.5, 0, 0, 
2.35, 19.053, 100.37, 71.26, 72, , 14.912, 0.983, 200.551, 200.551, 3.698, 356.249, 356.249, 356.249, 51.107, 87.089, 35.231, 37.335, 7.407, 7.35, 0, 0, 67.91, 69.06, 67.91, 69.06, 1, 72.69, 72.69, 0.024, 0.126, 95.999, 97.624, 95.999, 97.624, 5.583, 7.407, 7.35, , , 1, 2.451, 0, 0, 12.1, 3.698, 146.317, 0, 0, 0, 76, 17.529, 17.851, 109.975, 102.424, 100, 0, 0, 29.851, 29.511, 100, 4.41, 87.914, 0, 0, 89.734, 73.61, 0, 0, 0, 0, 0, 13.534, 0, 12.1, 0, 3.698, 146.317, 0, 0, 0, 76, 1, 0.018, 0.018, 109.975, 102.424, 100, 0, 0, 141, 29.851, 29.511, 100, 4.41, 0, 87.93, 0, 0, 89.734, 73.61, 0, 0.5, 0, 0, 
2.4, 19.054, 100.37, 71.26, 72, , 14.902, 0.983, 205.74, 205.74, 3.757, 356.048, 356.048, 356.048, 51.165, 88.036, 35.195, 37.084, 7.407, 7.35, 0, 0, 68.546, 69.706, 68.546, 69.706, 1, 73.413, 73.413, 0.024, 0.126, 95.838, 97.46, 95.838, 97.46, 5.593, 7.407, 7.35, , , 1, 2.501, 0, 0, 12.1, 3.757, 146.124, 0, 0, 0, 76, 17.75, 18.052, 109.628, 102.388, 100, 0, 0, 30.091, 29.655, 100, 4.41, 89.02, 0, 0, 90.647, 74.746, 0, 0, 0, 0, 0, 13.544, 0, 12.1, 0, 3.757, 146.124, 0, 0, 0, 76, 1, 0.018, 0.018, 109.628, 102.388, 100, 0, 0, 141, 30.091, 29.655, 100, 4.41, 0, 89.04, 0, 0, 90.647, 74.746, 0, 0.5, 0, 0, 
2.45, 19.056, 100.37, 71.26, 72, , 14.945, 0.983, 210.999, 210.999, 3.802, 357.066, 357.066, 357.066, 51.238, 88.983, 35.159, 36.833, 7.407, 7.35, 0, 0, 69.421, 70.596, 69.421, 70.596, 1, 74.143, 74.143, 0.024, 0.126, 95.979, 97.602, 95.979, 97.602, 5.603, 7.407, 7.35, , , 1, 2.551, 0, 0, 12.1, 3.802, 146.075, 0, 0, 0, 76, 17.923, 18.206, 109.4, 102.351, 100, 0, 0, 30.268, 29.768, 100, 4.41, 89.874, 0, 0, 91.374, 75.605, 0, 0, 0, 0, 0, 13.546, 0, 12.1, 0, 3.802, 146.075, 0, 0, 0, 76, 1, 0.018, 0.018, 109.4, 102.351, 100, 0, 0, 141, 30.268, 29.768, 100, 4.41, 0, 89.881, 0, 0, 91.374, 75.605, 0, 0.5, 0, 0, 
2.5, 19.057, 100.37, 71.26, 72, , 14.931, 0.983, 216.395, 216.395, 3.824, 356.755, 356.755, 356.755, 51.305, 89.929, 35.123, 36.582, 7.407, 7.35, 0, 0, 70.051, 71.236, 70.051, 71.236, 1, 74.875, 74.875, 0.024, 0.126, 95.77, 97.388, 95.77, 97.388, 5.613, 7.407, 7.35, , , 1, 2.601, 0, 0, 12.1, 3.824, 146.283, 0, 0, 0, 76, 18.005, 18.267, 109.4, 102.313, 100, 0, 0, 30.32, 29.82, 100, 4.41, 90.241, 0, 0, 91.741, 75.929, 0, 0, 0, 0, 0, 13.536, 0, 12.1, 0, 3.824, 146.283, 0, 0, 0, 76, 1, 0.018, 0.018, 109.4, 102.313, 100, 0, 0, 141, 30.32, 29.82, 100, 4.41, 0, 90.246, 0, 0, 91.741, 75.929, 0, 0.5, 0, 0, 
2.55, 19.059, 100.37, 71.26, 72, , 14.959, 0.983, 221.719, 221.719, 3.847, 357.453, 357.453, 357.453, 51.352, 90.876, 35.087, 36.331, 7.407, 7.35, 0, 0, 70.878, 72.078, 70.878, 72.078, 1, 75.61, 75.61, 0.024, 0.126, 95.867, 97.487, 95.867, 97.487, 5.623, 7.407, 7.35, , , 1, 2.651, 0, 0, 12.1, 3.847, 146.492, 0, 0, 0, 76, 18.088, 18.329, 109.4, 102.274, 100, 0, 0, 30.372, 29.872, 100, 4.41, 90.607, 0, 0, 92.107, 76.253, 0, 0, 0, 0, 0, 13.525, 0, 12.1, 0, 3.847, 146.492, 0, 0, 0, 76, 1, 0.018, 0.018, 109.4, 102.274, 100, 0, 0, 141, 30.372, 29.872, 100, 4.41, 0, 90.61, 0, 0, 92.107, 76.253, 0, 0.5, 0, 0, 
2.6, 19.061, 100.37, 71.26, 72, , 14.964, 0.983, 227.255, 227.255, 3.869, 357.588, 357.588, 357.588, 51.379, 91.823, 35.077, 36.105, 7.407, 7.35, 0, 0, 71.594, 72.804, 71.594, 72.804, 1, 76.34, 76.34, 0.024, 0.126, 95.856, 97.475, 95.856, 97.475, 5.624, 7.407, 7.35, , , 1, 2.701, 0, 0, 12.1, 3.869, 146.7, 0, 0, 0, 76, 18.17, 18.39, 109.4, 102.236, 100, 0, 0, 30.424, 29.924, 100, 4.41, 90.973, 0, 0, 92.473, 76.577, 0, 0, 0, 0, 0, 13.515, 0, 12.1, 0, 3.869, 146.7, 0, 0, 0, 76, 1, 0.018, 0.018, 109.4, 102.236, 100, 0, 0, 141, 30.424, 29.924, 100, 4.41, 0, 90.975, 0, 0, 92.473, 76.577, 0, 0.5, 0, 0, 
2.65, 19.064, 100.37, 71.26, 72, , 15.001, 0.983, 232.722, 232.722, 3.891, 358.492, 358.492, 358.492, 51.384, 92.77, 35.15, 35.961, 7.407, 7.35, 0, 0, 72.459, 73.686, 72.459, 73.686, 1, 77.076, 77.076, 0.024, 0.126, 96.093, 97.716, 96.093, 97.716, 5.625, 7.407, 7.35, , , 1, 2.751, 0, 0, 12.1, 3.891, 146.908, 0, 0, 0, 76, 18.252, 18.452, 109.4, 102.197, 100, 0, 0, 30.476, 29.976, 100, 4.41, 91.339, 0, 0, 92.839, 76.901, 0, 0, 0, 0, 0, 13.505, 0, 12.1, 0, 3.891, 146.908, 0, 0, 0, 76, 1, 0.018, 0.018, 109.4, 102.197, 100, 0, 0, 141, 30.476, 29.976, 100, 4.41, 0, 91.34, 0, 0, 92.839, 76.901, 0, 0.5, 0, 0, 
2.7, 19.067, 100.37, 71.26, 72, , 15.015, 0.983, 238.281, 238.281, 3.933, 358.842, 358.842, 358.842, 51.366, 93.716, 35.222, 35.816, 7.407, 7.35, 0, 0, 73.222, 74.462, 73.222, 74.462, 1, 77.813, 77.813, 0.024, 0.126, 96.217, 97.843, 96.217, 97.843, 5.626, 7.407, 7.35, , , 1, 2.801, 0, 0, 12.1, 3.933, 147, 0, 0, 0, 76, 18.339, 18.536, 109.11, 102.12, 100, 0, 0, 30.578, 30.026, 100, 4.41, 91.929, 0, 0, 93.375, 77.695, 0, 0, 0, 0, 0, 13.5, 0, 12.1, 0, 3.933, 147, 0, 0, 0, 76, 1, 0.018, 0.018, 109.11, 102.12, 100, 0, 0, 141, 30.578, 30.026, 100, 4.41, 0, 91.929, 0, 0, 93.375, 77.695, 0, 0.5, 0, 0, 
2.75, 19.07, 100.37, 71.26, 72, , 15.04, 0.983, 243.922, 243.922, 3.989, 359.45, 359.45, 359.45, 51.347, 94.663, 35.294, 35.672, 7.407, 7.35, 0, 0, 74.044, 75.297, 74.044, 75.297, 1, 78.544, 78.544, 0.024, 0.126, 96.414, 98.044, 96.414, 98.044, 5.627, 7.407, 7.35, , , 1, 2.851, 0, 0, 12.1, 3.989, 147, 0, 0, 0, 76, 18.429, 18.64, 108.593, 102.014, 100, 0, 0, 30.722, 30.074, 100, 4.41, 92.695, 0, 0, 94.046, 78.891, 0, 0, 0, 0, 0, 13.5, 0, 12.1, 0, 3.989, 147, 0, 0, 0, 76, 1, 0.018, 0.018, 108.593, 102.014, 100, 0, 0, 141, 30.722, 30.074, 100, 4.41, 0, 92.695, 0, 0, 94.046, 78.891, 0, 0.5, 0, 0, 
2.8, 19.073, 100.37, 71.26, 72, , 15.037, 0.983, 251.838, 251.838, 4.046, 359.417, 359.417, 359.417, 51.349, 95.61, 35.367, 35.527, 7.407, 7.35, 0, 0, 75.001, 76.27, 75.001, 76.27, 1, 79.416, 79.416, 0.024, 0.126, 96.393, 98.023, 96.393, 98.023, 5.64, 7.407, 7.35, , , 1, 2.901, 0, 0, 12.1, 4.046, 147, 0, 0, 0, 76, 18.52, 18.744, 108.076, 101.908, 100, 0, 0, 30.866, 30.122, 100, 4.41, 93.462, 0, 0, 94.716, 80.086, 0, 0, 0, 0, 0, 13.5, 0, 12.1, 0, 4.046, 147, 0, 0, 0, 76, 1, 0.018, 0.018, 108.076, 101.908, 100, 0, 0, 141, 30.866, 30.122, 100, 4.41, 0, 93.462, 0, 0, 94.716, 80.086, 0, 0.5, 0, 0, 
2.85, 19.076, 100.37, 71.26, 72, , 15.007, 0.983, 257.647, 257.647, 4.102, 358.717, 358.717, 358.717, 51.374, 92.315, 35.42, 35.42, 7.407, 7.35, 0, 0, 75.553, 76.833, 75.553, 76.833, 1, 80.324, 80.324, 0.024, 0.126, 96.166, 97.792, 96.166, 97.792, 5.654, 7.407, 7.35, , , 1, 2.951, 0, 0, 12.1, 4.102, 147, 0, 0, 0, 76, 18.61, 18.848, 107.559, 101.801, 100, 0, 0, 31.011, 30.17, 100, 4.41, 94.228, 0, 0, 95.387, 81.281, 0, 0, 0, 0, 0, 13.5, 0, 12.1, 0, 4.102, 147, 0, 0, 0, 76, 1, 0.019, 0.019, 107.559, 101.801, 100, 0, 0, 141, 31.011, 30.17, 100, 4.41, 0, 94.228, 0, 0, 95.387, 81.281, 0, 0.5, 0, 0, 
2.9, 19.079, 100.37, 71.26, 72, , 14.995, 0.983, 263.388, 263.388, 4.159, 358.46, 358.46, 358.46, 51.41, 89.02, 35.42, 35.42, 7.407, 7.35, 0, 0, 76.184, 77.474, 76.184, 77.474, 1, 81.052, 81.052, 0.024, 0.126, 96.03, 97.654, 96.03, 97.654, 5.668, 7.407, 7.35, , , 1, 3.001, 0, 0, 12.1, 4.159, 147, 0, 0, 0, 76, 18.7, 18.951, 107.041, 101.695, 100, 0, 0, 31.155, 30.218, 100, 4.41, 94.994, 0, 0, 96.057, 82.476, 0, 0, 0, 0, 0, 13.5, 0, 12.1, 0, 4.159, 147, 0, 0, 0, 76, 1, 0.019, 0.019, 107.041, 101.695, 100, 0, 0, 141, 31.155, 30.218, 100, 4.41, 0, 94.994, 0, 0, 96.057, 82.476, 0, 0.5, 0, 0, 
2.95, 19.082, 100.37, 71.26, 72, , 14.959, 0.983, 269.225, 269.225, 4.203, 357.636, 357.636, 357.636, 51.458, 85.725, 35.42, 35.42, 7.407, 7.35, 0, 0, 76.694, 77.992, 76.694, 77.992, 1, 81.787, 81.787, 0.024, 0.125, 95.723, 97.342, 95.723, 97.342, 5.682, 7.407, 7.35, , , 1, 3.051, 0, 0, 12.1, 4.203, 147, 0, 0, 0, 76, 18.775, 19.035, 106.636, 101.612, 100, 0, 0, 31.268, 30.268, 100, 4.41, 95.571, 0, 0, 96.571, 83.397, 0, 0, 0, 0, 0, 13.5, 0, 12.1, 0, 4.203, 147, 0, 0, 0, 76, 1, 0.019, 0.019, 106.636, 101.612, 100, 0, 0, 141, 31.268, 30.268, 100, 4.41, 0, 95.571, 0, 0, 96.571, 83.397, 0, 0.5, 0, 0, 
3, 19.085, 100.37, 71.26, 72, , 14.904, 0.983, 275.17, 275.17, 4.225, 356.335, 356.335, 356.335, 51.5, 82.431, 35.42, 35.42, 7.407, 7.35, 0, 0, 77.104, 78.408, 77.104, 78.408, 1, 82.523, 82.523, 0.024, 0.125, 95.297, 96.909, 95.297, 96.909, 5.721, 7.407, 7.35, , , 1, 3.101, 0, 0, 12.1, 4.225, 147, 0, 0, 0, 76, 18.819, 19.079, 106.449, 101.573, 100, 0, 0, 31.32, 30.32, 100, 4.41, 95.78, 0, 0, 96.78, 83.786, 0, 0, 0, 0, 0, 13.5, 0, 12.1, 0, 4.225, 147, 0, 0, 0, 76, 1, 0.019, 0.019, 106.449, 101.573, 100, 0, 0, 141, 31.32, 30.32, 100, 4.41, 0, 95.78, 0, 0, 96.78, 83.786, 0, 0.5, 0, 0, 
3.05, 19.089, 100.37, 71.26, 72, , 14.852, 0.983, 281.157, 281.157, 4.247, 355.135, 355.135, 355.135, 51.526, 79.136, 35.42, 35.42, 7.407, 7.35, 0, 0, 77.526, 78.838, 77.526, 78.838, 1, 83.249, 83.249, 0.024, 0.125, 94.928, 96.535, 94.928, 96.535, 5.761, 7.407, 7.35, , , 1, 3.151, 0, 0, 12.1, 4.247, 147, 0, 0, 0, 76, 18.862, 19.122, 106.261, 101.534, 100, 0, 0, 31.372, 30.372, 100, 4.41, 95.99, 0, 0, 96.99, 84.174, 0, 0, 0, 0, 0, 13.5, 0, 12.1, 0, 4.247, 147, 0, 0, 0, 76, 1, 0.019, 0.019, 106.261, 101.534, 100, 0, 0, 141, 31.372, 30.372, 100, 4.41, 0, 95.99, 0, 0, 96.99, 84.174, 0, 0.5, 0, 0, 
3.1, 19.092, 100.37, 71.26, 72, , 14.832, 0.983, 287.145, 287.145, 4.269, 354.675, 354.675, 354.675, 51.536, 75.841, 35.429, 35.411, 7.407, 7.35, 0, 0, 78.104, 79.425, 78.104, 79.425, 1, 83.974, 83.974, 0.024, 0.125, 94.791, 96.395, 94.791, 96.395, 5.802, 7.407, 7.35, , , 1, 3.201, 0, 0, 12.1, 4.269, 147, 0, 0, 0, 76, 18.906, 19.166, 106.074, 101.496, 100, 0, 0, 31.424, 30.424, 100, 4.41, 96.199, 0, 0, 97.199, 84.563, 0, 0, 0, 0, 0, 13.5, 0, 12.1, 0, 4.269, 147, 0, 0, 0, 76, 1, 0.019, 0.019, 106.074, 101.496, 100, 0, 0, 141, 31.424, 30.424, 100, 4.41, 0, 96.199, 0, 0, 97.199, 84.563, 0, 0.5, 0, 0, 
3.15, 19.095, 100.37, 71.26, 72, , 14.78, 0.983, 293.132, 293.132, 4.29, 353.464, 353.464, 353.464, 51.526, 72.546, 35.465, 35.375, 7.407, 7.35, 0, 0, 78.501, 79.829, 78.501, 79.829, 1, 84.705, 84.705, 0.024, 0.125, 94.481, 96.08, 94.481, 96.08, 5.842, 7.407, 7.35, , , 1, 3.251, 0, 0, 12.1, 4.29, 147, 0, 0, 0, 76, 18.95, 19.21, 105.886, 101.457, 100, 0, 0, 31.476, 30.476, 100, 4.41, 96.408, 0, 0, 97.408, 84.951, 0, 0, 0, 0, 0, 13.5, 0, 12.1, 0, 4.29, 147, 0, 0, 0, 76, 1, 0.019, 0.019, 105.886, 101.457, 100, 0, 0, 141, 31.476, 30.476, 100, 4.41, 0, 96.408, 0, 0, 97.408, 84.951, 0, 0.5, 0, 0, 
3.2, 19.098, 100.37, 71.26, 72, , 14.739, 0.983, 299.249, 299.249, 4.331, 352.519, 352.519, 352.519, 51.502, 69.251, 35.501, 35.339, 7.407, 7.35, 0, 0, 78.967, 80.303, 78.967, 80.303, 1, 85.423, 85.423, 0.024, 0.125, 94.272, 95.866, 94.272, 95.866, 5.9, 7.407, 7.35, , , 1, 3.301, 0, 0, 12.1, 4.331, 147, 0, 0, 0, 76, 19.052, 19.305, 105.62, 101.364, 100, 0, 0, 31.575, 30.6, 100, 4.41, 96.993, 0, 0, 97.967, 85.72, 0, 0, 0, 0, 0, 13.5, 0, 12.1, 0, 4.331, 147, 0, 0, 0, 76, 1, 0.019, 0.019, 105.62, 101.364, 100, 0, 0, 141, 31.575, 30.6, 100, 4.41, 0, 96.993, 0, 0, 97.967, 85.72, 0, 0.5, 0, 0, 
3.25, 19.101, 100.37, 71.26, 72, , 14.715, 0.983, 305.444, 305.444, 4.386, 351.968, 351.968, 351.968, 51.482, 65.956, 35.537, 35.303, 7.407, 7.35, 0, 0, 79.508, 80.853, 79.508, 80.853, 1, 86.143, 86.143, 0.024, 0.126, 94.156, 95.749, 94.156, 95.749, 5.965, 7.407, 7.35, , , 1, 3.351, 0, 0, 12.1, 4.386, 147, 0, 0, 0, 76, 19.204, 19.445, 105.287, 101.229, 100, 0, 0, 31.714, 30.785, 100, 4.41, 97.872, 0, 0, 98.8, 86.813, 0, 0, 0, 0, 0, 13.5, 0, 12.1, 0, 4.386, 147, 0, 0, 0, 76, 1, 0.019, 0.019, 105.287, 101.229, 100, 0, 0, 141, 31.714, 30.785, 100, 4.41, 0, 97.872, 0, 0, 98.8, 86.813, 0, 0.5, 0, 0, 
3.3, 19.104, 100.37, 71.26, 72, , 14.692, 0.983, 311.662, 311.662, 4.442, 351.448, 351.448, 351.448, 51.491, 62.661, 35.573, 35.267, 7.407, 7.35, 0, 0, 80.055, 81.41, 80.055, 81.41, 1, 86.872, 86.872, 0.024, 0.126, 94.005, 95.594, 94.005, 95.594, 6.031, 7.407, 7.35, , , 1, 3.401, 0, 0, 12.1, 4.442, 147, 0, 0, 0, 76, 19.356, 19.585, 104.953, 101.094, 100, 0, 0, 31.853, 30.97, 100, 4.41, 98.752, 0, 0, 99.633, 87.905, 0, 0, 0, 0, 0, 13.5, 0, 12.1, 0, 4.442, 147, 0, 0, 0, 76, 1, 0.019, 0.019, 104.953, 101.094, 100, 0, 0, 141, 31.853, 30.97, 100, 4.41, 0, 98.752, 0, 0, 99.633, 87.905, 0, 0.5, 0, 0, 
3.35, 19.107, 100.37, 71.26, 72, , 14.625, 0.983, 317.939, 317.939, 4.497, 349.885, 349.885, 349.885, 51.525, 59.366, 35.6, 35.343, 7.407, 7.35, 0, 0, 80.357, 81.716, 80.357, 81.716, 1, 87.588, 87.588, 0.024, 0.126, 93.53, 95.11, 93.53, 95.11, 6.097, 7.407, 7.35, , , 1, 3.451, 0, 0, 12.1, 4.497, 147, 0, 0, 0, 76, 19.508, 19.725, 104.62, 100.959, 100, 0, 0, 31.992, 31.156, 100, 4.41, 99.631, 0, 0, 100.467, 88.998, 0, 0, 0, 0, 0, 13.5, 0, 12.1, 0, 4.497, 147, 0, 0, 0, 76, 1, 0.019, 0.02, 104.62, 100.959, 100, 0, 0, 141, 31.992, 31.156, 100, 4.41, 0, 99.631, 0, 0, 100.467, 88.998, 0, 0.5, 0, 0, 
3.4, 19.11, 100.37, 71.26, 72, , 14.554, 0.983, 324.25, 324.25, 4.552, 348.223, 348.223, 348.223, 51.582, 56.072, 35.6, 35.737, 7.407, 7.35, 0, 0, 80.626, 81.987, 80.626, 81.987, 1, 88.311, 88.311, 0.024, 0.126, 92.979, 94.55, 92.979, 94.55, 6.158, 7.407, 7.35, , , 1, 3.5, 0, 0, 12.1, 4.552, 147, 0, 0, 0, 76, 19.659, 19.865, 104.287, 100.824, 100, 0, 0, 32.131, 31.341, 100, 4.41, 100.511, 0, 0, 101.3, 90.09, 0, 0, 0, 0, 0, 13.5, 0, 12.1, 0, 4.552, 147, 0, 0, 0, 76, 1, 0.019, 0.02, 104.287, 100.824, 100, 0, 0, 141, 32.131, 31.341, 100, 4.41, 0, 100.511, 0, 0, 101.3, 90.09, 0, 0.5, 0, 0, 
3.45, 19.113, 100.37, 71.26, 72, , 14.492, 0.983, 330.662, 330.662, 4.602, 346.769, 346.769, 346.769, 51.665, 52.777, 35.6, 36.131, 7.407, 7.35, 0, 0, 80.942, 82.309, 80.942, 82.309, 1, 89.021, 89.021, 0.024, 0.126, 92.439, 94.001, 92.439, 94.001, 6.216, 7.407, 7.35, , , 1, 3.551, 0, 0, 12.1, 4.602, 147, 0, 0, 0, 76, 19.802, 19.997, 104, 100.71, 100, 0, 0, 32.258, 31.515, 100, 4.41, 101.328, 0, 0, 102.07, 91.077, 0, 0, 0, 0, 0, 13.5, 0, 12.1, 0, 4.602, 147, 0, 0, 0, 76, 1, 0.02, 0.02, 104, 100.71, 100, 0, 0, 141, 32.258, 31.515, 100, 4.41, 0, 101.328, 0, 0, 102.07, 91.077, 0, 0.5, 0, 0, 
3.5, 19.116, 100.37, 71.26, 72, , 14.445, 0.983, 337.018, 337.018, 4.626, 345.68, 345.68, 345.68, 51.748, 49.482, 35.6, 36.526, 7.407, 7.35, 0, 0, 81.336, 82.712, 81.336, 82.712, 1, 89.729, 89.729, 0.024, 0.125, 92.001, 93.553, 92.001, 93.553, 6.274, 7.407, 7.35, , , 1, 3.6, 0, 0, 12.1, 4.626, 147, 0, 0, 0, 76, 19.89, 20.086, 104, 100.71, 100, 0, 0, 32.312, 31.624, 100, 4.41, 101.817, 0, 0, 102.504, 91.416, 0, 0, 0, 0, 0, 13.5, 0, 12.1, 0, 4.626, 147, 0, 0, 0, 76, 1, 0.02, 0.02, 104, 100.71, 100, 0, 0, 141, 32.312, 31.624, 100, 4.41, 0, 101.817, 0, 0, 102.504, 91.416, 0, 0.5, 0, 0, 
3.55, 19.119, 100.37, 71.26, 72, , 14.342, 0.983, 343.579, 343.579, 4.649, 343.254, 343.254, 343.254, 51.809, , 35.6, 36.92, 7.407, 7.35, 0, 0, 81.399, 82.773, 81.399, 82.773, 1, 90.433, 90.433, 0.024, 0.125, 91.251, 92.791, 91.251, 92.791, 6.332, 7.407, 7.35, , , 1, 3.65, 0, 0, 12.1, 4.649, 147, 0, 0, 0, 76, 19.977, 20.174, 104, 100.71, 100, 0, 0, 32.367, 31.734, 100, 4.41, 102.307, 0, 0, 102.939, 91.754, 0, 0, 0, 0, 0, 13.5, 0, 12.1, 0, 4.649, 147, 0, 0, 0, 76, 1, 0.02, 0.02, 104, 100.71, 100, 0, 0, 141, 32.367, 31.734, 100, 4.41, 0, 102.307, 0, 0, 102.939, 91.754, 0, 0.5, 0, 0, 
3.6, 19.122, 100.37, 71.26, 72, , 14.259, 0.983, 350.12, 350.12, 4.672, 341.312, 341.312, 341.312, 51.843, , 35.583, 37.185, 7.407, 7.35, 0, 0, 81.566, 82.945, 81.566, 82.945, 1, 91.143, 91.143, 0.024, 0.125, 90.668, 92.199, 90.668, 92.199, 6.382, 7.407, 7.35, , , 1, 3.7, 0, 0, 12.1, 4.672, 147, 0, 0, 0, 76, 20.064, 20.263, 104, 100.71, 100, 0, 0, 32.421, 31.843, 100, 4.41, 102.796, 0, 0, 103.374, 92.093, 0, 0, 0, 0, 0, 13.5, 0, 12.1, 0, 4.672, 147, 0, 0, 0, 76, 1, 0.02, 0.02, 104, 100.71, 100, 0, 0, 141, 32.421, 31.843, 100, 4.41, 0, 102.796, 0, 0, 103.374, 92.093, 0, 0.5, 0, 0, 
3.65, 19.125, 100.37, 71.26, 72, , 14.192, 0.983, 356.655, 356.655, 4.696, 339.757, 339.757, 339.757, 51.855, , 35.51, 37.041, 7.407, 7.35, 0, 0, 81.819, 83.202, 81.819, 83.202, 1, 91.844, 91.844, 0.024, 0.125, 90.239, 91.764, 90.239, 91.764, 6.413, 7.407, 7.35, , , 1, 3.75, 0, 0, 12.1, 4.696, 147, 0, 0, 0, 76, 20.152, 20.351, 104, 100.71, 100, 0, 0, 32.476, 31.952, 100, 4.41, 103.285, 0, 0, 103.809, 92.431, 0, 0, 0, 0, 0, 13.5, 0, 12.1, 0, 4.696, 147, 0, 0, 0, 76, 1, 0.02, 0.02, 104, 100.71, 100, 0, 0, 141, 32.476, 31.952, 100, 4.41, 0, 103.285, 0, 0, 103.809, 92.431, 0, 0.5, 0, 0, 
3.7, 19.128, 100.37, 71.26, 72, , 14.083, 0.983, 365.194, 365.194, 4.725, 337.192, 337.192, 337.192, 51.829, , 35.438, 36.896, 7.407, 7.35, 0, 0, 81.98, 83.366, 81.98, 83.366, 1, 92.617, 92.617, 0.024, 0.125, 89.614, 91.128, 89.614, 91.128, 6.444, 7.407, 7.35, , , 1, 3.801, 0, 0, 12.1, 4.725, 147, 0, 0, 0, 76, 20.257, 20.446, 103.798, 100.627, 100, 0, 0, 32.5, 32.056, 100, 4.41, 103.892, 0, 0, 104.392, 92.996, 0, 0, 0, 0, 0, 13.5, 0, 12.1, 0, 4.725, 147, 0, 0, 0, 76, 1, 0.02, 0.02, 103.798, 100.627, 100, 0, 0, 141, 32.5, 32.056, 100, 4.41, 0, 103.892, 0, 0, 104.392, 92.996, 0, 0.5, 0, 0, 
3.75, 19.131, 100.37, 71.26, 72, , 13.967, 0.983, 372.364, 372.364, 4.76, 334.462, 334.462, 334.462, 51.746, , 35.366, 36.752, 7.407, 7.35, 0, 0, 81.964, 83.349, 81.964, 83.349, 1, 93.465, 93.465, 0.024, 0.125, 89.022, 90.527, 89.022, 90.527, 6.474, 7.407, 7.35, , , 1, 3.851, 0, 0, 12.1, 4.76, 147, 0, 0, 0, 76, 20.376, 20.545, 103.438, 100.479, 100, 0, 0, 32.5, 32.155, 100, 4.41, 104.592, 0, 0, 105.092, 93.739, 0, 0, 0, 0, 0, 13.5, 0, 12.1, 0, 4.76, 147, 0, 0, 0, 76, 1, 0.02, 0.02, 103.438, 100.479, 100, 0, 0, 141, 32.5, 32.155, 100, 4.41, 0, 104.592, 0, 0, 105.092, 93.739, 0, 0.5, 0, 0, 
3.8, 19.134, 100.37, 71.26, 72, , 13.935, 0.983, 379.137, 379.137, 4.795, 333.722, 333.722, 333.722, 51.626, , 35.293, 36.607, 7.407, 7.35, 0, 0, 82.386, 83.779, 82.386, 83.779, 1, 94.144, 94.144, 0.024, 0.125, 89.037, 90.542, 89.037, 90.542, 6.504, 7.407, 7.35, , , 1, 3.9, 0, 0, 12.1, 4.795, 147, 0, 0, 0, 76, 20.496, 20.645, 103.078, 100.331, 100, 0, 0, 32.5, 32.255, 100, 4.41, 105.292, 0, 0, 105.792, 94.482, 0, 0, 0, 0, 0, 13.5, 0, 12.1, 0, 4.795, 147, 0, 0, 0, 76, 1, 0.021, 0.021, 103.078, 100.331, 100, 0, 0, 141, 32.5, 32.255, 100, 4.41, 0, 105.292, 0, 0, 105.792, 94.482, 0, 0.5, 0, 0, 
3.85, 19.137, 100.37, 71.26, 72, , 13.897, 0.983, 385.961, 385.961, 4.829, 332.846, 332.846, 332.846, 51.455, , 35.268, 36.435, 7.407, 7.35, 0, 0, 82.769, 84.169, 82.769, 84.169, 1, 94.834, 94.834, 0.024, 0.125, 89.094, 90.599, 89.094, 90.599, 6.532, 7.407, 7.35, , , 1, 3.951, 0, 0, 12.1, 4.829, 147, 0, 0, 0, 76, 20.615, 20.745, 102.718, 100.183, 100, 0, 0, 32.5, 32.355, 100, 4.41, 105.992, 0, 0, 106.492, 95.225, 0, 0, 0, 0, 0, 13.5, 0, 12.1, 0, 4.829, 147, 0, 0, 0, 76, 1, 0.021, 0.021, 102.718, 100.183, 100, 0, 0, 141, 32.5, 32.355, 100, 4.41, 0, 105.992, 0, 0, 106.492, 95.225, 0, 0.5, 0, 0, 
3.9, 19.14, 100.37, 71.26, 72, , 13.828, 0.983, 392.829, 392.829, 4.864, 331.245, 331.245, 331.245, 51.242, , 35.376, 36.184, 7.407, 7.35, 0, 0, 82.962, 84.364, 82.962, 84.364, 1, 95.516, 95.516, 0.024, 0.125, 89.037, 90.54, 89.037, 90.54, 6.56, 7.407, 7.35, , , 1, 4.001, 0, 0, 12.1, 4.864, 147, 0, 0, 0, 76, 20.735, 20.844, 102.358, 100.035, 100, 0, 0, 32.5, 32.454, 100, 4.41, 106.692, 0, 0, 107.192, 95.968, 0, 0, 0, 0, 0, 13.5, 0, 12.1, 0, 4.864, 147, 0, 0, 0, 76, 1, 0.021, 0.021, 102.358, 100.035, 100, 0, 0, 141, 32.5, 32.454, 100, 4.41, 0, 106.692, 0, 0, 107.192, 95.968, 0, 0.5, 0, 0, 
3.95, 19.141, 100.37, 71.26, 72, , 13.795, 0.983, 399.696, 399.696, 4.884, 330.463, 330.463, 330.463, 50.986, , 35.483, 35.933, 7.407, 7.35, 0, 0, 83.347, 84.756, 83.347, 84.756, 1, 96.19, 96.19, 0.024, 0.125, 89.267, 90.774, 89.267, 90.774, 6.587, 7.407, 7.35, , , 1, 4.051, 0, 0, 12.1, 4.884, 147, 0, 0, 0, 76, 20.785, 20.885, 102.2, 99.95, 100, 0, 0, 32.513, 32.5, 100, 4.41, 107, 0, 0, 107.5, 96.536, 0, 0, 0, 0, 0, 13.5, 0, 12.1, 0, 4.884, 147, 0, 0, 0, 76, 1, 0.021, 0.021, 102.2, 99.95, 100, 0, 0, 141, 32.513, 32.5, 100, 4.41, 0, 107, 0, 0, 107.5, 96.536, 0, 0.5, 0, 0, 
4, 19.142, 100.37, 71.26, 72, , 13.741, 0.983, 406.643, 406.643, 4.892, 329.206, 329.206, 329.206, 50.716, , 35.591, 35.682, 7.407, 7.35, 0, 0, 83.614, 85.027, 83.614, 85.027, 1, 96.871, 96.871, 0.024, 0.125, 89.397, 90.906, 89.397, 90.906, 6.615, 7.407, 7.35, , , 1, 4.101, 0, 0, 12.1, 4.892, 147, 0, 0, 0, 76, 20.776, 20.875, 102.2, 99.914, 100, 0, 0, 32.537, 32.5, 100, 4.41, 107, 0, 0, 107.5, 96.955, 0, 0, 0, 0, 0, 13.5, 0, 12.1, 0, 4.892, 147, 0, 0, 0, 76, 1, 0.021, 0.021, 102.2, 99.914, 100, 0, 0, 141, 32.537, 32.5, 100, 4.41, 0, 107, 0, 0, 107.5, 96.955, 0, 0.5, 0, 0, 
4.05, 19.144, 100.37, 71.26, 72, , 13.672, 0.983, 413.72, 413.72, 4.901, 327.601, 327.601, 327.601, 50.454, , 35.698, 35.431, 7.407, 7.35, 0, 0, 83.792, 85.207, 83.792, 85.207, 1, 97.54, 97.54, 0.024, 0.125, 89.43, 90.939, 89.43, 90.939, 6.643, 7.407, 7.35, , , 1, 4.151, 0, 0, 12.1, 4.901, 147, 0, 0, 0, 76, 20.767, 20.866, 102.2, 99.879, 100, 0, 0, 32.561, 32.5, 100, 4.41, 107, 0, 0, 107.5, 97.373, 0, 0, 0, 0, 0, 13.5, 0, 12.1, 0, 4.901, 147, 0, 0, 0, 76, 1, 0.021, 0.021, 102.2, 99.879, 100, 0, 0, 141, 32.561, 32.5, 100, 4.41, 0, 107, 0, 0, 107.5, 97.373, 0, 0.5, 0, 0, 
4.1, 19.145, 100.37, 71.26, 72, , 13.611, 0.983, 420.796, 420.796, 4.91, 326.167, 326.167, 326.167, 50.195, , 35.719, 35.283, 7.407, 7.35, 0, 0, 84.003, 85.422, 84.003, 85.422, 1, 98.214, 98.214, 0.024, 0.125, 89.499, 91.01, 89.499, 91.01, 6.671, 7.407, 7.35, , , 1, 4.2, 0, 0, 12.1, 4.91, 147, 0, 0, 0, 76, 20.758, 20.856, 102.2, 99.843, 100, 0, 0, 32.585, 32.5, 100, 4.41, 107, 0, 0, 107.5, 97.792, 0, 0, 0, 0, 0, 13.5, 0, 12.1, 0, 4.91, 147, 0, 0, 0, 76, 1, 0.021, 0.021, 102.2, 99.843, 100, 0, 0, 141, 32.585, 32.5, 100, 4.41, 0, 107, 0, 0, 107.5, 97.792, 0, 0.5, 0, 0, 
4.15, 19.146, 100.37, 71.26, 72, , 13.538, 0.983, 427.872, 427.872, 4.918, 324.473, 324.473, 324.473, 49.943, , 35.466, 35.464, 7.407, 7.35, 0, 0, 84.135, 85.557, 84.135, 85.557, 1, 98.878, 98.878, 0.024, 0.125, 89.484, 90.997, 89.484, 90.997, 6.7, 7.407, 7.35, , , 1, 4.251, 0, 0, 12.1, 4.918, 147, 0, 0, 0, 76, 20.748, 20.846, 102.2, 99.808, 100, 0, 0, 32.609, 32.5, 100, 4.41, 107, 0, 0, 107.5, 98.211, 0, 0, 0, 0, 0, 13.5, 0, 12.1, 0, 4.918, 147, 0, 0, 0, 76, 1, 0.021, 0.021, 102.2, 99.808, 100, 0, 0, 141, 32.609, 32.5, 100, 4.41, 0, 107, 0, 0, 107.5, 98.211, 0, 0.5, 0, 0, 
4.2, 19.147, 100.37, 71.26, 72, , 13.533, 0.983, 435.04, 435.04, 4.927, 324.364, 324.364, 324.364, 49.692, , 35.213, 35.645, 7.407, 7.35, 0, 0, 84.675, 86.108, 84.675, 86.108, 1, 99.552, 99.552, 0.024, 0.125, 89.902, 91.424, 89.902, 91.424, 6.728, 7.407, 7.35, , , 1, 4.301, 0, 0, 12.1, 4.927, 147, 0, 0, 0, 76, 20.739, 20.837, 102.2, 99.772, 100, 0, 0, 32.633, 32.5, 100, 4.41, 107, 0, 0, 107.5, 98.629, 0, 0, 0, 0, 0, 13.5, 0, 12.1, 0, 4.927, 147, 0, 0, 0, 76, 1, 0.021, 0.021, 102.2, 99.772, 100, 0, 0, 141, 32.633, 32.5, 100, 4.41, 0, 107, 0, 0, 107.5, 98.629, 0, 0.5, 0, 0, 
4.25, 19.148, 100.37, 71.26, 72, , 13.461, 0.983, 442.191, 442.191, 4.936, 322.687, 322.687, 322.687, 49.448, , 34.96, 35.826, 7.407, 7.35, 0, 0, 84.796, 86.23, 84.796, 86.23, 1, 100.214, 100.214, 0.024, 0.125, 89.876, 91.399, 89.876, 91.399, 6.761, 7.407, 7.35, , , 1, 4.351, 0, 0, 12.1, 4.936, 147, 0, 0, 0, 76, 20.73, 20.827, 102.2, 99.737, 100, 0, 0, 32.657, 32.5, 100, 4.41, 107, 0, 0, 107.5, 99.048, 0, 0, 0, 0, 0, 13.5, 0, 12.1, 0, 4.936, 147, 0, 0, 0, 76, 1, 0.021, 0.021, 102.2, 99.737, 100, 0, 0, 141, 32.657, 32.5, 100, 4.41, 0, 107, 0, 0, 107.5, 99.048, 0, 0.5, 0, 0, 
4.3, 19.149, 100.37, 71.26, 72, , 13.395, 0.983, 449.488, 449.488, 4.944, 321.136, 321.136, 321.136, 49.207, , 34.707, 36.006, 7.407, 7.35, 0, 0, 84.946, 86.383, 84.946, 86.383, 1, 100.879, 100.879, 0.024, 0.124, 89.882, 91.403, 89.882, 91.403, 6.795, 7.407, 7.35, , , 1, 4.4, 0, 0, 12.1, 4.944, 147, 0, 0, 0, 76, 20.721, 20.817, 102.2, 99.701, 100, 0, 0, 32.681, 32.5, 100, 4.41, 107, 0, 0, 107.5, 99.467, 0, 0, 0, 0, 0, 13.5, 0, 12.1, 0, 4.944, 147, 0, 0, 0, 76, 1, 0.021, 0.021, 102.2, 99.701, 100, 0, 0, 141, 32.681, 32.5, 100, 4.41, 0, 107, 0, 0, 107.5, 99.467, 0, 0.5, 0, 0, 
4.35, 19.15, 100.37, 71.26, 72, , 13.354, 0.983, 456.784, 456.784, 4.953, 320.189, 320.189, 320.189, 48.972, , 34.565, 36.004, 7.407, 7.35, 0, 0, 85.248, 86.691, 85.248, 86.691, 1, 101.536, 101.536, 0.024, 0.124, 90.047, 91.571, 90.047, 91.571, 6.829, 7.407, 7.35, , , 1, 4.451, 0, 0, 12.1, 4.953, 147, 0, 0, 0, 76, 20.712, 20.808, 102.2, 99.665, 100, 0, 0, 32.705, 32.5, 100, 4.41, 107, 0, 0, 107.5, 99.885, 0, 0, 0, 0, 0, 13.5, 0, 12.1, 0, 4.953, 147, 0, 0, 0, 76, 1, 0.021, 0.021, 102.2, 99.665, 100, 0, 0, 141, 32.705, 32.5, 100, 4.41, 0, 107, 0, 0, 107.5, 99.885, 0, 0.5, 0, 0, 
4.4, 19.152, 100.37, 71.26, 72, , 13.285, 0.983, 464.081, 464.081, 4.962, 318.578, 318.578, 318.578, 48.741, , 34.74, 35.481, 7.407, 7.35, 0, 0, 85.362, 86.805, 85.362, 86.805, 1, 102.192, 102.192, 0.024, 0.123, 90.014, 91.538, 90.014, 91.538, 6.864, 7.407, 7.35, , , 1, 4.501, 0, 0, 12.1, 4.962, 147, 0, 0, 0, 76, 20.703, 20.798, 102.2, 99.63, 100, 0, 0, 32.73, 32.5, 100, 4.41, 107, 0, 0, 107.5, 100.304, 0, 0, 0, 0, 0, 13.5, 0, 12.1, 0, 4.962, 147, 0, 0, 0, 76, 1, 0.021, 0.021, 102.2, 99.63, 100, 0, 0, 141, 32.73, 32.5, 100, 4.41, 0, 107, 0, 0, 107.5, 100.304, 0, 0.5, 0, 0, 
4.45, 19.153, 100.37, 71.26, 72, , 13.211, 0.983, 471.524, 471.524, 4.97, 316.853, 316.853, 316.853, 48.514, , 34.914, 34.957, 7.407, 7.35, 0, 0, 85.449, 86.892, 85.449, 86.892, 1, 102.843, 102.843, 0.024, 0.123, 89.951, 91.472, 89.951, 91.472, 6.906, 7.407, 7.35, , , 1, 4.55, 0, 0, 12.1, 4.97, 147, 0, 0, 0, 76, 20.694, 20.789, 102.2, 99.594, 100, 0, 0, 32.754, 32.5, 100, 4.41, 107, 0, 0, 107.5, 100.723, 0, 0, 0, 0, 0, 13.5, 0, 12.1, 0, 4.97, 147, 0, 0, 0, 76, 1, 0.021, 0.021, 102.2, 99.594, 100, 0, 0, 141, 32.754, 32.5, 100, 4.41, 0, 107, 0, 0, 107.5, 100.723, 0, 0.5, 0, 0, 
4.5, 19.154, 100.37, 71.26, 72, , 13.161, 0.983, 478.976, 478.976, 4.979, 315.685, 315.685, 315.685, 48.29, , 35.089, 34.434, 7.407, 7.35, 0, 0, 85.671, 87.116, 85.671, 87.116, 1, 103.5, 103.5, 0.024, 0.123, 90.03, 91.553, 90.03, 91.553, 6.951, 7.407, 7.35, , , 1, 4.601, 0, 0, 12.1, 4.979, 147, 0, 0, 0, 76, 20.684, 20.779, 102.2, 99.559, 100, 0, 0, 32.778, 32.5, 100, 4.41, 107, 0, 0, 107.5, 101.141, 0, 0, 0, 0, 0, 13.5, 0, 12.1, 0, 4.979, 147, 0, 0, 0, 76, 1, 0.021, 0.021, 102.2, 99.559, 100, 0, 0, 141, 32.778, 32.5, 100, 4.41, 0, 107, 0, 0, 107.5, 101.141, 0, 0.5, 0, 0, 
4.55, 19.155, 100.37, 71.26, 72, , 13.099, 0.983, 486.508, 486.508, 4.988, 314.246, 314.246, 314.246, 48.075, , 35.263, 33.911, 7.407, 7.35, 0, 0, 85.813, 87.261, 85.813, 87.261, 1, 104.137, 104.137, 0.024, 0.122, 90.025, 91.547, 90.025, 91.547, 6.995, 7.407, 7.35, , , 1, 4.651, 0, 0, 12.1, 4.988, 147, 0, 0, 0, 76, 20.675, 20.769, 102.2, 99.523, 100, 0, 0, 32.802, 32.5, 100, 4.41, 107, 0, 0, 107.5, 101.56, 0, 0, 0, 0, 0, 13.5, 0, 12.1, 0, 4.988, 147, 0, 0, 0, 76, 1, 0.021, 0.021, 102.2, 99.523, 100, 0, 0, 141, 32.802, 32.5, 100, 4.41, 0, 107, 0, 0, 107.5, 101.56, 0, 0.5, 0, 0, 
4.6, 19.156, 100.37, 71.26, 72, , 13.023, 0.983, 494.04, 494.04, 4.996, 312.47, 312.47, 312.47, 47.857, , 35.424, 33.485, 7.407, 7.35, 0, 0, 85.857, 87.305, 85.857, 87.305, 1, 104.792, 104.792, 0.024, 0.122, 89.918, 91.438, 89.918, 91.438, 7.04, 7.407, 7.35, , , 1, 4.7, 0, 0, 12.1, 4.996, 147, 0, 0, 0, 76, 20.666, 20.76, 102.2, 99.488, 100, 0, 0, 32.826, 32.5, 100, 4.41, 107, 0, 0, 107.5, 101.979, 0, 0, 0, 0, 0, 13.5, 0, 12.1, 0, 4.996, 147, 0, 0, 0, 76, 1, 0.021, 0.021, 102.2, 99.488, 100, 0, 0, 141, 32.826, 32.5, 100, 4.41, 0, 107, 0, 0, 107.5, 101.979, 0, 0.5, 0, 0, 
4.65, 19.157, 100.37, 71.26, 72, , 12.931, 0.983, 501.713, 501.713, 5.005, 310.296, 310.296, 310.296, 47.65, , 35.461, 33.931, 7.407, 7.35, 0, 0, 85.78, 87.228, 85.78, 87.228, 1, 105.429, 105.429, 0.024, 0.122, 89.685, 91.201, 89.685, 91.201, 7.083, 7.407, 7.35, , , 1, 4.751, 0, 0, 12.1, 5.005, 147, 0, 0, 0, 76, 20.657, 20.75, 102.2, 99.452, 100, 0, 0, 32.85, 32.5, 100, 4.41, 107, 0, 0, 107.5, 102.397, 0, 0, 0, 0, 0, 13.5, 0, 12.1, 0, 5.005, 147, 0, 0, 0, 76, 1, 0.021, 0.021, 102.2, 99.452, 100, 0, 0, 141, 32.85, 32.5, 100, 4.41, 0, 107, 0, 0, 107.5, 102.397, 0, 0.5, 0, 0, 
4.7, 19.158, 100.37, 71.26, 72, , 12.8, 0.983, 511.676, 511.676, 5.014, 307.237, 307.237, 307.237, 47.388, , 35.498, 34.377, 7.407, 7.35, 0, 0, 85.596, 87.044, 85.596, 87.044, 1, 106.257, 106.257, 0.024, 0.121, 89.297, 90.805, 89.297, 90.805, 7.122, 7.407, 7.35, , , 1, 4.801, 0, 0, 12.1, 5.014, 147, 0, 0, 0, 76, 20.648, 20.74, 102.2, 99.416, 100, 0, 0, 32.874, 32.5, 100, 4.41, 107, 0, 0, 107.5, 102.816, 0, 0, 0, 0, 0, 13.5, 0, 12.1, 0, 5.014, 147, 0, 0, 0, 76, 1, 0.021, 0.021, 102.2, 99.416, 100, 0, 0, 141, 32.874, 32.5, 100, 4.41, 0, 107, 0, 0, 107.5, 102.816, 0, 0.5, 0, 0, 
4.75, 19.16, 100.37, 71.26, 72, , 12.708, 0.983, 519.303, 519.303, 5.022, 305.069, 305.069, 305.069, 47.287, , 35.535, 34.823, 7.407, 7.35, 0, 0, 85.491, 86.939, 85.491, 86.939, 1, 106.88, 106.88, 0.024, 0.121, 89.037, 90.541, 89.037, 90.541, 7.162, 7.407, 7.35, , , 1, 4.851, 0, 0, 12.1, 5.022, 147, 0, 0, 0, 76, 20.639, 20.731, 102.2, 99.381, 100, 0, 0, 32.898, 32.5, 100, 4.41, 107, 0, 0, 107.5, 103.235, 0, 0, 0, 0, 0, 13.5, 0, 12.1, 0, 5.022, 147, 0, 0, 0, 76, 1, 0.021, 0.021, 102.2, 99.381, 100, 0, 0, 141, 32.898, 32.5, 100, 4.41, 0, 107, 0, 0, 107.5, 103.235, 0, 0.5, 0, 0, 
4.8, 19.161, , , 72, , 12.609, , 527.087, 527.087, 5.031, 302.734, 302.734, 302.734, 47.186, , 35.572, 35.27, 7.407, 7.35, 0, 0, 85.335, 86.778, 85.335, 86.778, 1, 107.506, 107.506, 0.024, 0.121, 88.921, 90.423, 88.921, 90.423, 7.202, 7.407, 7.35, , , 1, 4.901, 0, 0, 12.1, 5.031, 147, 0, 0, 0, 76, 20.63, 20.721, 102.2, 99.345, 100, 0, 0, 32.922, 32.5, 100, 4.41, 107, 0, 0, 107.5, 103.654, 0, 0, 0, 0, 0, 13.5, 0, 12.1, 0, 5.031, 147, 0, 0, 0, 76, 1, 0.021, 0.021, 102.2, 99.345, 100, 0, 0, 141, 32.922, 32.5, 100, 4.41, 0, 107, 0, 0, 107.5, 103.654, 0, 0.5, 0, 0, 
4.85, 19.162, , , 72, , 12.491, , 534.871, 534.871, 5.04, 299.956, 299.956, 299.956, 47.088, , 35.544, 35.609, 7.407, 7.35, 0, 0, 85.035, 86.475, 85.035, 86.475, 1, 108.123, 108.123, 0.024, 0.12, 88.675, 90.173, 88.675, 90.173, 7.233, 7.407, 7.35, , , 1, 4.951, 0, 0, 12.1, 5.04, 147, 0, 0, 0, 76, 20.62, 20.712, 102.2, 99.31, 100, 0, 0, 32.946, 32.5, 100, 4.41, 107, 0, 0, 107.5, 104.072, 0, 0, 0, 0, 0, 13.5, 0, 12.1, 0, 5.04, 147, 0, 0, 0, 76, 1, 0.021, 0.021, 102.2, 99.31, 100, 0, 0, 141, 32.946, 32.5, 100, 4.41, 0, 107, 0, 0, 107.5, 104.072, 0, 0.5, 0, 0, 
4.9, 19.163, , , 72, , 12.402, , 542.687, 542.687, 5.048, 297.874, 297.874, 297.874, 46.988, , 35.329, 35.645, 7.407, 7.35, 0, 0, 84.922, 86.36, 84.922, 86.36, 1, 108.733, 108.733, 0.024, 0.12, 88.521, 90.015, 88.521, 90.015, 7.239, 7.407, 7.35, , , 1, 5, 0, 0, 12.1, 5.048, 147, 0, 0, 0, 76, 20.611, 20.702, 102.2, 99.274, 100, 0, 0, 32.97, 32.5, 100, 4.41, 107, 0, 0, 107.5, 104.491, 0, 0, 0, 0, 0, 13.5, 0, 12.1, 0, 5.048, 147, 0, 0, 0, 76, 1, 0.021, 0.021, 102.2, 99.274, 100, 0, 0, 141, 32.97, 32.5, 100, 4.41, 0, 107, 0, 0, 107.5, 104.491, 0, 0.5, 0, 0, 
4.95, 19.164, , , 72, , 12.265, , 550.594, 550.594, 5.057, 294.657, 294.657, 294.657, , , 35.114, 35.681, 7.407, 7.35, 0, 0, 84.477, 85.907, 84.477, 85.907, 1, 109.346, 109.346, 0.024, 0.12, 87.509, 88.99, 87.509, 88.99, 7.246, 7.407, 7.35, , , 1, 5.051, 0, 0, 12.1, 5.057, 147, 0, 0, 0, 76, 20.602, 20.692, 102.2, 99.239, 100, 0, 0, 32.994, 32.5, 100, 4.41, 107, 0, 0, 107.5, 104.91, 0, 0, 0, 0, 0, 13.5, 0, 12.1, 0, 5.057, 147, 0, 0, 0, 76, 1, 0.021, 0.021, 102.2, 99.239, 100, 0, 0, 141, 32.994, 32.5, 100, 4.41, 0, 107, 0, 0, 107.5, 104.91, 0, 0.5, 0, 0, 
5, 19.165, , , 72, , 12.176, , 558.532, 558.532, , 292.563, 292.563, 292.563, , , 34.899, 35.717, 7.407, 7.35, 0, 0, 84.342, 85.767, 84.342, 85.767, 1, 109.953, 109.953, 0.024, 0.12, , , , , 7.252, 7.407, 7.35, , , 1, 5.101, , , , , , , , , , , , , , , , , , , , , , , , , , , , , , , , , , , , , , , , , , , , , , , , , , , , , , , , , , , , , , , , 
5.05, 19.166, , , 72, , 12.061, , 566.519, 566.519, , 289.855, 289.855, 289.855, , , 34.684, 35.753, 7.407, 7.35, 0, 0, 84.017, 85.438, 84.017, 85.438, 1, 110.546, 110.546, 0.024, 0.119, , , , , 7.257, 7.407, 7.35, , , 1, 5.15, , , , , , , , , , , , , , , , , , , , , , , , , , , , , , , , , , , , , , , , , , , , , , , , , , , , , , , , , , , , , , , , 
5.1, 19.168, , , 72, , 11.975, , 574.571, 574.571, , 287.847, 287.847, 287.847, , , 34.572, 35.728, 7.407, 7.35, 0, 0, 83.888, 85.306, 83.888, 85.306, 1, 111.14, 111.14, 0.024, 0.119, , , , , 7.247, 7.407, 7.35, , , 1, 5.201, , , , , , , , , , , , , , , , , , , , , , , , , , , , , , , , , , , , , , , , , , , , , , , , , , , , , , , , , , , , , , , , 
5.15, 19.169, , , 72, , 11.895, , 582.623, 582.623, , 285.975, 285.975, 285.975, , , 34.788, 35.512, 7.407, 7.35, 0, 0, 83.784, 85.2, 83.784, 85.2, 1, 111.73, 111.73, 0.024, 0.119, , , , , 7.237, 7.407, 7.35, , , 1, 5.251, , , , , , , , , , , , , , , , , , , , , , , , , , , , , , , , , , , , , , , , , , , , , , , , , , , , , , , , , , , , , , , , 
5.2, 19.17, , , 72, , 11.797, , 590.674, 590.674, , 283.658, 283.658, 283.658, , , 35.004, 35.296, 7.407, 7.35, 0, 0, 83.537, 84.949, 83.537, 84.949, 1, 112.322, 112.322, 0.024, 0.119, , , , , 7.227, 7.407, 7.35, , , 1, 5.3, , , , , , , , , , , , , , , , , , , , , , , , , , , , , , , , , , , , , , , , , , , , , , , , , , , , , , , , , , , , , , , , 
5.25, , , , , , 11.682, , 598.887, 598.887, , 280.954, 280.954, 280.954, , , 35.22, 35.08, 7.407, 7.35, 0, 0, 83.169, 84.576, 83.169, 84.576, 1, 112.895, 112.895, 0.024, 0.118, , , , , 7.217, 7.407, 7.35, , , 1, 5.351, , , , , , , , , , , , , , , , , , , , , , , , , , , , , , , , , , , , , , , , , , , , , , , , , , , , , , , , , , , , , , , , 
5.3, , , , , , 11.615, , 607.1, 607.1, , 279.401, 279.401, 279.401, , , 35.436, 34.864, 7.407, 7.35, 0, 0, 83.134, 84.54, 83.134, 84.54, 1, 113.472, 113.472, 0.024, 0.118, , , , , 7.233, 7.407, 7.35, , , 1, 5.401, , , , , , , , , , , , , , , , , , , , , , , , , , , , , , , , , , , , , , , , , , , , , , , , , , , , , , , , , , , , , , , , 
5.35, , , , , , 11.193, , 615.272, 615.272, , 269.397, 269.397, 269.397, , , 35.574, 34.743, 7.407, 7.35, 0, 0, 80.532, 81.894, 80.532, 81.894, 1, 114.041, 114.041, 0.024, 0.118, , , , , 7.255, 7.407, 7.35, , , 1, 5.45, , , , , , , , , , , , , , , , , , , , , , , , , , , , , , , , , , , , , , , , , , , , , , , , , , , , , , , , , , , , , , , , 
5.4, , , , , , 9.384, , 623.611, 623.611, , 226.497, 226.497, 226.497, , , 35.466, 34.923, 7.407, 7.35, 0, 0, 67.921, 69.07, 67.921, 69.07, 1, 114.563, 114.563, 0.024, 0.117, , , , , 7.278, 7.407, 7.35, , , 1, 5.501, , , , , , , , , , , , , , , , , , , , , , , , , , , , , , , , , , , , , , , , , , , , , , , , , , , , , , , , , , , , , , , , 
5.45, , , , , , 6.096, , 631.95, 631.95, , 148.518, 148.518, 148.518, , , 35.358, 35.103, 7.407, 7.35, 0, 0, 44.606, 45.362, 44.606, 45.362, 1, 114.956, 114.956, 0.024, 0.117, , , , , 7.301, 7.407, 7.35, , , 1, 5.551, , , , , , , , , , , , , , , , , , , , , , , , , , , , , , , , , , , , , , , , , , , , , , , , , , , , , , , , , , , , , , , , 
5.5, , , , , , 1.615, , 640.29, 640.29, , 42.225, 42.225, 42.225, , , 35.25, 35.283, 7.407, 7.35, 0, 0, 12.687, 12.903, 12.687, 12.903, 1, 115.142, 115.142, 0.024, 0.117, , , , , 7.323, 7.407, 7.35, , , 1, 5.601, , , , , , , , , , , , , , , , , , , , , , , , , , , , , , , , , , , , , , , , , , , , , , , , , , , , , , , , , , , , , , , , 
5.55, , , , , , -2.418, , 648.63, 648.63, , -53.454, -53.454, -53.454, , , 35.142, 35.463, 7.407, 7.35, 0, 0, -16.058, -16.328, -16.058, -16.328, 1, 115.12, 115.12, 0.024, 0.117, , , , , 7.345, 7.407, 7.35, , , 1, 5.651, , , , , , , , , , , , , , , , , , , , , , , , , , , , , , , , , , , , , , , , , , , , , , , , , , , , , , , , , , , , , , , , 
5.6, , , , , , -5.92, , 657.136, 657.136, , -136.562, -136.562, -136.562, , , 35.025, 35.609, 7.407, 7.35, 0, 0, -41.056, -41.749, -41.056, -41.749, 1, 114.906, 114.906, 0.024, 0.117, , , , , 7.367, 7.407, 7.35, , , 1, 5.701, , , , , , , , , , , , , , , , , , , , , , , , , , , , , , , , , , , , , , , , , , , , , , , , , , , , , , , , , , , , , , , , 
5.65, , , , , , -8.037, , 665.642, 665.642, , -186.791, -186.791, -186.791, , , 34.881, 35.645, 7.407, 7.35, 0, 0, -56.128, -57.076, -56.128, -57.076, 1, 114.551, 114.551, 0.024, 0.116, , , , , 7.389, 7.407, 7.35, , , 1, 5.745, , , , , , , , , , , , , , , , , , , , , , , , , , , , , , , , , , , , , , , , , , , , , , , , , , , , , , , , , , , , , , , , 
5.7, , , , , , -8.795, , 670.924, 670.924, , -204.776, -204.776, -204.776, , , 34.736, 35.681, 7.407, 7.35, 0, 0, -61.467, -62.506, -61.467, -62.506, 1, 114.326, 114.326, , , , , , , , 7.407, 7.35, , , 1, 5.77, , , , , , , , , , , , , , , , , , , , , , , , , , , , , , , , , , , , , , , , , , , , , , , , , , , , , , , , , , , , , , , , 
5.75, , , , , , -7.942, , 675.149, 675.149, , -184.558, -184.558, -184.558, , , 34.592, 35.717, 7.407, 7.35, 0, 0, -55.26, -56.196, -55.26, -56.196, 1, 114.101, 114.101, , , , , , , , 7.407, 7.35, , , 1, 5.795, , , , , , , , , , , , , , , , , , , , , , , , , , , , , , , , , , , , , , , , , , , , , , , , , , , , , , , , , , , , , , , , 
5.8, , , , , , -7.434, , 679.318, 679.318, , -172.511, -172.511, -172.511, , , 34.447, 35.753, 7.407, 7.35, 0, 0, -51.554, -52.427, -51.554, -52.427, 1, 113.906, 113.906, , , , , , , , 7.407, 7.35, , , , 5.82, , , , , , , , , , , , , , , , , , , , , , , , , , , , , , , , , , , , , , , , , , , , , , , , , , , , , , , , , , , , , , , , 
5.85, , , , , , -7.455, , 683.488, 683.488, , -173.01, -173.01, -173.01, , , , , 7.407, 7.35, , , -51.616, -52.493, -51.616, -52.493, , 113.722, 113.722, , , , , , , , 7.407, 7.35, , , , , , , , , , , , , , , , , , , , , , , , , , , , , , , , , , , , , , , , , , , , , , , , , , , , , , , , , , , , , , , , , , , , 
