Time, (DWRT ATMO) Humidity, (DWRT ATMO) Pressure, (DWRT ATMO) Temperature 1, (DWRT ATMO) Temperature 2, (DWRT CPU) ????????????????????????????????????????????????????????????????, (DWRT CPU) Acceleration, (DWRT CPU) Correction Factor, (DWRT CPU) Distance, (DWRT CPU) Distance 1, (DWRT CPU) Engine RPM, (DWRT CPU) Force, (DWRT CPU) Force 1, (DWRT CPU) Force Drum 1, (DWRT CPU) Gear Ratio, (DWRT CPU) Inductive 1 Signal Strength, (DWRT CPU) Internal Temp 1, (DWRT CPU) Internal Temp 2, (DWRT CPU) LC1 Volts Petrol AFR, (DWRT CPU) LC2 Volts Petrol AFR2, (DWRT CPU) Link 0 Status, (DWRT CPU) Link 1 Status, (DWRT CPU) Power, (DWRT CPU) Power (uncorrected), (DWRT CPU) Power Drum 1, (DWRT CPU) Power Drum 1 (uncorrected), (DWRT CPU) Sampling, (DWRT CPU) Speed, (DWRT CPU) Speed 1, (DWRT CPU) TCP RX kB/s, (DWRT CPU) TCP TX kB/s, (DWRT CPU) Torque, (DWRT CPU) Torque (uncorrected), (DWRT CPU) Torque Drum 1, (DWRT CPU) Torque Drum 1 (uncorrected), (DWRT CPU) UDP RX kB/s, (DWRT CPU) User Analog 1, (DWRT CPU) User Analog 2, (DWRT CPU) User Analog 3, (DWRT CPU) User Analog 4, (Gen) Sampling, (Gen) Sampling Duration, (Harley - ECU Type 14 SW Level 141) Accel Enrichment, (Harley - ECU Type 14 SW Level 141) Decel Enleanment, (Harley - ECU Type 14 SW Level 141) Desired Air/Fuel, (Harley - ECU Type 14 SW Level 141) Engine Speed, (Harley - ECU Type 14 SW Level 141) Engine Temperature, (Harley - ECU Type 14 SW Level 141) Front Adaptive Fuel Factor, (Harley - ECU Type 14 SW Level 141) Front Closed Loop Integrator, (Harley - ECU Type 14 SW Level 141) Front Spark Knock Retard, (Harley - ECU Type 14 SW Level 141) Idle Air Control Motor Position, (Harley - ECU Type 14 SW Level 141) Injector Time Front, (Harley - ECU Type 14 SW Level 141) Injector Time Rear, (Harley - ECU Type 14 SW Level 141) Intake Air Temperature, (Harley - ECU Type 14 SW Level 141) Manifold Absolute Pressure, (Harley - ECU Type 14 SW Level 141) Rear Adaptive Fuel Factor, (Harley - ECU Type 14 SW Level 141) Rear Closed Loop Integrator, (Harley - ECU Type 14 SW Level 141) Rear Spark Knock Retard, (Harley - ECU Type 14 SW Level 141) Spark Advance Front, (Harley - ECU Type 14 SW Level 141) Spark Advance Rear, (Harley - ECU Type 14 SW Level 141) Throttle Position, (Harley - ECU Type 14 SW Level 141) Throttle Position Sensor Voltage, (Harley - ECU Type 14 SW Level 141) VE Front, (Harley - ECU Type 14 SW Level 141) VE New Front, (Harley - ECU Type 14 SW Level 141) VE New Rear, (Harley - ECU Type 14 SW Level 141) VE Rear, (Harley - ECU Type 14 SW Level 141) Vehicle Speed, (Harley - ECU Type 14 SW Level 141) WBO2 AFR Front, (Harley - ECU Type 14 SW Level 141) WBO2 AFR Rear, (PV) Accel Enrichment, (PV) AT Lambda 1, (PV) AT Lambda 2, (PV) Battery Voltage, (PV) Decel Enleanment, (PV) Desired Air/Fuel, (PV) Desired Lambda, (PV) Engine Speed, (PV) Engine Temperature, (PV) Front Adaptive Fuel Factor, (PV) Front Closed Loop Integrator, (PV) Front Spark Knock Retard, (PV) Idle Air Control Motor Position, (PV) Idle Set Speed, (PV) Injector Time Front, (PV) Injector Time Rear, (PV) Intake Air Temperature, (PV) Manifold Absolute Pressure, (PV) Rear Adaptive Fuel Factor, (PV) Rear Closed Loop Integrator, (PV) Rear Spark Knock Retard, (PV) Software Level, (PV) Spark Advance Front, (PV) Spark Advance Rear, (PV) Throttle Position, (PV) Throttle Position Sensor, (PV) Twistgrip Position, (PV) VE Front, (PV) VE New Front, (PV) VE New Rear, (PV) VE Rear, (PV) Vehicle Speed, (PV) Warm-up Fuel AFR (Lambda), (PV) Warm-up Fuel AFR (Ratio), (PV) WBO2 AFR Front, (PV) WBO2 AFR Rear, 
0, , , , , , 2.059, , , , , 50.9, 50.9, 50.9, , , , , , , , , , , , , , , , , , , , , , , , , , , , , , , , , , , , , , , , , , , , , , , , , , , , , , , , , , , , , , , , , , , , , , , , , , , , , , , , , , , , , , , , , , , , 
0.05, , , , , , 1.982, , , , , 49.075, 49.075, 49.075, , , , , , , , , , , , , , 54.998, 54.998, , , , , , , , , , , , 1, 0.001, , , , , , , , , , , , , , , , , , , , , , , , , , , , , , , , , , , , , , , , , , , , , , , , , , , , , , , , , , , , , , , , 
0.1, , , , , , 2.007, , 9.099, 9.099, , 49.664, 49.664, 49.664, , , , , , , 0, 0, 7.136, 7.235, 7.136, 7.235, 1, 55.141, 55.141, , , , , , , , , , , , 1, 0.076, , , , , , , , , , , , , , , , , , , , , , , , , , , , , , , , , , , , , , , , , , , , , , , , , , , , , , , , , , , , , , , , 
0.15, , 100.39, 74.41, , , 2.066, 0.986, 15.783, 15.783, 2.867, 51.082, 51.082, 51.082, , , , , 7.38, 11.776, 0, 0, 7.422, 7.525, 7.422, 7.525, 1, 55.299, 55.299, 0.025, 0.134, 14.136, 14.335, 14.136, 14.335, 5.141, 7.38, 11.776, , , 1, 0.151, 0, 0, 13.7, 2.867, 135, 0, 0, 0, 67, 5.64, 5.45, 100.4, 35.02, 100, 0, 0, 41, 41, 7, 0.88, 98.5, 0, 0, 103.5, 55.3, 0, 0, 0, 0, 0, 13.6, 0, 13.7, 0, 2.867, 135, 0, 0, 0, 67, 1.016, 0.006, 0.005, 100.4, 35.02, 100, 0, 0, 141, 41, 41, 7, 0.88, 0, 98.5, 0, 0, 103.5, 55.3, 0, 0.8, 0, 0, 
0.2, , 100.39, 74.41, , , 2.334, 0.986, 21.876, 21.876, 2.873, 57.434, 57.434, 57.434, , , , , 7.379, 11.783, 0, 0, 8.495, 8.613, 8.495, 8.613, 1, 55.461, 55.461, 0.025, 0.134, 16.532, 16.765, 16.532, 16.765, 5.165, 7.379, 11.783, , , 1, 0.226, 0, 0, 13.7, 2.873, 135.207, 0, 0, 0, 67, 5.64, 5.44, 100.4, 35.097, 100, 0, 0, 41, 41, 7, 0.88, 98.189, 0, 0, 103.293, 55.429, 0, 0, 0, 0, 0, 13.6, 0, 13.7, 0, 2.873, 135.207, 0, 0, 0, 67, 1.016, 0.006, 0.005, 100.4, 35.097, 100, 0, 0, 141, 41, 41, 7, 0.88, 0, 98.189, 0, 0, 103.293, 55.429, 0, 0.8, 0, 0, 
0.25, , 100.39, 74.41, , , 3.058, 0.986, 27.98, 27.98, 2.879, 74.619, 74.619, 74.619, 51.982, , , , 7.379, 11.793, 0, 0, 11.099, 11.252, 11.099, 11.252, 1, 55.68, 55.68, 0.025, 0.133, 21.234, 21.532, 21.234, 21.532, 5.189, 7.379, 11.793, , , 1, 0.301, 0, 0, 13.7, 2.879, 135.415, 0, 0, 0, 67, 5.64, 5.429, 100.4, 35.174, 100, 0, 0, 41, 41, 7, 0.88, 97.878, 0, 0, 103.085, 55.557, 0, 0, 0, 0, 0, 13.6, 0, 13.7, 0, 2.879, 135.415, 0, 0, 0, 67, 1.016, 0.006, 0.005, 100.4, 35.174, 100, 0, 0, 141, 41, 41, 7, 0.88, 0, 97.878, 0, 0, 103.085, 55.557, 0, 0.8, 0, 0, 
0.3, , 100.39, 74.41, , , 4.199, 0.986, 33.592, 33.592, 2.884, 101.695, 101.695, 101.695, 51.968, , 35.535, 35.06, 7.378, 11.827, 0, 0, 14.988, 15.194, 14.988, 15.194, 1, 55.88, 55.88, 0.025, 0.133, 27.119, 27.5, 27.119, 27.5, 5.213, 7.378, 11.827, , , 1, 0.352, 0, 0, 13.7, 2.884, 135.622, 0, 0, 0, 67, 5.64, 5.419, 100.4, 35.25, 100, 0, 0, 41, 41, 7, 0.88, 97.566, 0, 0, 102.878, 55.686, 0, 0, 0, 0, 0, 13.6, 0, 13.7, 0, 2.884, 135.622, 0, 0, 0, 67, 1.016, 0.006, 0.005, 100.4, 35.251, 100, 0, 0, 141, 41, 41, 7, 0.88, 0, 97.566, 0, 0, 102.878, 55.686, 0, 0.8, 0, 0, 
0.35, , 100.39, 74.41, , , 5.272, 0.986, 37.688, 37.688, 2.89, 127.153, 127.153, 127.153, 51.87, , 35.463, 35.06, 7.378, 11.859, 0, 0, 18.825, 19.082, 18.825, 19.082, 1, 56.114, 56.114, 0.025, 0.133, 33.993, 34.469, 33.993, 34.469, 5.238, 7.378, 11.859, , , 1, 0.402, 0, 0, 13.7, 2.89, 135.83, 0, 0, 0, 67, 5.64, 5.409, 100.4, 35.327, 100, 0, 0, 41, 41, 7, 0.88, 97.255, 0, 0, 102.67, 55.815, 0, 0, 0, 0, 0, 13.6, 0, 13.7, 0, 2.89, 135.83, 0, 0, 0, 67, 1.016, 0.006, 0.005, 100.4, 35.328, 100, 0, 0, 141, 41, 41, 7, 0.88, 0, 97.255, 0, 0, 102.67, 55.815, 0, 0.8, 0, 0, 
0.4, , 100.39, 74.41, , , 6.618, 0.986, 41.784, 41.784, 2.896, 159.092, 159.092, 159.092, 51.66, , 35.391, 35.06, 7.379, 11.851, 0, 0, 23.683, 24.008, 23.683, 24.008, 1, 56.408, 56.408, 0.025, 0.133, 42.683, 43.279, 42.683, 43.279, 5.27, 7.379, 11.851, , , 1, 0.451, 0.071, 0, 13.703, 2.896, 136, 0, 0, 0, 67.45, 5.855, 5.659, 100.4, 35.684, 100, 0, 0, 41.121, 41.173, 7.208, 0.891, 97.363, 0, 0, 102.863, 55.985, 0, 0, 0.071, 0, 0, 13.6, 0, 13.703, 0, 2.896, 136, 0, 0, 0, 67.45, 1.016, 0.006, 0.005, 100.4, 35.715, 100, 0, 0, 141, 41.121, 41.173, 7.208, 0.891, 0, 97.363, 0, 0, 102.863, 55.985, 0, 0.8, 0, 0, 
0.45, , 100.39, 74.41, , , 8.101, 0.986, 45.881, 45.881, 2.902, 194.282, 194.282, 194.282, 51.414, , 35.319, 35.06, 7.379, 11.842, 0, 0, 29.118, 29.52, 29.118, 29.52, 1, 56.768, 56.768, 0.025, 0.133, 52.315, 53.045, 52.315, 53.045, 5.301, 7.379, 11.842, , , 1, 0.501, 0.463, 0, 13.723, 2.902, 136, 0, 0, 0, 69.95, 7.049, 7.097, 100.4, 37.317, 100, 0, 0, 41.794, 42.135, 8.362, 0.95, 99.383, 0, 0, 104.883, 56.344, 0, 0, 0.463, 0, 0, 13.6, 0, 13.723, 0, 2.902, 136, 0, 0, 0, 69.95, 1.016, 0.007, 0.007, 100.4, 37.342, 100, 0, 0, 141, 41.794, 42.135, 8.362, 0.95, 0, 99.383, 0, 0, 104.883, 56.344, 0, 0.8, 0, 0, 
0.5, , 100.39, 74.41, , , 9.496, 0.986, 49.977, 49.977, 2.908, 227.379, 227.379, 227.379, 51.231, , 35.247, 35.06, 7.38, 11.797, 0, 0, 34.34, 34.815, 34.34, 34.815, 1, 57.196, 57.196, 0.025, 0.133, 61.425, 62.28, 61.425, 62.28, 5.332, 7.38, 11.797, , , 1, 0.551, 0.855, 0, 13.742, 2.908, 136, 0, 0, 0, 72.45, 8.243, 8.536, 100.4, 38.949, 100, 0, 0, 42.467, 43.096, 9.515, 1.01, 101.402, 0, 0, 106.902, 56.704, 0, 0, 0.855, 0, 0, 13.6, 0, 13.742, 0, 2.908, 136, 0, 0, 0, 72.45, 1.016, 0.009, 0.008, 100.4, 38.968, 100, 0, 0, 141, 42.467, 43.096, 9.515, 1.01, 0, 101.402, 0, 0, 106.902, 56.704, 0, 0.8, 0, 0, 
0.55, , 100.39, 74.41, , , 10.858, 0.986, 54.074, 54.074, 2.915, 259.707, 259.707, 259.707, 51.053, , 35.24, 35.287, 7.38, 11.752, 0, 0, 39.552, 40.1, 39.552, 40.1, 1, 57.695, 57.695, 0.025, 0.133, 70.364, 71.343, 70.364, 71.343, 5.363, 7.38, 11.752, , , 1, 0.602, 1.248, 0, 13.761, 2.915, 136, 0, 0, 0, 74.95, 9.438, 9.974, 100.4, 40.582, 100, 0, 0, 43.14, 44.058, 10.669, 1.07, 103.421, 0, 0, 108.921, 57.064, 0, 0, 1.248, 0, 0, 13.6, 0, 13.761, 0, 2.915, 136, 0, 0, 0, 74.95, 1.016, 0.01, 0.01, 100.4, 40.595, 100, 0, 0, 141, 43.14, 44.058, 10.669, 1.07, 0, 103.421, 0, 0, 108.921, 57.064, 0, 0.8, 0, 0, 
0.6, 16.25, 100.39, 74.41, 75.239, , 12.128, 0.986, 58.248, 58.248, 2.921, 289.845, 289.845, 289.845, 50.887, , 35.24, 35.539, 7.38, 11.686, 0, 0, 44.544, 45.163, 44.544, 45.163, 1, 58.248, 58.248, 0.025, 0.133, 78.746, 79.841, 78.746, 79.841, 5.366, 7.38, 11.686, , , 1, 0.651, 1.64, 0, 13.78, 2.921, 136, 0, 0, 0, 77.45, 10.632, 11.413, 100.4, 42.215, 100, 0, 0, 43.813, 45.019, 11.823, 1.129, 105.44, 0, 0, 110.94, 57.423, 0, 0, 1.64, 0, 0, 13.6, 0, 13.78, 0, 2.921, 136, 0, 0, 0, 77.45, 1.016, 0.011, 0.011, 100.4, 42.221, 100, 0, 0, 141, 43.813, 45.019, 11.823, 1.129, 0, 105.44, 0, 0, 110.94, 57.423, 0, 0.8, 0, 0, 
0.65, 16.25, 100.39, 74.41, 75.238, , 13.152, 0.986, 62.461, 62.461, 2.927, 314.163, 314.163, 314.163, 50.735, , 35.24, 35.791, 7.38, 11.62, 0, 0, 48.75, 49.427, 48.75, 49.427, 1, 58.877, 58.877, 0.025, 0.133, 85.568, 86.758, 85.568, 86.758, 5.367, 7.38, 11.62, , , 1, 0.702, 2.032, 0, 13.8, 2.927, 136, 0, 0, 0, 79.95, 11.826, 12.851, 100.4, 43.847, 100, 0, 0, 44.487, 45.981, 12.977, 1.189, 107.46, 0, 0, 112.96, 57.783, 0, 0, 2.032, 0, 0, 13.6, 0, 13.8, 0, 2.927, 136, 0, 0, 0, 79.95, 1.016, 0.012, 0.013, 100.4, 43.847, 100, 0, 0, 141, 44.487, 45.981, 12.977, 1.189, 0, 107.46, 0, 0, 112.96, 57.783, 0, 0.8, 0, 0, 
0.7, 16.25, 100.39, 74.41, 75.236, , 13.853, 0.986, 66.654, 66.654, 2.971, 330.811, 330.811, 330.811, 50.628, , 35.24, 36.043, 7.38, 11.593, 0, 0, 51.864, 52.585, 51.864, 52.585, 1, 59.541, 59.541, 0.025, 0.132, 90.295, 91.551, 90.295, 91.551, 5.369, 7.38, 11.593, , , 1, 0.752, 2.034, 0, 13.406, 2.971, 136, 0, 0, 0, 80.984, 13.325, 13.996, 100.4, 53.501, 100, 0, 0, 41.548, 42.704, 22.839, 1.573, 104.155, 0, 0, 109.31, 58.829, 0, 0, 2.034, 0, 0, 13.6, 0, 13.406, 0, 2.971, 136, 0, 0, 0, 80.984, 1.016, 0.013, 0.014, 100.4, 53.501, 100, 0, 0, 141, 41.548, 42.704, 22.839, 1.573, 0, 104.155, 0, 0, 109.31, 58.829, 0, 0.8, 0, 0, 
0.75, 16.25, 100.39, 74.41, 75.235, , 14.309, 0.986, 70.915, 70.915, 3.017, 341.636, 341.636, 341.636, 50.539, , 35.24, 36.295, 7.38, 11.566, 0, 0, 54.156, 54.91, 54.156, 54.91, 1, 60.224, 60.224, 0.025, 0.132, 93.404, 94.702, 93.404, 94.702, 5.371, 7.38, 11.566, , , 1, 0.801, 2.028, 0, 13.005, 3.017, 136, 0, 0, 0, 81.988, 14.83, 15.134, 100.4, 63.318, 100, 0, 0, 38.536, 39.34, 32.88, 1.963, 100.741, 0, 0, 105.545, 59.889, 0, 0, 2.028, 0, 0, 13.6, 0, 13.005, 0, 3.017, 136, 0, 0, 0, 81.988, 1.016, 0.015, 0.015, 100.4, 63.318, 100, 0, 0, 141, 38.536, 39.34, 32.88, 1.963, 0, 100.741, 0, 0, 105.545, 59.889, 0, 0.8, 0, 0, 
0.8, 16.25, 100.39, 74.41, 75.233, , 14.607, 0.986, 75.249, 75.249, 3.062, 348.731, 348.731, 348.731, 50.468, , 35.272, 36.19, 7.38, 11.577, 0, 0, 55.908, 56.687, 55.908, 56.687, 1, 60.932, 60.932, 0.025, 0.132, 95.469, 96.795, 95.469, 96.795, 5.366, 7.38, 11.577, , , 1, 0.851, 2.022, 0, 12.603, 3.062, 136, 0, 0, 0, 82.992, 16.335, 16.273, 100.4, 73.135, 100, 0, 0, 35.524, 35.977, 42.92, 2.354, 97.327, 0, 0, 101.78, 60.95, 0, 0, 2.022, 0, 0, 13.6, 0, 12.603, 0, 3.062, 136, 0, 0, 0, 82.992, 1.016, 0.016, 0.016, 100.4, 73.135, 100, 0, 0, 141, 35.524, 35.977, 42.92, 2.354, 0, 97.327, 0, 0, 101.78, 60.95, 0, 0.8, 0, 0, 
0.85, 16.25, 100.39, 74.41, 75.232, , 14.801, 0.986, 79.654, 79.654, 3.108, 353.337, 353.337, 353.337, 50.423, , 35.308, 36.046, 7.38, 11.589, 0, 0, 57.299, 58.098, 57.299, 58.098, 1, 61.652, 61.652, 0.025, 0.133, 96.812, 98.157, 96.812, 98.157, 5.361, 7.38, 11.589, , , 1, 0.901, 2.016, 0, 12.202, 3.108, 136, 0, 0, 0, 83.996, 17.84, 17.411, 100.4, 82.953, 100, 0, 0, 32.512, 32.613, 52.96, 2.744, 93.914, 0, 0, 98.015, 62.01, 0, 0, 2.016, 0, 0, 13.6, 0, 12.202, 0, 3.108, 136, 0, 0, 0, 83.996, 1.016, 0.018, 0.017, 100.4, 82.953, 100, 0, 0, 141, 32.512, 32.613, 52.96, 2.744, 0, 93.914, 0, 0, 98.015, 62.01, 0, 0.8, 0, 0, 
0.9, 16.25, 100.39, 74.41, 75.23, , 14.954, 0.986, 84.059, 84.059, 3.153, 356.99, 356.99, 356.99, 50.407, , 35.344, 35.902, 7.38, 11.622, 0, 0, 58.58, 59.396, 58.58, 59.396, 1, 62.373, 62.373, 0.025, 0.133, 97.846, 99.204, 97.846, 99.204, 5.356, 7.38, 11.622, , , 1, 0.951, 2.01, 0, 11.8, 3.153, 136, 0, 0, 0, 85, 19.345, 18.55, 100.4, 92.77, 100, 0, 0, 29.5, 29.25, 63, 3.135, 90.5, 0, 0, 94.25, 63.07, 0, 0, 2.01, 0, 0, 13.6, 0, 11.8, 0, 3.153, 136, 0, 0, 0, 85, 1.016, 0.019, 0.018, 100.4, 92.77, 100, 0, 0, 141, 29.5, 29.25, 63, 3.135, 0, 90.5, 0, 0, 94.25, 63.07, 0, 0.8, 0, 0, 
0.95, 16.25, 100.39, 74.41, 75.228, , 15.114, 0.986, 88.55, 88.55, 3.172, 360.807, 360.807, 360.807, 50.411, , 35.38, 35.758, 7.379, 11.657, 0, 0, 59.901, 60.736, 59.901, 60.736, 1, 63.107, 63.107, 0.025, 0.133, 98.867, 100.239, 98.867, 100.239, 5.351, 7.379, 11.657, , , 1, 1.001, 1.586, 0, 11.8, 3.172, 136, 0, 0, 0, 85, 18.922, 18.43, 100.4, 94.816, 100, 0, 0, 29.283, 29.196, 68.435, 3.336, 89.522, 0, 0, 93.109, 63.407, 0, 0, 1.586, 0, 0, 13.6, 0, 11.8, 0, 3.172, 136, 0, 0, 0, 85, 1.016, 0.019, 0.018, 100.4, 94.816, 100, 0, 0, 141, 29.283, 29.196, 68.435, 3.336, 0, 89.522, 0, 0, 93.109, 63.407, 0, 0.8, 0, 0, 
1, 16.25, 100.39, 74.41, 75.227, , 15.34, 0.986, 93.124, 93.124, 3.192, 366.176, 366.176, 366.176, 50.418, , 35.416, 35.614, 7.379, 11.711, 0, 0, 61.516, 62.373, 61.516, 62.373, 1, 63.848, 63.848, 0.025, 0.133, 100.325, 101.718, 100.325, 101.718, 5.352, 7.379, 11.711, , , 1, 1.051, 1.162, 0, 11.8, 3.192, 136, 0, 0, 0, 85, 18.499, 18.311, 100.4, 96.861, 100, 0, 0, 29.065, 29.141, 73.87, 3.537, 88.543, 0, 0, 91.967, 63.744, 0, 0, 1.162, 0, 0, 13.6, 0, 11.8, 0, 3.192, 136, 0, 0, 0, 85, 1.016, 0.018, 0.018, 100.4, 96.861, 100, 0, 0, 141, 29.065, 29.141, 73.87, 3.537, 0, 88.543, 0, 0, 91.967, 63.744, 0, 0.8, 0, 0, 
1.05, 16.25, 100.39, 74.41, 75.225, , 15.495, 0.986, 97.703, 97.703, 3.211, 369.88, 369.88, 369.88, 50.418, , 35.452, 35.762, 7.378, 11.766, 0, 0, 62.858, 63.733, 62.858, 63.733, 1, 64.595, 64.595, 0.025, 0.134, 101.339, 102.746, 101.339, 102.746, 5.355, 7.378, 11.766, , , 1, 1.101, 0.738, 0, 11.8, 3.211, 136, 0, 0, 0, 85, 18.077, 18.191, 100.4, 98.907, 100, 0, 0, 28.848, 29.087, 79.304, 3.738, 87.565, 0, 0, 90.826, 64.081, 0, 0, 0.738, 0, 0, 13.6, 0, 11.8, 0, 3.211, 136, 0, 0, 0, 85, 1.016, 0.018, 0.018, 100.4, 98.907, 100, 0, 0, 141, 28.848, 29.087, 79.304, 3.738, 0, 87.565, 0, 0, 90.826, 64.081, 0, 0.8, 0, 0, 
1.1, 16.25, 100.39, 74.41, 75.224, , 15.633, 0.986, 102.365, 102.365, 3.23, 373.186, 373.186, 373.186, 50.413, , 35.488, 35.942, 7.378, 11.856, 0, 0, 64.16, 65.053, 64.16, 65.053, 1, 65.359, 65.359, 0.025, 0.134, 102.253, 103.674, 102.253, 103.674, 5.358, 7.378, 11.856, , , 1, 1.151, 0.314, 0, 11.8, 3.23, 136, 0, 0, 0, 85, 17.654, 18.072, 100.4, 100.953, 100, 0, 0, 28.63, 29.033, 84.739, 3.939, 86.587, 0, 0, 89.685, 64.418, 0, 0, 0.314, 0, 0, 13.6, 0, 11.8, 0, 3.23, 136, 0, 0, 0, 85, 1.016, 0.017, 0.018, 100.4, 100.953, 100, 0, 0, 141, 28.63, 29.033, 84.739, 3.939, 0, 86.587, 0, 0, 89.685, 64.418, 0, 0.8, 0, 0, 
1.15, 16.25, 100.39, 74.41, 75.222, , 15.737, 0.986, 109.184, 109.184, 3.258, 375.662, 375.662, 375.662, 50.406, , 35.524, 36.122, 7.377, 11.95, 0, 0, 65.68, 66.595, 65.68, 66.595, 1, 66.287, 66.287, 0.025, 0.134, 102.954, 104.386, 102.954, 104.386, 5.361, 7.377, 11.95, , , 1, 1.201, 0.06, 0, 11.808, 3.258, 136, 0, 0, 0, 85, 17.389, 17.986, 100.256, 102.21, 100, 0, 0, 28.54, 29, 88.96, 4.088, 85.84, 0, 0, 88.8, 64.918, 0, 0, 0.06, 0, 0, 13.6, 0, 11.808, 0, 3.258, 136, 0, 0, 0, 85, 1.016, 0.017, 0.018, 100.256, 102.21, 100, 0, 0, 141, 28.54, 29, 88.96, 4.088, 0, 85.84, 0, 0, 88.8, 64.918, 0, 0.792, 0, 0, 
1.2, 16.25, 100.39, 74.41, 75.221, , 15.864, 0.986, 114.129, 114.129, 3.297, 378.696, 378.696, 378.696, 50.402, , 35.56, 36.302, 7.377, 12.084, 0, 0, 67.003, 67.937, 67.003, 67.937, 1, 67.271, 67.271, 0.025, 0.134, 103.789, 105.233, 103.789, 105.233, 5.375, 7.377, 12.084, , , 1, 1.251, 0.06, 0, 11.828, 3.297, 136, 0, 0, 0, 85, 17.361, 17.95, 99.896, 102.284, 100, 0, 0, 28.64, 29, 91.36, 4.158, 85.44, 0, 0, 88.3, 65.664, 0, 0, 0.06, 0, 0, 13.6, 0, 11.828, 0, 3.297, 136, 0, 0, 0, 85, 1.016, 0.017, 0.018, 99.896, 102.284, 100, 0, 0, 141, 28.64, 29, 91.36, 4.158, 0, 85.44, 0, 0, 88.3, 65.664, 0, 0.772, 0, 0, 
1.25, 16.25, 100.39, 74.41, 75.219, , 15.883, 0.986, 118.988, 118.988, 3.336, 379.166, 379.166, 379.166, 50.408, , 35.596, 36.482, 7.377, 12.223, 0, 0, 67.862, 68.807, 67.862, 68.807, 1, 68.042, 68.042, 0.025, 0.134, 103.907, 105.354, 103.907, 105.354, 5.398, 7.377, 12.223, , , 1, 1.301, 0.06, 0, 11.848, 3.336, 136, 0, 0, 0, 85, 17.333, 17.914, 99.536, 102.358, 100, 0, 0, 28.74, 29, 93.76, 4.228, 85.04, 0, 0, 87.8, 66.41, 0, 0, 0.06, 0, 0, 13.6, 0, 11.848, 0, 3.336, 136, 0, 0, 0, 85, 1.016, 0.017, 0.018, 99.536, 102.358, 100, 0, 0, 141, 28.74, 29, 93.76, 4.228, 0, 85.04, 0, 0, 87.8, 66.41, 0, 0.752, 0, 0, 
1.3, 16.25, 100.39, 74.41, 75.218, , 15.994, 0.986, 123.855, 123.855, 3.375, 381.832, 381.832, 381.832, 50.421, , 35.568, 36.468, 7.377, 12.368, 0, 0, 69.115, 70.077, 69.115, 70.077, 1, 68.816, 68.816, 0.025, 0.133, 104.612, 106.069, 104.612, 106.069, 5.422, 7.377, 12.368, , , 1, 1.352, 0.06, 0, 11.868, 3.375, 136, 0, 0, 0, 85, 17.305, 17.878, 99.176, 102.432, 100, 0, 0, 28.84, 29, 96.16, 4.298, 84.64, 0, 0, 87.3, 67.156, 0, 0, 0.06, 0, 0, 13.6, 0, 11.868, 0, 3.375, 136, 0, 0, 0, 85, 1.016, 0.017, 0.018, 99.176, 102.432, 100, 0, 0, 141, 28.84, 29, 96.16, 4.298, 0, 84.64, 0, 0, 87.3, 67.156, 0, 0.732, 0, 0, 
1.35, 16.25, 100.39, 74.41, 75.216, , 16.076, 0.986, 128.823, 128.823, 3.414, 383.781, 383.781, 383.781, 50.439, , 35.532, 36.432, 7.377, 12.514, 0, 0, 70.258, 71.236, 70.258, 71.236, 1, 69.594, 69.594, 0.025, 0.133, 105.109, 106.571, 105.109, 106.571, 5.445, 7.377, 12.514, , , 1, 1.401, 0.06, 0, 11.888, 3.414, 136, 0, 0, 0, 85, 17.277, 17.842, 98.816, 102.506, 100, 0, 0, 28.94, 29, 98.56, 4.368, 84.24, 0, 0, 86.8, 67.902, 0, 0, 0.06, 0, 0, 13.6, 0, 11.888, 0, 3.414, 136, 0, 0, 0, 85, 1.016, 0.017, 0.018, 98.816, 102.506, 100, 0, 0, 141, 28.94, 29, 98.56, 4.368, 0, 84.24, 0, 0, 86.8, 67.902, 0, 0.712, 0, 0, 
1.4, 16.25, 100.39, 74.41, 75.215, , 16.13, 0.986, 133.807, 133.807, 3.454, 385.081, 385.081, 385.081, 50.464, , 35.496, 36.396, 7.377, 12.634, 0, 0, 71.292, 72.285, 71.292, 72.285, 1, 70.383, 70.383, 0.025, 0.133, 105.413, 106.877, 105.413, 106.877, 5.464, 7.377, 12.634, , , 1, 1.451, 0.055, 0, 11.9, 3.454, 136, 0, 0, 0, 85, 17.314, 17.863, 98.6, 102.52, 100, 0, 0, 29.04, 29.04, 100, 4.412, 84.24, 0, 0, 86.7, 68.698, 0, 0, 0.055, 0, 0, 13.6, 0, 11.9, 0, 3.454, 136, 0, 0, 0, 85, 1.016, 0.017, 0.018, 98.6, 102.52, 100, 0, 0, 141, 29.04, 29.04, 100, 4.412, 0, 84.24, 0, 0, 86.7, 68.698, 0, 0.7, 0, 0, 
1.45, 16.25, 100.39, 74.41, 75.213, , 16.212, 0.986, 138.883, 138.883, 3.497, 387.053, 387.053, 387.053, 50.496, , 35.46, 36.36, 7.377, 12.748, 0, 0, 72.459, 73.467, 72.459, 73.467, 1, 71.175, 71.175, 0.025, 0.133, 105.885, 107.355, 105.885, 107.355, 5.478, 7.377, 12.748, , , 1, 1.502, 0.043, 0, 11.9, 3.497, 136, 0, 0, 0, 85, 17.45, 17.971, 98.6, 102.446, 100, 0, 0, 29.14, 29.14, 100, 4.416, 84.84, 0, 0, 87.2, 69.568, 0, 0, 0.043, 0, 0, 13.6, 0, 11.9, 0, 3.497, 136, 0, 0, 0, 85, 1.016, 0.017, 0.018, 98.6, 102.446, 100, 0, 0, 141, 29.14, 29.14, 100, 4.416, 0, 84.84, 0, 0, 87.2, 69.568, 0, 0.7, 0, 0, 
1.5, 16.25, 100.39, 74.41, 75.212, , 16.248, 0.986, 143.958, 143.958, 3.54, 387.939, 387.939, 387.939, 50.529, , 35.424, 36.324, 7.377, 12.818, 0, 0, 73.431, 74.451, 73.431, 74.451, 1, 71.96, 71.96, 0.025, 0.133, 106.054, 107.526, 106.054, 107.526, 5.493, 7.377, 12.818, , , 1, 1.551, 0.031, 0, 11.9, 3.54, 136, 0, 0, 0, 85, 17.586, 18.079, 98.6, 102.372, 100, 0, 0, 29.24, 29.24, 100, 4.42, 85.44, 0, 0, 87.7, 70.438, 0, 0, 0.031, 0, 0, 13.6, 0, 11.9, 0, 3.54, 136, 0, 0, 0, 85, 1.016, 0.017, 0.018, 98.6, 102.372, 100, 0, 0, 141, 29.24, 29.24, 100, 4.42, 0, 85.44, 0, 0, 87.7, 70.438, 0, 0.7, 0, 0, 
1.55, 16.25, 100.389, 74.41, 75.21, , 16.291, 0.986, 149.122, 149.122, 3.583, 388.982, 388.982, 388.982, 50.565, , 35.644, 36.48, 7.377, 12.879, 0, 0, 74.436, 75.471, 74.436, 75.471, 1, 72.754, 72.754, 0.025, 0.133, 106.262, 107.736, 106.262, 107.736, 5.508, 7.377, 12.879, , , 1, 1.601, 0.019, 0, 11.9, 3.583, 136, 0, 0, 0, 85, 17.722, 18.187, 98.6, 102.298, 100, 0, 0, 29.34, 29.34, 100, 4.424, 86.04, 0, 0, 88.2, 71.308, 0, 0, 0.019, 0, 0, 13.6, 0, 11.9, 0, 3.583, 136, 0, 0, 0, 85, 1.016, 0.018, 0.018, 98.6, 102.298, 100, 0, 0, 141, 29.34, 29.34, 100, 4.424, 0, 86.04, 0, 0, 88.2, 71.308, 0, 0.7, 0, 0, 
1.6, 16.25, 100.389, 74.41, 75.209, , 16.284, 0.986, 154.37, 154.37, 3.625, 388.839, 388.839, 388.839, 50.603, 89.36, 35.893, 36.658, 7.377, 12.901, 0, 0, 75.214, 76.26, 75.214, 76.26, 1, 73.542, 73.542, 0.025, 0.133, 106.141, 107.613, 106.141, 107.613, 5.512, 7.377, 12.901, , , 1, 1.651, 0.007, 0, 11.9, 3.625, 136, 0, 0, 0, 85, 17.858, 18.295, 98.6, 102.224, 100, 0, 0, 29.44, 29.44, 100, 4.428, 86.64, 0, 0, 88.7, 72.178, 0, 0, 0.007, 0, 0, 13.6, 0, 11.9, 0, 3.625, 136, 0, 0, 0, 85, 1.016, 0.018, 0.018, 98.6, 102.224, 100, 0, 0, 141, 29.44, 29.44, 100, 4.428, 0, 86.64, 0, 0, 88.7, 72.178, 0, 0.7, 0, 0, 
1.65, 16.25, 100.389, 74.41, 75.207, , 16.295, 0.986, 159.629, 159.629, 3.677, 389.123, 389.123, 389.123, 50.649, 85.406, 36.142, 36.836, 7.377, 12.913, 0, 0, 76.078, 77.136, 76.078, 77.136, 1, 74.34, 74.34, 0.025, 0.133, 106.126, 107.6, 106.126, 107.6, 5.502, 7.377, 12.913, , , 1, 1.701, 0, 0, 11.9, 3.677, 136, 0, 0, 0, 85, 18.022, 18.424, 98.6, 102.15, 100, 0, 0, 29.6, 29.52, 100, 4.429, 87.44, 0, 0, 89.38, 73.247, 0, 0, 0, 0, 0, 13.6, 0, 11.9, 0, 3.677, 136, 0, 0, 0, 85, 1.016, 0.018, 0.018, 98.6, 102.15, 100, 0, 0, 141, 29.6, 29.52, 100, 4.429, 0, 87.44, 0, 0, 89.38, 73.247, 0, 0.7, 0, 0, 
1.7, 16.25, 100.388, 74.41, 75.206, , 16.295, 0.986, 165.025, 165.025, 3.743, 389.129, 389.129, 389.129, 50.695, 81.452, 36.391, 37.014, 7.377, 12.905, 0, 0, 76.903, 77.972, 76.903, 77.972, 1, 75.135, 75.135, 0.025, 0.133, 106.029, 107.504, 106.029, 107.504, 5.492, 7.377, 12.905, , , 1, 1.751, 0, 0, 11.9, 3.743, 136, 0, 0, 0, 85, 18.226, 18.585, 98.6, 102.076, 100, 0, 0, 29.85, 29.57, 100, 4.427, 88.54, 0, 0, 90.33, 74.614, 0, 0, 0, 0, 0, 13.6, 0, 11.9, 0, 3.743, 136, 0, 0, 0, 85, 1.016, 0.018, 0.018, 98.6, 102.076, 100, 0, 0, 141, 29.85, 29.57, 100, 4.427, 0, 88.54, 0, 0, 90.33, 74.614, 0, 0.7, 0, 0, 
1.75, 16.25, 100.388, 74.41, 75.204, , 16.316, 0.986, 170.455, 170.455, 3.809, 389.663, 389.663, 389.663, 50.744, 77.497, 36.64, 37.192, 7.377, 12.89, 0, 0, 77.83, 78.912, 77.83, 78.912, 1, 75.935, 75.935, 0.025, 0.133, 106.072, 107.547, 106.072, 107.547, 5.481, 7.377, 12.89, , , 1, 1.801, 0, 0, 11.9, 3.809, 136, 0, 0, 0, 85, 18.43, 18.746, 98.6, 102.002, 100, 0, 0, 30.1, 29.62, 100, 4.425, 89.64, 0, 0, 91.28, 75.981, 0, 0, 0, 0, 0, 13.6, 0, 11.9, 0, 3.809, 136, 0, 0, 0, 85, 1.016, 0.018, 0.018, 98.6, 102.002, 100, 0, 0, 141, 30.1, 29.62, 100, 4.425, 0, 89.64, 0, 0, 91.28, 75.981, 0, 0.7, 0, 0, 
1.8, 16.25, 100.387, 74.41, 75.203, , 16.276, 0.986, 175.885, 175.885, 3.875, 388.729, 388.729, 388.729, 50.796, 73.543, 36.343, 36.791, 7.377, 12.864, 0, 0, 78.457, 79.546, 78.457, 79.546, 1, 76.736, 76.736, 0.025, 0.133, 105.712, 107.183, 105.712, 107.183, 5.477, 7.377, 12.864, , , 1, 1.851, 0, 0, 11.9, 3.875, 136, 0, 0, 0, 85, 18.634, 18.907, 98.6, 101.928, 100, 0, 0, 30.35, 29.67, 100, 4.423, 90.74, 0, 0, 92.23, 77.348, 0, 0, 0, 0, 0, 13.6, 0, 11.9, 0, 3.875, 136, 0, 0, 0, 85, 1.016, 0.019, 0.019, 98.6, 101.927, 100, 0, 0, 141, 30.35, 29.67, 100, 4.423, 0, 90.74, 0, 0, 92.23, 77.348, 0, 0.7, 0, 0, 
1.85, 16.25, 100.387, 74.41, 75.201, , 16.339, 0.986, 181.39, 181.39, 3.941, 390.238, 390.238, 390.238, 50.848, 69.589, 35.943, 36.281, 7.377, 12.834, 0, 0, 79.585, 80.69, 79.585, 80.69, 1, 77.525, 77.525, 0.025, 0.133, 106.012, 107.488, 106.012, 107.488, 5.505, 7.377, 12.834, , , 1, 1.902, 0, 0, 11.9, 3.941, 136, 0, 0, 0, 85, 18.838, 19.068, 98.6, 101.854, 100, 0, 0, 30.6, 29.72, 100, 4.421, 91.84, 0, 0, 93.18, 78.715, 0, 0, 0, 0, 0, 13.6, 0, 11.9, 0, 3.941, 136, 0, 0, 0, 85, 1.016, 0.019, 0.019, 98.6, 101.853, 100, 0, 0, 141, 30.6, 29.72, 100, 4.421, 0, 91.84, 0, 0, 93.18, 78.715, 0, 0.7, 0, 0, 
1.9, 16.25, 100.387, 74.41, 75.2, , 16.336, 0.986, 187.022, 187.022, 3.999, 390.211, 390.211, 390.211, 50.9, 65.634, 35.542, 35.771, 7.377, 12.804, 0, 0, 80.397, 81.514, 80.397, 81.514, 1, 78.335, 78.335, 0.025, 0.133, 105.896, 107.369, 105.896, 107.369, 5.533, 7.377, 12.804, , , 1, 1.951, 0, 0, 11.9, 3.999, 136, 0, 0, 0, 85, 18.998, 19.203, 98.522, 101.762, 100, 0, 0, 30.793, 29.793, 100, 4.419, 92.739, 0, 0, 93.967, 79.859, 0, 0, 0, 0, 0, 13.6, 0, 11.9, 0, 3.999, 136, 0, 0, 0, 85, 1.016, 0.019, 0.019, 98.522, 101.76, 100, 0, 0, 141, 30.793, 29.793, 100, 4.419, 0, 92.739, 0, 0, 93.967, 79.859, 0, 0.7, 0, 0, 
1.95, 16.252, 100.386, 74.41, 75.202, , 16.329, 0.986, 194.431, 194.431, 4.045, 390.057, 390.057, 390.057, 50.953, 61.68, 35.141, 35.261, 7.377, 12.774, 0, 0, 81.435, 82.567, 81.435, 82.567, 1, 79.205, 79.205, 0.025, 0.133, 105.726, 107.196, 105.726, 107.196, 5.561, 7.377, 12.774, , , 1, 2.001, 0, 0, 11.9, 4.045, 136, 0, 0, 0, 85, 19.094, 19.297, 98.326, 101.641, 100, 0, 0, 30.902, 29.902, 100, 4.417, 93.337, 0, 0, 94.511, 80.67, 0, 0, 0, 0, 0, 13.6, 0, 11.9, 0, 4.045, 136, 0, 0, 0, 85, 1.016, 0.019, 0.019, 98.326, 101.639, 100, 0, 0, 141, 30.902, 29.902, 100, 4.417, 0, 93.337, 0, 0, 94.511, 80.67, 0, 0.7, 0, 0, 
2, 16.253, 100.386, 74.41, 75.204, , 16.351, 0.986, 200.696, 200.696, 4.091, 390.615, 390.615, 390.615, 51.01, 57.726, 34.74, 34.751, 7.377, 12.749, 0, 0, 82.455, 83.6, 82.455, 83.6, 1, 80.254, 80.254, 0.025, 0.133, 105.779, 107.25, 105.779, 107.25, 5.589, 7.377, 12.749, , , 1, 2.052, 0, 0, 11.9, 4.091, 136, 0, 0, 0, 85, 19.19, 19.392, 98.13, 101.52, 100, 0, 0, 31.011, 30.011, 100, 4.415, 93.935, 0, 0, 95.054, 81.481, 0, 0, 0, 0, 0, 13.6, 0, 11.9, 0, 4.091, 136, 0, 0, 0, 85, 1.016, 0.019, 0.019, 98.13, 101.519, 100, 0, 0, 141, 31.011, 30.011, 100, 4.415, 0, 93.935, 0, 0, 95.054, 81.481, 0, 0.7, 0, 0, 
2.05, 16.254, 100.386, 74.41, 75.205, , 16.341, 0.986, 206.413, 206.413, 4.137, 390.384, 390.384, 390.384, 51.048, 53.771, 34.668, 35.121, 7.378, 12.727, 0, 0, 83.209, 84.365, 83.209, 84.365, 1, 81.051, 81.051, 0.025, 0.133, 105.641, 107.11, 105.641, 107.11, 5.639, 7.378, 12.727, , , 1, 2.101, 0, 0, 11.9, 4.137, 136, 0, 0, 0, 85, 19.285, 19.487, 97.935, 101.4, 100, 0, 0, 31.12, 30.12, 100, 4.413, 94.533, 0, 0, 95.598, 82.292, 0, 0, 0, 0, 0, 13.6, 0, 11.9, 0, 4.137, 136, 0, 0, 0, 85, 1.016, 0.019, 0.019, 97.935, 101.399, 100, 0, 0, 141, 31.12, 30.12, 100, 4.413, 0, 94.533, 0, 0, 95.598, 82.292, 0, 0.7, 0, 0, 
2.1, 16.255, 100.385, 74.41, 75.207, , 16.293, 0.986, 212.251, 212.251, 4.183, 389.285, 389.285, 389.285, 51.082, 66.899, 34.632, 35.589, 7.378, 12.718, 0, 0, 83.792, 84.954, 83.792, 84.954, 1, 81.847, 81.847, 0.025, 0.133, 105.274, 106.737, 105.274, 106.737, 5.69, 7.378, 12.718, , , 1, 2.151, 0, 0, 11.9, 4.183, 136, 0, 0, 0, 85, 19.381, 19.581, 97.739, 101.279, 100, 0, 0, 31.228, 30.228, 100, 4.41, 95.13, 0, 0, 96.141, 83.103, 0, 0, 0, 0, 0, 13.6, 0, 11.9, 0, 4.183, 136, 0, 0, 0, 85, 1.016, 0.019, 0.019, 97.739, 101.279, 100, 0, 0, 141, 31.228, 30.228, 100, 4.41, 0, 95.13, 0, 0, 96.141, 83.103, 0, 0.7, 0, 0, 
2.15, 16.256, 100.385, 74.41, 75.208, , 16.24, 0.986, 218.172, 218.172, 4.226, 388.035, 388.035, 388.035, 51.111, 69.523, 34.596, 36.057, 7.379, 12.714, 0, 0, 84.333, 85.503, 84.333, 85.503, 1, 82.65, 82.65, 0.025, 0.133, 104.873, 106.332, 104.873, 106.332, 5.74, 7.379, 12.714, , , 1, 2.202, 0, 0, 11.9, 4.226, 136, 0, 0, 0, 85, 19.454, 19.661, 97.55, 101.194, 100, 0, 0, 31.333, 30.333, 100, 4.412, 95.667, 0, 0, 96.667, 83.938, 0, 0, 0, 0, 0, 13.592, 0, 11.9, 0, 4.226, 136, 0, 0, 0, 85, 1.016, 0.02, 0.02, 97.55, 101.194, 100, 0, 0, 141, 31.333, 30.333, 100, 4.412, 0, 95.667, 0, 0, 96.667, 83.938, 0, 0.7, 0, 0, 
2.2, 16.257, 100.384, 74.41, 75.21, , 16.203, 0.986, 224.159, 224.159, 4.269, 387.187, 387.187, 387.187, 51.14, 69.624, 34.56, 36.525, 7.379, 12.712, 0, 0, 84.966, 86.144, 84.966, 86.144, 1, 83.436, 83.436, 0.025, 0.133, 104.583, 106.039, 104.583, 106.039, 5.79, 7.379, 12.712, , , 1, 2.251, 0, 0, 11.9, 4.269, 136, 0, 0, 0, 85, 19.522, 19.737, 97.362, 101.118, 100, 0, 0, 31.438, 30.438, 100, 4.414, 96.188, 0, 0, 97.188, 84.78, 0, 0, 0, 0, 0, 13.581, 0, 11.9, 0, 4.269, 136, 0, 0, 0, 85, 1.016, 0.02, 0.02, 97.362, 101.118, 100, 0, 0, 141, 31.438, 30.438, 100, 4.414, 0, 96.188, 0, 0, 97.188, 84.78, 0, 0.7, 0, 0, 
2.25, 16.258, 100.384, 74.41, 75.211, , 16.158, 0.986, 230.147, 230.147, 4.312, 386.152, 386.152, 386.152, 51.167, 69.725, 34.524, 36.993, 7.38, 12.712, 0, 0, 85.539, 86.725, 85.539, 86.725, 1, 84.227, 84.227, 0.025, 0.133, 104.249, 105.701, 104.249, 105.701, 5.832, 7.38, 12.712, , , 1, 2.301, 0, 0, 11.9, 4.312, 136, 0, 0, 0, 85, 19.59, 19.813, 97.175, 101.042, 100, 0, 0, 31.542, 30.542, 100, 4.416, 96.708, 0, 0, 97.708, 85.622, 0, 0, 0, 0, 0, 13.571, 0, 11.9, 0, 4.312, 136, 0, 0, 0, 85, 1.016, 0.02, 0.02, 97.175, 101.042, 100, 0, 0, 141, 31.542, 30.542, 100, 4.416, 0, 96.708, 0, 0, 97.708, 85.622, 0, 0.7, 0, 0, 
2.3, 16.26, 100.384, 74.41, 75.213, , 16.094, 0.986, 236.204, 236.204, 4.355, 384.654, 384.654, 384.654, 51.193, 69.826, 34.844, 36.748, 7.38, 12.703, 0, 0, 86.007, 87.201, 86.007, 87.201, 1, 85.022, 85.022, 0.025, 0.133, 103.79, 105.235, 103.79, 105.235, 5.872, 7.38, 12.703, , , 1, 2.351, 0, 0, 11.9, 4.355, 136, 0, 0, 0, 85, 19.657, 19.889, 96.988, 100.966, 100, 0, 0, 31.646, 30.646, 100, 4.418, 97.229, 0, 0, 98.229, 86.463, 0, 0, 0, 0, 0, 13.56, 0, 11.9, 0, 4.355, 136, 0, 0, 0, 85, 1.016, 0.02, 0.02, 96.988, 100.966, 100, 0, 0, 141, 31.646, 30.646, 100, 4.418, 0, 97.229, 0, 0, 98.229, 86.463, 0, 0.7, 0, 0, 
2.35, 16.261, 100.383, 74.41, 75.214, , 16.038, 0.986, 242.349, 242.349, 4.398, 383.357, 383.357, 383.357, 51.219, 69.928, 35.204, 36.424, 7.379, 12.688, 0, 0, 86.511, 87.712, 86.511, 87.712, 1, 85.81, 85.81, 0.025, 0.133, 103.387, 104.825, 103.387, 104.825, 5.911, 7.379, 12.688, , , 1, 2.401, 0, 0, 11.9, 4.398, 136, 0, 0, 0, 85, 19.725, 19.965, 96.8, 100.89, 100, 0, 0, 31.75, 30.75, 100, 4.42, 97.75, 0, 0, 98.75, 87.305, 0, 0, 0, 0, 0, 13.55, 0, 11.9, 0, 4.398, 136, 0, 0, 0, 85, 1.016, 0.02, 0.02, 96.8, 100.89, 100, 0, 0, 141, 31.75, 30.75, 100, 4.42, 0, 97.75, 0, 0, 98.75, 87.305, 0, 0.7, 0, 0, 
2.4, 16.262, 100.383, 74.41, 75.216, , 16.019, 0.986, 248.494, 248.494, 4.419, 382.927, 382.927, 382.927, 51.247, 70.029, 35.564, 36.1, 7.379, 12.653, 0, 0, 87.202, 88.413, 87.202, 88.413, 1, 86.589, 86.589, 0.025, 0.133, 103.217, 104.652, 103.217, 104.652, 5.95, 7.379, 12.653, , , 1, 2.451, 0, 0, 11.9, 4.419, 136, 0, 0, 0, 85, 19.759, 20.007, 96.8, 100.811, 100, 0, 0, 31.804, 30.804, 100, 4.422, 98.022, 0, 0, 99.022, 87.778, 0, 0, 0, 0, 0, 13.539, 0, 11.9, 0, 4.419, 136, 0, 0, 0, 85, 1.016, 0.02, 0.02, 96.8, 100.811, 100, 0, 0, 141, 31.804, 30.804, 100, 4.422, 0, 98.022, 0, 0, 99.022, 87.778, 0, 0.7, 0, 0, 
2.45, 16.263, 100.382, 74.41, 75.217, , 15.946, 0.986, 254.705, 254.705, 4.441, 381.213, 381.213, 381.213, 51.277, 70.13, 35.924, 35.776, 7.378, 12.606, 0, 0, 87.594, 88.81, 87.594, 88.81, 1, 87.376, 87.376, 0.024, 0.133, 102.695, 104.122, 102.695, 104.122, 5.992, 7.378, 12.606, , , 1, 2.502, 0, 0, 11.9, 4.441, 136, 0, 0, 0, 85, 19.792, 20.05, 96.8, 100.731, 100, 0, 0, 31.859, 30.859, 100, 4.424, 98.293, 0, 0, 99.293, 88.251, 0, 0, 0, 0, 0, 13.528, 0, 11.9, 0, 4.441, 136, 0, 0, 0, 85, 1.016, 0.02, 0.02, 96.8, 100.731, 100, 0, 0, 141, 31.859, 30.859, 100, 4.424, 0, 98.293, 0, 0, 99.293, 88.251, 0, 0.7, 0, 0, 
2.5, 16.264, 100.382, 74.41, 75.219, , 15.869, 0.986, 261.016, 261.016, 4.462, 379.411, 379.411, 379.411, 51.312, 70.231, 36.284, 35.452, 7.378, 12.544, 0, 0, 87.952, 89.173, 87.952, 89.173, 1, 88.155, 88.155, 0.024, 0.133, 102.14, 103.559, 102.14, 103.559, 6.039, 7.378, 12.544, , , 1, 2.551, 0, 0, 11.9, 4.462, 136, 0, 0, 0, 85, 19.826, 20.092, 96.8, 100.652, 100, 0, 0, 31.913, 30.913, 100, 4.427, 98.565, 0, 0, 99.565, 88.723, 0, 0, 0, 0, 0, 13.517, 0, 11.9, 0, 4.462, 136, 0, 0, 0, 85, 1.016, 0.02, 0.02, 96.8, 100.652, 100, 0, 0, 141, 31.913, 30.913, 100, 4.427, 0, 98.565, 0, 0, 99.565, 88.723, 0, 0.7, 0, 0, 
2.55, 16.265, 100.382, 74.41, 75.22, , 15.798, 0.986, 267.452, 267.452, 4.484, 377.745, 377.745, 377.745, 51.351, 70.332, 36.196, 35.56, 7.377, 12.473, 0, 0, 88.345, 89.572, 88.345, 89.572, 1, 88.925, 88.925, 0.024, 0.132, 101.613, 103.025, 101.613, 103.025, 6.085, 7.377, 12.473, , , 1, 2.601, 0, 0, 11.9, 4.484, 136, 0, 0, 0, 85, 19.86, 20.135, 96.8, 100.573, 100, 0, 0, 31.967, 30.967, 100, 4.429, 98.837, 0, 0, 99.837, 89.196, 0, 0, 0, 0, 0, 13.507, 0, 11.9, 0, 4.484, 136, 0, 0, 0, 85, 1.016, 0.02, 0.02, 96.8, 100.573, 100, 0, 0, 141, 31.967, 30.967, 100, 4.429, 0, 98.837, 0, 0, 99.837, 89.196, 0, 0.7, 0, 0, 
2.6, 16.266, 100.381, 74.41, 75.222, , 15.723, 0.986, 273.844, 273.844, 4.523, 376.007, 376.007, 376.007, 51.394, 70.433, 36.058, 35.715, 7.377, 12.395, 0, 0, 88.703, 89.936, 88.703, 89.936, 1, 89.702, 89.702, 0.024, 0.132, 101.061, 102.467, 101.061, 102.467, 6.131, 7.377, 12.395, , , 1, 2.652, 0, 0, 11.9, 4.523, 136, 0, 0, 0, 85, 19.966, 20.234, 96.651, 100.479, 100, 0, 0, 32.041, 31.104, 100, 4.429, 99.539, 0, 0, 100.498, 89.944, 0, 0, 0, 0, 0, 13.5, 0, 11.9, 0, 4.523, 136, 0, 0, 0, 85, 1.016, 0.02, 0.02, 96.651, 100.479, 100, 0, 0, 141, 32.041, 31.104, 100, 4.429, 0, 99.539, 0, 0, 100.498, 89.944, 0, 0.7, 0, 0, 
2.65, 16.268, 100.381, 74.41, 75.223, , 15.636, 0.986, 280.33, 280.33, 4.588, 373.951, 373.951, 373.951, 51.436, 70.535, 35.92, 35.87, 7.377, 12.312, 0, 0, 88.979, 90.217, 88.979, 90.217, 1, 90.472, 90.472, 0.024, 0.132, 100.427, 101.825, 100.427, 101.825, 6.173, 7.377, 12.312, , , 1, 2.701, 0, 0, 11.9, 4.588, 136, 0, 0, 0, 85, 20.182, 20.42, 96.277, 100.363, 100, 0, 0, 32.145, 31.363, 100, 4.427, 100.888, 0, 0, 101.743, 91.104, 0, 0, 0, 0, 0, 13.5, 0, 11.9, 0, 4.588, 136, 0, 0, 0, 85, 1.016, 0.02, 0.02, 96.277, 100.363, 100, 0, 0, 141, 32.145, 31.363, 100, 4.427, 0, 100.888, 0, 0, 101.743, 91.104, 0, 0.7, 0, 0, 
2.7, 16.269, 100.381, 74.41, 75.225, , 15.584, 0.986, 286.871, 286.871, 4.652, 372.743, 372.743, 372.743, 51.47, 70.636, 35.782, 36.025, 7.377, 12.235, 0, 0, 89.442, 90.686, 89.442, 90.686, 1, 91.234, 91.234, 0.024, 0.132, 100.038, 101.43, 100.038, 101.43, 6.212, 7.377, 12.235, , , 1, 2.751, 0, 0, 11.9, 4.652, 136, 0, 0, 0, 85, 20.398, 20.606, 95.904, 100.248, 100, 0, 0, 32.249, 31.622, 100, 4.425, 102.237, 0, 0, 102.988, 92.263, 0, 0, 0, 0, 0, 13.5, 0, 11.9, 0, 4.652, 136, 0, 0, 0, 85, 1.016, 0.02, 0.02, 95.904, 100.248, 100, 0, 0, 141, 32.249, 31.622, 100, 4.425, 0, 102.237, 0, 0, 102.988, 92.263, 0, 0.7, 0, 0, 
2.75, 16.27, 100.38, 74.41, 75.226, , 15.523, 0.986, 293.432, 293.432, 4.717, 371.32, 371.32, 371.32, 51.495, 70.737, 35.644, 36.18, 7.377, 12.161, 0, 0, 89.843, 91.093, 89.843, 91.093, 1, 92.006, 92.006, 0.024, 0.132, 99.605, 100.992, 99.605, 100.992, 6.25, 7.377, 12.161, , , 1, 2.802, 0, 0, 11.9, 4.717, 136, 0, 0, 0, 85, 20.614, 20.791, 95.53, 100.132, 100, 0, 0, 32.353, 31.882, 100, 4.423, 103.585, 0, 0, 104.232, 93.423, 0, 0, 0, 0, 0, 13.5, 0, 11.9, 0, 4.717, 136, 0, 0, 0, 85, 1.016, 0.021, 0.021, 95.53, 100.132, 100, 0, 0, 141, 32.353, 31.882, 100, 4.423, 0, 103.585, 0, 0, 104.232, 93.423, 0, 0.7, 0, 0, 
2.8, 16.271, 100.38, 74.41, 75.228, , 15.416, 0.986, 302.416, 302.416, 4.782, 368.823, 368.823, 368.823, 51.518, 70.838, 35.626, 36.115, 7.377, 12.094, 0, 0, 90.225, 91.478, 90.225, 91.478, 1, 92.971, 92.971, 0.025, 0.132, 98.893, 100.269, 98.893, 100.269, 6.288, 7.377, 12.094, , , 1, 2.851, 0, 0, 11.9, 4.782, 136, 0, 0, 0, 85, 20.829, 20.977, 95.157, 100.016, 100, 0, 0, 32.456, 32.141, 100, 4.421, 104.934, 0, 0, 105.477, 94.583, 0, 0, 0, 0, 0, 13.5, 0, 11.9, 0, 4.782, 136, 0, 0, 0, 85, 1.016, 0.021, 0.021, 95.157, 100.016, 100, 0, 0, 141, 32.456, 32.141, 100, 4.421, 0, 104.934, 0, 0, 105.477, 94.583, 0, 0.7, 0, 0, 
2.85, 16.272, 100.38, 74.41, 75.229, , 15.342, 0.986, 309.087, 309.087, 4.821, 367.106, 367.106, 367.106, 51.509, 70.939, 35.663, 35.945, 7.378, 12.032, 0, 0, 90.538, 91.795, 90.538, 91.795, 1, 93.782, 93.782, 0.025, 0.131, 98.447, 99.816, 98.447, 99.816, 6.327, 7.378, 12.032, , , 1, 2.901, 0, 0, 11.9, 4.821, 136, 0, 0, 0, 85, 20.959, 21.098, 95, 99.924, 100, 0, 0, 32.5, 32.28, 100, 4.421, 105.743, 0, 0, 106.243, 95.296, 0, 0, 0, 0, 0, 13.5, 0, 11.9, 0, 4.821, 136, 0, 0, 0, 85, 1.016, 0.021, 0.021, 95, 99.924, 100, 0, 0, 141, 32.5, 32.28, 100, 4.421, 0, 105.743, 0, 0, 106.243, 95.296, 0, 0.7, 0, 0, 
2.9, 16.273, 100.38, 74.41, 75.231, , 15.256, 0.986, 315.911, 315.911, 4.841, 365.079, 365.079, 365.079, 51.454, 71.04, 35.701, 35.776, 7.378, 11.973, 0, 0, 90.755, 92.015, 90.755, 92.015, 1, 94.531, 94.531, 0.025, 0.131, 98.004, 99.367, 98.004, 99.367, 6.369, 7.378, 11.973, , , 1, 2.951, 0, 0, 11.9, 4.841, 136, 0, 0, 0, 85, 21.026, 21.172, 95, 99.847, 100, 0, 0, 32.5, 32.333, 100, 4.423, 106.161, 0, 0, 106.661, 95.685, 0, 0, 0, 0, 0, 13.5, 0, 11.9, 0, 4.841, 136, 0, 0, 0, 85, 1.016, 0.021, 0.021, 95, 99.847, 100, 0, 0, 141, 32.5, 32.333, 100, 4.423, 0, 106.161, 0, 0, 106.661, 95.685, 0, 0.7, 0, 0, 
2.95, 16.274, 100.38, 74.41, 75.233, , 15.183, 0.986, 322.779, 322.779, 4.861, 363.37, 363.37, 363.37, 51.354, 71.141, 35.739, 35.606, 7.379, 11.916, 0, 0, 91.05, 92.314, 91.05, 92.314, 1, 95.282, 95.282, 0.025, 0.131, 97.737, 99.097, 97.737, 99.097, 6.411, 7.379, 11.916, , , 1, 3.001, 0, 0, 11.9, 4.861, 136, 0, 0, 0, 85, 21.093, 21.247, 95, 99.77, 100, 0, 0, 32.5, 32.385, 100, 4.425, 106.579, 0, 0, 107.079, 96.074, 0, 0, 0, 0, 0, 13.5, 0, 11.9, 0, 4.861, 136, 0, 0, 0, 85, 1.016, 0.021, 0.021, 95, 99.77, 100, 0, 0, 141, 32.5, 32.385, 100, 4.425, 0, 106.579, 0, 0, 107.079, 96.074, 0, 0.7, 0, 0, 
3, 16.276, 100.38, 74.41, 75.234, , 15.093, 0.986, 329.646, 329.646, 4.882, 361.268, 361.268, 361.268, 51.208, 71.243, 35.776, 35.437, 7.379, 11.862, 0, 0, 91.23, 92.496, 91.23, 92.496, 1, 96.024, 96.024, 0.025, 0.131, 97.444, 98.799, 97.444, 98.799, 6.452, 7.379, 11.862, , , 1, 3.051, 0, 0, 11.9, 4.882, 136, 0, 0, 0, 85, 21.16, 21.321, 95, 99.692, 100, 0, 0, 32.5, 32.437, 100, 4.427, 106.998, 0, 0, 107.498, 96.463, 0, 0, 0, 0, 0, 13.5, 0, 11.9, 0, 4.882, 136, 0, 0, 0, 85, 1.016, 0.021, 0.021, 95, 99.692, 100, 0, 0, 141, 32.5, 32.437, 100, 4.427, 0, 106.998, 0, 0, 107.498, 96.463, 0, 0.7, 0, 0, 
3.05, 16.277, 100.38, 74.41, 75.236, , 15.044, 0.986, 336.514, 336.514, 4.902, 360.138, 360.138, 360.138, 51.021, 71.344, 35.65, 35.582, 7.38, 11.808, 0, 0, 91.64, 92.911, 91.64, 92.911, 1, 96.757, 96.757, 0.025, 0.131, 97.502, 98.858, 97.502, 98.858, 6.493, 7.38, 11.808, , , 1, 3.101, 0, 0, 11.9, 4.902, 136, 0, 0, 0, 85, 21.227, 21.395, 95, 99.615, 100, 0, 0, 32.5, 32.49, 100, 4.43, 107.416, 0, 0, 107.916, 96.852, 0, 0, 0, 0, 0, 13.5, 0, 11.9, 0, 4.902, 136, 0, 0, 0, 85, 1.016, 0.021, 0.021, 95, 99.615, 100, 0, 0, 141, 32.5, 32.49, 100, 4.43, 0, 107.416, 0, 0, 107.916, 96.852, 0, 0.7, 0, 0, 
3.1, 16.278, 100.38, 74.41, 75.237, , 14.97, 0.986, 343.528, 343.528, 4.933, 358.396, 358.396, 358.396, 50.791, 71.445, 35.506, 35.762, 7.38, 11.759, 0, 0, 91.894, 93.168, 91.894, 93.168, 1, 97.494, 97.494, 0.025, 0.131, 97.469, 98.826, 97.469, 98.826, 6.525, 7.38, 11.759, , , 1, 3.151, 0, 0, 11.9, 4.933, 136, 0, 0, 0, 85, 21.155, 21.316, 94.891, 99.51, 100, 0, 0, 32.576, 32.5, 100, 4.429, 107.197, 0, 0, 107.697, 97.325, 0, 0, 0, 0, 0, 13.5, 0, 11.9, 0, 4.933, 136, 0, 0, 0, 85, 1.016, 0.021, 0.021, 94.891, 99.51, 100, 0, 0, 141, 32.576, 32.5, 100, 4.429, 0, 107.197, 0, 0, 107.697, 97.325, 0, 0.7, 0, 0, 
3.15, 16.279, 100.38, 74.41, 75.239, , 14.902, 0.986, 350.604, 350.604, 4.967, 356.805, 356.805, 356.805, 50.56, 71.546, 35.362, 35.942, 7.379, 11.712, 0, 0, 92.177, 93.455, 92.177, 93.455, 1, 98.224, 98.224, 0.025, 0.131, 97.484, 98.841, 97.484, 98.841, 6.556, 7.379, 11.712, , , 1, 3.201, 0, 0, 11.9, 4.967, 136, 0, 0, 0, 85, 21.05, 21.198, 94.755, 99.398, 100, 0, 0, 32.67, 32.5, 100, 4.429, 106.818, 0, 0, 107.318, 97.82, 0, 0, 0, 0, 0, 13.5, 0, 11.9, 0, 4.967, 136, 0, 0, 0, 85, 1.016, 0.021, 0.021, 94.755, 99.398, 100, 0, 0, 141, 32.67, 32.5, 100, 4.429, 0, 106.818, 0, 0, 107.318, 97.82, 0, 0.7, 0, 0, 
3.2, 16.28, 100.38, 74.41, 75.24, , 14.84, 0.986, 357.68, 357.68, 5.001, 355.352, 355.352, 355.352, 50.331, 71.647, 35.218, 36.122, 7.379, 11.679, 0, 0, 92.485, 93.769, 92.485, 93.769, 1, 98.961, 98.961, 0.025, 0.131, 97.526, 98.884, 97.526, 98.884, 6.587, 7.379, 11.679, , , 1, 3.251, 0, 0, 11.9, 5.001, 136, 0, 0, 0, 85, 20.944, 21.08, 94.618, 99.286, 100, 0, 0, 32.765, 32.5, 100, 4.428, 106.439, 0, 0, 106.939, 98.314, 0, 0, 0, 0, 0, 13.5, 0, 11.9, 0, 5.001, 136, 0, 0, 0, 85, 1.016, 0.021, 0.021, 94.618, 99.286, 100, 0, 0, 141, 32.765, 32.5, 100, 4.428, 0, 106.439, 0, 0, 106.939, 98.314, 0, 0.7, 0, 0, 
3.25, 16.282, 100.38, 74.41, 75.238, , 14.795, 0.986, 364.844, 364.844, 5.035, 354.314, 354.314, 354.314, 50.11, 71.748, 35.074, 36.302, 7.378, 11.661, 0, 0, 92.893, 94.183, 92.893, 94.183, 1, 99.688, 99.688, 0.025, 0.131, 97.673, 99.032, 97.673, 99.032, 6.618, 7.378, 11.661, , , 1, 3.301, 0, 0, 11.9, 5.035, 136, 0, 0, 0, 85, 20.838, 20.962, 94.482, 99.173, 100, 0, 0, 32.86, 32.5, 100, 4.427, 106.061, 0, 0, 106.561, 98.808, 0, 0, 0, 0, 0, 13.5, 0, 11.9, 0, 5.035, 136, 0, 0, 0, 85, 1.016, 0.021, 0.021, 94.482, 99.173, 100, 0, 0, 141, 32.86, 32.5, 100, 4.427, 0, 106.061, 0, 0, 106.561, 98.808, 0, 0.7, 0, 0, 
3.3, 16.284, 100.38, 74.41, 75.237, , 14.737, 0.986, 371.995, 371.995, 5.069, 352.979, 352.979, 352.979, 49.892, 71.849, 35.125, 36.223, 7.378, 11.656, 0, 0, 93.215, 94.511, 93.215, 94.511, 1, 100.413, 100.413, 0.025, 0.13, 97.73, 99.089, 97.73, 99.089, 6.66, 7.378, 11.656, , , 1, 3.351, 0, 0, 11.9, 5.069, 136, 0, 0, 0, 85, 20.733, 20.845, 94.345, 99.061, 100, 0, 0, 32.955, 32.5, 100, 4.426, 105.682, 0, 0, 106.182, 99.303, 0, 0, 0, 0, 0, 13.5, 0, 11.9, 0, 5.069, 136, 0, 0, 0, 85, 1.016, 0.021, 0.021, 94.345, 99.061, 100, 0, 0, 141, 32.955, 32.5, 100, 4.426, 0, 105.682, 0, 0, 106.182, 99.303, 0, 0.7, 0, 0, 
3.35, 16.286, 100.38, 74.41, 75.235, , 14.685, 0.986, 379.292, 379.292, 5.103, 351.768, 351.768, 351.768, 49.679, 71.951, 35.197, 36.115, 7.377, 11.671, 0, 0, 93.563, 94.866, 93.563, 94.866, 1, 101.135, 101.135, 0.025, 0.13, 97.813, 99.173, 97.813, 99.173, 6.704, 7.377, 11.671, , , 1, 3.401, 0, 0, 11.9, 5.103, 136, 0, 0, 0, 85, 20.627, 20.727, 94.209, 98.949, 100, 0, 0, 33.049, 32.5, 100, 4.426, 105.303, 0, 0, 105.803, 99.797, 0, 0, 0, 0, 0, 13.5, 0, 11.9, 0, 5.103, 136, 0, 0, 0, 85, 1.016, 0.021, 0.021, 94.209, 98.949, 100, 0, 0, 141, 33.049, 32.5, 100, 4.426, 0, 105.303, 0, 0, 105.803, 99.797, 0, 0.7, 0, 0, 
3.4, 16.288, 100.38, 74.41, 75.234, , 14.644, 0.986, 386.589, 386.589, 5.137, 350.813, 350.813, 350.813, 49.47, 72.052, 35.269, 36.007, 7.377, 11.701, 0, 0, 93.977, 95.286, 93.977, 95.286, 1, 101.856, 101.856, 0.025, 0.13, 97.962, 99.324, 97.962, 99.324, 6.748, 7.377, 11.701, , , 1, 3.451, 0, 0, 11.9, 5.137, 136, 0, 0, 0, 85, 20.521, 20.609, 94.073, 98.836, 100, 0, 0, 33.144, 32.5, 100, 4.425, 104.924, 0, 0, 105.424, 100.291, 0, 0, 0, 0, 0, 13.5, 0, 11.9, 0, 5.137, 136, 0, 0, 0, 85, 1.016, 0.02, 0.02, 94.073, 98.836, 100, 0, 0, 141, 33.144, 32.5, 100, 4.425, 0, 104.924, 0, 0, 105.424, 100.291, 0, 0.7, 0, 0, 
3.45, 16.29, 100.38, 74.41, 75.232, , 14.574, 0.986, 394.013, 394.013, 5.171, 349.188, 349.188, 349.188, 49.262, 72.153, 35.341, 35.899, 7.377, 11.755, 0, 0, 94.204, 95.514, 94.204, 95.514, 1, 102.582, 102.582, 0.025, 0.129, 97.917, 99.278, 97.917, 99.278, 6.793, 7.377, 11.755, , , 1, 3.502, 0, 0, 11.9, 5.171, 136, 0, 0, 0, 85, 20.416, 20.491, 93.936, 98.724, 100, 0, 0, 33.239, 32.5, 100, 4.424, 104.545, 0, 0, 105.045, 100.786, 0, 0, 0, 0, 0, 13.5, 0, 11.9, 0, 5.171, 136, 0, 0, 0, 85, 1.016, 0.02, 0.02, 93.936, 98.724, 100, 0, 0, 141, 33.239, 32.5, 100, 4.424, 0, 104.545, 0, 0, 105.045, 100.786, 0, 0.7, 0, 0, 
3.5, 16.292, 100.38, 74.41, 75.231, , 14.511, 0.986, 401.394, 401.394, 5.205, 347.707, 347.707, 347.707, 49.06, 72.254, 35.413, 35.791, 7.377, 11.816, 0, 0, 94.451, 95.766, 94.451, 95.766, 1, 103.3, 103.3, 0.025, 0.129, 97.871, 99.23, 97.871, 99.23, 6.839, 7.377, 11.816, , , 1, 3.551, 0, 0, 11.9, 5.205, 136, 0, 0, 0, 85, 20.31, 20.373, 93.8, 98.612, 100, 0, 0, 33.333, 32.5, 100, 4.423, 104.167, 0, 0, 104.667, 101.28, 0, 0, 0, 0, 0, 13.5, 0, 11.9, 0, 5.205, 136, 0, 0, 0, 85, 1.016, 0.02, 0.02, 93.8, 98.612, 100, 0, 0, 141, 33.333, 32.5, 100, 4.423, 0, 104.167, 0, 0, 104.667, 101.28, 0, 0.7, 0, 0, 
3.55, 16.294, 100.38, 74.41, 75.229, , 14.39, 0.986, 408.926, 408.926, 5.239, 344.865, 344.865, 344.865, 49.003, 72.355, 35.42, 35.715, 7.378, 11.891, 0, 0, 94.327, 95.64, 94.327, 95.64, 1, 104.008, 104.008, 0.025, 0.129, 97.217, 98.567, 97.217, 98.567, 6.887, 7.378, 11.891, , , 1, 3.601, 0, 0, 11.9, 5.239, 136, 0, 0, 0, 85, 20.204, 20.256, 93.664, 98.5, 100, 0, 0, 33.428, 32.5, 100, 4.423, 103.788, 0, 0, 104.288, 101.774, 0, 0, 0, 0, 0, 13.5, 0, 11.9, 0, 5.239, 136, 0, 0, 0, 85, 1.016, 0.02, 0.02, 93.664, 98.5, 100, 0, 0, 141, 33.428, 32.5, 100, 4.423, 0, 103.788, 0, 0, 104.288, 101.774, 0, 0.7, 0, 0, 
3.6, 16.295, 100.38, 74.41, 75.228, , 14.314, 0.986, 416.459, 416.459, 5.273, 343.101, 343.101, 343.101, 49.112, 72.456, 35.42, 35.643, 7.378, 11.967, 0, 0, 94.483, 95.797, 94.483, 95.797, 1, 104.711, 104.711, 0.025, 0.129, 96.493, 97.832, 96.493, 97.832, 6.935, 7.378, 11.967, , , 1, 3.652, 0, 0, 11.9, 5.273, 136, 0, 0, 0, 85, 20.099, 20.138, 93.527, 98.387, 100, 0, 0, 33.523, 32.5, 100, 4.422, 103.409, 0, 0, 103.909, 102.269, 0, 0, 0, 0, 0, 13.5, 0, 11.9, 0, 5.273, 136, 0, 0, 0, 85, 1.016, 0.02, 0.02, 93.527, 98.387, 100, 0, 0, 141, 33.523, 32.5, 100, 4.422, 0, 103.409, 0, 0, 103.909, 102.269, 0, 0.7, 0, 0, 
3.65, 16.297, 100.38, 74.41, 75.226, , 14.201, 0.986, 424.036, 424.036, 5.307, 340.435, 340.435, 340.435, 49.412, 72.557, 35.42, 35.571, 7.379, 12.048, 0, 0, 94.377, 95.69, 94.377, 95.69, 1, 105.419, 105.419, 0.025, 0.129, 95.191, 96.512, 95.191, 96.512, 6.983, 7.379, 12.048, , , 1, 3.702, 0, 0, 11.9, 5.307, 136, 0, 0, 0, 85, 19.993, 20.02, 93.391, 98.275, 100, 0, 0, 33.617, 32.5, 100, 4.421, 103.03, 0, 0, 103.53, 102.763, 0, 0, 0, 0, 0, 13.5, 0, 11.9, 0, 5.307, 136, 0, 0, 0, 85, 1.016, 0.02, 0.02, 93.391, 98.275, 100, 0, 0, 141, 33.617, 32.5, 100, 4.421, 0, 103.03, 0, 0, 103.53, 102.763, 0, 0.7, 0, 0, 
3.7, 16.299, 100.38, 74.41, 75.225, , 14.064, 0.986, 433.858, 433.858, 5.341, 337.225, 337.225, 337.225, 50.086, 72.659, 35.42, 35.499, 7.379, 12.119, 0, 0, 94.276, 95.588, 94.276, 95.588, 1, 106.321, 106.321, 0.025, 0.128, 93.084, 94.375, 93.084, 94.375, 7.018, 7.379, 12.119, , , 1, 3.752, 0, 0, 11.9, 5.341, 136, 0, 0, 0, 85, 19.887, 19.902, 93.255, 98.163, 100, 0, 0, 33.712, 32.5, 100, 4.42, 102.652, 0, 0, 103.152, 103.257, 0, 0, 0, 0, 0, 13.5, 0, 11.9, 0, 5.341, 136, 0, 0, 0, 85, 1.016, 0.02, 0.02, 93.255, 98.163, 100, 0, 0, 141, 33.712, 32.5, 100, 4.42, 0, 102.652, 0, 0, 103.152, 103.257, 0, 0.7, 0, 0, 
3.75, 16.301, 100.38, 74.41, 75.223, , 13.95, 0.986, 441.691, 441.691, 5.399, 334.532, 334.532, 334.532, 50.674, 72.76, 35.42, 35.427, 7.38, 12.173, 0, 0, 94.142, 95.451, 94.142, 95.451, 1, 107.018, 107.018, 0.025, 0.129, 91.264, 92.531, 91.264, 92.531, 7.034, 7.38, 12.173, , , 1, 3.801, 0, 0, 11.9, 5.399, 136, 0, 0, 0, 85, 19.737, 19.757, 92.965, 97.921, 100, 0, 0, 33.88, 32.533, 100, 4.419, 102.076, 0, 0, 102.543, 104.509, 0, 0, 0, 0, 0, 13.5, 0, 11.9, 0, 5.399, 136, 0, 0, 0, 85, 1.016, 0.02, 0.02, 92.965, 97.921, 100, 0, 0, 141, 33.88, 32.533, 100, 4.419, 0, 102.076, 0, 0, 102.543, 104.509, 0, 0.7, 0, 0, 
3.8, 16.303, 100.38, 74.41, 75.222, , 13.855, 0.986, 449.409, 449.409, 5.473, 332.32, 332.32, 332.32, 51.165, 72.861, 35.388, 35.55, 7.38, 12.214, 0, 0, 94.114, 95.423, 94.114, 95.423, 1, 107.693, 107.693, 0.025, 0.129, 89.761, 91.009, 89.761, 91.009, 7.05, 7.38, 12.214, , , 1, 3.851, 0, 0, 11.9, 5.473, 136, 0, 0, 0, 85, 19.556, 19.592, 92.574, 97.601, 100, 0, 0, 34.098, 32.587, 100, 4.417, 101.37, 0, 0, 101.783, 106.265, 0, 0, 0, 0, 0, 13.5, 0, 11.9, 0, 5.474, 136, 0, 0, 0, 85, 1.016, 0.02, 0.02, 92.574, 97.601, 100, 0, 0, 141, 34.098, 32.587, 100, 4.417, 0, 101.37, 0, 0, 101.783, 106.265, 0, 0.7, 0, 0, 
3.85, 16.305, 100.38, 74.41, 75.22, , 13.746, 0.986, 457.193, 457.193, 5.547, 329.76, 329.76, 329.76, 51.542, 72.962, 35.352, 35.694, 7.379, 12.228, 0, 0, 93.981, 95.288, 93.981, 95.288, 1, 108.372, 108.372, 0.025, 0.129, 88.395, 89.623, 88.395, 89.623, 7.066, 7.379, 12.228, , , 1, 3.901, 0, 0, 11.9, 5.547, 136, 0, 0, 0, 85, 19.376, 19.428, 92.183, 97.28, 100, 0, 0, 34.315, 32.641, 100, 4.414, 100.663, 0, 0, 101.022, 108.022, 0, 0, 0, 0, 0, 13.5, 0, 11.9, 0, 5.548, 136, 0, 0, 0, 85, 1.016, 0.019, 0.019, 92.183, 97.28, 100, 0, 0, 141, 34.315, 32.641, 100, 4.414, 0, 100.663, 0, 0, 101.022, 108.022, 0, 0.7, 0, 0, 
3.9, 16.307, 100.38, 74.41, 75.219, , 13.627, 0.986, 465.132, 465.132, 5.621, 326.961, 326.961, 326.961, 51.805, 73.063, 35.316, 35.838, 7.379, 12.23, 0, 0, 93.77, 95.073, 93.77, 95.073, 1, 109.054, 109.054, 0.025, 0.129, 87.198, 88.408, 87.198, 88.408, 7.081, 7.379, 12.23, , , 1, 3.951, 0, 0, 11.9, 5.621, 136, 0, 0, 0, 85, 19.195, 19.264, 91.791, 96.959, 100, 0, 0, 34.533, 32.696, 100, 4.412, 99.957, 0, 0, 100.261, 109.778, 0, 0, 0, 0, 0, 13.5, 0, 11.9, 0, 5.622, 136, 0, 0, 0, 85, 1.016, 0.019, 0.019, 91.791, 96.959, 100, 0, 0, 141, 34.533, 32.696, 100, 4.412, 0, 99.957, 0, 0, 100.261, 109.778, 0, 0.7, 0, 0, 
3.95, 16.309, 100.38, 74.41, 75.217, , 13.501, 0.986, 472.959, 472.959, 5.694, 323.991, 323.991, 323.991, 51.939, 73.164, 35.28, 35.982, 7.379, 12.205, 0, 0, 93.483, 94.783, 93.483, 94.783, 1, 109.723, 109.723, 0.025, 0.129, 86.173, 87.37, 86.173, 87.37, 7.089, 7.379, 12.205, , , 1, 4.001, 0, 0, 11.9, 5.694, 136, 0, 0, 0, 85, 19.015, 19.1, 91.4, 96.642, 100, 0, 0, 34.75, 32.75, 100, 4.41, 99.25, 0, 0, 99.5, 111.535, 0, 0, 0, 0, 0, 13.5, 0, 11.9, 0, 5.695, 136, 0, 0, 0, 85, 1.016, 0.019, 0.019, 91.4, 96.642, 100, 0, 0, 141, 34.75, 32.75, 100, 4.41, 0, 99.25, 0, 0, 99.5, 111.535, 0, 0.7, 0, 0, 
4, 16.311, 100.38, 74.41, 75.215, , 13.4, 0.986, 481.011, 481.011, 5.732, 321.628, 321.628, 321.628, 51.973, 73.265, 35.244, 36.126, 7.379, 12.176, 0, 0, 93.37, 94.669, 93.37, 94.669, 1, 110.381, 110.381, 0.025, 0.129, 85.481, 86.669, 85.481, 86.669, 7.097, 7.379, 12.176, , , 1, 4.051, 0, 0, 11.9, 5.732, 136, 0, 0, 0, 85, 19.012, 19.116, 91.4, 96.475, 100, 0, 0, 34.807, 32.807, 100, 4.41, 99.477, 0, 0, 99.727, 111.888, 0, 0, 0, 0, 0, 13.5, 0, 11.9, 0, 5.732, 136, 0, 0, 0, 85, 1.016, 0.019, 0.019, 91.4, 96.475, 100, 0, 0, 141, 34.807, 32.807, 100, 4.41, 0, 99.477, 0, 0, 99.727, 111.888, 0, 0.7, 0, 0, 
4.05, 16.313, 100.38, 74.41, 75.214, , 13.283, 0.986, 488.901, 488.901, 5.769, 318.869, 318.869, 318.869, 51.991, 73.367, 35.078, 36.205, 7.379, 12.133, 0, 0, 93.111, 94.406, 93.111, 94.406, 1, 111.043, 111.043, 0.025, 0.129, 84.72, 85.897, 84.72, 85.897, 7.105, 7.379, 12.133, , , 1, 4.101, 0, 0, 11.9, 5.769, 136, 0, 0, 0, 85, 19.008, 19.132, 91.4, 96.308, 100, 0, 0, 34.864, 32.864, 100, 4.41, 99.705, 0, 0, 99.955, 112.242, 0, 0, 0, 0, 0, 13.5, 0, 11.9, 0, 5.769, 136, 0, 0, 0, 85, 1.016, 0.019, 0.019, 91.4, 96.308, 100, 0, 0, 141, 34.864, 32.864, 100, 4.41, 0, 99.705, 0, 0, 99.955, 112.242, 0, 0.7, 0, 0, 
4.1, 16.314, , , 75.212, , 13.134, , 496.953, 496.953, 5.806, 315.349, 315.349, 315.349, 51.998, 73.468, 34.898, 36.277, 7.379, 12.091, 0, 0, 92.624, 93.912, 92.624, 93.912, 1, 111.694, 111.694, 0.025, 0.129, 83.775, 84.939, 83.775, 84.939, 7.115, 7.379, 12.091, , , 1, 4.151, 0, 0, 11.9, 5.806, 136, 0, 0, 0, 85, 19.005, 19.148, 91.4, 96.141, 100, 0, 0, 34.92, 32.92, 100, 4.41, 99.932, 0, 0, 100.182, 112.595, 0, 0, 0, 0, 0, 13.5, 0, 11.9, 0, 5.806, 136, 0, 0, 0, 85, 1.016, 0.019, 0.019, 91.4, 96.141, 100, 0, 0, 141, 34.92, 32.92, 100, 4.41, 0, 99.932, 0, 0, 100.182, 112.595, 0, 0.7, 0, 0, 
4.15, 16.316, , , 75.211, , 13.036, , 505.165, 505.165, 5.843, 313.058, 313.058, 313.058, 51.993, 73.569, 34.718, 36.349, 7.38, 12.052, 0, 0, 92.489, 93.776, 92.489, 93.776, 1, 112.335, 112.335, 0.025, 0.129, 83.176, 84.331, 83.176, 84.331, 7.14, 7.38, 12.052, , , 1, 4.201, 0, 0, 11.9, 5.843, 136, 0, 0, 0, 85, 19.001, 19.164, 91.4, 95.973, 100, 0, 0, 34.977, 32.977, 100, 4.41, 100.159, 0, 0, 100.409, 112.949, 0, 0, 0, 0, 0, 13.5, 0, 11.9, 0, 5.843, 136, 0, 0, 0, 85, 1.016, 0.019, 0.019, 91.4, 95.973, 100, 0, 0, 141, 34.977, 32.977, 100, 4.41, 0, 100.159, 0, 0, 100.409, 112.949, 0, 0.7, 0, 0, 
4.2, 16.318, , , 75.209, , 12.931, , 513.217, 513.217, 5.877, 310.596, 310.596, 310.596, 51.977, 73.67, 34.538, 36.421, 7.38, 12.015, 0, 0, 92.279, 93.563, 92.279, 93.563, 1, 112.981, 112.981, 0.025, 0.129, 82.547, 83.694, 82.547, 83.694, 7.164, 7.38, 12.015, , , 1, 4.251, 0, 0, 11.9, 5.877, 136.125, 0, 0, 0, 85, 18.918, 19.099, 91.288, 95.767, 100, 0, 0, 35.124, 33.093, 100, 4.41, 100.031, 0, 0, 100.344, 113.67, 0, 0, 0, 0, 0, 13.5, 0, 11.9, 0, 5.877, 136.125, 0, 0, 0, 85, 1.016, 0.019, 0.019, 91.288, 95.767, 100, 0, 0, 141, 35.124, 33.093, 100, 4.41, 0, 100.031, 0, 0, 100.344, 113.67, 0, 0.7, 0, 0, 
4.25, 16.32, , , 75.208, , 12.821, , 521.43, 521.43, 5.91, 308.002, 308.002, 308.002, 51.964, 73.771, 34.358, 36.493, 7.379, 11.987, 0, 0, 92.026, 93.308, 92.026, 93.308, 1, 113.608, 113.608, 0.025, 0.129, 81.879, 83.017, 81.879, 83.017, 7.189, 7.379, 11.987, , , 1, 4.302, 0, 0, 11.9, 5.91, 136.333, 0, 0, 0, 85, 18.781, 18.981, 91.101, 95.537, 100, 0, 0, 35.332, 33.249, 100, 4.41, 99.667, 0, 0, 100.083, 114.637, 0, 0, 0, 0, 0, 13.5, 0, 11.9, 0, 5.91, 136.333, 0, 0, 0, 85, 1.016, 0.019, 0.019, 91.101, 95.537, 100, 0, 0, 141, 35.332, 33.249, 100, 4.41, 0, 99.667, 0, 0, 100.083, 114.637, 0, 0.7, 0, 0, 
4.3, 16.322, , , 75.206, , 12.745, , 529.711, 529.711, 5.942, 306.218, 306.218, 306.218, 51.957, 73.872, 34.567, 36.144, 7.379, 11.963, 0, 0, 92.004, 93.285, 92.004, 93.285, 1, 114.247, 114.247, 0.025, 0.129, 81.416, 82.548, 81.416, 82.548, 7.213, 7.379, 11.963, , , 1, 4.351, 0, 0, 11.9, 5.942, 136.542, 0, 0, 0, 85, 18.644, 18.863, 90.915, 95.307, 100, 0, 0, 35.539, 33.405, 100, 4.41, 99.302, 0, 0, 99.823, 115.604, 0, 0, 0, 0, 0, 13.5, 0, 11.9, 0, 5.942, 136.542, 0, 0, 0, 85, 1.016, 0.019, 0.019, 90.915, 95.307, 100, 0, 0, 141, 35.539, 33.405, 100, 4.41, 0, 99.302, 0, 0, 99.823, 115.604, 0, 0.7, 0, 0, 
4.35, 16.324, , , 75.205, , 12.662, , 538.051, 538.051, 5.974, 304.277, 304.277, 304.277, 51.954, 73.974, 34.819, 35.748, 7.378, 11.955, 0, 0, 91.925, 93.205, 91.925, 93.205, 1, 114.878, 114.878, 0.025, 0.13, 80.903, 82.027, 80.903, 82.027, 7.291, 7.378, 11.955, , , 1, 4.401, 0, 0, 11.9, 5.974, 136.75, 0, 0, 0, 85, 18.507, 18.744, 90.728, 95.076, 100, 0, 0, 35.747, 33.56, 100, 4.41, 98.938, 0, 0, 99.562, 116.57, 0, 0, 0, 0, 0, 13.5, 0, 11.9, 0, 5.974, 136.75, 0, 0, 0, 85, 1.016, 0.019, 0.019, 90.728, 95.076, 100, 0, 0, 141, 35.747, 33.56, 100, 4.41, 0, 98.938, 0, 0, 99.562, 116.57, 0, 0.7, 0, 0, 
4.4, 16.326, , , 75.203, , 11.843, , 546.39, 546.39, 6.007, 284.881, 284.881, 284.881, 51.963, 74.075, 35.071, 35.352, 7.378, 11.953, 0, 0, 86.468, 87.671, 86.468, 87.671, 1, 115.49, 115.49, 0.025, 0.13, 75.737, 76.791, 75.737, 76.791, 7.379, 7.378, 11.953, , , 1, 4.451, 0, 0, 11.9, 6.007, 136.958, 0, 0, 0, 85, 18.37, 18.626, 90.541, 94.846, 100, 0, 0, 35.954, 33.716, 100, 4.41, 98.573, 0, 0, 99.302, 117.537, 0, 0, 0, 0, 0, 13.5, 0, 11.9, 0, 6.007, 136.958, 0, 0, 0, 85, 1.016, 0.019, 0.019, 90.541, 94.846, 100, 0, 0, 141, 35.954, 33.716, 100, 4.41, 0, 98.573, 0, 0, 99.302, 117.537, 0, 0.7, 0, 0, 
4.45, 16.328, , , 75.202, , 9.99, , 554.729, 554.729, 6.027, 240.942, 240.942, 240.942, 51.974, 74.176, 35.323, 34.956, 7.378, 11.98, 0, 0, 73.382, 74.402, 73.382, 74.402, 1, 116.028, 116.028, 0.025, 0.13, 68.071, 69.019, 68.071, 69.019, 7.466, 7.378, 11.98, , , 1, 4.502, 0, 0, 11.9, 6.027, 137.167, 0, 0, 0, 85, 18.237, 18.512, 90.353, 94.738, 100, 0, 0, 36, 33.791, 100, 4.41, 98.167, 0, 0, 98.958, 118.003, 0, 0, 0, 0, 0, 13.5, 0, 11.9, 0, 6.027, 137.167, 0, 0, 0, 85, 1.016, 0.018, 0.018, 90.353, 94.738, 100, 0, 0, 141, 36, 33.791, 100, 4.41, 0, 98.167, 0, 0, 98.958, 118.003, 0, 0.7, 0, 0, 
4.5, 16.33, , , 75.2, , 8.092, , 563.167, 563.167, 6.044, 195.931, 195.931, 195.931, 51.982, 74.277, 35.575, 34.56, 7.378, 12.038, 0, 0, 59.877, 60.709, 59.877, 60.709, 1, 116.474, 116.474, 0.024, 0.13, 64.356, 65.252, 64.356, 65.252, 7.553, 7.378, 12.038, , , 1, 4.552, 0, 0, 11.9, 6.044, 137.375, 0, 0, 0, 85, 18.105, 18.399, 90.165, 94.661, 100, 0, 0, 36, 33.843, 100, 4.41, 97.75, 0, 0, 98.594, 118.327, 0, 0, 0, 0, 0, 13.5, 0, 11.9, 0, 6.044, 137.375, 0, 0, 0, 85, 1.016, 0.018, 0.018, 90.165, 94.661, 100, 0, 0, 141, 36, 33.843, 100, 4.41, 0, 97.75, 0, 0, 98.594, 118.327, 0, 0.7, 0, 0, 
4.55, , , , , , 6.229, , 571.642, 571.642, 6.061, 151.757, 151.757, 151.757, 51.992, 74.378, 35.73, 34.65, 7.38, 12.263, 0, 0, 46.536, 47.183, 46.536, 47.183, 1, 116.832, 116.832, 0.024, 0.13, 57.806, 58.609, 57.806, 58.609, 7.624, 7.38, 12.263, , , 1, 4.601, 0, 0, 11.9, 6.061, 137.583, 0, 0, 0, 85, 17.974, 18.286, 89.977, 94.583, 100, 0, 0, 36, 33.895, 100, 4.41, 97.333, 0, 0, 98.229, 118.651, 0, 0, 0, 0, 0, 13.5, 0, 11.9, 0, 6.061, 137.583, 0, 0, 0, 85, 1.016, 0.018, 0.018, 89.977, 94.583, 100, 0, 0, 141, 36, 33.895, 100, 4.41, 0, 97.333, 0, 0, 98.229, 118.651, 0, 0.7, 0, 0, 
4.6, , , , , , 4.366, , 580.118, 580.118, 6.077, 107.561, 107.561, 107.561, 52.016, 64.707, 35.874, 34.794, 7.381, 12.474, 0, 0, 33.091, 33.551, 33.091, 33.551, 1, 117.097, 117.097, 0.024, 0.13, 43.096, 43.695, 43.096, 43.695, 7.69, 7.381, 12.474, , , 1, 4.651, 0, 0, 11.9, 6.077, 137.792, 0, 0, 0, 85, 17.842, 18.173, 89.788, 94.506, 100, 0, 0, 36, 33.948, 100, 4.41, 96.917, 0, 0, 97.865, 118.976, 0, 0, 0, 0, 0, 13.5, 0, 11.9, 0, 6.077, 137.792, 0, 0, 0, 85, 1.016, 0.018, 0.018, 89.788, 94.506, 100, 0, 0, 141, 36, 33.948, 100, 4.41, 0, 96.917, 0, 0, 97.865, 118.976, 0, 0.7, 0, 0, 
4.65, , , , , , 3.279, , 586.252, 586.252, , 81.783, 81.783, 81.783, , 50.001, 36.018, 34.938, 7.382, 12.596, 0, 0, 25.206, 25.558, 25.206, 25.558, 1, 117.209, 117.209, 0.024, 0.13, , , , , 7.756, 7.382, 12.596, , , 1, 4.691, 0, 0, 11.9, , 138, 0, 0, 0, 85, 17.71, 18.06, 89.6, , 100, 0, 0, 36, 34, , 4.41, 96.5, 0, 0, 97.5, 119.3, 0, 0, 0, 0, 0, 13.5, 0, 11.9, 0, , 138, 0, 0, 0, 85, 1.016, 0.018, 0.018, 89.6, , 100, 0, 0, 141, 36, 34, , 4.41, 0, 96.5, 0, 0, 97.5, 119.3, 0, 0.7, 0, 0, 
4.7, , , , , , 3.259, , 590.496, 590.496, , 81.316, 81.316, 81.316, , , 36.162, 35.082, 7.383, 12.739, 0, 0, 25.078, 25.43, 25.078, 25.43, 1, 117.292, 117.292, 0.024, 0.13, , , , , 7.822, 7.383, 12.739, , , 1, 4.716, , , , , , , , , , , , , , , , , , , , , , , , , , , , , , , , , , , , , , , , , , , , , , , , , , , , , , , , , , , , , , , , 
4.75, , , , , , 3.27, , 594.821, 594.821, , 81.558, 81.558, 81.558, , , 36.306, 35.226, 7.385, 13.028, 0, 0, 25.171, 25.525, 25.171, 25.525, 1, 117.372, 117.372, , , , , , , , 7.385, 13.028, , , 1, 4.741, , , , , , , , , , , , , , , , , , , , , , , , , , , , , , , , , , , , , , , , , , , , , , , , , , , , , , , , , , , , , , , , 
4.8, , , , , , 3.117, , 599.095, 599.095, , 77.944, 77.944, 77.944, , , , , , , , , 24.075, 24.411, 24.075, 24.411, , 117.453, 117.453, , , , , , , , , , , , 1, 4.766, , , , , , , , , , , , , , , , , , , , , , , , , , , , , , , , , , , , , , , , , , , , , , , , , , , , , , , , , , , , , , , , 
