Time, (DWRT ATMO) Humidity, (DWRT ATMO) Pressure, (DWRT ATMO) Temperature 1, (DWRT ATMO) Temperature 2, (DWRT CPU) ????????????????????????????????????????????????????????????????, (DWRT CPU) Acceleration, (DWRT CPU) Correction Factor, (DWRT CPU) Distance, (DWRT CPU) Distance 1, (DWRT CPU) Engine RPM, (DWRT CPU) Force, (DWRT CPU) Force 1, (DWRT CPU) Force Drum 1, (DWRT CPU) Gear Ratio, (DWRT CPU) Inductive 1 Signal Strength, (DWRT CPU) Internal Temp 1, (DWRT CPU) Internal Temp 2, (DWRT CPU) LC1 Volts Petrol AFR, (DWRT CPU) LC2 Volts Petrol AFR2, (DWRT CPU) Link 0 Status, (DWRT CPU) Link 1 Status, (DWRT CPU) Power, (DWRT CPU) Power (uncorrected), (DWRT CPU) Power Drum 1, (DWRT CPU) Power Drum 1 (uncorrected), (DWRT CPU) Sampling, (DWRT CPU) Speed, (DWRT CPU) Speed 1, (DWRT CPU) TCP RX kB/s, (DWRT CPU) TCP TX kB/s, (DWRT CPU) Torque, (DWRT CPU) Torque (uncorrected), (DWRT CPU) Torque Drum 1, (DWRT CPU) Torque Drum 1 (uncorrected), (DWRT CPU) UDP RX kB/s, (DWRT CPU) User Analog 1, (DWRT CPU) User Analog 2, (DWRT CPU) User Analog 3, (DWRT CPU) User Analog 4, (Gen) Sampling, (Gen) Sampling Duration, (Harley - ECU Type 14 SW Level 141) Accel Enrichment, (Harley - ECU Type 14 SW Level 141) Decel Enleanment, (Harley - ECU Type 14 SW Level 141) Desired Air/Fuel, (Harley - ECU Type 14 SW Level 141) Engine Speed, (Harley - ECU Type 14 SW Level 141) Engine Temperature, (Harley - ECU Type 14 SW Level 141) Front Adaptive Fuel Factor, (Harley - ECU Type 14 SW Level 141) Front Closed Loop Integrator, (Harley - ECU Type 14 SW Level 141) Front Spark Knock Retard, (Harley - ECU Type 14 SW Level 141) Idle Air Control Motor Position, (Harley - ECU Type 14 SW Level 141) Injector Time Front, (Harley - ECU Type 14 SW Level 141) Injector Time Rear, (Harley - ECU Type 14 SW Level 141) Intake Air Temperature, (Harley - ECU Type 14 SW Level 141) Manifold Absolute Pressure, (Harley - ECU Type 14 SW Level 141) Rear Adaptive Fuel Factor, (Harley - ECU Type 14 SW Level 141) Rear Closed Loop Integrator, (Harley - ECU Type 14 SW Level 141) Rear Spark Knock Retard, (Harley - ECU Type 14 SW Level 141) Spark Advance Front, (Harley - ECU Type 14 SW Level 141) Spark Advance Rear, (Harley - ECU Type 14 SW Level 141) Throttle Position, (Harley - ECU Type 14 SW Level 141) Throttle Position Sensor Voltage, (Harley - ECU Type 14 SW Level 141) VE Front, (Harley - ECU Type 14 SW Level 141) VE New Front, (Harley - ECU Type 14 SW Level 141) VE New Rear, (Harley - ECU Type 14 SW Level 141) VE Rear, (Harley - ECU Type 14 SW Level 141) Vehicle Speed, (Harley - ECU Type 14 SW Level 141) WBO2 AFR Front, (Harley - ECU Type 14 SW Level 141) WBO2 AFR Rear, (PV) Accel Enrichment, (PV) AT Lambda 1, (PV) AT Lambda 2, (PV) Battery Voltage, (PV) Decel Enleanment, (PV) Desired Air/Fuel, (PV) Desired Lambda, (PV) Engine Speed, (PV) Engine Temperature, (PV) Front Adaptive Fuel Factor, (PV) Front Closed Loop Integrator, (PV) Front Spark Knock Retard, (PV) Idle Air Control Motor Position, (PV) Idle Set Speed, (PV) Injector Time Front, (PV) Injector Time Rear, (PV) Intake Air Temperature, (PV) Manifold Absolute Pressure, (PV) Rear Adaptive Fuel Factor, (PV) Rear Closed Loop Integrator, (PV) Rear Spark Knock Retard, (PV) Software Level, (PV) Spark Advance Front, (PV) Spark Advance Rear, (PV) Throttle Position, (PV) Throttle Position Sensor, (PV) Twistgrip Position, (PV) VE Front, (PV) VE New Front, (PV) VE New Rear, (PV) VE Rear, (PV) Vehicle Speed, (PV) Warm-up Fuel AFR (Lambda), (PV) Warm-up Fuel AFR (Ratio), (PV) WBO2 AFR Front, (PV) WBO2 AFR Rear, 
0, , , , , , 3.234, , , , , 78.46, 78.46, 78.46, , , , , , , , , , , , , , , , , , , , , , , , , , , , , , , , , , , , , , , , , , , , , , , , , , , , , , , , , , , , , , , , , , , , , , , , , , , , , , , , , , , , , , , , , , , , 
0.05, , , , , , 3.29, , , , , 79.797, 79.797, 79.797, , , , , , , , , , , , , , 39.455, 39.455, , , , , , , , , , , , 1, 0.021, , , , , , , , , , , , , , , , , , , , , , , , , , , , , , , , , , , , , , , , , , , , , , , , , , , , , , , , , , , , , , , , 
0.1, , , , , , 3.461, , 4.553, 4.553, , 83.851, 83.851, 83.851, , , , , 7.377, 14.214, , , 8.934, 9.086, 8.934, 9.086, , 39.705, 39.705, , , 23.688, 24.081, 23.688, 24.081, , 7.377, 14.214, , , 1, 0.09, , , , , , , , , , , , , , , , , , , , , , , , , , , , , , , , , , , , , , , , , , , , , , , , , , , , , , , , , , , , , , , , 
0.15, , , , , , 3.818, , 10.391, 10.391, 2.051, 92.335, 92.335, 92.335, , , , , 7.377, 14.328, 0, 0, 10.062, 10.233, 10.062, 10.233, 1, 39.992, 39.992, 0.025, 0.065, 27.105, 27.558, 27.105, 27.558, 4.336, 7.377, 14.328, , , 1, 0.154, 0.193, 0, 12.7, 2.051, 194, 0, 0, 0, 63.25, 6.892, 6.529, 118.31, 47.237, 100, 0, 0, 30.075, 30.1, 2.05, 0.923, 80, 0, 0, 85.6, 39.832, 0, 0, 0.193, 0, 0, 13.7, 0, 12.7, 0, 2.051, 194, 0, 0, 0, 63.25, 1, 0.007, 0.006, 118.31, 47.24, 100, 0, 0, 141, 30.075, 30.1, 2.05, 0.923, 0, 80, 0, 0, 85.6, 39.832, 0, 1.9, 0, 0, 
0.2, , , , , , 4.949, , 15.091, 15.091, 2.062, 119.176, 119.176, 119.176, , , , , 7.378, 14.411, 0, 0, 12.889, 13.107, 12.889, 13.107, 1, 40.307, 40.307, 0.025, 0.065, 33.273, 33.83, 33.273, 33.83, 4.37, 7.378, 14.411, , , 1, 0.24, 1, 0, 12.7, 2.062, 194, 0, 0, 0, 64.292, 8.192, 7.647, 117.935, 47.391, 100, 0, 0, 30.388, 30.517, 2.258, 0.936, 82.083, 0, 0, 88.1, 40.09, 0, 0, 1, 0, 0, 13.7, 0, 12.7, 0, 2.062, 194, 0, 0, 0, 64.292, 1, 0.009, 0.008, 117.935, 47.394, 100, 0, 0, 141, 30.388, 30.517, 2.258, 0.936, 0, 82.083, 0, 0, 88.1, 40.09, 0, 1.9, 0, 0, 
0.25, , , , , , 6.19, , 19.479, 19.479, 2.073, 148.63, 148.63, 148.63, 51.586, , 35.146, 35.262, 7.38, 14.489, 0, 0, 15.97, 16.239, 15.97, 16.239, 1, 40.743, 40.743, 0.025, 0.065, 39.846, 40.513, 39.846, 40.513, 4.405, 7.38, 14.489, , , 1, 0.297, 1.806, 0, 12.7, 2.073, 194, 0, 0, 0, 65.333, 9.492, 8.766, 117.56, 47.545, 100, 0, 0, 30.7, 30.933, 2.467, 0.948, 84.167, 0, 0, 90.6, 40.349, 0, 0, 1.806, 0, 0, 13.7, 0, 12.7, 0, 2.073, 194, 0, 0, 0, 65.333, 1, 0.01, 0.009, 117.56, 47.548, 100, 0, 0, 141, 30.7, 30.933, 2.467, 0.948, 0, 84.167, 0, 0, 90.6, 40.349, 0, 1.9, 0, 0, 
0.3, , , , , , 6.939, , 23.912, 23.912, 2.084, 166.409, 166.409, 166.409, 51.505, , 35.29, 35.298, 7.38, 14.437, 0, 0, 18.025, 18.329, 18.025, 18.329, 1, 41.151, 41.151, 0.025, 0.065, 44.724, 45.471, 44.724, 45.471, 4.44, 7.38, 14.437, , , 1, 0.365, 2.612, 0, 12.7, 2.084, 194, 0, 0, 0, 66.375, 10.792, 9.885, 117.185, 47.7, 100, 0, 0, 31.012, 31.35, 2.675, 0.961, 86.25, 0, 0, 93.1, 40.607, 0, 0, 2.612, 0, 0, 13.7, 0, 12.7, 0, 2.084, 194, 0, 0, 0, 66.375, 1, 0.011, 0.01, 117.185, 47.703, 100, 0, 0, 141, 31.012, 31.35, 2.675, 0.961, 0, 86.25, 0, 0, 93.1, 40.607, 0, 1.9, 0, 0, 
0.35, , , , , , 7.652, , 27.482, 27.482, 2.095, 183.325, 183.325, 183.325, 51.334, , 35.434, 35.334, 7.379, 14.353, 0, 0, 20.025, 20.362, 20.025, 20.362, 1, 41.508, 41.508, 0.025, 0.065, 49.417, 50.242, 49.417, 50.242, 4.459, 7.379, 14.353, , , 1, 0.415, 3.418, 0, 12.7, 2.095, 194, 0, 0, 0, 67.417, 12.092, 11.004, 116.81, 47.854, 100, 0, 0, 31.325, 31.767, 2.883, 0.973, 88.333, 0, 0, 95.6, 40.865, 0, 0, 3.418, 0, 0, 13.7, 0, 12.7, 0, 2.095, 194, 0, 0, 0, 67.417, 1, 0.012, 0.011, 116.81, 47.857, 100, 0, 0, 141, 31.325, 31.767, 2.883, 0.973, 0, 88.333, 0, 0, 95.6, 40.865, 0, 1.9, 0, 0, 
0.4, , , , , , 8.331, , 30.475, 30.475, 2.112, 199.441, 199.441, 199.441, 51.079, , 35.578, 35.37, 7.379, 14.143, 0, 0, 21.966, 22.335, 21.966, 22.335, 1, 41.905, 41.905, 0.025, 0.065, 53.928, 54.825, 53.928, 54.825, 4.455, 7.379, 14.143, , , 1, 0.465, 3.735, 0, 12.643, 2.112, 194, 0, 0, 0, 69.548, 13.302, 12.363, 116.6, 49.939, 100, 0, 0, 31.317, 31.98, 4.059, 1.029, 91.211, 0, 0, 98.691, 41.314, 0, 0, 3.735, 0, 0, 13.708, 0, 12.643, 0, 2.112, 194, 0, 0, 0, 69.548, 1, 0.013, 0.013, 116.6, 50.022, 100, 0, 0, 141, 31.317, 31.98, 4.059, 1.029, 0, 91.211, 0, 0, 98.691, 41.314, 0, 1.892, 0, 0, 
0.45, , , , , , 8.783, , 33.469, 33.469, 2.136, 210.165, 210.165, 210.165, 50.841, , 35.722, 35.406, 7.378, 13.897, 0, 0, 23.37, 23.763, 23.37, 23.763, 1, 42.319, 42.319, 0.025, 0.065, 56.991, 57.94, 56.991, 57.94, 4.451, 7.378, 13.897, , , 1, 0.515, 3.427, 0, 12.513, 2.136, 194, 0, 0, 0, 73.067, 14.399, 14.03, 116.6, 54.483, 100, 0, 0, 30.9, 31.933, 6.467, 1.141, 95.1, 0, 0, 102.533, 42.005, 0, 0, 3.427, 0, 0, 13.727, 0, 12.513, 0, 2.136, 194, 0, 0, 0, 73.067, 1, 0.014, 0.014, 116.6, 54.549, 100, 0, 0, 141, 30.9, 31.933, 6.467, 1.141, 0, 95.1, 0, 0, 102.533, 42.005, 0, 1.873, 0, 0, 
0.5, , , , , , 9.207, , 36.5, 36.5, 2.161, 220.23, 220.23, 220.23, 50.702, , 35.629, 35.528, 7.378, 13.527, 0, 0, 24.732, 25.147, 24.732, 25.147, 1, 42.755, 42.755, 0.025, 0.066, 59.867, 60.864, 59.867, 60.864, 4.448, 7.378, 13.527, , , 1, 0.565, 3.12, 0, 12.384, 2.161, 194, 0, 0, 0, 76.585, 15.495, 15.697, 116.6, 59.026, 100, 0, 0, 30.483, 31.887, 8.874, 1.253, 98.989, 0, 0, 106.376, 42.695, 0, 0, 3.12, 0, 0, 13.745, 0, 12.384, 0, 2.161, 194, 0, 0, 0, 76.585, 1, 0.015, 0.016, 116.6, 59.076, 100, 0, 0, 141, 30.483, 31.887, 8.874, 1.253, 0, 98.989, 0, 0, 106.376, 42.695, 0, 1.855, 0, 0, 
0.55, , , , , , 9.603, , 39.572, 39.572, 2.185, 229.634, 229.634, 229.634, 50.59, 79.936, 35.377, 35.708, 7.377, 13.117, 0, 0, 26.05, 26.486, 26.05, 26.486, 1, 43.217, 43.217, 0.025, 0.066, 62.555, 63.596, 62.555, 63.596, 4.451, 7.377, 13.117, , , 1, 0.615, 2.813, 0, 12.254, 2.185, 194, 0, 0, 0, 80.104, 16.591, 17.363, 116.6, 63.57, 100, 0, 0, 30.067, 31.841, 11.281, 1.365, 102.878, 0, 0, 110.219, 43.386, 0, 0, 2.813, 0, 0, 13.764, 0, 12.254, 0, 2.185, 194, 0, 0, 0, 80.104, 1, 0.017, 0.017, 116.6, 63.603, 100, 0, 0, 141, 30.067, 31.841, 11.281, 1.365, 0, 102.878, 0, 0, 110.219, 43.386, 0, 1.836, 0, 0, 
0.6, , 100.37, 71.604, , , 9.888, 0.984, 42.684, 42.684, 2.21, 236.411, 236.411, 236.411, 50.502, 75.688, 35.125, 35.888, 7.377, 12.699, 0, 0, 27.121, 27.576, 27.121, 27.576, 1, 43.692, 43.692, 0.025, 0.066, 64.492, 65.565, 64.492, 65.565, 4.463, 7.377, 12.699, , , 1, 0.665, 2.505, 0, 12.124, 2.21, 194, 0, 0, 0, 83.622, 17.688, 19.03, 116.6, 68.113, 100, 0, 0, 29.65, 31.794, 13.689, 1.477, 106.767, 0, 0, 114.061, 44.077, 0, 0, 2.505, 0, 0, 13.782, 0, 12.124, 0, 2.21, 194, 0, 0, 0, 83.622, 1, 0.018, 0.019, 116.6, 68.129, 100, 0, 0, 141, 29.65, 31.794, 13.689, 1.477, 0, 106.767, 0, 0, 114.061, 44.077, 0, 1.818, 0, 0, 
0.65, , 100.371, 71.608, , , 10.166, 0.984, 45.836, 45.836, 2.234, 243.013, 243.013, 243.013, 50.456, 71.44, 34.873, 36.068, 7.377, 12.279, 0, 0, 28.192, 28.666, 28.192, 28.666, 1, 44.177, 44.177, 0.025, 0.066, 66.344, 67.45, 66.344, 67.45, 4.475, 7.377, 12.279, , , 1, 0.715, 2.204, 0, 11.992, 2.234, 194, 0, 0, 0, 87.033, 18.757, 20.636, 116.6, 72.596, 100, 0, 0, 29.235, 31.725, 16.075, 1.588, 110.454, 0, 0, 117.665, 44.761, 0, 0, 2.204, 0, 0, 13.8, 0, 11.992, 0, 2.234, 194, 0, 0, 0, 87.033, 1, 0.019, 0.021, 116.6, 72.596, 100, 0, 0, 141, 29.235, 31.725, 16.075, 1.588, 0, 110.454, 0, 0, 117.665, 44.761, 0, 1.8, 0, 0, 
0.7, , 100.371, 71.612, , , 10.441, 0.984, 49.035, 49.035, 2.262, 249.545, 249.545, 249.545, 50.452, 67.192, 34.621, 36.248, 7.377, 11.927, 0, 0, 29.275, 29.768, 29.275, 29.768, 1, 44.679, 44.679, 0.025, 0.067, 68.14, 69.278, 68.14, 69.278, 4.488, 7.377, 11.927, , , 1, 0.766, 2.044, 0, 11.794, 2.262, 194, 0, 0, 0, 87.867, 19.182, 20.797, 116.6, 75.633, 100, 0, 0, 28.871, 31.1, 17.95, 1.656, 109.308, 0, 0, 115.529, 45.278, 0, 0, 2.044, 0, 0, 13.8, 0, 11.794, 0, 2.262, 194, 0, 0, 0, 87.867, 1, 0.019, 0.021, 116.6, 75.633, 100, 0, 0, 141, 28.871, 31.1, 17.95, 1.656, 0, 109.308, 0, 0, 115.529, 45.278, 0, 1.8, 0, 0, 
0.75, , 100.371, 71.616, , , 10.776, 0.984, 52.234, 52.234, 2.29, 257.497, 257.497, 257.497, 50.467, 62.943, 34.735, 36.105, 7.377, 11.602, 0, 0, 30.556, 31.069, 30.556, 31.069, 1, 45.194, 45.194, 0.025, 0.067, 70.291, 71.462, 70.291, 71.462, 4.501, 7.377, 11.602, , , 1, 0.815, 1.885, 0, 11.596, 2.29, 194, 0, 0, 0, 88.7, 19.607, 20.957, 116.6, 78.669, 100, 0, 0, 28.506, 30.475, 19.825, 1.725, 108.162, 0, 0, 113.394, 45.796, 0, 0, 1.885, 0, 0, 13.8, 0, 11.596, 0, 2.29, 194, 0, 0, 0, 88.7, 1, 0.019, 0.021, 116.6, 78.669, 100, 0, 0, 141, 28.506, 30.475, 19.825, 1.725, 0, 108.162, 0, 0, 113.394, 45.796, 0, 1.8, 0, 0, 
0.8, , 100.372, 71.621, , , 11.03, 0.984, 55.481, 55.481, 2.318, 263.533, 263.533, 263.533, 50.482, 59.6, 35.094, 35.746, 7.377, 11.361, 0, 0, 31.631, 32.162, 31.631, 32.162, 1, 45.727, 45.727, 0.025, 0.068, 71.91, 73.108, 71.91, 73.108, 4.516, 7.377, 11.361, , , 1, 0.865, 1.725, 0, 11.398, 2.318, 194, 0, 0, 0, 89.533, 20.032, 21.118, 116.6, 81.706, 100, 0, 0, 28.142, 29.85, 21.7, 1.794, 107.017, 0, 0, 111.258, 46.314, 0, 0, 1.725, 0, 0, 13.8, 0, 11.398, 0, 2.318, 194, 0, 0, 0, 89.533, 1, 0.02, 0.021, 116.6, 81.706, 100, 0, 0, 141, 28.142, 29.85, 21.7, 1.794, 0, 107.017, 0, 0, 111.258, 46.314, 0, 1.8, 0, 0, 
0.85, , 100.372, 71.625, , , 11.215, 0.984, 58.775, 58.775, 2.346, 267.945, 267.945, 267.945, 50.511, 60.379, 35.452, 35.388, 7.377, 11.156, 0, 0, 32.535, 33.082, 32.535, 33.082, 1, 46.275, 46.275, 0.025, 0.068, 73.077, 74.295, 73.077, 74.295, 4.53, 7.377, 11.156, , , 1, 0.915, 1.566, 0, 11.2, 2.346, 194, 0, 0, 0, 90.367, 20.457, 21.278, 116.6, 84.742, 100, 0, 0, 27.777, 29.225, 23.575, 1.863, 105.871, 0, 0, 109.123, 46.832, 0, 0, 1.566, 0, 0, 13.8, 0, 11.2, 0, 2.346, 194, 0, 0, 0, 90.367, 1, 0.02, 0.021, 116.6, 84.742, 100, 0, 0, 141, 27.777, 29.225, 23.575, 1.863, 0, 105.871, 0, 0, 109.123, 46.832, 0, 1.8, 0, 0, 
0.9, , 100.373, 71.629, , , 11.403, 0.984, 62.111, 62.111, 2.374, 272.424, 272.424, 272.424, 50.546, 61.157, 35.811, 35.029, 7.377, 10.995, 0, 0, 33.47, 34.032, 33.47, 34.032, 1, 46.828, 46.828, 0.025, 0.069, 74.242, 75.478, 74.242, 75.478, 4.545, 7.377, 10.995, , , 1, 0.965, 1.391, 0, 11.037, 2.374, 194, 0, 0, 0, 91, 20.724, 21.339, 116.6, 87.531, 100, 0, 0, 27.487, 28.685, 25.496, 1.932, 104.348, 0, 0, 106.783, 47.355, 0, 0, 1.391, 0, 0, 13.8, 0, 11.037, 0, 2.374, 194, 0, 0, 0, 91, 1, 0.02, 0.021, 116.6, 87.533, 100, 0, 0, 141, 27.487, 28.685, 25.496, 1.932, 0, 104.348, 0, 0, 106.783, 47.355, 0, 1.8, 0, 0, 
0.95, , 100.373, 71.633, , , 11.498, 0.984, 65.482, 65.482, 2.404, 274.686, 274.686, 274.686, 50.583, 61.935, 36.169, 34.671, 7.377, 10.856, 0, 0, 34.143, 34.715, 34.143, 34.715, 1, 47.381, 47.381, 0.025, 0.069, 74.813, 76.058, 74.813, 76.058, 4.564, 7.377, 10.856, , , 1, 1.015, 1.165, 0, 10.983, 2.404, 194, 0, 0, 0, 91, 20.489, 21.087, 116.6, 89.537, 100, 0, 0, 27.433, 28.413, 27.561, 2.004, 101.63, 0, 0, 103.793, 47.895, 0, 0, 1.165, 0, 0, 13.8, 0, 10.983, 0, 2.404, 194, 0, 0, 0, 91, 1, 0.02, 0.021, 116.6, 89.548, 100, 0, 0, 141, 27.433, 28.413, 27.561, 2.004, 0, 101.63, 0, 0, 103.793, 47.895, 0, 1.8, 0, 0, 
1, 18.38, 100.373, 71.637, 72.451, , 11.557, 0.984, 68.883, 68.883, 2.434, 276.099, 276.099, 276.099, 50.599, 62.714, 36.089, 34.604, 7.377, 10.742, 0, 0, 34.722, 35.302, 34.722, 35.302, 1, 47.948, 47.948, 0.025, 0.07, 75.167, 76.418, 75.167, 76.418, 4.604, 7.377, 10.742, , , 1, 1.065, 0.939, 0, 10.928, 2.434, 194, 0, 0, 0, 91, 20.254, 20.835, 116.6, 91.542, 100, 0, 0, 27.378, 28.141, 29.626, 2.076, 98.913, 0, 0, 100.804, 48.435, 0, 0, 0.939, 0, 0, 13.8, 0, 10.928, 0, 2.434, 194, 0, 0, 0, 91, 1, 0.02, 0.021, 116.6, 91.562, 100, 0, 0, 141, 27.378, 28.141, 29.626, 2.076, 0, 98.913, 0, 0, 100.804, 48.435, 0, 1.8, 0, 0, 
1.05, 18.38, 100.374, 71.642, 72.452, , 11.618, 0.984, 72.317, 72.317, 2.465, 277.536, 277.536, 277.536, 50.603, 63.492, 35.692, 34.748, 7.377, 10.642, 0, 0, 35.316, 35.905, 35.316, 35.905, 1, 48.51, 48.51, 0.025, 0.07, 75.55, 76.807, 75.55, 76.807, 4.644, 7.377, 10.642, , , 1, 1.115, 0.712, 0, 10.874, 2.465, 194, 0, 0, 0, 91, 20.019, 20.583, 116.6, 93.548, 100, 0, 0, 27.324, 27.87, 31.691, 2.147, 96.196, 0, 0, 97.815, 48.975, 0, 0, 0.712, 0, 0, 13.8, 0, 10.874, 0, 2.465, 194, 0, 0, 0, 91, 1, 0.02, 0.021, 116.6, 93.576, 100, 0, 0, 141, 27.324, 27.87, 31.691, 2.147, 0, 96.196, 0, 0, 97.815, 48.975, 0, 1.8, 0, 0, 
1.1, 18.38, 100.374, 71.646, 72.453, , 11.692, 0.984, 75.801, 75.801, 2.495, 279.315, 279.315, 279.315, 50.591, 64.271, 35.294, 34.893, 7.377, 10.579, 0, 0, 35.96, 36.559, 35.96, 36.559, 1, 49.075, 49.075, 0.024, 0.07, 76.06, 77.327, 76.06, 77.327, 4.684, 7.377, 10.579, , , 1, 1.165, 0.486, 0, 10.82, 2.495, 194, 0, 0, 0, 91, 19.785, 20.331, 116.6, 95.553, 100, 0, 0, 27.27, 27.598, 33.757, 2.219, 93.478, 0, 0, 94.826, 49.516, 0, 0, 0.486, 0, 0, 13.8, 0, 10.82, 0, 2.495, 194, 0, 0, 0, 91, 1, 0.02, 0.021, 116.6, 95.59, 100, 0, 0, 141, 27.27, 27.598, 33.757, 2.219, 0, 93.478, 0, 0, 94.826, 49.516, 0, 1.8, 0, 0, 
1.15, 18.38, 100.375, 71.65, 72.454, , 11.713, 0.984, 79.32, 79.32, 2.514, 279.815, 279.815, 279.815, 50.561, 65.049, 34.897, 35.038, 7.377, 10.536, 0, 0, 36.445, 37.052, 36.445, 37.052, 1, 49.649, 49.649, 0.024, 0.07, 76.243, 77.513, 76.243, 77.513, 4.72, 7.377, 10.536, , , 1, 1.215, 0.418, 0, 10.8, 2.514, 194, 0, 0, 0, 91, 19.607, 20.163, 116.6, 96.57, 100, 0, 0, 27.217, 27.5, 35.1, 2.266, 91.633, 0, 0, 92.983, 49.875, 0, 0, 0.418, 0, 0, 13.8, 0, 10.8, 0, 2.514, 194, 0, 0, 0, 91, 1, 0.019, 0.02, 116.6, 96.58, 100, 0, 0, 141, 27.217, 27.5, 35.1, 2.266, 0, 91.633, 0, 0, 92.983, 49.875, 0, 1.8, 0, 0, 
1.2, 18.38, 100.375, 71.654, 72.455, , 11.74, 0.984, 82.893, 82.893, 2.528, 280.463, 280.463, 280.463, 50.528, 65.828, 34.499, 35.182, 7.377, 10.53, 0, 0, 36.953, 37.57, 36.953, 37.57, 1, 50.224, 50.224, 0.024, 0.07, 76.474, 77.748, 76.474, 77.748, 4.734, 7.377, 10.53, , , 1, 1.265, 0.437, 0, 10.8, 2.528, 194, 0, 0, 0, 91, 19.461, 20.042, 116.6, 97.032, 100, 0, 0, 27.165, 27.5, 36.038, 2.298, 90.279, 0, 0, 91.785, 50.134, 0, 0, 0.437, 0, 0, 13.8, 0, 10.8, 0, 2.528, 194, 0, 0, 0, 91, 1, 0.019, 0.02, 116.6, 97.041, 100, 0, 0, 141, 27.165, 27.5, 36.038, 2.298, 0, 90.279, 0, 0, 91.785, 50.134, 0, 1.8, 0, 0, 
1.25, 18.38, 100.375, 71.658, 72.456, , 11.833, 0.984, 86.541, 86.541, 2.542, 282.68, 282.68, 282.68, 50.495, 66.606, 34.487, 35.303, 7.377, 10.544, 0, 0, 37.668, 38.296, 37.668, 38.296, 1, 50.802, 50.802, 0.024, 0.07, 77.129, 78.414, 77.129, 78.414, 4.749, 7.377, 10.544, , , 1, 1.315, 0.457, 0, 10.8, 2.542, 194, 0, 0, 0, 91, 19.315, 19.921, 116.6, 97.493, 100, 0, 0, 27.112, 27.5, 36.975, 2.33, 88.925, 0, 0, 90.588, 50.392, 0, 0, 0.457, 0, 0, 13.8, 0, 10.8, 0, 2.542, 194, 0, 0, 0, 91, 1, 0.019, 0.02, 116.6, 97.502, 100, 0, 0, 141, 27.112, 27.5, 36.975, 2.33, 0, 88.925, 0, 0, 90.588, 50.392, 0, 1.8, 0, 0, 
1.3, 18.38, 100.376, 71.663, 72.457, , 11.801, 0.984, 90.19, 90.19, 2.556, 281.938, 281.938, 281.938, 50.464, 67.385, 34.732, 35.408, 7.377, 10.58, 0, 0, 37.99, 38.624, 37.99, 38.624, 1, 51.382, 51.382, 0.024, 0.07, 76.972, 78.253, 76.972, 78.253, 4.763, 7.377, 10.58, , , 1, 1.365, 0.477, 0, 10.8, 2.556, 194, 0, 0, 0, 91, 19.169, 19.8, 116.6, 97.955, 100, 0, 0, 27.06, 27.5, 37.912, 2.363, 87.571, 0, 0, 89.39, 50.65, 0, 0, 0.477, 0, 0, 13.8, 0, 10.8, 0, 2.556, 194, 0, 0, 0, 91, 1, 0.019, 0.02, 116.6, 97.964, 100, 0, 0, 141, 27.06, 27.5, 37.912, 2.363, 0, 87.571, 0, 0, 89.39, 50.65, 0, 1.8, 0, 0, 
1.35, 18.38, 100.376, 71.667, 72.459, , 11.813, 0.984, 93.882, 93.882, 2.57, 282.24, 282.24, 282.24, 50.435, 68.163, 34.977, 35.513, 7.377, 10.63, 0, 0, 38.463, 39.105, 38.463, 39.105, 1, 52, 52, 0.024, 0.07, 77.094, 78.377, 77.094, 78.377, 4.777, 7.377, 10.63, , , 1, 1.415, 0.497, 0, 10.8, 2.57, 194, 0, 0, 0, 91, 19.023, 19.679, 116.6, 98.416, 100, 0, 0, 27.008, 27.5, 38.85, 2.395, 86.217, 0, 0, 88.192, 50.909, 0, 0, 0.497, 0, 0, 13.8, 0, 10.8, 0, 2.57, 194, 0, 0, 0, 91, 1, 0.019, 0.02, 116.6, 98.425, 100, 0, 0, 141, 27.008, 27.5, 38.85, 2.395, 0, 86.217, 0, 0, 88.192, 50.909, 0, 1.8, 0, 0, 
1.4, 18.38, 100.376, 71.671, 72.46, , 11.894, 0.984, 98.56, 98.56, 2.596, 284.172, 284.172, 284.172, 50.402, 68.942, 35.222, 35.618, 7.377, 10.68, 0, 0, 39.278, 39.934, 39.278, 39.934, 1, 52.857, 52.857, 0.024, 0.07, 77.663, 78.956, 77.663, 78.956, 4.759, 7.377, 10.68, , , 1, 1.464, 0.489, 0, 10.8, 2.596, 194, 0, 0, 0, 91, 19.073, 19.663, 116.6, 98.893, 100, 0, 0, 27, 27.578, 40.405, 2.454, 86.233, 0, 0, 88.311, 51.434, 0, 0, 0.489, 0, 0, 13.8, 0, 10.8, 0, 2.596, 194, 0, 0, 0, 91, 1, 0.019, 0.02, 116.6, 98.901, 100, 0, 0, 141, 27, 27.578, 40.405, 2.454, 0, 86.233, 0, 0, 88.311, 51.434, 0, 1.8, 0, 0, 
1.45, 18.38, 100.377, 71.675, 72.461, , 12.009, 0.984, 103.752, 103.752, 2.625, 286.929, 286.929, 286.929, 50.389, 69.72, 35.468, 35.723, 7.377, 10.732, 0, 0, 40.258, 40.928, 40.258, 40.928, 1, 53.476, 53.476, 0.024, 0.07, 78.449, 79.755, 78.449, 79.755, 4.737, 7.377, 10.732, , , 1, 1.514, 0.476, 0, 10.8, 2.625, 194, 0, 0, 0, 91, 19.16, 19.667, 116.6, 99.372, 100, 0, 0, 27, 27.67, 42.078, 2.519, 86.511, 0, 0, 88.681, 52.01, 0, 0, 0.476, 0, 0, 13.8, 0, 10.8, 0, 2.625, 194, 0, 0, 0, 91, 1, 0.019, 0.02, 116.6, 99.379, 100, 0, 0, 141, 27, 27.67, 42.078, 2.519, 0, 86.511, 0, 0, 88.681, 52.01, 0, 1.8, 0, 0, 
1.5, 18.38, 100.377, 71.679, 72.462, , 12.086, 0.984, 107.64, 107.64, 2.653, 288.762, 288.762, 288.762, 50.386, 70.498, 35.549, 35.763, 7.377, 10.77, 0, 0, 40.966, 41.647, 40.966, 41.647, 1, 54.061, 54.061, 0.024, 0.07, 78.954, 80.271, 78.954, 80.271, 4.714, 7.377, 10.77, , , 1, 1.564, 0.463, 0, 10.8, 2.653, 194, 0, 0, 0, 91, 19.247, 19.671, 116.6, 99.852, 100, 0, 0, 27, 27.763, 43.751, 2.584, 86.789, 0, 0, 89.052, 52.586, 0, 0, 0.463, 0, 0, 13.8, 0, 10.8, 0, 2.653, 194, 0, 0, 0, 91, 1, 0.019, 0.02, 116.6, 99.856, 100, 0, 0, 141, 27, 27.763, 43.751, 2.584, 0, 86.789, 0, 0, 89.052, 52.586, 0, 1.8, 0, 0, 
1.55, 18.38, 100.378, 71.684, 72.463, , 12.191, 0.984, 111.468, 111.468, 2.682, 291.26, 291.26, 291.26, 50.39, 71.277, 35.438, 35.726, 7.377, 10.798, 0, 0, 41.766, 42.46, 41.766, 42.46, 1, 54.653, 54.653, 0.024, 0.071, 79.63, 80.958, 79.63, 80.958, 4.691, 7.377, 10.798, , , 1, 1.615, 0.45, 0, 10.8, 2.682, 194, 0, 0, 0, 91, 19.334, 19.674, 116.6, 100.331, 100, 0, 0, 27, 27.856, 45.424, 2.649, 87.067, 0, 0, 89.422, 53.162, 0, 0, 0.45, 0, 0, 13.8, 0, 10.8, 0, 2.682, 194, 0, 0, 0, 91, 1, 0.019, 0.02, 116.6, 100.334, 100, 0, 0, 141, 27, 27.856, 45.424, 2.649, 0, 87.067, 0, 0, 89.422, 53.162, 0, 1.8, 0, 0, 
1.6, 18.38, 100.378, 71.688, 72.464, , 12.278, 0.984, 115.404, 115.404, 2.711, 293.349, 293.349, 293.349, 50.403, 72.055, 35.327, 35.689, 7.377, 10.822, 0, 0, 42.52, 43.226, 42.52, 43.226, 1, 55.254, 55.254, 0.024, 0.071, 80.18, 81.517, 80.18, 81.517, 4.682, 7.377, 10.822, , , 1, 1.665, 0.437, 0, 10.8, 2.711, 194, 0, 0, 0, 91, 19.421, 19.678, 116.6, 100.811, 100, 0, 0, 27, 27.948, 47.097, 2.714, 87.344, 0, 0, 89.793, 53.737, 0, 0, 0.437, 0, 0, 13.8, 0, 10.8, 0, 2.711, 194, 0, 0, 0, 91, 1, 0.019, 0.02, 116.6, 100.812, 100, 0, 0, 141, 27, 27.948, 47.097, 2.714, 0, 87.344, 0, 0, 89.793, 53.737, 0, 1.8, 0, 0, 
1.65, 18.38, 100.378, 71.692, 72.465, , 12.338, 0.984, 119.362, 119.362, 2.741, 294.78, 294.78, 294.78, 50.424, 72.834, 35.216, 35.652, 7.378, 10.842, 0, 0, 43.189, 43.906, 43.189, 43.906, 1, 55.852, 55.852, 0.024, 0.072, 80.535, 81.879, 80.535, 81.879, 4.681, 7.378, 10.842, , , 1, 1.715, 0.396, 0, 10.8, 2.741, 194, 0, 0, 0, 90.919, 19.349, 19.579, 116.453, 101.165, 100, 0, 0, 27.041, 28.041, 49.952, 2.818, 87.133, 0, 0, 89.593, 54.364, 0, 0, 0.396, 0, 0, 13.8, 0, 10.8, 0, 2.741, 194, 0, 0, 0, 90.919, 1, 0.019, 0.02, 116.453, 101.165, 100, 0, 0, 141, 27.041, 28.041, 49.959, 2.818, 0, 87.133, 0, 0, 89.593, 54.364, 0, 1.8, 0, 0, 
1.7, 18.38, 100.379, 71.696, 72.467, , 12.392, 0.984, 123.387, 123.387, 2.774, 296.073, 296.073, 296.073, 50.455, 73.612, 35.104, 35.615, 7.379, 10.873, 0, 0, 43.845, 44.573, 43.845, 44.573, 1, 56.447, 56.447, 0.025, 0.072, 80.84, 82.189, 80.84, 82.189, 4.681, 7.379, 10.873, , , 1, 1.765, 0.318, 0, 10.8, 2.774, 194, 0, 0, 0, 90.733, 19.073, 19.349, 116.12, 101.37, 100, 0, 0, 27.133, 28.133, 54.196, 2.974, 86.3, 0, 0, 88.667, 55.055, 0, 0, 0.318, 0, 0, 13.8, 0, 10.8, 0, 2.774, 194, 0, 0, 0, 90.733, 1, 0.019, 0.019, 116.12, 101.37, 100, 0, 0, 141, 27.133, 28.133, 54.219, 2.974, 0, 86.3, 0, 0, 88.667, 55.055, 0, 1.8, 0, 0, 
1.75, 18.38, 100.379, 71.7, 72.468, , 12.446, 0.984, 127.459, 127.459, 2.806, 297.371, 297.371, 297.371, 50.491, 74.391, 35.125, 35.557, 7.38, 10.915, 0, 0, 44.51, 45.249, 44.51, 45.249, 1, 57.055, 57.055, 0.025, 0.073, 81.136, 82.49, 81.136, 82.49, 4.68, 7.38, 10.915, , , 1, 1.816, 0.24, 0, 10.8, 2.806, 194, 0, 0, 0, 90.548, 18.797, 19.12, 115.787, 101.576, 100, 0, 0, 27.226, 28.226, 58.439, 3.13, 85.467, 0, 0, 87.741, 55.745, 0, 0, 0.24, 0, 0, 13.8, 0, 10.8, 0, 2.806, 194, 0, 0, 0, 90.548, 1, 0.019, 0.019, 115.787, 101.576, 100, 0, 0, 141, 27.226, 28.226, 58.478, 3.13, 0, 85.467, 0, 0, 87.741, 55.745, 0, 1.8, 0, 0, 
1.8, 18.38, 100.379, 71.704, 72.469, , 12.488, 0.984, 131.511, 131.511, 2.839, 298.371, 298.371, 298.371, 50.533, 75.169, 35.233, 35.485, 7.382, 10.975, 0, 0, 45.138, 45.888, 45.138, 45.888, 1, 57.663, 57.663, 0.025, 0.074, 81.343, 82.7, 81.343, 82.7, 4.687, 7.382, 10.975, , , 1, 1.865, 0.162, 0, 10.8, 2.839, 194, 0, 0, 0, 90.363, 18.521, 18.89, 115.453, 101.781, 100, 0, 0, 27.319, 28.319, 62.683, 3.285, 84.633, 0, 0, 86.815, 56.436, 0, 0, 0.162, 0, 0, 13.8, 0, 10.8, 0, 2.839, 194, 0, 0, 0, 90.363, 1, 0.018, 0.019, 115.453, 101.781, 100, 0, 0, 141, 27.319, 28.319, 62.737, 3.285, 0, 84.633, 0, 0, 86.815, 56.436, 0, 1.8, 0, 0, 
1.85, 18.38, 100.38, 71.709, 72.47, , 12.534, 0.984, 135.681, 135.681, 2.872, 299.474, 299.474, 299.474, 50.58, 75.948, 35.341, 35.413, 7.383, 11.056, 0, 0, 45.779, 46.539, 45.779, 46.539, 1, 58.274, 58.274, 0.025, 0.075, 81.569, 82.931, 81.569, 82.931, 4.706, 7.383, 11.056, , , 1, 1.916, 0.085, 0, 10.8, 2.872, 194, 0, 0, 0, 90.178, 18.245, 18.66, 115.12, 101.987, 100, 0, 0, 27.411, 28.411, 66.926, 3.441, 83.8, 0, 0, 85.889, 57.127, 0, 0, 0.085, 0, 0, 13.8, 0, 10.8, 0, 2.872, 194, 0, 0, 0, 90.178, 1, 0.018, 0.018, 115.12, 101.987, 100, 0, 0, 141, 27.411, 28.411, 66.996, 3.441, 0, 83.8, 0, 0, 85.889, 57.127, 0, 1.8, 0, 0, 
1.9, 18.38, 100.38, 71.71, 72.471, , 12.61, 0.984, 139.851, 139.851, 2.905, 301.305, 301.305, 301.305, 50.631, 76.726, 35.449, 35.341, 7.384, 11.144, 0, 0, 46.557, 47.33, 46.557, 47.33, 1, 58.89, 58.89, 0.025, 0.075, 81.981, 83.351, 81.981, 83.351, 4.726, 7.384, 11.144, , , 1, 1.965, 0.01, 0, 10.8, 2.905, 194, 0, 0, 0, 90, 17.98, 18.442, 114.793, 102.189, 100, 0, 0, 27.506, 28.504, 71.193, 3.596, 82.985, 0, 0, 84.992, 57.83, 0, 0, 0.01, 0, 0, 13.8, 0, 10.8, 0, 2.904, 194, 0, 0, 0, 90, 1, 0.018, 0.018, 114.793, 102.189, 100, 0, 0, 141, 27.506, 28.504, 71.288, 3.596, 0, 82.985, 0, 0, 84.992, 57.83, 0, 1.8, 0, 0, 
1.95, 18.38, 100.38, 71.71, 72.472, , 12.675, 0.984, 144.091, 144.091, 2.956, 302.849, 302.849, 302.849, 50.685, 77.504, 35.557, 35.269, 7.384, 11.238, 0, 0, 47.284, 48.071, 47.284, 48.071, 1, 59.509, 59.509, 0.025, 0.076, 82.312, 83.686, 82.312, 83.686, 4.745, 7.384, 11.238, , , 1, 2.015, 0.014, 0, 10.8, 2.956, 194, 0, 0, 0, 90, 17.976, 18.495, 114.621, 102.331, 100, 0, 0, 27.649, 28.599, 76.019, 3.753, 82.603, 0, 0, 84.802, 58.838, 0, 0, 0.014, 0, 0, 13.8, 0, 10.8, 0, 2.94, 194, 0, 0, 0, 90, 1, 0.018, 0.018, 114.621, 102.331, 100, 0, 0, 141, 27.649, 28.599, 76.096, 3.753, 0, 82.603, 0, 0, 84.802, 58.838, 0, 1.8, 0, 0, 
2, 18.38, 100.38, 71.71, 72.473, , 12.753, 0.984, 148.403, 148.403, 3.008, 304.728, 304.728, 304.728, 50.736, 78.283, 35.665, 35.542, 7.383, 11.323, 0, 0, 48.072, 48.871, 48.072, 48.871, 1, 60.128, 60.128, 0.025, 0.077, 82.741, 84.12, 82.741, 84.12, 4.771, 7.383, 11.323, , , 1, 2.066, 0.018, 0, 10.8, 3.008, 194, 0, 0, 0, 90, 17.972, 18.547, 114.45, 102.473, 100, 0, 0, 27.792, 28.695, 80.846, 3.909, 82.221, 0, 0, 84.611, 59.846, 0, 0, 0.018, 0, 0, 13.8, 0, 10.8, 0, 2.976, 194, 0, 0, 0, 90, 1, 0.018, 0.018, 114.45, 102.473, 100, 0, 0, 141, 27.792, 28.695, 80.904, 3.909, 0, 82.221, 0, 0, 84.611, 59.846, 0, 1.8, 0, 0, 
2.05, 18.38, 100.38, 71.71, 72.475, , 12.825, 0.984, 152.727, 152.727, 3.059, 306.45, 306.45, 306.45, 50.781, 79.061, 35.773, 36.046, 7.382, 11.395, 0, 0, 48.847, 49.659, 48.847, 49.659, 1, 60.755, 60.755, 0.025, 0.077, 83.134, 84.519, 83.134, 84.519, 4.809, 7.382, 11.395, , , 1, 2.115, 0.022, 0, 10.8, 3.059, 194, 0, 0, 0, 90, 17.968, 18.6, 114.278, 102.615, 100, 0, 0, 27.935, 28.79, 85.672, 4.066, 81.84, 0, 0, 84.42, 60.853, 0, 0, 0.022, 0, 0, 13.8, 0, 10.8, 0, 3.012, 194, 0, 0, 0, 90, 1, 0.018, 0.019, 114.278, 102.615, 100, 0, 0, 141, 27.935, 28.79, 85.712, 4.066, 0, 81.84, 0, 0, 84.42, 60.853, 0, 1.8, 0, 0, 
2.1, 18.38, 100.38, 71.71, 72.476, , 12.941, 0.984, 157.106, 157.106, 3.111, 309.212, 309.212, 309.212, 50.822, 79.84, 35.881, 36.55, 7.38, 11.454, 0, 0, 49.799, 50.626, 49.799, 50.626, 1, 61.389, 61.389, 0.025, 0.077, 83.816, 85.213, 83.816, 85.213, 4.847, 7.38, 11.454, , , 1, 2.165, 0.025, 0, 10.8, 3.111, 194, 0, 0, 0, 90, 17.965, 18.652, 114.106, 102.758, 100, 0, 0, 28.078, 28.885, 90.498, 4.222, 81.458, 0, 0, 84.229, 61.861, 0, 0, 0.025, 0, 0, 13.8, 0, 10.8, 0, 3.048, 194, 0, 0, 0, 90, 1, 0.018, 0.019, 114.106, 102.758, 100, 0, 0, 141, 28.078, 28.885, 90.519, 4.222, 0, 81.458, 0, 0, 84.229, 61.861, 0, 1.8, 0, 0, 
2.15, 18.38, 100.38, 71.71, 72.477, , 13.069, 0.984, 161.564, 161.564, 3.162, 312.262, 312.262, 312.262, 50.857, 80.618, 35.989, 37.054, 7.379, 11.495, 0, 0, 50.818, 51.664, 50.818, 51.664, 1, 62.025, 62.025, 0.025, 0.077, 84.584, 85.995, 84.584, 85.995, 4.884, 7.379, 11.495, , , 1, 2.216, 0.029, 0, 10.8, 3.162, 194, 0, 0, 0, 90, 17.961, 18.705, 113.934, 102.9, 100, 0, 0, 28.221, 28.981, 95.324, 4.379, 81.076, 0, 0, 84.038, 62.868, 0, 0, 0.029, 0, 0, 13.8, 0, 10.8, 0, 3.084, 194, 0, 0, 0, 90, 1, 0.018, 0.019, 113.934, 102.9, 100, 0, 0, 141, 28.221, 28.981, 95.327, 4.379, 0, 81.076, 0, 0, 84.038, 62.868, 0, 1.8, 0, 0, 
2.2, 18.38, 100.38, 71.71, 72.478, , 13.181, 0.984, 166.054, 166.054, 3.2, 314.936, 314.936, 314.936, 50.885, 81.397, 36.097, 37.558, 7.378, 11.531, 0, 0, 51.784, 52.647, 51.784, 52.647, 1, 62.671, 62.671, 0.025, 0.077, 85.262, 86.685, 85.262, 86.685, 4.921, 7.378, 11.531, , , 1, 2.265, 0.025, 0, 10.8, 3.2, 194, 0, 0, 0, 90, 17.995, 18.718, 113.749, 102.887, 100, 0, 0, 28.334, 29, 96, 4.41, 81.209, 0, 0, 84.167, 63.59, 0, 0, 0.025, 0, 0, 13.8, 0, 10.8, 0, 3.133, 194, 0, 0, 0, 90, 1, 0.018, 0.019, 113.749, 102.887, 100, 0, 0, 141, 28.334, 29, 96, 4.41, 0, 81.209, 0, 0, 84.167, 63.59, 0, 1.8, 0, 0, 
2.25, 18.38, 100.38, 71.71, 72.479, , 13.312, 0.984, 170.545, 170.545, 3.235, 318.066, 318.066, 318.066, 50.908, 82.175, 36.069, 37.455, 7.377, 11.56, 0, 0, 52.835, 53.716, 52.835, 53.716, 1, 63.315, 63.315, 0.025, 0.077, 86.075, 87.513, 86.075, 87.513, 4.946, 7.377, 11.56, , , 1, 2.316, 0.019, 0, 10.8, 3.235, 194, 0, 0, 0, 90, 18.039, 18.723, 113.561, 102.849, 100, 0, 0, 28.438, 29, 96, 4.41, 81.471, 0, 0, 84.377, 64.239, 0, 0, 0.019, 0, 0, 13.8, 0, 10.8, 0, 3.185, 194, 0, 0, 0, 90, 1, 0.018, 0.019, 113.561, 102.849, 100, 0, 0, 141, 28.438, 29, 96, 4.41, 0, 81.471, 0, 0, 84.377, 64.239, 0, 1.8, 0, 0, 
2.3, 18.38, 100.38, 71.71, 72.48, , 13.44, 0.984, 175.079, 175.079, 3.27, 321.121, 321.121, 321.121, 50.92, 82.954, 35.951, 36.948, 7.377, 11.593, 0, 0, 53.886, 54.787, 53.886, 54.787, 1, 63.972, 63.972, 0.025, 0.077, 86.881, 88.331, 86.881, 88.331, 4.971, 7.377, 11.593, , , 1, 2.365, 0.012, 0, 10.8, 3.27, 194, 0, 0, 0, 90, 18.083, 18.727, 113.373, 102.81, 100, 0, 0, 28.543, 29, 96, 4.41, 81.732, 0, 0, 84.586, 64.889, 0, 0, 0.012, 0, 0, 13.8, 0, 10.8, 0, 3.237, 194, 0, 0, 0, 90, 1, 0.018, 0.019, 113.373, 102.81, 100, 0, 0, 141, 28.543, 29, 96, 4.41, 0, 81.732, 0, 0, 84.586, 64.889, 0, 1.8, 0, 0, 
2.35, 18.38, 100.38, 71.71, 72.48, , 13.545, 0.984, 179.702, 179.702, 3.305, 323.616, 323.616, 323.616, 50.926, 83.732, 35.832, 36.44, 7.377, 11.632, 0, 0, 54.862, 55.78, 54.862, 55.78, 1, 64.627, 64.627, 0.025, 0.077, 87.548, 89.009, 87.548, 89.009, 4.996, 7.377, 11.632, , , 1, 2.416, 0.006, 0, 10.8, 3.305, 194, 0, 0, 0, 90, 18.127, 18.731, 113.185, 102.772, 100, 0, 0, 28.647, 29, 96, 4.41, 81.994, 0, 0, 84.795, 65.538, 0, 0, 0.006, 0, 0, 13.8, 0, 10.8, 0, 3.288, 194, 0, 0, 0, 90, 1, 0.018, 0.019, 113.185, 102.772, 100, 0, 0, 141, 28.647, 29, 96, 4.41, 0, 81.994, 0, 0, 84.795, 65.538, 0, 1.8, 0, 0, 
2.4, 18.38, 100.38, 71.71, 72.48, , 13.653, 0.984, 184.372, 184.372, 3.339, 326.203, 326.203, 326.203, 50.922, 84.51, 35.714, 35.933, 7.377, 11.676, 0, 0, 55.874, 56.807, 55.874, 56.807, 1, 65.293, 65.293, 0.025, 0.077, 88.254, 89.724, 88.254, 89.724, 5.022, 7.377, 11.676, , , 1, 2.465, 0, 0, 10.8, 3.339, 194, 0, 0, 0, 90, 18.172, 18.737, 112.996, 102.733, 100, 0, 0, 28.752, 29, 96, 4.41, 82.258, 0, 0, 85.006, 66.191, 0, 0, 0, 0, 0, 13.8, 0, 10.8, 0, 3.339, 194, 0, 0, 0, 90, 1, 0.018, 0.019, 112.996, 102.733, 100, 0, 0, 141, 28.752, 29, 96, 4.41, 0, 82.258, 0, 0, 85.006, 66.191, 0, 1.8, 0, 0, 
2.45, 18.38, 100.38, 71.71, 72.48, , 13.784, 0.984, 190.232, 190.232, 3.376, 329.321, 329.321, 329.321, 50.923, 85.289, 35.595, 35.425, 7.377, 11.729, 0, 0, 57.131, 58.083, 57.131, 58.083, 1, 66.28, 66.28, 0.025, 0.077, 89.094, 90.578, 89.094, 90.578, 5.05, 7.377, 11.729, , , 1, 2.515, 0, 0, 10.8, 3.376, 194, 0, 0, 0, 90, 18.27, 18.812, 112.808, 102.695, 100, 0, 0, 28.857, 29, 96, 4.41, 82.677, 0, 0, 85.32, 66.971, 0, 0, 0, 0, 0, 13.8, 0, 10.8, 0, 3.376, 194, 0, 0, 0, 90, 1, 0.018, 0.019, 112.808, 102.695, 100, 0, 0, 141, 28.857, 29, 96, 4.41, 0, 82.677, 0, 0, 85.32, 66.971, 0, 1.8, 0, 0, 
2.5, 18.38, 100.38, 71.71, 72.48, , 13.865, 0.984, 196.188, 196.188, 3.413, 331.271, 331.271, 331.271, 50.933, 86.067, 35.515, 35.082, 7.377, 11.785, 0, 0, 58.196, 59.166, 58.196, 59.166, 1, 66.962, 66.962, 0.025, 0.077, 89.598, 91.09, 89.598, 91.09, 5.079, 7.377, 11.785, , , 1, 2.564, 0, 0, 10.8, 3.413, 194, 0, 0, 0, 90, 18.369, 18.887, 112.62, 102.656, 100, 0, 0, 28.961, 29, 96, 4.41, 83.095, 0, 0, 85.634, 67.751, 0, 0, 0, 0, 0, 13.8, 0, 10.8, 0, 3.413, 194, 0, 0, 0, 90, 1, 0.018, 0.019, 112.62, 102.656, 100, 0, 0, 141, 28.961, 29, 96, 4.41, 0, 83.095, 0, 0, 85.634, 67.751, 0, 1.8, 0, 0, 
2.55, 18.38, 100.38, 71.71, 72.48, , 13.916, 0.984, 201.005, 201.005, 3.45, 332.503, 332.503, 332.503, 50.958, 85.507, 35.535, 35.158, 7.377, 11.847, 0, 0, 59.004, 59.986, 59.004, 59.986, 1, 67.646, 67.646, 0.025, 0.078, 89.891, 91.387, 89.891, 91.387, 5.108, 7.377, 11.847, , , 1, 2.615, 0, 0, 10.8, 3.45, 194, 0, 0, 0, 90, 18.467, 18.962, 112.431, 102.617, 100, 0, 0, 29.066, 29, 96, 4.41, 83.514, 0, 0, 85.948, 68.532, 0, 0, 0, 0, 0, 13.8, 0, 10.8, 0, 3.45, 194, 0, 0, 0, 90, 1, 0.018, 0.019, 112.431, 102.617, 100, 0, 0, 141, 29.066, 29, 96, 4.41, 0, 83.514, 0, 0, 85.948, 68.532, 0, 1.8, 0, 0, 
2.6, 18.38, 100.38, 71.71, 72.48, , 14.002, 0.984, 205.87, 205.87, 3.487, 334.542, 334.542, 334.542, 50.99, 82.761, 35.554, 35.235, 7.377, 11.909, 0, 0, 59.963, 60.961, 59.963, 60.961, 1, 68.328, 68.328, 0.025, 0.078, 90.384, 91.889, 90.384, 91.889, 5.137, 7.377, 11.909, , , 1, 2.665, 0, 0, 10.8, 3.487, 194, 0, 0, 0, 90, 18.565, 19.038, 112.243, 102.579, 100, 0, 0, 29.171, 29, 96, 4.41, 83.932, 0, 0, 86.262, 69.312, 0, 0, 0, 0, 0, 13.8, 0, 10.8, 0, 3.487, 194, 0, 0, 0, 90, 1, 0.018, 0.019, 112.243, 102.579, 100, 0, 0, 141, 29.171, 29, 96, 4.41, 0, 83.932, 0, 0, 86.262, 69.312, 0, 1.8, 0, 0, 
2.65, 18.38, 100.38, 71.71, 72.48, , 14.033, 0.984, 210.796, 210.796, 3.52, 335.305, 335.305, 335.305, 51.032, 80.015, 35.573, 35.312, 7.377, 11.968, 0, 0, 60.702, 61.714, 60.702, 61.714, 1, 69.009, 69.009, 0.025, 0.078, 90.516, 92.023, 90.516, 92.023, 5.165, 7.377, 11.968, , , 1, 2.716, 0, 0, 10.8, 3.52, 194, 0, 0, 0, 90, 18.657, 19.108, 112.055, 102.55, 100, 0, 0, 29.262, 29, 96, 4.41, 84.312, 0, 0, 86.55, 70.014, 0, 0, 0, 0, 0, 13.8, 0, 10.8, 0, 3.52, 194, 0, 0, 0, 90, 1, 0.019, 0.019, 112.055, 102.55, 100, 0, 0, 141, 29.262, 29, 96, 4.41, 0, 84.312, 0, 0, 86.55, 70.014, 0, 1.8, 0, 0, 
2.7, 18.38, 100.38, 71.71, 72.48, , 14.1, 0.984, 215.764, 215.764, 3.539, 336.912, 336.912, 336.912, 51.074, 77.269, 35.592, 35.389, 7.377, 12.024, 0, 0, 61.602, 62.628, 61.602, 62.628, 1, 69.697, 69.697, 0.025, 0.079, 90.876, 92.39, 90.876, 92.39, 5.191, 7.377, 12.024, , , 1, 2.766, 0, 0, 10.8, 3.539, 194, 0, 0, 0, 90, 18.728, 19.161, 111.867, 102.55, 100, 0, 0, 29.315, 29, 96, 4.41, 84.573, 0, 0, 86.758, 70.467, 0, 0, 0, 0, 0, 13.8, 0, 10.8, 0, 3.539, 194, 0, 0, 0, 90, 1, 0.019, 0.019, 111.867, 102.55, 100, 0, 0, 141, 29.315, 29, 96, 4.41, 0, 84.573, 0, 0, 86.758, 70.467, 0, 1.8, 0, 0, 
2.75, 18.38, 100.38, 71.71, 72.48, , 14.109, 0.984, 220.732, 220.732, 3.559, 337.133, 337.133, 337.133, 51.107, 74.523, 35.535, 35.571, 7.377, 12.071, 0, 0, 62.245, 63.282, 62.245, 63.282, 1, 70.385, 70.385, 0.025, 0.079, 90.874, 92.389, 90.874, 92.389, 5.217, 7.377, 12.071, , , 1, 2.815, 0, 0, 10.8, 3.559, 194, 0, 0, 0, 90, 18.799, 19.214, 111.68, 102.55, 100, 0, 0, 29.367, 29, 96, 4.41, 84.833, 0, 0, 86.967, 70.92, 0, 0, 0, 0, 0, 13.8, 0, 10.8, 0, 3.559, 194, 0, 0, 0, 90, 1, 0.019, 0.019, 111.68, 102.55, 100, 0, 0, 141, 29.367, 29, 96, 4.41, 0, 84.833, 0, 0, 86.967, 70.92, 0, 1.8, 0, 0, 
2.8, 18.38, 100.38, 71.71, 72.48, , 14.174, 0.984, 225.784, 225.784, 3.579, 338.71, 338.71, 338.71, 51.135, 71.778, 35.427, 35.823, 7.377, 12.113, 0, 0, 63.149, 64.201, 63.149, 64.201, 1, 71.078, 71.078, 0.025, 0.08, 91.251, 92.772, 91.251, 92.772, 5.244, 7.377, 12.113, , , 1, 2.865, 0, 0, 10.8, 3.579, 194, 0, 0, 0, 90, 18.869, 19.267, 111.492, 102.55, 100, 0, 0, 29.419, 29, 96, 4.41, 85.094, 0, 0, 87.175, 71.373, 0, 0, 0, 0, 0, 13.8, 0, 10.8, 0, 3.579, 194, 0, 0, 0, 90, 1, 0.019, 0.019, 111.492, 102.55, 100, 0, 0, 141, 29.419, 29, 96, 4.41, 0, 85.094, 0, 0, 87.175, 71.373, 0, 1.8, 0, 0, 
2.85, 18.38, 100.38, 71.71, 72.48, , 14.223, 0.984, 230.957, 230.957, 3.598, 339.883, 339.883, 339.883, 51.153, 69.032, 35.319, 36.075, 7.377, 12.137, 0, 0, 63.992, 65.06, 63.992, 65.06, 1, 71.772, 71.772, 0.025, 0.081, 91.534, 93.06, 91.534, 93.06, 5.268, 7.377, 12.137, , , 1, 2.914, 0, 0, 10.8, 3.598, 194, 0, 0, 0, 90, 18.94, 19.32, 111.305, 102.55, 100, 0, 0, 29.471, 29, 96, 4.41, 85.354, 0, 0, 87.383, 71.826, 0, 0, 0, 0, 0, 13.8, 0, 10.8, 0, 3.598, 194, 0, 0, 0, 90, 1, 0.019, 0.019, 111.305, 102.55, 100, 0, 0, 141, 29.471, 29, 96, 4.41, 0, 85.354, 0, 0, 87.383, 71.826, 0, 1.8, 0, 0, 
2.9, 18.38, 100.38, 71.71, 72.48, , 14.24, 0.984, 236.147, 236.147, 3.635, 340.315, 340.315, 340.315, 51.165, 66.286, 35.211, 36.327, 7.377, 12.158, 0, 0, 64.7, 65.779, 64.7, 65.779, 1, 72.471, 72.471, 0.025, 0.081, 91.631, 93.158, 91.631, 93.158, 5.291, 7.377, 12.158, , , 1, 2.964, 0, 0, 10.8, 3.635, 194, 0, 0, 0, 90, 19.031, 19.393, 111.121, 102.499, 100, 0, 0, 29.588, 29.066, 96, 4.412, 85.677, 0, 0, 87.677, 72.517, 0, 0, 0, 0, 0, 13.805, 0, 10.8, 0, 3.635, 194, 0, 0, 0, 90, 1, 0.019, 0.019, 111.121, 102.499, 100, 0, 0, 141, 29.588, 29.066, 96, 4.412, 0, 85.677, 0, 0, 87.677, 72.517, 0, 1.8, 0, 0, 
2.95, 18.38, 100.38, 71.71, 72.48, , 14.292, 0.984, 241.336, 241.336, 3.69, 341.561, 341.561, 341.561, 51.175, 63.54, 35.103, 36.579, 7.377, 12.17, 0, 0, 65.557, 66.652, 65.557, 66.652, 1, 73.173, 73.173, 0.025, 0.081, 91.947, 93.48, 91.947, 93.48, 5.314, 7.377, 12.17, , , 1, 3.015, 0, 0, 10.8, 3.69, 194, 0, 0, 0, 90, 19.148, 19.49, 110.941, 102.388, 100, 0, 0, 29.788, 29.216, 96, 4.416, 86.078, 0, 0, 88.078, 73.511, 0, 0, 0, 0, 0, 13.815, 0, 10.8, 0, 3.69, 194, 0, 0, 0, 90, 1, 0.019, 0.019, 110.941, 102.388, 100, 0, 0, 141, 29.788, 29.216, 96, 4.416, 0, 86.078, 0, 0, 88.078, 73.511, 0, 1.8, 0, 0, 
3, 18.38, 100.38, 71.71, 72.48, , 14.275, 0.984, 246.555, 246.555, 3.746, 341.17, 341.17, 341.17, 51.19, 60.794, 35.06, 36.55, 7.377, 12.182, 0, 0, 66.096, 67.2, 66.096, 67.2, 1, 73.865, 73.865, 0.025, 0.082, 91.816, 93.345, 91.816, 93.345, 5.337, 7.377, 12.182, , , 1, 3.065, 0, 0, 10.8, 3.746, 194, 0, 0, 0, 90, 19.265, 19.587, 110.761, 102.277, 100, 0, 0, 29.988, 29.366, 96, 4.42, 86.48, 0, 0, 88.48, 74.505, 0, 0, 0, 0, 0, 13.825, 0, 10.8, 0, 3.746, 194, 0, 0, 0, 90, 1, 0.019, 0.019, 110.761, 102.277, 100, 0, 0, 141, 29.988, 29.366, 96, 4.42, 0, 86.48, 0, 0, 88.48, 74.505, 0, 1.8, 0, 0, 
3.05, 18.38, 100.38, 71.71, 72.48, , 14.285, 0.984, 251.909, 251.909, 3.802, 341.446, 341.446, 341.446, 51.209, 58.048, 35.06, 36.334, 7.377, 12.192, 0, 0, 66.772, 67.887, 66.772, 67.887, 1, 74.573, 74.573, 0.025, 0.082, 91.855, 93.387, 91.855, 93.387, 5.37, 7.377, 12.192, , , 1, 3.115, 0, 0, 10.8, 3.802, 194, 0, 0, 0, 90, 19.382, 19.684, 110.581, 102.166, 100, 0, 0, 30.188, 29.516, 96, 4.424, 86.882, 0, 0, 88.882, 75.499, 0, 0, 0, 0, 0, 13.835, 0, 10.8, 0, 3.802, 194, 0, 0, 0, 90, 1, 0.019, 0.02, 110.581, 102.166, 100, 0, 0, 141, 30.188, 29.516, 96, 4.424, 0, 86.882, 0, 0, 88.882, 75.499, 0, 1.8, 0, 0, 
3.1, 18.38, 100.38, 71.71, 72.48, , 14.272, 0.984, 257.339, 257.339, 3.857, 341.134, 341.134, 341.134, 51.234, 55.303, 35.06, 36.118, 7.377, 12.204, 0, 0, 67.344, 68.467, 67.344, 68.467, 1, 75.266, 75.266, 0.025, 0.082, 91.728, 93.257, 91.728, 93.257, 5.416, 7.377, 12.204, , , 1, 3.165, 0, 0, 10.8, 3.857, 194, 0, 0, 0, 90, 19.499, 19.781, 110.401, 102.055, 100, 0, 0, 30.388, 29.666, 96, 4.428, 87.283, 0, 0, 89.283, 76.493, 0, 0, 0, 0, 0, 13.845, 0, 10.8, 0, 3.857, 194, 0, 0, 0, 90, 1, 0.019, 0.02, 110.401, 102.055, 100, 0, 0, 141, 30.388, 29.666, 96, 4.428, 0, 87.283, 0, 0, 89.283, 76.493, 0, 1.8, 0, 0, 
3.15, 18.38, 100.38, 71.71, 72.48, , 14.265, 0.984, 262.769, 262.769, 3.896, 340.987, 340.987, 340.987, 51.261, 52.557, 35.06, 35.902, 7.377, 12.226, 0, 0, 67.943, 69.075, 67.943, 69.075, 1, 75.965, 75.965, 0.025, 0.082, 91.638, 93.166, 91.638, 93.166, 5.462, 7.377, 12.226, , , 1, 3.215, 0, 0, 10.8, 3.896, 194, 0, 0, 0, 90, 19.587, 19.852, 110.218, 101.977, 100, 0, 0, 30.546, 29.773, 96, 4.43, 87.786, 0, 0, 89.691, 77.22, 0, 0, 0, 0, 0, 13.845, 0, 10.8, 0, 3.896, 194, 0, 0, 0, 90, 1, 0.02, 0.02, 110.218, 101.977, 100, 0, 0, 141, 30.546, 29.773, 96, 4.43, 0, 87.786, 0, 0, 89.691, 77.22, 0, 1.8, 0, 0, 
3.2, 18.38, 100.38, 71.708, 72.48, , 14.227, 0.984, 268.2, 268.2, 3.916, 340.118, 340.118, 340.118, 51.283, 49.811, 35.06, 35.686, 7.377, 12.248, 0, 0, 68.393, 69.532, 68.393, 69.532, 1, 76.664, 76.664, 0.025, 0.083, 91.363, 92.888, 91.363, 92.888, 5.508, 7.377, 12.248, , , 1, 3.265, 0, 0, 10.8, 3.916, 194, 0, 0, 0, 90, 19.635, 19.891, 110.03, 101.939, 100, 0, 0, 30.65, 29.825, 96, 4.43, 88.409, 0, 0, 90.106, 77.608, 0, 0, 0, 0, 0, 13.835, 0, 10.8, 0, 3.916, 194, 0, 0, 0, 90, 1, 0.02, 0.02, 110.03, 101.939, 100, 0, 0, 141, 30.65, 29.825, 96, 4.43, 0, 88.409, 0, 0, 90.106, 77.608, 0, 1.8, 0, 0, 
3.25, 18.38, 100.379, 71.704, 72.48, , 14.275, 0.984, 273.751, 273.751, 3.935, 341.274, 341.274, 341.274, 51.295, 47.065, 35.125, 35.665, 7.377, 12.268, 0, 0, 69.254, 70.408, 69.254, 70.408, 1, 77.366, 77.366, 0.025, 0.083, 91.655, 93.185, 91.655, 93.185, 5.553, 7.377, 12.268, , , 1, 3.316, 0, 0, 10.8, 3.935, 194, 0, 0, 0, 90, 19.684, 19.929, 109.843, 101.9, 100, 0, 0, 30.754, 29.877, 96, 4.43, 89.031, 0, 0, 90.521, 77.996, 0, 0, 0, 0, 0, 13.824, 0, 10.8, 0, 3.935, 194, 0, 0, 0, 90, 1, 0.02, 0.02, 109.843, 101.9, 100, 0, 0, 141, 30.754, 29.877, 96, 4.43, 0, 89.031, 0, 0, 90.521, 77.996, 0, 1.8, 0, 0, 
3.3, 18.38, 100.378, 71.7, 72.48, , 14.284, 0.984, 279.346, 279.346, 3.955, 341.509, 341.509, 341.509, 51.294, 44.319, 35.233, 35.773, 7.377, 12.288, 0, 0, 69.928, 71.093, 69.928, 71.093, 1, 78.062, 78.062, 0.025, 0.083, 91.724, 93.253, 91.724, 93.253, 5.592, 7.377, 12.288, , , 1, 3.365, 0, 0, 10.8, 3.955, 194, 0, 0, 0, 90, 19.733, 19.968, 109.655, 101.862, 100, 0, 0, 30.858, 29.929, 96, 4.43, 89.654, 0, 0, 90.936, 78.383, 0, 0, 0, 0, 0, 13.814, 0, 10.8, 0, 3.955, 194, 0, 0, 0, 90, 1, 0.02, 0.02, 109.655, 101.862, 100, 0, 0, 141, 30.858, 29.929, 96, 4.43, 0, 89.654, 0, 0, 90.936, 78.383, 0, 1.8, 0, 0, 
3.35, 18.38, 100.377, 71.696, 72.48, , 14.321, 0.984, 284.981, 284.981, 3.974, 342.41, 342.41, 342.41, 51.279, 41.574, 35.341, 35.881, 7.377, 12.304, 0, 0, 70.743, 71.923, 70.743, 71.923, 1, 78.776, 78.776, 0.025, 0.083, 91.993, 93.525, 91.993, 93.525, 5.632, 7.377, 12.304, , , 1, 3.415, 0, 0, 10.8, 3.974, 194, 0, 0, 0, 90, 19.782, 20.006, 109.468, 101.823, 100, 0, 0, 30.962, 29.981, 96, 4.43, 90.276, 0, 0, 91.351, 78.77, 0, 0, 0, 0, 0, 13.804, 0, 10.8, 0, 3.974, 194, 0, 0, 0, 90, 1, 0.02, 0.02, 109.468, 101.823, 100, 0, 0, 141, 30.962, 29.981, 96, 4.43, 0, 90.276, 0, 0, 91.351, 78.77, 0, 1.8, 0, 0, 
3.4, 18.38, 100.377, 71.691, 72.48, , 14.325, 0.984, 292.331, 292.331, 4.004, 342.516, 342.516, 342.516, 51.245, 57.974, 35.449, 35.989, 7.377, 12.318, 0, 0, 71.592, 72.788, 71.592, 72.788, 1, 79.755, 79.755, 0.024, 0.083, 92.076, 93.609, 92.076, 93.609, 5.672, 7.377, 12.318, , , 1, 3.465, 0, 0, 10.8, 4.004, 194, 0, 0, 0, 90, 19.841, 20.051, 109.178, 101.81, 100, 0, 0, 31.062, 30.062, 96, 4.428, 90.685, 0, 0, 91.685, 79.369, 0, 0, 0, 0, 0, 13.8, 0, 10.8, 0, 4.004, 194, 0, 0, 0, 90, 1, 0.02, 0.02, 109.178, 101.81, 100, 0, 0, 141, 31.062, 30.062, 96, 4.428, 0, 90.685, 0, 0, 91.685, 79.369, 0, 1.8, 0, 0, 
3.45, 18.38, 100.376, 71.687, 72.48, , 14.318, 0.984, 298.764, 298.764, 4.038, 342.378, 342.378, 342.378, 51.229, 58.78, 35.557, 36.097, 7.377, 12.319, 0, 0, 72.252, 73.459, 72.252, 73.459, 1, 80.457, 80.457, 0.024, 0.083, 92.074, 93.606, 92.074, 93.606, 5.712, 7.377, 12.319, , , 1, 3.515, 0, 0, 10.8, 4.038, 194, 0, 0, 0, 90, 19.904, 20.099, 108.832, 101.81, 100, 0, 0, 31.158, 30.158, 96, 4.424, 90.975, 0, 0, 91.975, 80.086, 0, 0, 0, 0, 0, 13.8, 0, 10.8, 0, 4.038, 194, 0, 0, 0, 90, 1, 0.02, 0.02, 108.832, 101.81, 100, 0, 0, 141, 31.158, 30.158, 96, 4.424, 0, 90.975, 0, 0, 91.975, 80.086, 0, 1.8, 0, 0, 
3.5, 18.38, 100.375, 71.683, 72.48, , 14.283, 0.984, 304.601, 304.601, 4.073, 341.568, 341.568, 341.568, 51.224, 59.585, 35.6, 36.378, 7.377, 12.32, 0, 0, 72.71, 73.923, 72.71, 73.923, 1, 81.161, 81.161, 0.024, 0.083, 91.861, 93.39, 91.861, 93.39, 5.748, 7.377, 12.32, , , 1, 3.565, 0, 0, 10.8, 4.073, 194, 0, 0, 0, 90, 19.968, 20.147, 108.486, 101.81, 100, 0, 0, 31.254, 30.254, 96, 4.42, 91.264, 0, 0, 92.264, 80.804, 0, 0, 0, 0, 0, 13.8, 0, 10.8, 0, 4.073, 194, 0, 0, 0, 90, 1, 0.02, 0.02, 108.486, 101.81, 100, 0, 0, 141, 31.254, 30.254, 96, 4.42, 0, 91.264, 0, 0, 92.264, 80.804, 0, 1.8, 0, 0, 
3.55, 18.38, 100.374, 71.679, 72.48, , 14.247, 0.984, 310.439, 310.439, 4.107, 340.744, 340.744, 340.744, 51.231, 60.39, 35.6, 36.774, 7.378, 12.317, 0, 0, 73.155, 74.375, 73.155, 74.375, 1, 81.859, 81.859, 0.025, 0.083, 91.623, 93.149, 91.623, 93.149, 5.784, 7.378, 12.317, , , 1, 3.615, 0, 0, 10.8, 4.107, 194, 0, 0, 0, 90, 20.031, 20.195, 108.14, 101.81, 100, 0, 0, 31.35, 30.35, 96, 4.416, 91.554, 0, 0, 92.554, 81.521, 0, 0, 0, 0, 0, 13.8, 0, 10.8, 0, 4.107, 194, 0, 0, 0, 90, 1, 0.02, 0.02, 108.14, 101.81, 100, 0, 0, 141, 31.35, 30.35, 96, 4.416, 0, 91.554, 0, 0, 92.554, 81.521, 0, 1.8, 0, 0, 
3.6, 18.38, 100.374, 71.675, 72.48, , 14.202, 0.984, 316.276, 316.276, 4.141, 339.706, 339.706, 339.706, 51.252, 61.195, 35.6, 37.17, 7.378, 12.313, 0, 0, 73.547, 74.774, 73.547, 74.774, 1, 82.551, 82.551, 0.025, 0.084, 91.309, 92.83, 91.309, 92.83, 5.82, 7.378, 12.313, , , 1, 3.665, 0, 0, 10.8, 4.141, 194, 0, 0, 0, 90, 20.094, 20.243, 107.794, 101.81, 100, 0, 0, 31.446, 30.446, 96, 4.412, 91.844, 0, 0, 92.844, 82.238, 0, 0, 0, 0, 0, 13.8, 0, 10.8, 0, 4.141, 194, 0, 0, 0, 90, 1, 0.02, 0.02, 107.794, 101.81, 100, 0, 0, 141, 31.446, 30.446, 96, 4.412, 0, 91.844, 0, 0, 92.844, 82.238, 0, 1.8, 0, 0, 
3.65, 18.38, 100.373, 71.67, 72.479, , 14.171, 0.984, 322.23, 322.23, 4.178, 338.981, 338.981, 338.981, 51.285, 62.001, 35.6, 37.566, 7.379, 12.305, 0, 0, 74.006, 75.239, 74.006, 75.239, 1, 83.25, 83.25, 0.025, 0.084, 91.06, 92.577, 91.06, 92.577, 5.856, 7.379, 12.305, , , 1, 3.715, 0, 0, 10.8, 4.178, 194, 0, 0, 0, 90, 20.135, 20.288, 107.448, 101.745, 100, 0, 0, 31.5, 30.5, 96, 4.41, 92.177, 0, 0, 93.177, 82.956, 0, 0, 0, 0, 0, 13.8, 0, 10.8, 0, 4.178, 194, 0, 0, 0, 90, 1, 0.02, 0.02, 107.447, 101.745, 100, 0, 0, 141, 31.5, 30.5, 96, 4.41, 0, 92.177, 0, 0, 93.177, 82.956, 0, 1.8, 0, 0, 
3.7, 18.38, 100.372, 71.666, 72.478, , 14.106, 0.984, 328.252, 328.252, 4.218, 337.449, 337.449, 337.449, 51.325, 62.806, 35.6, 37.962, 7.379, 12.296, 0, 0, 74.289, 75.526, 74.289, 75.526, 1, 83.94, 83.94, 0.025, 0.085, 90.577, 92.088, 90.577, 92.088, 5.904, 7.379, 12.296, , , 1, 3.765, 0, 0, 10.8, 4.218, 194, 0, 0, 0, 90, 20.147, 20.328, 107.102, 101.602, 100, 0, 0, 31.5, 30.5, 96, 4.41, 92.562, 0, 0, 93.562, 83.673, 0, 0, 0, 0, 0, 13.8, 0, 10.8, 0, 4.218, 194, 0, 0, 0, 90, 1, 0.02, 0.02, 107.1, 101.602, 100, 0, 0, 141, 31.5, 30.5, 96, 4.41, 0, 92.562, 0, 0, 93.562, 83.673, 0, 1.8, 0, 0, 
3.75, 18.38, 100.371, 71.662, 72.477, , 14.055, 0.984, 334.324, 334.324, 4.257, 336.262, 336.262, 336.262, 51.365, 63.611, 35.557, 37.774, 7.38, 12.29, 0, 0, 74.635, 75.879, 74.635, 75.879, 1, 84.623, 84.623, 0.025, 0.086, 90.186, 91.691, 90.186, 91.691, 5.954, 7.38, 12.29, , , 1, 3.815, 0, 0, 10.8, 4.257, 194, 0, 0, 0, 90, 20.158, 20.369, 106.755, 101.46, 100, 0, 0, 31.5, 30.5, 96, 4.41, 92.946, 0, 0, 93.946, 84.39, 0, 0, 0, 0, 0, 13.8, 0, 10.8, 0, 4.257, 194, 0, 0, 0, 90, 1, 0.02, 0.02, 106.752, 101.46, 100, 0, 0, 141, 31.5, 30.5, 96, 4.41, 0, 92.946, 0, 0, 93.946, 84.39, 0, 1.8, 0, 0, 
3.8, 18.38, 100.371, 71.658, 72.475, , 14.01, 0.984, 340.418, 340.418, 4.296, 335.22, 335.22, 335.22, 51.409, 64.416, 35.485, 37.198, 7.38, 12.284, 0, 0, 75.006, 76.256, 75.006, 76.256, 1, 85.315, 85.315, 0.025, 0.087, 89.831, 91.33, 89.831, 91.33, 6.003, 7.38, 12.284, , , 1, 3.865, 0, 0, 10.8, 4.296, 194, 0, 0, 0, 90, 20.17, 20.409, 106.409, 101.318, 100, 0, 0, 31.5, 30.5, 96, 4.41, 93.331, 0, 0, 94.331, 85.108, 0, 0, 0, 0, 0, 13.8, 0, 10.8, 0, 4.296, 194, 0, 0, 0, 90, 1, 0.02, 0.02, 106.405, 101.318, 100, 0, 0, 141, 31.5, 30.5, 96, 4.41, 0, 93.331, 0, 0, 94.331, 85.108, 0, 1.8, 0, 0, 
3.85, 18.38, 100.37, 71.654, 72.474, , 13.925, 0.984, 346.563, 346.563, 4.336, 333.233, 333.233, 333.233, 51.454, 65.222, 35.413, 36.622, 7.38, 12.261, 0, 0, 75.16, 76.412, 75.16, 76.412, 1, 85.999, 85.999, 0.025, 0.088, 89.218, 90.707, 89.218, 90.707, 6.052, 7.38, 12.261, , , 1, 3.915, 0, 0, 10.8, 4.336, 194, 0, 0, 0, 90, 20.181, 20.449, 106.063, 101.175, 100, 0, 0, 31.5, 30.5, 96, 4.41, 93.715, 0, 0, 94.715, 85.825, 0, 0, 0, 0, 0, 13.8, 0, 10.8, 0, 4.336, 194, 0, 0, 0, 90, 1, 0.02, 0.02, 106.057, 101.175, 100, 0, 0, 141, 31.5, 30.5, 96, 4.41, 0, 93.715, 0, 0, 94.715, 85.825, 0, 1.8, 0, 0, 
3.9, 18.38, 100.369, 71.649, 72.473, , 13.879, 0.984, 352.775, 352.775, 4.38, 332.154, 332.154, 332.154, 51.503, 66.027, 35.341, 36.046, 7.38, 12.238, 0, 0, 75.516, 76.774, 75.516, 76.774, 1, 86.688, 86.688, 0.025, 0.088, 88.843, 90.327, 88.843, 90.327, 6.097, 7.38, 12.238, , , 1, 3.965, 0, 0, 10.8, 4.38, 194, 0, 0, 0, 90, 20.253, 20.541, 105.757, 101.042, 100, 0, 0, 31.536, 30.56, 96, 4.41, 94.285, 0, 0, 95.285, 86.624, 0, 0, 0, 0, 0, 13.805, 0, 10.8, 0, 4.38, 194, 0, 0, 0, 90, 1, 0.02, 0.02, 105.753, 101.042, 100, 0, 0, 141, 31.536, 30.56, 96, 4.41, 0, 94.285, 0, 0, 95.285, 86.624, 0, 1.8, 0, 0, 
3.95, 18.38, 100.368, 71.645, 72.472, , 13.795, 0.984, 359.086, 359.086, 4.438, 330.178, 330.178, 330.178, 51.55, 66.832, 35.269, 35.47, 7.38, 12.198, 0, 0, 75.656, 76.916, 75.656, 76.916, 1, 87.36, 87.36, 0.025, 0.089, 88.233, 89.705, 88.233, 89.705, 6.141, 7.38, 12.198, , , 1, 4.016, 0, 0, 10.8, 4.438, 194, 0, 0, 0, 90, 20.514, 20.794, 105.577, 100.933, 100, 0, 0, 31.686, 30.81, 96, 4.41, 95.38, 0, 0, 96.38, 87.681, 0, 0, 0, 0, 0, 13.825, 0, 10.8, 0, 4.438, 194, 0, 0, 0, 90, 1, 0.02, 0.02, 105.574, 100.933, 100, 0, 0, 141, 31.686, 30.81, 96, 4.41, 0, 95.38, 0, 0, 96.38, 87.681, 0, 1.8, 0, 0, 
4, 18.38, 100.367, 71.641, 72.471, , 13.744, 0.984, 365.397, 365.397, 4.496, 328.996, 328.996, 328.996, 51.591, 67.637, 35.37, 35.24, 7.38, 12.158, 0, 0, 75.973, 77.237, 75.973, 77.237, 1, 88.037, 88.037, 0.025, 0.089, 87.847, 89.313, 87.847, 89.313, 6.184, 7.38, 12.158, , , 1, 4.065, 0, 0, 10.8, 4.496, 194, 0, 0, 0, 90, 20.775, 21.047, 105.397, 100.824, 100, 0, 0, 31.836, 31.06, 96, 4.41, 96.476, 0, 0, 97.476, 88.738, 0, 0, 0, 0, 0, 13.845, 0, 10.8, 0, 4.496, 194, 0, 0, 0, 90, 1, 0.021, 0.021, 105.395, 100.824, 100, 0, 0, 141, 31.836, 31.06, 96, 4.41, 0, 96.476, 0, 0, 97.476, 88.738, 0, 1.8, 0, 0, 
4.05, 18.38, 100.367, 71.637, 72.47, , 13.696, 0.984, 371.784, 371.784, 4.554, 327.881, 327.881, 327.881, 51.627, 68.443, 35.586, 35.24, 7.381, 12.087, 0, 0, 76.297, 77.566, 76.297, 77.566, 1, 88.719, 88.719, 0.025, 0.089, 87.49, 88.95, 87.49, 88.95, 6.228, 7.381, 12.087, , , 1, 4.115, 0, 0, 10.8, 4.554, 194, 0, 0, 0, 90, 21.036, 21.3, 105.217, 100.715, 100, 0, 0, 31.986, 31.31, 96, 4.41, 97.572, 0, 0, 98.572, 89.795, 0, 0, 0, 0, 0, 13.865, 0, 10.8, 0, 4.554, 194, 0, 0, 0, 90, 1, 0.021, 0.021, 105.216, 100.715, 100, 0, 0, 141, 31.986, 31.31, 96, 4.41, 0, 97.572, 0, 0, 98.572, 89.795, 0, 1.8, 0, 0, 
4.1, 18.38, 100.366, 71.633, 72.469, , 13.639, 0.984, 378.144, 378.144, 4.612, 326.547, 326.547, 326.547, 51.656, 69.248, 35.802, 35.24, 7.382, 12.017, 0, 0, 76.556, 77.829, 76.556, 77.829, 1, 89.385, 89.385, 0.025, 0.09, 87.086, 88.538, 87.086, 88.538, 6.266, 7.382, 12.017, , , 1, 4.165, 0, 0, 10.8, 4.612, 194, 0, 0, 0, 90, 21.297, 21.553, 105.037, 100.606, 100, 0, 0, 32.136, 31.56, 96, 4.41, 98.667, 0, 0, 99.667, 90.852, 0, 0, 0, 0, 0, 13.885, 0, 10.8, 0, 4.612, 194, 0, 0, 0, 90, 1, 0.021, 0.021, 105.036, 100.606, 100, 0, 0, 141, 32.136, 31.56, 96, 4.41, 0, 98.667, 0, 0, 99.667, 90.852, 0, 1.8, 0, 0, 
4.15, 18.38, 100.365, 71.628, 72.467, , 13.575, 0.984, 384.627, 384.627, 4.659, 325.049, 325.049, 325.049, 51.678, 70.053, 36.018, 35.24, 7.383, 11.944, 0, 0, 76.779, 78.056, 76.779, 78.056, 1, 90.057, 90.057, 0.025, 0.09, 86.652, 88.095, 86.652, 88.095, 6.3, 7.383, 11.944, , , 1, 4.216, 0, 0, 10.8, 4.659, 194, 0, 0, 0, 90, 21.519, 21.767, 104.855, 100.515, 100, 0, 0, 32.263, 31.762, 96, 4.41, 99.626, 0, 0, 100.626, 91.733, 0, 0, 0, 0, 0, 13.9, 0, 10.8, 0, 4.659, 194, 0, 0, 0, 90, 1, 0.022, 0.022, 104.855, 100.515, 100, 0, 0, 141, 32.263, 31.762, 96, 4.41, 0, 99.626, 0, 0, 100.626, 91.733, 0, 1.8, 0, 0, 
4.2, 18.38, 100.364, 71.624, 72.466, , 13.482, 0.984, 391.113, 391.113, 4.678, 322.868, 322.868, 322.868, 51.67, 70.858, 36.234, 35.24, 7.384, 11.871, 0, 0, 76.819, 78.098, 76.819, 78.098, 1, 90.723, 90.723, 0.025, 0.09, 86.079, 87.512, 86.079, 87.512, 6.335, 7.384, 11.871, , , 1, 4.265, 0, 0, 10.8, 4.678, 194, 0, 0, 0, 90, 21.62, 21.86, 104.668, 100.476, 100, 0, 0, 32.315, 31.815, 96, 4.41, 100.149, 0, 0, 101.149, 92.057, 0, 0, 0, 0, 0, 13.9, 0, 10.8, 0, 4.678, 194, 0, 0, 0, 90, 1, 0.022, 0.022, 104.668, 100.476, 100, 0, 0, 141, 32.315, 31.815, 96, 4.41, 0, 100.149, 0, 0, 101.149, 92.057, 0, 1.8, 0, 0, 
4.25, 18.38, 100.364, 71.62, 72.465, , 13.406, 0.984, 397.751, 397.751, 4.696, 321.084, 321.084, 321.084, 51.618, 71.664, 36.104, 35.262, 7.386, 11.795, 0, 0, 76.96, 78.24, 76.96, 78.24, 1, 91.387, 91.387, 0.025, 0.09, 85.689, 87.114, 85.689, 87.114, 6.369, 7.386, 11.795, , , 1, 4.315, 0, 0, 10.8, 4.696, 194, 0, 0, 0, 90, 21.721, 21.953, 104.48, 100.438, 100, 0, 0, 32.367, 31.867, 96, 4.41, 100.672, 0, 0, 101.672, 92.381, 0, 0, 0, 0, 0, 13.9, 0, 10.8, 0, 4.696, 194, 0, 0, 0, 90, 1, 0.022, 0.022, 104.48, 100.438, 100, 0, 0, 141, 32.367, 31.867, 96, 4.41, 0, 100.672, 0, 0, 101.672, 92.381, 0, 1.8, 0, 0, 
4.3, 18.38, 100.363, 71.616, 72.464, , 13.331, 0.984, 404.344, 404.344, 4.715, 319.324, 319.324, 319.324, 51.52, 72.469, 35.744, 35.298, 7.388, 11.719, 0, 0, 77.089, 78.372, 77.089, 78.372, 1, 92.047, 92.047, 0.025, 0.089, 85.383, 86.803, 85.383, 86.803, 6.392, 7.388, 11.719, , , 1, 4.365, 0, 0, 10.8, 4.715, 194, 0, 0, 0, 90, 21.822, 22.045, 104.292, 100.399, 100, 0, 0, 32.419, 31.919, 96, 4.41, 101.195, 0, 0, 102.195, 92.705, 0, 0, 0, 0, 0, 13.9, 0, 10.8, 0, 4.715, 194, 0, 0, 0, 90, 1, 0.022, 0.022, 104.292, 100.399, 100, 0, 0, 141, 32.419, 31.919, 96, 4.41, 0, 101.195, 0, 0, 102.195, 92.705, 0, 1.8, 0, 0, 
4.35, 18.38, 100.362, 71.612, 72.463, , 13.19, 0.984, 413.295, 413.295, 4.733, 316.011, 316.011, 316.011, 51.339, 73.274, 35.384, 35.334, 7.388, 11.645, 0, 0, 77.008, 78.29, 77.008, 78.29, 1, 92.815, 92.815, 0.025, 0.089, 84.839, 86.253, 84.839, 86.253, 6.409, 7.388, 11.645, , , 1, 4.415, 0, 0, 10.8, 4.733, 194, 0, 0, 0, 90, 21.923, 22.138, 104.105, 100.361, 100, 0, 0, 32.471, 31.971, 96, 4.41, 101.718, 0, 0, 102.718, 93.029, 0, 0, 0, 0, 0, 13.9, 0, 10.8, 0, 4.733, 194, 0, 0, 0, 90, 1, 0.022, 0.022, 104.105, 100.361, 100, 0, 0, 141, 32.471, 31.971, 96, 4.41, 0, 101.718, 0, 0, 102.718, 93.029, 0, 1.8, 0, 0, 
4.4, 18.38, 100.361, 71.607, 72.462, , 13.077, 0.984, 420.1, 420.1, 4.757, 313.359, 313.359, 313.359, 51.12, 74.079, 35.024, 35.37, 7.388, 11.573, 0, 0, 76.899, 78.18, 76.899, 78.18, 1, 93.565, 93.565, 0.025, 0.089, 84.446, 85.853, 84.446, 85.853, 6.426, 7.388, 11.573, , , 1, 4.465, 0, 0, 10.802, 4.757, 194.038, 0, 0, 0, 90, 21.977, 22.182, 103.934, 100.297, 100, 0, 0, 32.528, 32.009, 96, 4.41, 101.981, 0, 0, 102.971, 93.563, 0, 0, 0, 0, 0, 13.896, 0, 10.802, 0, 4.757, 194.038, 0, 0, 0, 90, 1, 0.022, 0.022, 103.934, 100.297, 100, 0, 0, 141, 32.528, 32.009, 96, 4.41, 0, 101.981, 0, 0, 102.971, 93.563, 0, 1.798, 0, 0, 
4.45, 18.38, 100.361, 71.603, 72.461, , 12.988, 0.984, 426.893, 426.893, 4.788, 311.273, 311.273, 311.273, 50.918, 74.885, 34.664, 35.406, 7.387, 11.488, 0, 0, 76.91, 78.191, 76.91, 78.191, 1, 94.208, 94.208, 0.024, 0.089, 84.218, 85.621, 84.218, 85.621, 6.443, 7.387, 11.488, , , 1, 4.516, 0, 0, 10.806, 4.788, 194.122, 0, 0, 0, 90, 21.972, 22.165, 103.784, 100.205, 100, 0, 0, 32.59, 32.03, 96, 4.41, 101.939, 0, 0, 102.909, 94.365, 0, 0, 0, 0, 0, 13.888, 0, 10.806, 0, 4.788, 194.122, 0, 0, 0, 90, 1, 0.022, 0.022, 103.784, 100.205, 100, 0, 0, 141, 32.59, 32.03, 96, 4.41, 0, 101.939, 0, 0, 102.909, 94.365, 0, 1.794, 0, 0, 
4.5, 18.38, 100.36, 71.601, 72.459, , 12.858, 0.984, 433.624, 433.624, 4.819, 308.2, 308.2, 308.2, 50.721, 75.69, 34.648, 35.89, 7.386, 11.402, 0, 0, 76.659, 77.937, 76.659, 77.937, 1, 94.841, 94.841, 0.024, 0.089, 83.706, 85.102, 83.706, 85.102, 6.47, 7.386, 11.402, , , 1, 4.566, 0, 0, 10.81, 4.819, 194.205, 0, 0, 0, 90, 21.966, 22.147, 103.633, 100.112, 100, 0, 0, 32.653, 32.051, 96, 4.41, 101.898, 0, 0, 102.846, 95.167, 0, 0, 0, 0, 0, 13.879, 0, 10.81, 0, 4.819, 194.205, 0, 0, 0, 90, 1, 0.022, 0.022, 103.633, 100.112, 100, 0, 0, 141, 32.653, 32.051, 96, 4.41, 0, 101.898, 0, 0, 102.846, 95.167, 0, 1.79, 0, 0, 
4.55, 18.38, 100.36, 71.605, 72.458, , 12.76, 0.984, 440.491, 440.491, 4.85, 305.901, 305.901, 305.901, 50.53, 76.495, 34.862, 36.672, 7.384, 11.316, 0, 0, 76.596, 77.874, 76.596, 77.874, 1, 95.473, 95.473, 0.025, 0.09, 83.399, 84.789, 83.399, 84.789, 6.515, 7.384, 11.316, , , 1, 4.616, 0, 0, 10.814, 4.85, 194.288, 0, 0, 0, 90, 21.96, 22.13, 103.483, 100.02, 100, 0, 0, 32.715, 32.072, 96, 4.41, 101.856, 0, 0, 102.784, 95.969, 0, 0, 0, 0, 0, 13.871, 0, 10.814, 0, 4.85, 194.288, 0, 0, 0, 90, 1, 0.022, 0.022, 103.483, 100.02, 100, 0, 0, 141, 32.715, 32.072, 96, 4.41, 0, 101.856, 0, 0, 102.784, 95.969, 0, 1.786, 0, 0, 
4.6, 18.38, 100.361, 71.609, 72.457, , 12.709, 0.984, 447.4, 447.4, 4.881, 304.701, 304.701, 304.701, 50.34, 77.3, 35.075, 37.455, 7.382, 11.229, 0, 0, 76.796, 78.077, 76.796, 78.077, 1, 96.106, 96.106, 0.025, 0.09, 83.381, 84.769, 83.381, 84.769, 6.561, 7.382, 11.229, , , 1, 4.665, 0, 0, 10.819, 4.881, 194.372, 0, 0, 0, 90, 21.954, 22.112, 103.333, 99.927, 100, 0, 0, 32.778, 32.093, 96, 4.41, 101.814, 0, 0, 102.721, 96.771, 0, 0, 0, 0, 0, 13.863, 0, 10.819, 0, 4.881, 194.372, 0, 0, 0, 90, 1, 0.022, 0.022, 103.333, 99.927, 100, 0, 0, 141, 32.778, 32.093, 96, 4.41, 0, 101.814, 0, 0, 102.721, 96.771, 0, 1.781, 0, 0, 
4.65, 18.38, 100.361, 71.613, 72.456, , 12.647, 0.984, 454.364, 454.364, 4.912, 303.263, 303.263, 303.263, 50.157, 78.106, 35.288, 38.237, 7.382, 11.15, 0, 0, 76.936, 78.218, 76.936, 78.218, 1, 96.729, 96.729, 0.025, 0.09, 83.294, 84.681, 83.294, 84.681, 6.607, 7.382, 11.15, , , 1, 4.715, 0, 0, 10.823, 4.912, 194.455, 0, 0, 0, 90, 21.948, 22.095, 103.183, 99.835, 100, 0, 0, 32.841, 32.114, 96, 4.41, 101.772, 0, 0, 102.659, 97.573, 0, 0, 0, 0, 0, 13.854, 0, 10.823, 0, 4.912, 194.455, 0, 0, 0, 90, 1, 0.022, 0.022, 103.183, 99.835, 100, 0, 0, 141, 32.841, 32.114, 96, 4.41, 0, 101.772, 0, 0, 102.659, 97.573, 0, 1.777, 0, 0, 
4.7, 18.38, 100.362, 71.618, 72.455, , 12.623, 0.984, 461.41, 461.41, 4.944, 302.704, 302.704, 302.704, 49.977, 78.911, 35.502, 39.02, 7.382, 11.072, 0, 0, 77.291, 78.58, 77.291, 78.58, 1, 97.347, 97.347, 0.025, 0.091, 83.441, 84.831, 83.441, 84.831, 6.654, 7.382, 11.072, , , 1, 4.765, 0, 0, 10.827, 4.944, 194.538, 0, 0, 0, 90, 21.942, 22.077, 103.032, 99.742, 100, 0, 0, 32.903, 32.134, 96, 4.41, 101.731, 0, 0, 102.596, 98.375, 0, 0, 0, 0, 0, 13.846, 0, 10.827, 0, 4.944, 194.538, 0, 0, 0, 90, 1, 0.022, 0.022, 103.032, 99.742, 100, 0, 0, 141, 32.903, 32.134, 96, 4.41, 0, 101.731, 0, 0, 102.596, 98.375, 0, 1.773, 0, 0, 
4.75, 18.38, 100.362, 71.622, 72.454, , 12.599, 0.984, 468.486, 468.486, 4.975, 302.171, 302.171, 302.171, 49.813, 79.716, 35.384, 39.026, 7.384, 11.025, 0, 0, 77.648, 78.941, 77.648, 78.941, 1, 97.968, 97.968, 0.025, 0.091, 83.571, 84.964, 83.571, 84.964, 6.706, 7.384, 11.025, , , 1, 4.815, 0, 0, 10.831, 4.975, 194.622, 0, 0, 0, 90, 21.937, 22.06, 102.882, 99.65, 100, 0, 0, 32.966, 32.155, 96, 4.41, 101.689, 0, 0, 102.534, 99.178, 0, 0, 0, 0, 0, 13.838, 0, 10.831, 0, 4.975, 194.622, 0, 0, 0, 90, 1, 0.022, 0.022, 102.882, 99.65, 100, 0, 0, 141, 32.966, 32.155, 96, 4.41, 0, 101.689, 0, 0, 102.534, 99.178, 0, 1.769, 0, 0, 
4.8, 18.38, 100.362, 71.626, 72.453, , 12.564, 0.984, 475.562, 475.562, 5.006, 301.348, 301.348, 301.348, 49.754, 80.521, 34.983, 38.37, 7.386, 10.982, 0, 0, 77.927, 79.225, 77.927, 79.225, 1, 98.586, 98.586, 0.025, 0.091, 83.434, 84.826, 83.434, 84.826, 6.757, 7.386, 10.982, , , 1, 4.866, 0, 0, 10.835, 5.006, 194.705, 0, 0, 0, 90, 21.931, 22.042, 102.732, 99.557, 100, 0, 0, 33.028, 32.176, 96, 4.41, 101.648, 0, 0, 102.471, 99.98, 0, 0, 0, 0, 0, 13.83, 0, 10.835, 0, 5.006, 194.705, 0, 0, 0, 90, 1, 0.022, 0.022, 102.732, 99.557, 100, 0, 0, 141, 33.028, 32.176, 96, 4.41, 0, 101.648, 0, 0, 102.471, 99.98, 0, 1.765, 0, 0, 
4.85, 18.38, 100.363, 71.63, 72.451, , 12.541, 0.984, 482.638, 482.638, 5.037, 300.843, 300.843, 300.843, 49.844, 81.326, 34.582, 37.714, 7.388, 10.975, 0, 0, 78.276, 79.58, 78.276, 79.58, 1, 99.21, 99.21, 0.025, 0.092, 83.161, 84.549, 83.161, 84.549, 6.809, 7.388, 10.975, , , 1, 4.915, 0, 0, 10.839, 5.037, 194.788, 0, 0, 0, 90, 21.925, 22.025, 102.582, 99.465, 100, 0, 0, 33.091, 32.197, 96, 4.41, 101.606, 0, 0, 102.409, 100.782, 0, 0, 0, 0, 0, 13.821, 0, 10.839, 0, 5.037, 194.788, 0, 0, 0, 90, 1, 0.022, 0.022, 102.582, 99.465, 100, 0, 0, 141, 33.091, 32.197, 96, 4.41, 0, 101.606, 0, 0, 102.409, 100.782, 0, 1.761, 0, 0, 
4.9, 18.38, 100.363, 71.634, 72.45, , 12.483, 0.984, 489.855, 489.855, 5.068, 299.469, 299.469, 299.469, 50.069, 82.132, 34.181, 37.058, 7.39, 10.976, 0, 0, 78.409, 79.715, 78.409, 79.715, 1, 99.829, 99.829, 0.025, 0.092, 82.404, 83.78, 82.404, 83.78, 6.857, 7.39, 10.976, , , 1, 4.965, 0, 0, 10.844, 5.068, 194.872, 0, 0, 0, 90, 21.919, 22.007, 102.431, 99.372, 100, 0, 0, 33.154, 32.218, 96, 4.41, 101.564, 0, 0, 102.346, 101.584, 0, 0, 0, 0, 0, 13.813, 0, 10.844, 0, 5.068, 194.872, 0, 0, 0, 90, 1, 0.022, 0.022, 102.431, 99.372, 100, 0, 0, 141, 33.154, 32.218, 96, 4.41, 0, 101.564, 0, 0, 102.346, 101.584, 0, 1.756, 0, 0, 
4.95, 18.381, 100.364, 71.639, 72.451, , 12.419, 0.984, 497.064, 497.064, 5.099, 297.979, 297.979, 297.979, 50.44, 82.937, 33.78, 36.402, 7.39, 11.009, 0, 0, 78.495, 79.802, 78.495, 79.802, 1, 100.436, 100.436, 0.025, 0.093, 81.418, 82.778, 81.418, 82.778, 6.864, 7.39, 11.009, , , 1, 5.016, 0, 0, 10.848, 5.099, 194.955, 0, 0, 0, 90, 21.913, 21.99, 102.281, 99.28, 100, 0, 0, 33.216, 32.239, 96, 4.41, 101.522, 0, 0, 102.284, 102.386, 0, 0, 0, 0, 0, 13.805, 0, 10.848, 0, 5.099, 194.955, 0, 0, 0, 90, 1, 0.022, 0.022, 102.281, 99.28, 100, 0, 0, 141, 33.216, 32.239, 96, 4.41, 0, 101.522, 0, 0, 102.284, 102.386, 0, 1.752, 0, 0, 
5, 18.382, 100.364, 71.643, 72.452, , 12.407, 0.984, 504.36, 504.36, 5.136, 297.72, 297.72, 297.72, 50.928, 83.742, 33.922, 36.054, 7.39, 11.051, 0, 0, 78.906, 80.221, 78.906, 80.221, 1, 101.05, 101.05, 0.025, 0.093, 80.564, 81.908, 80.564, 81.908, 6.871, 7.39, 11.051, , , 1, 5.065, 0, 0, 10.855, 5.136, 195.1, 0, 0, 0, 90, 21.815, 21.892, 102.021, 99.193, 100, 0, 0, 33.275, 32.225, 96, 4.41, 101.45, 0, 0, 102.175, 102.984, 0, 0, 0, 0, 0, 13.8, 0, 10.855, 0, 5.136, 195.1, 0, 0, 0, 90, 1, 0.022, 0.022, 102.021, 99.193, 100, 0, 0, 141, 33.275, 32.225, 96, 4.41, 0, 101.45, 0, 0, 102.175, 102.984, 0, 1.745, 0, 0, 
5.05, 18.383, 100.364, 71.647, 72.453, , 12.341, 0.984, 511.666, 511.666, 5.181, 296.173, 296.173, 296.173, 51.358, 84.547, 34.426, 35.91, 7.389, 11.106, 0, 0, 78.969, 80.285, 78.969, 80.285, 1, 101.657, 101.657, 0.025, 0.094, 79.445, 80.77, 79.445, 80.77, 6.879, 7.389, 11.106, , , 1, 5.116, 0, 0, 10.866, 5.181, 195.317, 0, 0, 0, 90, 21.61, 21.692, 101.631, 99.113, 100, 0, 0, 33.329, 32.171, 96, 4.41, 101.342, 0, 0, 102.013, 103.322, 0, 0, 0, 0, 0, 13.8, 0, 10.866, 0, 5.181, 195.317, 0, 0, 0, 90, 1, 0.022, 0.022, 101.631, 99.113, 100, 0, 0, 141, 33.329, 32.171, 96, 4.41, 0, 101.341, 0, 0, 102.013, 103.322, 0, 1.734, 0, 0, 
5.1, 18.384, 100.365, 71.651, 72.454, , 12.289, 0.984, 519.1, 519.1, 5.225, 294.953, 294.953, 294.953, 51.685, 85.353, 34.93, 35.766, 7.387, 11.165, 0, 0, 79.115, 80.433, 79.115, 80.433, 1, 102.272, 102.272, 0.025, 0.094, 78.623, 79.934, 78.623, 79.934, 6.887, 7.387, 11.165, , , 1, 5.166, 0, 0, 10.877, 5.225, 195.535, 0, 0, 0, 90, 21.404, 21.492, 101.242, 99.032, 100, 0, 0, 33.383, 32.117, 96, 4.41, 101.234, 0, 0, 101.851, 103.66, 0, 0, 0, 0, 0, 13.8, 0, 10.877, 0, 5.225, 195.535, 0, 0, 0, 90, 1, 0.021, 0.021, 101.242, 99.032, 100, 0, 0, 141, 33.383, 32.117, 96, 4.41, 0, 101.233, 0, 0, 101.851, 103.66, 0, 1.723, 0, 0, 
5.15, 18.385, 100.365, 71.655, 72.455, , 12.212, 0.984, 526.543, 526.543, 5.27, 293.164, 293.164, 293.164, 51.889, 86.158, 35.434, 35.622, 7.385, 11.226, 0, 0, 79.101, 80.42, 79.101, 80.42, 1, 102.876, 102.876, 0.025, 0.095, 77.826, 79.125, 77.826, 79.125, 6.902, 7.385, 11.226, , , 1, 5.215, 0, 0, 10.888, 5.27, 195.752, 0, 0, 0, 90, 21.199, 21.292, 100.852, 98.952, 100, 0, 0, 33.437, 32.063, 96, 4.41, 101.126, 0, 0, 101.688, 103.998, 0, 0, 0, 0, 0, 13.8, 0, 10.888, 0, 5.27, 195.752, 0, 0, 0, 90, 1, 0.021, 0.021, 100.852, 98.952, 100, 0, 0, 141, 33.437, 32.063, 96, 4.41, 0, 101.124, 0, 0, 101.688, 103.998, 0, 1.713, 0, 0, 
5.2, 18.387, 100.365, 71.66, 72.457, , 12.151, 0.984, 533.962, 533.962, 5.315, 291.728, 291.728, 291.728, 51.977, 86.963, 35.938, 35.478, 7.383, 11.288, 0, 0, 79.166, 80.488, 79.166, 80.488, 1, 103.478, 103.478, 0.025, 0.095, 77.311, 78.6, 77.311, 78.6, 6.918, 7.383, 11.288, , , 1, 5.265, 0, 0, 10.898, 5.315, 195.97, 0, 0, 0, 90, 20.993, 21.092, 100.462, 98.871, 100, 0, 0, 33.491, 32.009, 96, 4.41, 101.017, 0, 0, 101.526, 104.336, 0, 0, 0, 0, 0, 13.8, 0, 10.898, 0, 5.315, 195.97, 0, 0, 0, 90, 1, 0.021, 0.021, 100.462, 98.871, 100, 0, 0, 141, 33.491, 32.009, 96, 4.41, 0, 101.015, 0, 0, 101.526, 104.336, 0, 1.702, 0, 0, 
5.25, 18.388, 100.366, 71.664, 72.458, , 12.081, 0.984, 541.495, 541.495, 5.346, 290.086, 290.086, 290.086, 51.969, 87.768, 36.01, 35.42, 7.381, 11.341, 0, 0, 79.182, 80.503, 79.182, 80.503, 1, 104.071, 104.071, 0.025, 0.096, 76.897, 78.18, 76.897, 78.18, 6.934, 7.381, 11.341, , , 1, 5.315, 0, 0, 10.9, 5.346, 196, 0, 0, 0, 90, 20.816, 20.916, 100.096, 98.669, 100, 0, 0, 33.668, 32.084, 96, 4.41, 100.494, 0, 0, 100.994, 104.912, 0, 0, 0, 0, 0, 13.8, 0, 10.9, 0, 5.346, 196, 0, 0, 0, 90, 1, 0.021, 0.021, 100.096, 98.669, 100, 0, 0, 141, 33.668, 32.084, 96, 4.41, 0, 100.484, 0, 0, 100.994, 104.912, 0, 1.7, 0, 0, 
5.3, 18.389, 100.366, 71.668, 72.459, , 12.015, 0.984, 549.027, 549.027, 5.375, 288.545, 288.545, 288.545, 51.919, 88.574, 35.794, 35.42, 7.38, 11.392, 0, 0, 79.212, 80.534, 79.212, 80.534, 1, 104.671, 104.671, 0.025, 0.096, 76.558, 77.835, 76.558, 77.835, 6.95, 7.38, 11.392, , , 1, 5.366, 0, 0, 10.9, 5.375, 196, 0, 0, 0, 90, 20.644, 20.744, 99.735, 98.447, 100, 0, 0, 33.868, 32.184, 96, 4.41, 99.892, 0, 0, 100.392, 105.534, 0, 0, 0, 0, 0, 13.8, 0, 10.9, 0, 5.375, 196, 0, 0, 0, 90, 1, 0.021, 0.021, 99.735, 98.447, 100, 0, 0, 141, 33.868, 32.184, 96, 4.41, 0, 99.884, 0, 0, 100.392, 105.534, 0, 1.7, 0, 0, 
5.35, 18.39, 100.367, 71.672, 72.46, , 11.891, 0.984, 556.664, 556.664, 5.405, 285.628, 285.628, 285.628, 51.844, 89.379, 35.578, 35.42, 7.38, 11.438, 0, 0, 78.849, 80.166, 78.849, 80.166, 1, 105.262, 105.262, 0.025, 0.096, 75.894, 77.158, 75.894, 77.158, 6.975, 7.38, 11.438, , , 1, 5.415, 0, 0, 10.9, 5.405, 196, 0, 0, 0, 90, 20.472, 20.572, 99.373, 98.225, 100, 0, 0, 34.068, 32.284, 96, 4.41, 99.289, 0, 0, 99.789, 106.156, 0, 0, 0, 0, 0, 13.8, 0, 10.9, 0, 5.405, 196, 0, 0, 0, 90, 1, 0.02, 0.02, 99.373, 98.225, 100, 0, 0, 141, 34.068, 32.284, 96, 4.41, 0, 99.284, 0, 0, 99.789, 106.156, 0, 1.7, 0, 0, 
5.4, 18.391, 100.367, 71.676, 72.461, , 10.692, 0.984, 565.07, 565.07, 5.434, 257.202, 257.202, 257.202, 51.745, 90.184, 35.362, 35.42, 7.38, 11.482, 0, 0, 71.333, 72.522, 71.333, 72.522, 1, 105.84, 105.84, 0.024, 0.096, 68.443, 69.582, 68.443, 69.582, 7.003, 7.38, 11.482, , , 1, 5.465, 0, 0, 10.9, 5.434, 196, 0, 0, 0, 90, 20.3, 20.4, 99.012, 98.003, 100, 0, 0, 34.268, 32.384, 96, 4.41, 98.687, 0, 0, 99.187, 106.778, 0, 0, 0, 0, 0, 13.8, 0, 10.9, 0, 5.434, 196, 0, 0, 0, 90, 1, 0.02, 0.02, 99.012, 98.003, 100, 0, 0, 141, 34.268, 32.384, 96, 4.41, 0, 98.684, 0, 0, 99.187, 106.778, 0, 1.7, 0, 0, 
5.45, 18.392, 100.367, 71.681, 72.462, , 6.945, 0.984, 574.259, 574.259, 5.463, 168.339, 168.339, 168.339, 51.662, 90.989, 35.146, 35.42, 7.38, 11.504, 0, 0, 46.783, 47.563, 46.783, 47.563, 1, 106.403, 106.403, 0.024, 0.096, 44.842, 45.587, 44.842, 45.587, 7.031, 7.38, 11.504, , , 1, 5.515, 0, 0, 10.9, 5.463, 196, 0, 0, 0, 90, 20.128, 20.228, 98.651, 97.781, 100, 0, 0, 34.468, 32.484, 96, 4.41, 98.084, 0, 0, 98.584, 107.4, 0, 0, 0, 0, 0, 13.8, 0, 10.9, 0, 5.463, 196, 0, 0, 0, 90, 1, 0.02, 0.02, 98.651, 97.781, 100, 0, 0, 141, 34.468, 32.484, 96, 4.41, 0, 98.084, 0, 0, 98.584, 107.4, 0, 1.7, 0, 0, 
5.5, 18.393, 100.368, 71.685, 72.463, , 2.613, 0.984, 582.038, 582.038, 5.479, 65.56, 65.56, 65.56, 51.673, 91.795, 35.163, 35.379, 7.38, 11.516, 0, 0, 18.226, 18.531, 18.226, 18.531, 1, 106.646, 106.646, 0.024, 0.096, 17.584, 17.874, 17.584, 17.874, 7.059, 7.38, 11.516, , , 1, 5.565, 0, 0.007, 10.9, 5.479, 196, 0, 0, 0, 90, 20.217, 20.369, 98.6, 97.67, 100, 0, 0, 34.464, 32.5, 95.708, 4.41, 98.729, 0, 0, 99.265, 107.323, 0, 0, 0, 0, 0, 13.807, 0.007, 10.9, 0, 5.479, 196, 0, 0, 0, 90, 1, 0.02, 0.02, 98.6, 97.67, 100, 0, 0, 141, 34.464, 32.5, 95.708, 4.41, 0, 98.729, 0, 0, 99.265, 107.323, 0, 1.7, 0, 0, 
5.55, 18.395, 100.368, 71.689, 72.465, , -1.179, 0.984, 589.821, 589.821, 5.492, -24.396, -24.396, -24.396, 51.785, , 35.335, 35.31, 7.381, 11.536, 0, 0, -6.782, -6.894, -6.782, -6.894, 1, 106.679, 106.679, 0.024, 0.096, -6.25, -6.357, -6.25, -6.357, 7.088, 7.381, 11.536, , , 1, 5.615, 0, 0.016, 10.9, 5.492, 196, 0, 0, 0, 90, 20.356, 20.57, 98.6, 97.577, 100, 0, 0, 34.422, 32.5, 95.369, 4.41, 99.576, 0, 0, 100.155, 107.112, 0, 0, 0, 0, 0, 13.816, 0.016, 10.9, 0, 5.492, 196, 0, 0, 0, 90, 1, 0.02, 0.02, 98.6, 97.577, 100, 0, 0, 141, 34.422, 32.5, 95.369, 4.41, 0, 99.576, 0, 0, 100.155, 107.112, 0, 1.7, 0, 0, 
5.6, 18.396, 100.368, 71.693, 72.466, , -4.676, 0.984, 597.605, 597.605, 5.506, -107.353, -107.353, -107.353, 51.986, , 35.507, 35.241, 7.382, 11.56, 0, 0, -29.885, -30.383, -29.885, -30.383, 1, 106.528, 106.528, 0.024, 0.096, -28.226, -28.696, -28.226, -28.696, 7.118, 7.382, 11.56, , , 1, 5.665, 0, 0.024, 10.9, 5.506, 196, 0, 0, 0, 90, 20.495, 20.77, 98.6, 97.483, 100, 0, 0, 34.38, 32.5, 95.031, 4.41, 100.424, 0, 0, 101.045, 106.901, 0, 0, 0, 0, 0, 13.824, 0.024, 10.9, 0, 5.506, 196, 0, 0, 0, 90, 1, 0.02, 0.021, 98.6, 97.483, 100, 0, 0, 141, 34.379, 32.5, 95.031, 4.41, 0, 100.424, 0, 0, 101.045, 106.901, 0, 1.7, 0, 0, 
5.65, 18.397, 100.369, 71.697, 72.467, , -7.419, 0.984, 603.96, 603.96, 5.519, -172.436, -172.436, -172.436, 52.252, , 35.678, 35.173, 7.383, 11.715, 0, 0, -48.031, -48.831, -48.031, -48.831, 1, 106.237, 106.237, 0.025, 0.096, -45.435, -46.192, -45.435, -46.192, 7.148, 7.383, 11.715, , , 1, 5.716, 0, 0.033, 10.9, 5.519, 196, 0, 0, 0, 90, 20.634, 20.971, 98.6, 97.39, 100, 0, 0, 34.337, 32.5, 94.692, 4.41, 101.271, 0, 0, 101.935, 106.69, 0, 0, 0, 0, 0, 13.833, 0.033, 10.9, 0, 5.519, 196, 0, 0, 0, 90, 1, 0.021, 0.021, 98.6, 97.39, 100, 0, 0, 141, 34.337, 32.5, 94.692, 4.41, 0, 101.271, 0, 0, 101.935, 106.69, 0, 1.7, 0, 0, 
5.7, 18.398, 100.369, 71.702, 72.468, , -8.649, 0.984, 610.992, 610.992, 5.532, -201.632, -201.632, -201.632, 52.501, , 35.85, 35.104, 7.384, 11.942, 0, 0, -56.05, -56.985, -56.05, -56.985, 1, 105.926, 105.926, 0.025, 0.097, -52.957, -53.839, -52.957, -53.839, 7.178, 7.384, 11.942, , , 1, 5.765, 0, 0.041, 10.9, 5.532, 196, 0, 0, 0, 90, 20.773, 21.172, 98.6, 97.297, 100, 0, 0, 34.295, 32.5, 94.353, 4.41, 102.119, 0, 0, 102.825, 106.479, 0, 0, 0, 0, 0, 13.841, 0.041, 10.9, 0, 5.532, 196, 0, 0, 0, 90, 1, 0.021, 0.021, 98.6, 97.297, 100, 0, 0, 141, 34.295, 32.5, 94.353, 4.41, 0, 102.119, 0, 0, 102.825, 106.479, 0, 1.7, 0, 0, 
5.75, 18.399, 100.37, 71.706, 72.469, , -8.163, 0.984, 618.775, 618.775, 5.546, -190.131, -190.131, -190.131, 52.843, , 35.919, 35.019, 7.385, 12.408, 0, 0, -52.625, -53.501, -52.625, -53.501, 1, 105.496, 105.496, 0.025, 0.097, -49.592, -50.418, -49.592, -50.418, 7.201, 7.385, 12.408, , , 1, 5.815, 0, 0.05, 10.9, 5.546, 196, 0, 0, 0, 90, 20.912, 21.373, 98.6, 97.204, 100, 0, 0, 34.253, 32.5, 94.014, 4.41, 102.966, 0, 0, 103.714, 106.268, 0, 0, 0, 0, 0, 13.85, 0.05, 10.9, 0, 5.546, 196, 0, 0, 0, 90, 1, 0.021, 0.021, 98.6, 97.204, 100, 0, 0, 141, 34.252, 32.5, 94.014, 4.41, 0, 102.966, 0, 0, 103.714, 106.268, 0, 1.7, 0, 0, 
5.8, 18.4, 100.37, 71.71, 72.47, , -7.794, 0.984, 626.558, 626.558, 5.559, -181.393, -181.393, -181.393, 53.174, , 35.806, 34.906, 7.386, 13.008, 0, 0, -50.005, -50.837, -50.005, -50.837, 1, 105.094, 105.094, 0.025, 0.097, -47, -47.784, -47, -47.784, 7.217, 7.386, 13.008, , , 1, 5.866, 0, 0.058, 10.9, 5.559, 196, 0, 0, 0, 90, 21.051, 21.574, 98.6, 97.111, 100, 0, 0, 34.21, 32.5, 93.675, 4.41, 103.814, 0, 0, 104.604, 106.057, 0, 0, 0, 0, 0, 13.858, 0.058, 10.9, 0, 5.559, 196, 0, 0, 0, 90, 1, 0.021, 0.022, 98.6, 97.111, 100, 0, 0, 141, 34.21, 32.5, 93.675, 4.41, 0, 103.814, 0, 0, 104.604, 106.057, 0, 1.7, 0, 0, 
5.85, 18.401, , , 72.471, , -7.752, , 634.342, 634.342, 5.573, -180.403, -180.403, -180.403, 53.421, , 35.692, 34.792, 7.386, 13.827, 0, 0, -49.548, -50.372, -49.548, -50.372, 1, 104.702, 104.702, 0.025, 0.098, -46.772, -47.554, -46.772, -47.554, 7.233, 7.386, 13.827, , , 1, 5.915, 0, 0.067, 10.9, 5.573, 196, 0, 0, 0, 90, 21.19, 21.775, 98.6, 97.017, 100, 0, 0, 34.168, 32.5, 93.336, 4.41, 104.661, 0, 0, 105.494, 105.846, 0, 0, 0, 0, 0, 13.867, 0.067, 10.9, 0, 5.573, 196, 0, 0, 0, 90, 1, 0.021, 0.022, 98.6, 97.017, 100, 0, 0, 141, 34.167, 32.5, 93.336, 4.41, 0, 104.661, 0, 0, 105.494, 105.846, 0, 1.7, 0, 0, 
5.9, 18.403, , , 72.473, , -7.796, , 641.975, 641.975, 5.586, -181.455, -181.455, -181.455, 53.586, , 35.579, 34.679, 7.385, 14.792, 0, 0, -49.654, -50.481, -49.654, -50.481, 1, 104.311, 104.311, 0.025, 0.098, -47.017, -47.803, -47.017, -47.803, 7.249, 7.385, 14.792, , , 1, 5.965, 0, 0.075, 10.9, 5.586, 196, 0, 0, 0, 90, 21.329, 21.975, 98.6, 96.924, 100, 0, 0, 34.125, 32.5, 92.997, 4.41, 105.508, 0, 0, 106.384, 105.635, 0, 0, 0, 0, 0, 13.875, 0.075, 10.9, 0, 5.586, 196, 0, 0, 0, 90, 1, 0.021, 0.022, 98.6, 96.924, 100, 0, 0, 141, 34.125, 32.5, 92.997, 4.41, 0, 105.508, 0, 0, 106.384, 105.635, 0, 1.7, 0, 0, 
5.95, 18.404, , , 72.474, , -7.795, , 649.753, 649.753, 5.6, -181.462, -181.462, -181.462, 53.753, , 35.465, 34.565, 7.384, 15.523, 0, 0, -49.459, -50.283, -49.459, -50.283, 1, 103.918, 103.918, 0.025, 0.099, -45.863, -46.629, -45.863, -46.629, 7.261, 7.384, 15.523, , , 1, 6.015, 0, 0.084, 10.9, 5.6, 196, 0, 0, 0, 90, 21.468, 22.176, 98.6, 96.831, 100, 0, 0, 34.083, 32.5, 92.658, 4.41, 106.356, 0, 0, 107.274, 105.424, 0, 0, 0, 0, 0, 13.884, 0.084, 10.9, 0, 5.6, 196, 0, 0, 0, 90, 1, 0.022, 0.023, 98.6, 96.831, 100, 0, 0, 141, 34.082, 32.5, 92.658, 4.41, 0, 106.356, 0, 0, 107.274, 105.424, 0, 1.7, 0, 0, 
6, 18.405, , , 72.475, , -7.803, , 656.758, 656.758, 5.613, -181.638, -181.638, -181.638, 53.917, , 35.398, 34.585, 7.383, 16.084, 0, 0, -49.391, -50.214, -49.391, -50.214, 1, 103.62, 103.62, 0.025, 0.099, -44.614, -45.359, -44.614, -45.359, 7.258, 7.383, 16.084, , , 1, 6.052, 0, 0.092, 10.9, 5.613, 196, 0, 0, 0, 90, 21.607, 22.377, 98.6, 96.738, 100, 0, 0, 34.041, 32.5, 92.319, 4.41, 107.203, 0, 0, 108.164, 105.213, 0, 0, 0, 0, 0, 13.892, 0.092, 10.9, 0, 5.613, 196, 0, 0, 0, 90, 1, 0.022, 0.023, 98.6, 96.738, 100, 0, 0, 141, 34.04, 32.5, 92.319, 4.41, 0, 107.203, 0, 0, 108.164, 105.213, 0, 1.7, 0, 0, 
6.05, 18.406, , , 72.476, , -7.894, , 660.58, 660.58, , -183.805, -183.805, -183.805, , , 35.362, 34.693, 7.382, 16.654, 0, 0, -49.888, -50.721, -49.888, -50.721, 1, 103.427, 103.427, 0.025, 0.099, , , , , 7.256, 7.382, 16.654, , , 1, 6.077, , , , , , , , , , , , , , , , , , , , , , , , , , , , , , , , , , , , , , , , , , , , , , , , , , , , , , , , , , , , , , , , 
6.1, 18.407, , , 72.477, , -8.05, , 664.386, 664.386, , -187.535, -187.535, -187.535, , , 35.326, 34.801, 7.381, 17.231, 0, 0, -50.807, -51.656, -50.807, -51.656, 1, 103.231, 103.231, 0.025, 0.099, , , , , 7.253, 7.381, 17.231, , , 1, 6.102, , , , , , , , , , , , , , , , , , , , , , , , , , , , , , , , , , , , , , , , , , , , , , , , , , , , , , , , , , , , , , , , 
6.15, 18.408, , , 72.478, , -8.204, , 668.187, 668.187, , -191.182, -191.182, -191.182, , , 35.29, 34.909, , , 0, 0, -51.698, -52.56, -51.698, -52.56, 1, 103.029, 103.029, 0.025, 0.099, , , , , 7.251, , , , , , 6.127, , , , , , , , , , , , , , , , , , , , , , , , , , , , , , , , , , , , , , , , , , , , , , , , , , , , , , , , , , , , , , , , 
6.2, 18.409, , , 72.479, , , , 671.953, 671.953, , , , , , , 35.254, 35.017, , , , , , , , , , , , , , , , , , , , , , , , , , , , , , , , , , , , , , , , , , , , , , , , , , , , , , , , , , , , , , , , , , , , , , , , , , , , , , , , , , , , , , , , 
