Time, (DWRT ATMO) Humidity, (DWRT ATMO) Pressure, (DWRT ATMO) Temperature 1, (DWRT ATMO) Temperature 2, (DWRT CPU) ????????????????????????????????????????????????????????????????, (DWRT CPU) Acceleration, (DWRT CPU) Correction Factor, (DWRT CPU) Distance, (DWRT CPU) Distance 1, (DWRT CPU) Engine RPM, (DWRT CPU) Force, (DWRT CPU) Force 1, (DWRT CPU) Force Drum 1, (DWRT CPU) Gear Ratio, (DWRT CPU) Inductive 1 Signal Strength, (DWRT CPU) Internal Temp 1, (DWRT CPU) Internal Temp 2, (DWRT CPU) LC1 Volts Petrol AFR, (DWRT CPU) LC2 Volts Petrol AFR2, (DWRT CPU) Link 0 Status, (DWRT CPU) Link 1 Status, (DWRT CPU) Power, (DWRT CPU) Power (uncorrected), (DWRT CPU) Power Drum 1, (DWRT CPU) Power Drum 1 (uncorrected), (DWRT CPU) Sampling, (DWRT CPU) Speed, (DWRT CPU) Speed 1, (DWRT CPU) TCP RX kB/s, (DWRT CPU) TCP TX kB/s, (DWRT CPU) Torque, (DWRT CPU) Torque (uncorrected), (DWRT CPU) Torque Drum 1, (DWRT CPU) Torque Drum 1 (uncorrected), (DWRT CPU) UDP RX kB/s, (DWRT CPU) User Analog 1, (DWRT CPU) User Analog 2, (DWRT CPU) User Analog 3, (DWRT CPU) User Analog 4, (Gen) Sampling, (Gen) Sampling Duration, (Harley - ECU Type 14 SW Level 141) Accel Enrichment, (Harley - ECU Type 14 SW Level 141) Decel Enleanment, (Harley - ECU Type 14 SW Level 141) Desired Air/Fuel, (Harley - ECU Type 14 SW Level 141) Engine Speed, (Harley - ECU Type 14 SW Level 141) Engine Temperature, (Harley - ECU Type 14 SW Level 141) Front Adaptive Fuel Factor, (Harley - ECU Type 14 SW Level 141) Front Closed Loop Integrator, (Harley - ECU Type 14 SW Level 141) Front Spark Knock Retard, (Harley - ECU Type 14 SW Level 141) Idle Air Control Motor Position, (Harley - ECU Type 14 SW Level 141) Injector Time Front, (Harley - ECU Type 14 SW Level 141) Injector Time Rear, (Harley - ECU Type 14 SW Level 141) Intake Air Temperature, (Harley - ECU Type 14 SW Level 141) Manifold Absolute Pressure, (Harley - ECU Type 14 SW Level 141) Rear Adaptive Fuel Factor, (Harley - ECU Type 14 SW Level 141) Rear Closed Loop Integrator, (Harley - ECU Type 14 SW Level 141) Rear Spark Knock Retard, (Harley - ECU Type 14 SW Level 141) Spark Advance Front, (Harley - ECU Type 14 SW Level 141) Spark Advance Rear, (Harley - ECU Type 14 SW Level 141) Throttle Position, (Harley - ECU Type 14 SW Level 141) Throttle Position Sensor Voltage, (Harley - ECU Type 14 SW Level 141) VE Front, (Harley - ECU Type 14 SW Level 141) VE New Front, (Harley - ECU Type 14 SW Level 141) VE New Rear, (Harley - ECU Type 14 SW Level 141) VE Rear, (Harley - ECU Type 14 SW Level 141) Vehicle Speed, (Harley - ECU Type 14 SW Level 141) WBO2 AFR Front, (Harley - ECU Type 14 SW Level 141) WBO2 AFR Rear, (PV) Accel Enrichment, (PV) AT Lambda 1, (PV) AT Lambda 2, (PV) Battery Voltage, (PV) Decel Enleanment, (PV) Desired Air/Fuel, (PV) Desired Lambda, (PV) Engine Speed, (PV) Engine Temperature, (PV) Front Adaptive Fuel Factor, (PV) Front Closed Loop Integrator, (PV) Front Spark Knock Retard, (PV) Idle Air Control Motor Position, (PV) Idle Set Speed, (PV) Injector Time Front, (PV) Injector Time Rear, (PV) Intake Air Temperature, (PV) Manifold Absolute Pressure, (PV) Rear Adaptive Fuel Factor, (PV) Rear Closed Loop Integrator, (PV) Rear Spark Knock Retard, (PV) Software Level, (PV) Spark Advance Front, (PV) Spark Advance Rear, (PV) Throttle Position, (PV) Throttle Position Sensor, (PV) Twistgrip Position, (PV) VE Front, (PV) VE New Front, (PV) VE New Rear, (PV) VE Rear, (PV) Vehicle Speed, (PV) Warm-up Fuel AFR (Lambda), (PV) Warm-up Fuel AFR (Ratio), (PV) WBO2 AFR Front, (PV) WBO2 AFR Rear, 
0, , , , , , 2.55, , , , , 62.74, 62.74, 62.74, , , , , , , , , , , , , , , , , , , , , , , , , , , , , , , , , , , , , , , , , , , , , , , , , , , , , , , , , , , , , , , , , , , , , , , , , , , , , , , , , , , , , , , , , , , , 
0.05, , , , , , 2.571, , 0, 0, , 63.243, 63.243, 63.243, , , , , , , , , 10.65, 10.8, 10.65, 10.8, , 63.758, 63.758, , , , , , , , , , , , 1, 0.071, , , , , , , , , , , , , , , , , , , , , , , , , , , , , , , , , , , , , , , , , , , , , , , , , , , , , , , , , , , , , , , , 
0.1, , , , , , 2.636, , 11.672, 11.672, , 64.792, 64.792, 64.792, , , , , 7.38, 12.142, 0, 0, 10.975, 11.13, 10.975, 11.13, 1, 63.954, 63.954, 0.025, 0.125, 18.91, 19.18, 18.91, 19.18, 5.587, 7.38, 12.142, , , 1, 0.123, , , , , , , , , , , , , , , , , , , , , , , , , , , , , , , , , , , , , , , , , , , , , , , , , , , , , , , , , , , , , , , , 
0.15, , , , , , 3.444, , 18.68, 18.68, , 83.964, 83.964, 83.964, , , 35.982, 36.427, 7.382, 12.123, 0, 0, 14.767, 14.978, 14.767, 14.978, 1, 64.198, 64.198, 0.025, 0.125, 29.703, 30.13, 29.703, 30.13, 5.584, 7.382, 12.123, , , 1, 0.219, , , , , , , , , , , , , , , , , , , , , , , , , , , , , , , , , , , , , , , , , , , , , , , , , , , , , , , , , , , , , , , , 
0.2, , , , , , 4.902, , 25.684, 25.684, 3.333, 118.561, 118.561, 118.561, 51.985, , 35.802, 36.139, 7.383, 12.104, 0, 0, 21.348, 21.655, 21.348, 21.655, 1, 64.595, 64.595, 0.025, 0.125, 43.532, 44.16, 43.532, 44.16, 5.581, 7.383, 12.104, , , 1, 0.273, 0.479, 0, 14.413, 3.333, 158, 0, 0, 0, 56.297, 6.882, 6.262, 109.4, 36.279, 100, 0, 0, 42.019, 41.954, 10.268, 1.019, 109.649, 0, 0, 115.278, 64.782, 0, 0, 0.479, 0, 0, 14.087, 0, 14.413, 0, 3.333, 158, 0, 0, 0, 56.297, 1, 0.007, 0.007, 109.4, 36.279, 100, 0, 0, 141, 42.019, 41.954, 10.268, 1.019, 0, 109.649, 0, 0, 115.278, 64.782, 0, 0, 0, 0, 
0.25, , , , , , 8.922, , 32.783, 32.783, 3.34, 213.957, 213.957, 213.957, 51.852, , 35.622, 35.851, 7.384, 12.086, 0, 0, 36.722, 37.253, 36.722, 37.253, 1, 65.064, 65.064, 0.025, 0.125, 57.432, 58.262, 57.432, 58.262, 5.577, 7.384, 12.086, , , 1, 0.347, 1.252, 0, 14.434, 3.34, 158, 0, 0, 0, 58.389, 8.305, 7.25, 109.4, 36.511, 100, 0, 0, 42.856, 42.686, 10.686, 1.051, 110.695, 0, 0, 116.533, 65.044, 0, 0, 1.252, 0, 0, 14.066, 0, 14.434, 0, 3.34, 158, 0, 0, 0, 58.389, 1, 0.008, 0.007, 109.4, 36.511, 100, 0, 0, 141, 42.856, 42.686, 10.686, 1.051, 0, 110.695, 0, 0, 116.533, 65.044, 0, 0, 0, 0, 
0.3, , , , , , 11.04, , 37.501, 37.501, 3.347, 264.206, 264.206, 264.206, 51.522, , 35.442, 35.563, 7.384, 12.07, 0, 0, 45.674, 46.333, 45.674, 46.333, 1, 65.554, 65.554, 0.025, 0.125, 71.276, 72.307, 71.276, 72.307, 5.579, 7.384, 12.07, , , 1, 0.398, 2.026, 0, 14.455, 3.347, 158, 0, 0, 0, 60.481, 9.727, 8.237, 109.4, 36.743, 100, 0, 0, 43.692, 43.418, 11.105, 1.082, 111.741, 0, 0, 117.789, 65.305, 0, 0, 2.026, 0, 0, 14.045, 0, 14.455, 0, 3.347, 158, 0, 0, 0, 60.481, 1, 0.01, 0.008, 109.4, 36.743, 100, 0, 0, 141, 43.692, 43.418, 11.105, 1.082, 0, 111.741, 0, 0, 117.789, 65.305, 0, 0, 0, 0, 
0.35, , , , , , 13.316, , 44.554, 44.554, 3.354, 318.229, 318.229, 318.229, 51.05, , 35.262, 35.275, 7.382, 12.073, 0, 0, 55.782, 56.585, 55.782, 56.585, 1, 66.337, 66.337, 0.025, 0.125, 86.721, 87.974, 86.721, 87.974, 5.596, 7.382, 12.073, , , 1, 0.448, 2.799, 0, 14.476, 3.354, 158, 0, 0, 0, 62.573, 11.15, 9.225, 109.4, 36.975, 100, 0, 0, 44.529, 44.151, 11.523, 1.114, 112.787, 0, 0, 119.044, 65.567, 0, 0, 2.799, 0, 0, 14.024, 0, 14.476, 0, 3.354, 158, 0, 0, 0, 62.573, 1, 0.011, 0.009, 109.4, 36.975, 100, 0, 0, 141, 44.529, 44.151, 11.523, 1.114, 0, 112.787, 0, 0, 119.044, 65.567, 0, 0, 0, 0, 
0.4, , , , , , 14.555, , 49.326, 49.326, 3.361, 347.651, 347.651, 347.651, 50.49, , 35.272, 35.272, 7.381, 12.078, 0, 0, 61.492, 62.377, 61.492, 62.377, 1, 67.164, 67.164, 0.025, 0.125, 95.369, 96.748, 95.369, 96.748, 5.613, 7.381, 12.078, , , 1, 0.498, 3.572, 0, 14.497, 3.361, 158, 0, 0, 0, 64.665, 12.572, 10.212, 109.4, 37.207, 100, 0, 0, 45.366, 44.883, 11.941, 1.145, 113.833, 0, 0, 120.299, 65.828, 0, 0, 3.572, 0, 0, 14.003, 0, 14.497, 0, 3.361, 158, 0, 0, 0, 64.665, 1, 0.013, 0.01, 109.4, 37.207, 100, 0, 0, 141, 45.366, 44.883, 11.941, 1.145, 0, 113.833, 0, 0, 120.299, 65.828, 0, 0, 0, 0, 
0.45, , , , , , 15.258, , 54.189, 54.189, 3.389, 364.35, 364.35, 364.35, 50.008, , 35.307, 35.307, 7.38, 12.094, 0, 0, 65.082, 66.018, 65.082, 66.018, 1, 67.89, 67.89, 0.025, 0.125, 100.675, 102.13, 100.675, 102.13, 5.63, 7.38, 12.094, , , 1, 0.548, 3.525, 0, 14.376, 3.389, 158, 0, 0, 0, 65.304, 13.176, 10.872, 109.345, 40.714, 100, 0, 0, 44.588, 44.073, 15.915, 1.294, 112.952, 0, 0, 119.178, 66.474, 0, 0, 3.525, 0, 0, 14, 0, 14.376, 0, 3.389, 158, 0, 0, 0, 65.304, 1, 0.013, 0.011, 109.345, 40.714, 100, 0, 0, 141, 44.588, 44.073, 15.915, 1.294, 0, 112.952, 0, 0, 119.178, 66.474, 0, 0, 0, 0, 
0.5, , , , , , 15.625, , 59.053, 59.053, 3.42, 373.07, 373.07, 373.07, 49.601, , 35.343, 35.343, 7.378, 12.113, 0, 0, 67.34, 68.309, 67.34, 68.309, 1, 68.642, 68.642, 0.025, 0.124, 103.887, 105.387, 103.887, 105.387, 5.647, 7.378, 12.113, , , 1, 0.598, 3.345, 0, 14.231, 3.42, 158, 0, 0, 0, 65.666, 13.623, 11.47, 109.28, 44.753, 100, 0, 0, 43.503, 42.97, 20.467, 1.466, 111.703, 0, 0, 117.604, 67.193, 0, 0, 3.345, 0, 0, 14, 0, 14.231, 0, 3.42, 158, 0, 0, 0, 65.666, 1, 0.014, 0.011, 109.28, 44.753, 100, 0, 0, 141, 43.503, 42.97, 20.467, 1.466, 0, 111.703, 0, 0, 117.604, 67.193, 0, 0, 0, 0, 
0.55, , , , , , 15.794, , 63.937, 63.937, 3.452, 377.084, 377.084, 377.084, 49.193, , 35.379, 35.379, 7.378, 12.206, 0, 0, 68.799, 69.79, 68.799, 69.79, 1, 69.409, 69.409, 0.025, 0.124, 105.847, 107.374, 105.847, 107.374, 5.665, 7.378, 12.206, , , 1, 0.648, 3.165, 0, 14.087, 3.452, 158, 0, 0, 0, 66.027, 14.071, 12.067, 109.215, 48.792, 100, 0, 0, 42.418, 41.866, 25.019, 1.638, 110.455, 0, 0, 116.03, 67.912, 0, 0, 3.165, 0, 0, 14, 0, 14.087, 0, 3.452, 158, 0, 0, 0, 66.027, 1, 0.014, 0.012, 109.215, 48.792, 100, 0, 0, 141, 42.418, 41.866, 25.019, 1.638, 0, 110.455, 0, 0, 116.03, 67.912, 0, 0, 0, 0, 
0.6, , , , , , 15.832, , 68.932, 68.932, 3.483, 378.019, 378.019, 378.019, 48.792, , 35.415, 35.415, 7.377, 12.299, 0, 0, 69.733, 70.739, 69.733, 70.739, 1, 70.176, 70.176, 0.025, 0.124, 106.979, 108.524, 106.979, 108.524, 5.682, 7.377, 12.299, , , 1, 0.698, 2.986, 0, 13.942, 3.483, 158, 0, 0, 0, 66.389, 14.519, 12.665, 109.15, 52.831, 100, 0, 0, 41.332, 40.763, 29.571, 1.81, 109.207, 0, 0, 114.457, 68.631, 0, 0, 2.986, 0, 0, 14, 0, 13.942, 0, 3.483, 158, 0, 0, 0, 66.389, 1, 0.015, 0.013, 109.15, 52.831, 100, 0, 0, 141, 41.332, 40.763, 29.571, 1.81, 0, 109.207, 0, 0, 114.457, 68.631, 0, 0, 0, 0, 
0.65, , 100.34, 73.17, , , 15.881, 0.986, 74.008, 74.008, 3.514, 379.195, 379.195, 379.195, 48.396, , 35.389, 35.233, 7.378, 12.43, 0, 0, 70.731, 71.752, 70.731, 71.752, 1, 70.951, 70.951, 0.025, 0.123, 108.198, 109.76, 108.198, 109.76, 5.7, 7.378, 12.43, , , 1, 0.749, 2.806, 0, 13.798, 3.514, 158, 0, 0, 0, 66.751, 14.966, 13.263, 109.085, 56.87, 100, 0, 0, 40.247, 39.659, 34.123, 1.982, 107.959, 0, 0, 112.883, 69.349, 0, 0, 2.806, 0, 0, 14, 0, 13.798, 0, 3.514, 158, 0, 0, 0, 66.751, 1, 0.015, 0.013, 109.085, 56.87, 100, 0, 0, 141, 40.247, 39.659, 34.123, 1.982, 0, 107.959, 0, 0, 112.883, 69.349, 0, 0, 0, 0, 
0.7, , 100.34, 73.17, , , 15.908, 0.986, 79.084, 79.084, 3.546, 379.871, 379.871, 379.871, 48.011, , 35.353, 35.017, 7.378, 12.561, 0, 0, 71.635, 72.669, 71.635, 72.669, 1, 71.722, 71.722, 0.025, 0.123, 109.27, 110.846, 109.27, 110.846, 5.718, 7.378, 12.561, , , 1, 0.798, 2.626, 0, 13.653, 3.546, 158, 0, 0, 0, 67.113, 15.414, 13.86, 109.02, 60.909, 100, 0, 0, 39.161, 38.556, 38.675, 2.154, 106.711, 0, 0, 111.309, 70.068, 0, 0, 2.626, 0, 0, 14, 0, 13.653, 0, 3.546, 158, 0, 0, 0, 67.113, 1, 0.016, 0.014, 109.02, 60.909, 100, 0, 0, 141, 39.161, 38.556, 38.675, 2.154, 0, 106.711, 0, 0, 111.309, 70.068, 0, 0, 0, 0, 
0.75, , 100.34, 73.17, , , 15.998, 0.986, 84.215, 84.215, 3.577, 382.011, 382.011, 382.011, 47.628, , 35.317, 34.8, 7.38, 12.75, 0, 0, 72.814, 73.864, 72.814, 73.864, 1, 72.504, 72.504, 0.025, 0.123, 110.758, 112.354, 110.758, 112.354, 5.725, 7.38, 12.75, , , 1, 0.848, 2.446, 0, 13.509, 3.577, 158, 0, 0, 0, 67.475, 15.861, 14.458, 108.955, 64.948, 100, 0, 0, 38.076, 37.452, 43.227, 2.325, 105.462, 0, 0, 109.735, 70.787, 0, 0, 2.446, 0, 0, 14, 0, 13.509, 0, 3.577, 158, 0, 0, 0, 67.475, 1, 0.016, 0.014, 108.955, 64.948, 100, 0, 0, 141, 38.076, 37.452, 43.227, 2.325, 0, 105.462, 0, 0, 109.735, 70.787, 0, 0, 0, 0, 
0.8, , 100.34, 73.17, , , 16.027, 0.986, 89.404, 89.404, 3.608, 382.719, 382.719, 382.719, 47.256, , 35.28, 34.583, 7.381, 12.939, 0, 0, 73.735, 74.799, 73.735, 74.799, 1, 73.281, 73.281, 0.025, 0.123, 111.843, 113.456, 111.843, 113.456, 5.732, 7.381, 12.939, , , 1, 0.898, 2.266, 0, 13.364, 3.608, 158, 0, 0, 0, 67.836, 16.309, 15.056, 108.889, 68.987, 100, 0, 0, 36.991, 36.349, 47.779, 2.497, 104.214, 0, 0, 108.161, 71.506, 0, 0, 2.266, 0, 0, 14, 0, 13.364, 0, 3.608, 158, 0, 0, 0, 67.836, 1, 0.016, 0.015, 108.889, 68.987, 100, 0, 0, 141, 36.991, 36.349, 47.779, 2.497, 0, 104.214, 0, 0, 108.161, 71.506, 0, 0, 0, 0, 
0.85, , 100.34, 73.17, , , 16.097, 0.986, 94.673, 94.673, 3.64, 384.403, 384.403, 384.403, 46.891, , 35.244, 34.366, 7.384, 13.102, 0, 0, 74.842, 75.922, 74.842, 75.922, 1, 74.057, 74.057, 0.025, 0.124, 113.209, 114.84, 113.209, 114.84, 5.739, 7.384, 13.102, , , 1, 0.948, 2.086, 0, 13.22, 3.64, 158, 0, 0, 0, 68.198, 16.756, 15.654, 108.824, 73.026, 100, 0, 0, 35.905, 35.245, 52.331, 2.669, 102.966, 0, 0, 106.588, 72.225, 0, 0, 2.086, 0, 0, 14, 0, 13.22, 0, 3.64, 158, 0, 0, 0, 68.198, 1, 0.017, 0.016, 108.824, 73.026, 100, 0, 0, 141, 35.905, 35.245, 52.331, 2.669, 0, 102.966, 0, 0, 106.588, 72.225, 0, 0, 0, 0, 
0.9, , 100.34, 73.17, , , 16.079, 0.986, 100.078, 100.078, 3.671, 383.993, 383.993, 383.993, 46.605, , 35.303, 34.403, 7.386, 13.265, 0, 0, 75.564, 76.654, 75.564, 76.654, 1, 74.847, 74.847, 0.025, 0.124, 113.783, 115.423, 113.783, 115.423, 5.746, 7.386, 13.265, , , 1, 0.998, 1.906, 0, 13.075, 3.671, 158, 0, 0, 0, 68.56, 17.204, 16.251, 108.759, 77.065, 100, 0, 0, 34.82, 34.142, 56.883, 2.841, 101.718, 0, 0, 105.014, 72.944, 0, 0, 1.906, 0, 0, 14, 0, 13.075, 0, 3.671, 158, 0, 0, 0, 68.56, 1, 0.017, 0.016, 108.759, 77.065, 100, 0, 0, 141, 34.82, 34.142, 56.883, 2.841, 0, 101.718, 0, 0, 105.014, 72.944, 0, 0, 0, 0, 
0.95, , 100.34, 73.17, , , 16.129, 0.986, 105.4, 105.4, 3.703, 385.217, 385.217, 385.217, 46.582, , 35.375, 34.475, 7.388, 13.378, 0, 0, 76.593, 77.697, 76.593, 77.697, 1, 75.64, 75.64, 0.025, 0.124, 114.202, 115.848, 114.202, 115.848, 5.748, 7.388, 13.378, , , 1, 1.048, 1.726, 0, 12.931, 3.703, 158, 0, 0, 0, 68.922, 17.651, 16.849, 108.694, 81.104, 100, 0, 0, 33.734, 33.038, 61.435, 3.013, 100.47, 0, 0, 103.44, 73.663, 0, 0, 1.726, 0, 0, 14, 0, 12.931, 0, 3.703, 158, 0, 0, 0, 68.922, 1, 0.018, 0.017, 108.694, 81.104, 100, 0, 0, 141, 33.734, 33.038, 61.435, 3.013, 0, 100.47, 0, 0, 103.44, 73.663, 0, 0, 0, 0, 
1, , 100.34, 73.17, , , 16.104, 0.986, 110.856, 110.856, 3.734, 384.651, 384.651, 384.651, 46.831, , 35.447, 34.547, 7.39, 13.489, 0, 0, 77.279, 78.394, 77.279, 78.394, 1, 76.426, 76.426, 0.025, 0.124, 113.407, 115.043, 113.407, 115.043, 5.747, 7.39, 13.489, , , 1, 1.098, 1.546, 0, 12.786, 3.734, 158, 0, 0, 0, 69.284, 18.099, 17.447, 108.629, 85.143, 100, 0, 0, 32.649, 31.935, 65.987, 3.185, 99.221, 0, 0, 101.866, 74.382, 0, 0, 1.546, 0, 0, 14, 0, 12.786, 0, 3.734, 158, 0, 0, 0, 69.284, 1, 0.018, 0.018, 108.629, 85.143, 100, 0, 0, 141, 32.649, 31.935, 65.987, 3.185, 0, 99.221, 0, 0, 101.866, 74.382, 0, 0, 0, 0, 
1.05, 18.16, 100.34, 73.17, 73.96, , 16.142, 0.986, 116.415, 116.415, 3.765, 385.556, 385.556, 385.556, 47.358, , 35.518, 34.618, 7.39, 13.534, 0, 0, 78.263, 79.392, 78.263, 79.392, 1, 77.219, 77.219, 0.025, 0.125, 112.406, 114.028, 112.406, 114.028, 5.747, 7.39, 13.534, , , 1, 1.149, 1.366, 0, 12.642, 3.765, 158, 0, 0, 0, 69.645, 18.546, 18.044, 108.564, 89.182, 100, 0, 0, 31.564, 30.831, 70.539, 3.357, 97.973, 0, 0, 100.292, 75.1, 0, 0, 1.366, 0, 0, 14, 0, 12.642, 0, 3.765, 158, 0, 0, 0, 69.645, 1, 0.019, 0.018, 108.564, 89.182, 100, 0, 0, 141, 31.564, 30.831, 70.539, 3.357, 0, 97.973, 0, 0, 100.292, 75.1, 0, 0, 0, 0, 
1.1, 18.161, 100.34, 73.17, 73.958, , 16.128, 0.986, 121.975, 121.975, 3.798, 385.255, 385.255, 385.255, 48.178, , 35.59, 34.69, 7.39, 13.575, 0, 0, 78.998, 80.138, 78.998, 80.138, 1, 78.008, 78.008, 0.025, 0.125, 110.458, 112.051, 110.458, 112.051, 5.747, 7.39, 13.575, , , 1, 1.198, 1.185, 0, 12.5, 3.798, 158, 0, 0, 0, 70, 18.979, 18.626, 108.492, 93.173, 100, 0, 0, 30.507, 29.756, 75.105, 3.529, 96.744, 0, 0, 98.739, 75.836, 0, 0, 1.185, 0, 0, 14, 0, 12.5, 0, 3.798, 158, 0, 0, 0, 70, 1, 0.019, 0.019, 108.492, 93.173, 100, 0, 0, 141, 30.507, 29.756, 75.105, 3.529, 0, 96.744, 0, 0, 98.739, 75.836, 0, 0, 0, 0, 
1.15, 18.162, 100.34, 73.17, 73.957, , 16.141, 0.986, 127.535, 127.535, 3.882, 385.574, 385.574, 385.574, 49.233, , 35.6, 35.135, 7.388, 13.589, 0, 0, 79.867, 81.02, 79.867, 81.02, 1, 78.895, 78.895, 0.025, 0.125, 108.371, 109.934, 108.371, 109.934, 5.758, 7.388, 13.589, , , 1, 1.249, 0.935, 0, 12.5, 3.882, 158, 0, 0, 0, 70, 18.684, 18.444, 108.116, 94.84, 100, 0, 0, 30.873, 30.07, 80.357, 3.716, 96.429, 0, 0, 98.214, 77.397, 0, 0, 0.935, 0, 0, 14, 0, 12.5, 0, 3.882, 158, 0, 0, 0, 70, 1, 0.019, 0.019, 108.116, 94.84, 100, 0, 0, 141, 30.873, 30.07, 80.357, 3.716, 0, 96.429, 0, 0, 98.214, 77.397, 0, 0, 0, 0, 
1.2, 18.162, 100.34, 73.17, 73.955, , 16.123, 0.986, 135.546, 135.546, 3.966, 385.197, 385.197, 385.197, 50.142, , 35.6, 35.641, 7.386, 13.6, 0, 0, 80.907, 82.073, 80.907, 82.073, 1, 79.904, 79.904, 0.025, 0.125, 106.118, 107.65, 106.118, 107.65, 5.777, 7.386, 13.6, , , 1, 1.298, 0.685, 0, 12.5, 3.966, 158, 0, 0, 0, 70, 18.389, 18.262, 107.739, 96.507, 100, 0, 0, 31.24, 30.384, 85.609, 3.903, 96.113, 0, 0, 97.689, 78.958, 0, 0, 0.685, 0, 0, 14, 0, 12.5, 0, 3.966, 158, 0, 0, 0, 70, 1, 0.018, 0.019, 107.739, 96.507, 100, 0, 0, 141, 31.24, 30.384, 85.609, 3.903, 0, 96.113, 0, 0, 97.689, 78.958, 0, 0, 0, 0, 
1.25, 18.163, 100.34, 73.17, 73.954, , 16.123, 0.986, 141.352, 141.352, 4.05, 385.205, 385.205, 385.205, 50.664, , 35.6, 36.147, 7.384, 13.611, 0, 0, 81.711, 82.889, 81.711, 82.889, 1, 80.683, 80.683, 0.025, 0.125, 105.013, 106.527, 105.013, 106.527, 5.796, 7.384, 13.611, , , 1, 1.348, 0.435, 0, 12.5, 4.05, 158, 0, 0, 0, 70, 18.094, 18.08, 107.363, 98.174, 100, 0, 0, 31.606, 30.698, 90.861, 4.09, 95.798, 0, 0, 97.164, 80.518, 0, 0, 0.435, 0, 0, 14, 0, 12.5, 0, 4.05, 158, 0, 0, 0, 70, 1, 0.018, 0.018, 107.363, 98.174, 100, 0, 0, 141, 31.606, 30.698, 90.861, 4.09, 0, 95.798, 0, 0, 97.164, 80.518, 0, 0, 0, 0, 
1.3, 18.164, 100.34, 73.17, 73.952, , 16.123, 0.986, 147.104, 147.104, 4.135, 385.231, 385.231, 385.231, 51.016, , 35.6, 36.653, 7.381, 13.621, 0, 0, 82.511, 83.699, 82.511, 83.699, 1, 81.471, 81.471, 0.025, 0.124, 104.311, 105.814, 104.311, 105.814, 5.815, 7.381, 13.621, , , 1, 1.398, 0.185, 0, 12.5, 4.135, 158, 0, 0, 0, 70, 17.799, 17.898, 106.986, 99.841, 100, 0, 0, 31.972, 31.012, 96.113, 4.278, 95.483, 0, 0, 96.639, 82.079, 0, 0, 0.185, 0, 0, 14, 0, 12.5, 0, 4.135, 158, 0, 0, 0, 70, 1, 0.018, 0.018, 106.986, 99.841, 100, 0, 0, 141, 31.972, 31.012, 96.113, 4.278, 0, 95.483, 0, 0, 96.639, 82.079, 0, 0, 0, 0, 
1.35, 18.165, 100.34, 73.17, 73.951, , 16.125, 0.986, 153.031, 153.031, 4.208, 385.306, 385.306, 385.306, 51.165, , 35.6, 37.159, 7.38, 13.626, 0, 0, 83.329, 84.53, 83.329, 84.53, 1, 82.26, 82.26, 0.025, 0.124, 103.996, 105.495, 103.996, 105.495, 5.836, 7.38, 13.626, , , 1, 1.448, 0, 0, 12.5, 4.208, 158, 0, 0, 0, 70, 17.598, 17.781, 106.653, 101.044, 100, 0, 0, 32.315, 31.315, 100, 4.421, 95.389, 0, 0, 96.389, 83.458, 0, 0, 0, 0, 0, 14, 0, 12.5, 0, 4.208, 158, 0, 0, 0, 70, 1, 0.018, 0.018, 106.653, 101.044, 100, 0, 0, 141, 32.315, 31.315, 100, 4.421, 0, 95.389, 0, 0, 96.389, 83.458, 0, 0, 0, 0, 
1.4, 18.165, 100.34, 73.17, 73.949, , 16.101, 0.986, 158.898, 158.898, 4.252, 384.761, 384.761, 384.761, 51.203, , 35.505, 36.935, 7.378, 13.629, 0, 0, 84.003, 85.213, 84.003, 85.213, 1, 83.056, 83.056, 0.025, 0.124, 103.75, 105.246, 103.75, 105.246, 5.86, 7.378, 13.629, , , 1, 1.498, 0, 0, 12.5, 4.252, 158, 0, 0, 0, 70, 17.693, 17.868, 106.459, 100.926, 100, 0, 0, 32.584, 31.584, 100, 4.423, 95.926, 0, 0, 96.926, 84.262, 0, 0, 0, 0, 0, 14, 0, 12.5, 0, 4.252, 158, 0, 0, 0, 70, 1, 0.018, 0.018, 106.459, 100.926, 100, 0, 0, 141, 32.584, 31.584, 100, 4.423, 0, 95.926, 0, 0, 96.926, 84.262, 0, 0, 0, 0, 
1.45, 18.166, 100.34, 73.17, 73.948, , 16.066, 0.986, 164.885, 164.885, 4.296, 383.947, 383.947, 383.947, 51.233, , 35.397, 36.611, 7.378, 13.617, 0, 0, 84.614, 85.834, 84.614, 85.834, 1, 83.844, 83.844, 0.025, 0.124, 103.471, 104.961, 103.471, 104.961, 5.884, 7.378, 13.617, , , 1, 1.548, 0, 0, 12.5, 4.296, 158, 0, 0, 0, 70, 17.787, 17.956, 106.266, 100.807, 100, 0, 0, 32.853, 31.853, 100, 4.425, 96.462, 0, 0, 97.462, 85.066, 0, 0, 0, 0, 0, 14, 0, 12.5, 0, 4.296, 158, 0, 0, 0, 70, 1, 0.018, 0.018, 106.266, 100.807, 100, 0, 0, 141, 32.853, 31.853, 100, 4.425, 0, 96.462, 0, 0, 97.462, 85.066, 0, 0, 0, 0, 
1.5, 18.167, 100.34, 73.17, 73.946, , 16.027, 0.986, 170.945, 170.945, 4.34, 383.051, 383.051, 383.051, 51.254, , 35.289, 36.287, 7.377, 13.601, 0, 0, 85.209, 86.437, 85.209, 86.437, 1, 84.625, 84.625, 0.025, 0.124, 103.186, 104.672, 103.186, 104.672, 5.909, 7.377, 13.601, , , 1, 1.598, 0, 0, 12.5, 4.34, 158, 0, 0, 0, 70, 17.882, 18.043, 106.072, 100.689, 100, 0, 0, 33.123, 32.123, 100, 4.427, 96.999, 0, 0, 97.999, 85.87, 0, 0, 0, 0, 0, 14, 0, 12.5, 0, 4.34, 158, 0, 0, 0, 70, 1, 0.018, 0.018, 106.072, 100.689, 100, 0, 0, 141, 33.123, 32.123, 100, 4.427, 0, 96.999, 0, 0, 97.999, 85.87, 0, 0, 0, 0, 
1.55, 18.168, 100.34, 73.17, 73.945, , 15.954, 0.986, 176.979, 176.979, 4.384, 381.339, 381.339, 381.339, 51.268, , 35.181, 35.963, 7.377, 13.576, 0, 0, 85.614, 86.85, 85.614, 86.85, 1, 85.414, 85.414, 0.025, 0.124, 102.694, 104.176, 102.694, 104.176, 5.934, 7.377, 13.576, , , 1, 1.648, 0, 0, 12.5, 4.384, 158, 0, 0, 0, 70, 17.977, 18.13, 105.878, 100.57, 100, 0, 0, 33.392, 32.392, 100, 4.429, 97.535, 0, 0, 98.535, 86.673, 0, 0, 0, 0, 0, 14, 0, 12.5, 0, 4.384, 158, 0, 0, 0, 70, 1, 0.018, 0.018, 105.878, 100.57, 100, 0, 0, 141, 33.392, 32.392, 100, 4.429, 0, 97.535, 0, 0, 98.535, 86.673, 0, 0, 0, 0, 
1.6, 18.168, 100.34, 73.17, 73.943, , 15.872, 0.986, 183.235, 183.235, 4.413, 379.42, 379.42, 379.42, 51.276, 88.692, 35.073, 35.639, 7.377, 13.549, 0, 0, 85.963, 87.204, 85.963, 87.204, 1, 86.192, 86.192, 0.025, 0.124, 102.162, 103.637, 102.162, 103.637, 5.962, 7.377, 13.549, , , 1, 1.698, 0, 0, 12.5, 4.413, 158, 0, 0, 0, 70, 18.046, 18.191, 105.8, 100.501, 100, 0, 0, 33.563, 32.563, 100, 4.43, 97.908, 0, 0, 98.908, 87.229, 0, 0, 0, 0, 0, 14, 0, 12.5, 0, 4.413, 158, 0, 0, 0, 70, 1, 0.018, 0.018, 105.8, 100.501, 100, 0, 0, 141, 33.563, 32.563, 100, 4.43, 0, 97.908, 0, 0, 98.908, 87.229, 0, 0, 0, 0, 
1.65, 18.169, 100.34, 73.17, 73.942, , 15.805, 0.986, 189.38, 189.38, 4.434, 377.85, 377.85, 377.85, 51.279, 85.807, 34.807, 35.505, 7.377, 13.512, 0, 0, 86.377, 87.623, 86.377, 87.623, 1, 86.961, 86.961, 0.025, 0.124, 101.732, 103.201, 101.732, 103.201, 5.99, 7.377, 13.512, , , 1, 1.748, 0, 0, 12.5, 4.434, 158, 0, 0, 0, 70, 18.097, 18.234, 105.8, 100.462, 100, 0, 0, 33.667, 32.667, 100, 4.43, 98.17, 0, 0, 99.17, 87.619, 0, 0, 0, 0, 0, 14, 0, 12.5, 0, 4.434, 158, 0, 0, 0, 70, 1, 0.018, 0.018, 105.8, 100.462, 100, 0, 0, 141, 33.667, 32.667, 100, 4.43, 0, 98.17, 0, 0, 99.17, 87.619, 0, 0, 0, 0, 
1.7, 18.17, 100.34, 73.17, 73.94, , 15.736, 0.986, 195.634, 195.634, 4.454, 376.25, 376.25, 376.25, 51.28, 82.922, 34.519, 35.397, 7.377, 13.474, 0, 0, 86.768, 88.019, 86.768, 88.019, 1, 87.737, 87.737, 0.025, 0.124, 101.299, 102.762, 101.299, 102.762, 6.018, 7.377, 13.474, , , 1, 1.798, 0, 0, 12.5, 4.454, 158, 0, 0, 0, 70, 18.148, 18.277, 105.8, 100.424, 100, 0, 0, 33.772, 32.772, 100, 4.43, 98.433, 0, 0, 99.433, 88.009, 0, 0, 0, 0, 0, 14, 0, 12.5, 0, 4.454, 158, 0, 0, 0, 70, 1, 0.018, 0.018, 105.8, 100.424, 100, 0, 0, 141, 33.772, 32.772, 100, 4.43, 0, 98.433, 0, 0, 99.433, 88.009, 0, 0, 0, 0, 
1.75, 18.171, 100.34, 73.17, 73.939, , 15.663, 0.986, 201.977, 201.977, 4.475, 374.529, 374.529, 374.529, 51.28, 80.037, 34.231, 35.289, 7.377, 13.43, 0, 0, 87.129, 88.385, 87.129, 88.385, 1, 88.505, 88.505, 0.025, 0.124, 100.836, 102.293, 100.836, 102.293, 6.045, 7.377, 13.43, , , 1, 1.847, 0, 0, 12.5, 4.475, 158, 0, 0, 0, 70, 18.2, 18.319, 105.8, 100.385, 100, 0, 0, 33.877, 32.877, 100, 4.43, 98.695, 0, 0, 99.695, 88.4, 0, 0, 0, 0, 0, 14, 0, 12.5, 0, 4.475, 158, 0, 0, 0, 70, 1, 0.018, 0.018, 105.8, 100.385, 100, 0, 0, 141, 33.877, 32.877, 100, 4.43, 0, 98.695, 0, 0, 99.695, 88.4, 0, 0, 0, 0, 
1.8, 18.171, 100.34, 73.17, 73.937, , 15.606, 0.986, 208.383, 208.383, 4.496, 373.212, 373.212, 373.212, 51.278, 77.152, 33.943, 35.181, 7.377, 13.384, 0, 0, 87.575, 88.835, 87.575, 88.835, 1, 89.279, 89.279, 0.025, 0.124, 100.485, 101.936, 100.485, 101.936, 6.06, 7.377, 13.384, , , 1, 1.897, 0, 0, 12.5, 4.496, 158, 0, 0, 0, 70, 18.251, 18.362, 105.8, 100.346, 100, 0, 0, 33.981, 32.981, 100, 4.43, 98.958, 0, 0, 99.958, 88.79, 0, 0, 0, 0, 0, 14, 0, 12.5, 0, 4.496, 158, 0, 0, 0, 70, 1, 0.018, 0.018, 105.8, 100.346, 100, 0, 0, 141, 33.981, 32.981, 100, 4.43, 0, 98.958, 0, 0, 99.958, 88.79, 0, 0, 0, 0, 
1.85, 18.172, 100.34, 73.17, 73.935, , 15.512, 0.986, 214.819, 214.819, 4.532, 371.009, 371.009, 371.009, 51.274, 74.267, 33.655, 35.073, 7.377, 13.323, 0, 0, 87.799, 89.061, 87.799, 89.061, 1, 90.033, 90.033, 0.025, 0.124, 99.9, 101.341, 99.9, 101.341, 6.074, 7.377, 13.323, , , 1, 1.948, 0, 0, 12.5, 4.532, 158, 0, 0, 0, 70, 18.356, 18.463, 105.501, 100.217, 100, 0, 0, 34, 33.081, 100, 4.427, 99.664, 0, 0, 100.664, 89.465, 0, 0, 0, 0, 0, 13.983, 0, 12.5, 0, 4.532, 158, 0, 0, 0, 70, 1, 0.018, 0.018, 105.501, 100.217, 100, 0, 0, 141, 34, 33.081, 100, 4.427, 0, 99.667, 0, 0, 100.664, 89.465, 0, 0, 0, 0, 
1.9, 18.173, 100.34, 73.17, 73.934, , 15.443, 0.986, 221.357, 221.357, 4.572, 369.397, 369.397, 369.397, 51.274, 71.382, 34.234, 35.152, 7.377, 13.258, 0, 0, 88.158, 89.425, 88.158, 89.425, 1, 90.791, 90.791, 0.025, 0.124, 99.465, 100.9, 99.465, 100.9, 6.088, 7.377, 13.258, , , 1, 1.998, 0, 0, 12.5, 4.572, 158, 0, 0, 0, 70, 18.473, 18.576, 105.145, 100.07, 100, 0, 0, 34, 33.181, 100, 4.423, 100.455, 0, 0, 101.455, 90.203, 0, 0, 0, 0, 0, 13.963, 0, 12.5, 0, 4.572, 158, 0, 0, 0, 70, 1, 0.018, 0.018, 105.145, 100.07, 100, 0, 0, 141, 34, 33.181, 100, 4.423, 0, 100.46, 0, 0, 101.455, 90.203, 0, 0, 0, 0, 
1.95, 18.174, 100.34, 73.169, 73.932, , 15.382, 0.986, 227.921, 227.921, 4.611, 367.963, 367.963, 367.963, 51.279, 68.497, 34.932, 35.257, 7.377, 13.181, 0, 0, 88.551, 89.824, 88.551, 89.824, 1, 91.553, 91.553, 0.025, 0.124, 99.068, 100.497, 99.068, 100.497, 6.102, 7.377, 13.181, , , 1, 2.048, 0, 0, 12.5, 4.611, 158, 0, 0, 0, 70, 18.59, 18.689, 104.79, 99.923, 100, 0, 0, 34, 33.28, 100, 4.419, 101.245, 0, 0, 102.245, 90.941, 0, 0, 0, 0, 0, 13.944, 0, 12.5, 0, 4.611, 158, 0, 0, 0, 70, 1, 0.019, 0.019, 104.79, 99.923, 100, 0, 0, 141, 34, 33.28, 100, 4.419, 0, 101.254, 0, 0, 102.245, 90.941, 0, 0, 0, 0, 
2, 18.175, 100.34, 73.164, 73.931, , 15.292, 0.986, 235.1, 235.1, 4.651, 365.873, 365.873, 365.873, 51.296, 65.612, 35.629, 35.361, 7.377, 13.1, 0, 0, 88.831, 90.109, 88.831, 90.109, 1, 92.488, 92.488, 0.025, 0.124, 98.479, 99.9, 98.479, 99.9, 6.135, 7.377, 13.1, , , 1, 2.098, 0, 0, 12.5, 4.651, 158, 0, 0, 0, 70, 18.707, 18.802, 104.434, 99.776, 100, 0, 0, 34, 33.379, 100, 4.415, 102.036, 0, 0, 103.036, 91.68, 0, 0, 0, 0, 0, 13.924, 0, 12.5, 0, 4.651, 158, 0, 0, 0, 70, 1, 0.019, 0.019, 104.434, 99.776, 100, 0, 0, 141, 34, 33.379, 100, 4.415, 0, 102.048, 0, 0, 103.036, 91.68, 0, 0, 0, 0, 
2.05, 18.175, 100.34, 73.16, 73.929, , 15.184, 0.986, 243.573, 243.573, 4.69, 363.335, 363.335, 363.335, 51.316, 62.726, 36.327, 35.466, 7.377, 13.008, 0, 0, 89.121, 90.405, 89.121, 90.405, 1, 93.311, 93.311, 0.025, 0.124, 97.753, 99.163, 97.753, 99.163, 6.171, 7.377, 13.008, , , 1, 2.148, 0, 0, 12.5, 4.69, 158, 0, 0, 0, 70, 18.824, 18.915, 104.078, 99.629, 100, 0, 0, 34, 33.478, 100, 4.411, 102.826, 0, 0, 103.826, 92.418, 0, 0, 0, 0, 0, 13.904, 0, 12.5, 0, 4.69, 158, 0, 0, 0, 70, 1, 0.019, 0.019, 104.078, 99.629, 100, 0, 0, 141, 34, 33.478, 100, 4.411, 0, 102.841, 0, 0, 103.826, 92.418, 0, 0, 0, 0, 
2.1, 18.176, 100.34, 73.156, 73.928, , 15.127, 0.986, 250.256, 250.256, 4.731, 362.004, 362.004, 362.004, 51.339, 59.841, 37.025, 35.571, 7.377, 12.912, 0, 0, 89.496, 90.786, 89.496, 90.786, 1, 94.061, 94.061, 0.025, 0.124, 97.353, 98.757, 97.353, 98.757, 6.206, 7.377, 12.912, , , 1, 2.198, 0, 0, 12.5, 4.731, 158, 0, 0, 0, 70, 18.956, 19.057, 103.716, 99.54, 100, 0, 0, 33.921, 33.421, 100, 4.41, 103.711, 0, 0, 104.632, 93.267, 0, 0, 0, 0, 0, 13.9, 0, 12.5, 0, 4.731, 158, 0, 0, 0, 70, 1, 0.019, 0.019, 103.716, 99.54, 100, 0, 0, 141, 33.921, 33.421, 100, 4.41, 0, 103.726, 0, 0, 104.632, 93.267, 0, 0, 0, 0, 
2.15, 18.177, 100.34, 73.152, 73.926, , 15.078, 0.986, 257.049, 257.049, 4.772, 360.861, 360.861, 360.861, 51.363, 56.956, 36.925, 35.52, 7.377, 12.806, 0, 0, 89.923, 91.22, 89.923, 91.22, 1, 94.804, 94.804, 0.025, 0.124, 97.001, 98.4, 97.001, 98.4, 6.242, 7.377, 12.806, , , 1, 2.248, 0, 0, 12.5, 4.772, 158, 0, 0, 0, 70, 19.091, 19.207, 103.351, 99.466, 100, 0, 0, 33.82, 33.32, 100, 4.41, 104.621, 0, 0, 105.441, 94.147, 0, 0, 0, 0, 0, 13.9, 0, 12.5, 0, 4.772, 158, 0, 0, 0, 70, 1, 0.019, 0.019, 103.351, 99.466, 100, 0, 0, 141, 33.82, 33.32, 100, 4.41, 0, 104.633, 0, 0, 105.441, 94.147, 0, 0, 0, 0, 
2.2, 18.178, 100.34, 73.148, 73.925, , 14.986, 0.986, 263.854, 263.854, 4.813, 358.71, 358.71, 358.71, 51.387, 54.071, 36.516, 35.408, 7.378, 12.696, 0, 0, 90.075, 91.374, 90.075, 91.374, 1, 95.531, 95.531, 0.025, 0.124, 96.38, 97.77, 96.38, 97.77, 6.298, 7.378, 12.696, , , 1, 2.298, 0, 0, 12.5, 4.813, 158, 0, 0, 0, 70, 19.227, 19.356, 102.987, 99.391, 100, 0, 0, 33.719, 33.219, 100, 4.41, 105.532, 0, 0, 106.251, 95.028, 0, 0, 0, 0, 0, 13.9, 0, 12.5, 0, 4.813, 158, 0, 0, 0, 70, 1, 0.02, 0.02, 102.987, 99.391, 100, 0, 0, 141, 33.719, 33.219, 100, 4.41, 0, 105.54, 0, 0, 106.251, 95.028, 0, 0, 0, 0, 
2.25, 18.178, 100.34, 73.144, 73.923, , 14.928, 0.986, 270.858, 270.858, 4.854, 357.361, 357.361, 357.361, 51.41, 51.186, 36.107, 35.297, 7.379, 12.596, 0, 0, 90.438, 91.742, 90.438, 91.742, 1, 96.278, 96.278, 0.025, 0.124, 95.974, 97.358, 95.974, 97.358, 6.369, 7.379, 12.596, , , 1, 2.348, 0, 0, 12.5, 4.854, 158, 0, 0, 0, 70, 19.363, 19.506, 102.623, 99.317, 100, 0, 0, 33.617, 33.117, 100, 4.41, 106.443, 0, 0, 107.061, 95.909, 0, 0, 0, 0, 0, 13.9, 0, 12.5, 0, 4.854, 158, 0, 0, 0, 70, 1, 0.02, 0.02, 102.623, 99.317, 100, 0, 0, 141, 33.617, 33.117, 100, 4.41, 0, 106.448, 0, 0, 107.061, 95.909, 0, 0, 0, 0, 
2.3, 18.179, 100.34, 73.139, 73.922, , 14.881, 0.986, 277.726, 277.726, 4.895, 356.271, 356.271, 356.271, 51.434, , 35.698, 35.185, 7.381, 12.502, 0, 0, 90.84, 92.148, 90.84, 92.148, 1, 97.006, 97.006, 0.025, 0.124, 95.637, 97.017, 95.637, 97.017, 6.439, 7.381, 12.502, , , 1, 2.398, 0, 0, 12.5, 4.895, 158, 0, 0, 0, 70, 19.498, 19.656, 102.258, 99.242, 100, 0, 0, 33.516, 33.016, 100, 4.41, 107.354, 0, 0, 107.87, 96.789, 0, 0, 0, 0, 0, 13.9, 0, 12.5, 0, 4.895, 158, 0, 0, 0, 70, 1, 0.02, 0.02, 102.258, 99.242, 100, 0, 0, 141, 33.516, 33.016, 100, 4.41, 0, 107.355, 0, 0, 107.87, 96.789, 0, 0, 0, 0, 
2.35, 18.18, 100.34, 73.135, 73.92, , 14.844, 0.986, 284.797, 284.797, 4.952, 355.405, 355.405, 355.405, 51.459, , 35.289, 35.073, 7.382, 12.43, 0, 0, 91.307, 92.621, 91.307, 92.621, 1, 97.728, 97.728, 0.025, 0.124, 95.357, 96.732, 95.357, 96.732, 6.51, 7.382, 12.43, , , 1, 2.448, 0, 0, 12.5, 4.952, 158, 0, 0, 0, 70, 19.36, 19.5, 101.898, 99.043, 100, 0, 0, 33.668, 33.042, 100, 4.41, 106.954, 0, 0, 107.37, 97.87, 0, 0, 0, 0, 0, 13.908, 0, 12.5, 0, 4.952, 158, 0, 0, 0, 70, 1, 0.02, 0.02, 101.898, 99.043, 100, 0, 0, 141, 33.668, 33.042, 100, 4.41, 0, 106.954, 0, 0, 107.37, 97.87, 0, 0, 0, 0, 
2.4, 18.181, 100.34, 73.131, 73.92, , 14.816, 0.986, 291.873, 291.873, 5.012, 354.765, 354.765, 354.765, 51.491, , 35.113, 35.345, 7.384, 12.371, 0, 0, 91.828, 93.149, 91.828, 93.149, 1, 98.458, 98.458, 0.025, 0.124, 95.128, 96.499, 95.128, 96.499, 6.561, 7.384, 12.371, , , 1, 2.498, 0, 0, 12.5, 5.012, 158, 0, 0, 0, 70, 19.17, 19.286, 101.538, 98.82, 100, 0, 0, 33.868, 33.092, 100, 4.41, 106.304, 0, 0, 106.62, 98.989, 0, 0, 0, 0, 0, 13.918, 0, 12.5, 0, 5.012, 158, 0, 0, 0, 70, 1, 0.019, 0.019, 101.538, 98.82, 100, 0, 0, 141, 33.868, 33.092, 100, 4.41, 0, 106.304, 0, 0, 106.62, 98.989, 0, 0, 0, 0, 
2.45, 18.181, 100.34, 73.127, 73.92, , 14.745, 0.986, 298.949, 298.949, 5.072, 353.118, 353.118, 353.118, 51.528, , 34.969, 35.669, 7.384, 12.351, 0, 0, 92.068, 93.393, 92.068, 93.393, 1, 99.194, 99.194, 0.025, 0.124, 94.617, 95.98, 94.617, 95.98, 6.597, 7.384, 12.351, , , 1, 2.548, 0, 0, 12.5, 5.072, 158, 0, 0, 0, 70, 18.98, 19.072, 101.178, 98.597, 100, 0, 0, 34.068, 33.142, 100, 4.41, 105.654, 0, 0, 105.87, 100.108, 0, 0, 0, 0, 0, 13.928, 0, 12.5, 0, 5.072, 158, 0, 0, 0, 70, 1, 0.019, 0.019, 101.178, 98.597, 100, 0, 0, 141, 34.068, 33.142, 100, 4.41, 0, 105.654, 0, 0, 105.87, 100.108, 0, 0, 0, 0, 
2.5, 18.182, 100.34, 73.123, 73.92, , 14.687, 0.986, 306.167, 306.167, 5.132, 351.761, 351.761, 351.761, 51.573, , 34.825, 35.993, 7.384, 12.355, 0, 0, 92.387, 93.716, 92.387, 93.716, 1, 99.916, 99.916, 0.025, 0.124, 94.171, 95.529, 94.171, 95.529, 6.634, 7.384, 12.355, , , 1, 2.598, 0, 0, 12.5, 5.132, 158, 0, 0, 0, 70, 18.79, 18.858, 100.818, 98.374, 100, 0, 0, 34.268, 33.192, 100, 4.41, 105.004, 0, 0, 105.12, 101.227, 0, 0, 0, 0, 0, 13.938, 0, 12.5, 0, 5.132, 158, 0, 0, 0, 70, 1, 0.019, 0.019, 100.818, 98.374, 100, 0, 0, 141, 34.268, 33.192, 100, 4.41, 0, 105.004, 0, 0, 105.12, 101.227, 0, 0, 0, 0, 
2.55, 18.183, 100.34, 73.118, 73.92, , 14.644, 0.986, 313.326, 313.326, 5.192, 350.768, 350.768, 350.768, 51.623, , 34.681, 36.317, 7.383, 12.381, 0, 0, 92.784, 94.118, 92.784, 94.118, 1, 100.631, 100.631, 0.025, 0.124, 93.815, 95.167, 93.815, 95.167, 6.671, 7.383, 12.381, , , 1, 2.648, 0, 0, 12.5, 5.192, 158, 0, 0, 0, 70, 18.6, 18.644, 100.458, 98.151, 100, 0, 0, 34.468, 33.242, 100, 4.41, 104.354, 0, 0, 104.37, 102.346, 0, 0, 0, 0, 0, 13.948, 0, 12.5, 0, 5.192, 158, 0, 0, 0, 70, 1, 0.019, 0.019, 100.458, 98.151, 100, 0, 0, 141, 34.468, 33.242, 100, 4.41, 0, 104.354, 0, 0, 104.37, 102.346, 0, 0, 0, 0, 
2.6, 18.184, 100.34, 73.114, 73.92, , 14.564, 0.986, 320.624, 320.624, 5.236, 348.911, 348.911, 348.911, 51.671, , 34.537, 36.641, 7.383, 12.423, 0, 0, 92.951, 94.289, 92.951, 94.289, 1, 101.351, 101.351, 0.025, 0.124, 93.23, 94.573, 93.23, 94.573, 6.7, 7.383, 12.423, , , 1, 2.698, 0, 0, 12.5, 5.236, 158, 0, 0, 0, 70, 18.41, 18.463, 100.227, 97.975, 100, 0, 0, 34.5, 33.155, 100, 4.41, 103.435, 0, 0, 103.435, 103.178, 0, 0, 0, 0, 0, 13.94, 0, 12.5, 0, 5.236, 158, 0, 0, 0, 70, 1, 0.018, 0.018, 100.227, 97.975, 100, 0, 0, 141, 34.5, 33.155, 100, 4.41, 0, 103.435, 0, 0, 103.435, 103.178, 0, 0, 0, 0, 
2.65, 18.184, 100.34, 73.11, 73.92, , 14.505, 0.986, 327.921, 327.921, 5.278, 347.537, 347.537, 347.537, 51.708, , 34.615, 36.427, 7.382, 12.483, 0, 0, 93.251, 94.592, 93.251, 94.592, 1, 102.066, 102.066, 0.025, 0.124, 92.793, 94.13, 92.793, 94.13, 6.715, 7.382, 12.483, , , 1, 2.748, 0, 0, 12.5, 5.278, 158, 0, 0, 0, 70, 18.219, 18.288, 100.022, 97.807, 100, 0, 0, 34.5, 33.041, 100, 4.41, 102.465, 0, 0, 102.465, 103.955, 0, 0, 0, 0, 0, 13.929, 0, 12.5, 0, 5.278, 158, 0, 0, 0, 70, 1, 0.018, 0.018, 100.022, 97.807, 100, 0, 0, 141, 34.5, 33.041, 100, 4.41, 0, 102.465, 0, 0, 102.465, 103.955, 0, 0, 0, 0, 
2.7, 18.185, 100.34, 73.106, 73.92, , 14.443, 0.986, 335.364, 335.364, 5.321, 346.091, 346.091, 346.091, 51.737, , 34.723, 36.139, 7.382, 12.555, 0, 0, 93.504, 94.849, 93.504, 94.849, 1, 102.78, 102.78, 0.025, 0.124, 92.357, 93.688, 92.357, 93.688, 6.73, 7.382, 12.555, , , 1, 2.798, 0, 0, 12.5, 5.321, 158, 0, 0, 0, 70, 18.028, 18.113, 99.816, 97.639, 100, 0, 0, 34.5, 32.927, 100, 4.41, 101.494, 0, 0, 101.494, 104.732, 0, 0, 0, 0, 0, 13.918, 0, 12.5, 0, 5.321, 158, 0, 0, 0, 70, 1, 0.018, 0.018, 99.816, 97.639, 100, 0, 0, 141, 34.5, 32.927, 100, 4.41, 0, 101.494, 0, 0, 101.494, 104.732, 0, 0, 0, 0, 
2.75, 18.186, 100.34, 73.102, 73.92, , 14.4, 0.986, 342.792, 342.792, 5.363, 345.087, 345.087, 345.087, 51.754, , 34.831, 35.851, 7.383, 12.63, 0, 0, 93.875, 95.227, 93.875, 95.227, 1, 103.496, 103.496, 0.025, 0.124, 92.059, 93.386, 92.059, 93.386, 6.745, 7.383, 12.63, , , 1, 2.848, 0, 0, 12.5, 5.363, 158, 0, 0, 0, 70, 17.837, 17.938, 99.611, 97.471, 100, 0, 0, 34.5, 32.814, 100, 4.41, 100.524, 0, 0, 100.524, 105.51, 0, 0, 0, 0, 0, 13.906, 0, 12.5, 0, 5.363, 158, 0, 0, 0, 70, 1, 0.018, 0.018, 99.611, 97.471, 100, 0, 0, 141, 34.5, 32.814, 100, 4.41, 0, 100.524, 0, 0, 100.524, 105.51, 0, 0, 0, 0, 
2.8, 18.187, 100.34, 73.097, 73.92, , 14.345, 0.986, 350.324, 350.324, 5.403, 343.814, 343.814, 343.814, 51.76, , 34.939, 35.563, 7.384, 12.707, 0, 0, 94.171, 95.528, 94.171, 95.528, 1, 104.194, 104.194, 0.025, 0.124, 91.71, 93.031, 91.71, 93.031, 6.765, 7.384, 12.707, , , 1, 2.898, 0, 0, 12.5, 5.403, 158, 0, 0, 0, 70, 17.702, 17.808, 99.414, 97.31, 100, 0, 0, 34.523, 32.75, 100, 4.41, 99.856, 0, 0, 99.856, 106.23, 0, 0, 0, 0, 0, 13.9, 0, 12.5, 0, 5.403, 158, 0, 0, 0, 70, 1, 0.017, 0.018, 99.414, 97.31, 100, 0, 0, 141, 34.523, 32.75, 100, 4.41, 0, 99.856, 0, 0, 99.856, 106.23, 0, 0, 0, 0, 
2.85, 18.188, 100.34, 73.093, 73.92, , 14.288, 0.986, 357.857, 357.857, 5.44, 342.485, 342.485, 342.485, 51.765, , 35.047, 35.275, 7.385, 12.782, 0, 0, 94.438, 95.799, 94.438, 95.799, 1, 104.906, 104.906, 0.025, 0.124, 91.347, 92.663, 91.347, 92.663, 6.828, 7.385, 12.782, , , 1, 2.948, 0, 0, 12.5, 5.44, 158, 0, 0, 0, 70, 17.639, 17.737, 99.226, 97.156, 100, 0, 0, 34.575, 32.75, 100, 4.41, 99.544, 0, 0, 99.544, 106.876, 0, 0, 0, 0, 0, 13.9, 0, 12.5, 0, 5.44, 158, 0, 0, 0, 70, 1, 0.017, 0.018, 99.226, 97.156, 100, 0, 0, 141, 34.575, 32.75, 100, 4.41, 0, 99.544, 0, 0, 99.544, 106.876, 0, 0, 0, 0, 
2.9, 18.188, 100.34, 73.089, 73.92, , 14.194, 0.986, 365.504, 365.504, 5.477, 340.274, 340.274, 340.274, 51.777, , 35.06, 35.208, 7.386, 12.855, 0, 0, 94.461, 95.823, 94.461, 95.823, 1, 105.66, 105.66, 0.025, 0.125, 90.741, 92.048, 90.741, 92.048, 6.89, 7.386, 12.855, , , 1, 2.998, 0, 0, 12.5, 5.477, 158, 0, 0, 0, 70, 17.575, 17.665, 99.039, 97.003, 100, 0, 0, 34.627, 32.75, 100, 4.41, 99.231, 0, 0, 99.231, 107.523, 0, 0, 0, 0, 0, 13.9, 0, 12.5, 0, 5.477, 158, 0, 0, 0, 70, 1, 0.017, 0.018, 99.039, 97.003, 100, 0, 0, 141, 34.627, 32.75, 100, 4.41, 0, 99.231, 0, 0, 99.231, 107.523, 0, 0, 0, 0, 
2.95, 18.189, 100.34, 73.085, 73.92, , 14.074, 0.986, 375.467, 375.467, 5.514, 337.451, 337.451, 337.451, 51.794, , 35.06, 35.172, 7.386, 12.916, 0, 0, 94.473, 95.837, 94.473, 95.837, 1, 106.513, 106.513, 0.025, 0.125, 89.956, 91.253, 89.956, 91.253, 6.953, 7.386, 12.916, , , 1, 3.048, 0, 0, 12.5, 5.514, 158, 0, 0, 0, 70, 17.511, 17.593, 98.851, 96.85, 100, 0, 0, 34.679, 32.75, 100, 4.41, 98.919, 0, 0, 98.919, 108.17, 0, 0, 0, 0, 0, 13.9, 0, 12.5, 0, 5.514, 158, 0, 0, 0, 70, 1, 0.017, 0.018, 98.851, 96.85, 100, 0, 0, 141, 34.679, 32.75, 100, 4.41, 0, 98.919, 0, 0, 98.919, 108.17, 0, 0, 0, 0, 
3, 18.19, 100.34, 73.081, 73.92, , 13.959, 0.986, 383.094, 383.094, 5.551, 334.755, 334.755, 334.755, 51.812, , 35.06, 35.136, 7.385, 12.967, 0, 0, 94.32, 95.681, 94.32, 95.681, 1, 107.202, 107.202, 0.025, 0.125, 89.206, 90.492, 89.206, 90.492, 7.015, 7.385, 12.967, , , 1, 3.098, 0, 0, 12.5, 5.551, 158, 0, 0, 0, 70, 17.448, 17.521, 98.664, 96.697, 100, 0, 0, 34.731, 32.75, 100, 4.41, 98.606, 0, 0, 98.606, 108.817, 0, 0, 0, 0, 0, 13.9, 0, 12.5, 0, 5.551, 158, 0, 0, 0, 70, 1, 0.017, 0.018, 98.664, 96.697, 100, 0, 0, 141, 34.731, 32.75, 100, 4.41, 0, 98.606, 0, 0, 98.606, 108.817, 0, 0, 0, 0, 
3.05, 18.191, 100.34, 73.076, 73.92, , 13.865, 0.986, 390.878, 390.878, 5.577, 332.547, 332.547, 332.547, 51.811, , 35.06, 35.1, 7.384, 13.001, 0, 0, 94.299, 95.661, 94.299, 95.661, 1, 107.882, 107.882, 0.025, 0.126, 88.62, 89.898, 88.62, 89.898, 7.08, 7.384, 13.001, , , 1, 3.148, 0, 0, 12.5, 5.577, 158, 0, 0, 0, 70, 17.434, 17.504, 98.6, 96.593, 100, 0, 0, 34.785, 32.785, 100, 4.41, 98.572, 0, 0, 98.572, 109.266, 0, 0, 0, 0, 0, 13.9, 0, 12.5, 0, 5.577, 158, 0, 0, 0, 70, 1, 0.017, 0.018, 98.6, 96.593, 100, 0, 0, 141, 34.785, 32.785, 100, 4.41, 0, 98.572, 0, 0, 98.572, 109.266, 0, 0, 0, 0, 
3.1, 18.191, 100.34, 73.072, 73.92, , 13.75, 0.986, 398.719, 398.719, 5.596, 329.854, 329.854, 329.854, 51.773, , 35.06, 35.064, 7.383, 13.016, 0, 0, 94.128, 95.486, 94.128, 95.486, 1, 108.559, 108.559, 0.025, 0.126, 87.967, 89.236, 87.967, 89.236, 7.145, 7.383, 13.016, , , 1, 3.198, 0, 0, 12.5, 5.596, 158, 0, 0, 0, 70, 17.448, 17.518, 98.6, 96.513, 100, 0, 0, 34.839, 32.839, 100, 4.41, 98.68, 0, 0, 98.68, 109.603, 0, 0, 0, 0, 0, 13.9, 0, 12.5, 0, 5.596, 158, 0, 0, 0, 70, 1, 0.017, 0.018, 98.6, 96.513, 100, 0, 0, 141, 34.839, 32.839, 100, 4.41, 0, 98.68, 0, 0, 98.68, 109.603, 0, 0, 0, 0, 
3.15, 18.192, 100.34, 73.068, 73.92, , 13.619, 0.986, 406.599, 406.599, 5.615, 326.777, 326.777, 326.777, 51.695, , 34.965, 35.155, 7.381, 13.019, 0, 0, 93.834, 95.186, 93.834, 95.186, 1, 109.241, 109.241, 0.025, 0.127, 87.272, 88.532, 87.272, 88.532, 7.21, 7.381, 13.019, , , 1, 3.247, 0, 0, 12.5, 5.615, 158, 0, 0, 0, 70, 17.462, 17.532, 98.6, 96.434, 100, 0, 0, 34.893, 32.893, 100, 4.41, 98.789, 0, 0, 98.789, 109.94, 0, 0, 0, 0, 0, 13.9, 0, 12.5, 0, 5.615, 158, 0, 0, 0, 70, 1, 0.017, 0.018, 98.6, 96.434, 100, 0, 0, 141, 34.893, 32.893, 100, 4.41, 0, 98.789, 0, 0, 98.789, 109.94, 0, 0, 0, 0, 
3.2, 18.193, 100.34, 73.064, 73.92, , 13.538, 0.986, 414.501, 414.501, 5.635, 324.882, 324.882, 324.882, 51.581, , 34.857, 35.263, 7.38, 13.007, 0, 0, 93.86, 95.212, 93.86, 95.212, 1, 109.912, 109.912, 0.025, 0.127, 86.957, 88.213, 86.957, 88.213, 7.275, 7.38, 13.007, , , 1, 3.298, 0, 0, 12.5, 5.635, 158, 0, 0, 0, 70, 17.476, 17.546, 98.6, 96.355, 100, 0, 0, 34.948, 32.948, 100, 4.41, 98.898, 0, 0, 98.898, 110.277, 0, 0, 0, 0, 0, 13.9, 0, 12.5, 0, 5.635, 158, 0, 0, 0, 70, 1, 0.017, 0.018, 98.6, 96.355, 100, 0, 0, 141, 34.948, 32.948, 100, 4.41, 0, 98.898, 0, 0, 98.898, 110.277, 0, 0, 0, 0, 
3.25, 18.194, , , 73.92, , 13.438, , 422.478, 422.478, 5.654, 322.528, 322.528, 322.528, 51.43, , 34.749, 35.371, 7.379, 12.987, 0, 0, 93.744, 95.094, 93.744, 95.094, 1, 110.574, 110.574, 0.025, 0.127, 86.583, 87.834, 86.583, 87.834, 7.305, 7.379, 12.987, , , 1, 3.348, 0, 0, 12.5, 5.654, 158, 0, 0, 0, 70, 17.49, 17.56, 98.591, 96.274, 100, 0, 0, 35.002, 33.002, 100, 4.41, 99.005, 0, 0, 99.008, 110.629, 0, 0, 0, 0, 0, 13.9, 0, 12.5, 0, 5.654, 158, 0, 0, 0, 70, 1, 0.017, 0.018, 98.591, 96.274, 100, 0, 0, 141, 35.002, 33.002, 100, 4.41, 0, 99.005, 0, 0, 99.008, 110.629, 0, 0, 0, 0, 
3.3, 18.194, , , 73.92, , 13.333, , 430.444, 430.444, 5.668, 320.07, 320.07, 320.07, 51.251, , 34.641, 35.479, 7.379, 12.959, 0, 0, 93.58, 94.928, 93.58, 94.928, 1, 111.239, 111.239, 0.025, 0.127, 86.216, 87.461, 86.216, 87.461, 7.325, 7.379, 12.959, , , 1, 3.398, 0, 0, 12.5, 5.668, 158, 0, 0, 0, 70, 17.49, 17.56, 98.438, 96.18, 100, 0, 0, 35.044, 33.044, 100, 4.41, 99.09, 0, 0, 99.135, 111.367, 0, 0, 0, 0, 0, 13.9, 0, 12.5, 0, 5.668, 158, 0, 0, 0, 70, 1, 0.017, 0.018, 98.438, 96.18, 100, 0, 0, 141, 35.044, 33.044, 100, 4.41, 0, 99.09, 0, 0, 99.135, 111.367, 0, 0, 0, 0, 
3.35, 18.195, , , 73.92, , 13.205, , 438.496, 438.496, 5.682, 317.048, 317.048, 317.048, 51.076, , 34.533, 35.587, 7.379, 12.929, 0, 0, 93.24, 94.583, 93.24, 94.583, 1, 111.893, 111.893, 0.025, 0.127, 85.693, 86.932, 85.693, 86.932, 7.345, 7.379, 12.929, , , 1, 3.447, 0, 0, 12.5, 5.682, 158, 0, 0, 0, 70, 17.49, 17.56, 98.286, 96.086, 100, 0, 0, 35.087, 33.087, 100, 4.41, 99.175, 0, 0, 99.262, 112.104, 0, 0, 0, 0, 0, 13.9, 0, 12.5, 0, 5.682, 158, 0, 0, 0, 70, 1, 0.017, 0.018, 98.286, 96.086, 100, 0, 0, 141, 35.087, 33.087, 100, 4.41, 0, 99.175, 0, 0, 99.262, 112.104, 0, 0, 0, 0, 
3.4, 18.196, , , 73.92, , 13.117, , 446.709, 446.709, 5.697, 315, 315, 315, 50.906, , 34.615, 35.6, 7.379, 12.899, 0, 0, 93.179, 94.524, 93.179, 94.524, 1, 112.54, 112.54, 0.025, 0.127, 85.426, 86.661, 85.426, 86.661, 7.366, 7.379, 12.899, , , 1, 3.498, 0, 0, 12.5, 5.697, 158, 0, 0, 0, 70, 17.49, 17.56, 98.133, 95.992, 100, 0, 0, 35.129, 33.129, 100, 4.41, 99.259, 0, 0, 99.389, 112.841, 0, 0, 0, 0, 0, 13.9, 0, 12.5, 0, 5.697, 158, 0, 0, 0, 70, 1, 0.017, 0.018, 98.133, 95.992, 100, 0, 0, 141, 35.129, 33.129, 100, 4.41, 0, 99.259, 0, 0, 99.389, 112.841, 0, 0, 0, 0, 
3.45, 18.197, , , 73.92, , 12.988, , 454.824, 454.824, 5.711, 311.962, 311.962, 311.962, 50.74, , 34.722, 35.6, 7.379, 12.868, 0, 0, 92.806, 94.145, 92.806, 94.145, 1, 113.187, 113.187, 0.025, 0.126, 84.878, 86.104, 84.878, 86.104, 7.407, 7.379, 12.868, , , 1, 3.548, 0, 0, 12.5, 5.711, 158, 0, 0, 0, 70, 17.49, 17.56, 97.981, 95.898, 100, 0, 0, 35.171, 33.171, 100, 4.41, 99.344, 0, 0, 99.516, 113.579, 0, 0, 0, 0, 0, 13.9, 0, 12.5, 0, 5.711, 158, 0, 0, 0, 70, 1, 0.017, 0.018, 97.981, 95.898, 100, 0, 0, 141, 35.171, 33.171, 100, 4.41, 0, 99.344, 0, 0, 99.516, 113.579, 0, 0, 0, 0, 
3.5, 18.197, , , 73.92, , 12.894, , 462.996, 462.996, 5.725, 309.746, 309.746, 309.746, 50.58, , 34.83, 35.6, 7.38, 12.835, 0, 0, 92.668, 94.004, 92.668, 94.004, 1, 113.822, 113.822, 0.025, 0.126, 84.545, 85.765, 84.545, 85.765, 7.454, 7.38, 12.835, , , 1, 3.598, 0, 0, 12.5, 5.725, 158, 0, 0, 0, 70, 17.49, 17.56, 97.828, 95.804, 100, 0, 0, 35.214, 33.214, 100, 4.41, 99.429, 0, 0, 99.643, 114.316, 0, 0, 0, 0, 0, 13.9, 0, 12.5, 0, 5.725, 158, 0, 0, 0, 70, 1, 0.017, 0.018, 97.828, 95.804, 100, 0, 0, 141, 35.214, 33.214, 100, 4.41, 0, 99.429, 0, 0, 99.643, 114.316, 0, 0, 0, 0, 
3.55, 18.198, , , 73.92, , 12.822, , 471.336, 471.336, 5.739, 308.062, 308.062, 308.062, 50.42, , 34.937, 35.6, 7.38, 12.807, 0, 0, 92.685, 94.021, 92.685, 94.021, 1, 114.463, 114.463, 0.025, 0.125, 84.352, 85.569, 84.352, 85.569, 7.501, 7.38, 12.807, , , 1, 3.647, 0, 0, 12.5, 5.739, 158, 0, 0, 0, 70, 17.49, 17.56, 97.676, 95.71, 100, 0, 0, 35.256, 33.256, 100, 4.41, 99.514, 0, 0, 99.77, 115.053, 0, 0, 0, 0, 0, 13.9, 0, 12.5, 0, 5.739, 158, 0, 0, 0, 70, 1, 0.017, 0.018, 97.676, 95.71, 100, 0, 0, 141, 35.256, 33.256, 100, 4.41, 0, 99.514, 0, 0, 99.77, 115.053, 0, 0, 0, 0, 
3.6, 18.199, , , 73.92, , 12.596, , 479.675, 479.675, 5.754, 302.72, 302.72, 302.72, 50.268, , 35.045, 35.6, 7.379, 12.786, 0, 0, 91.566, 92.886, 91.566, 92.886, 1, 115.095, 115.095, 0.025, 0.125, 83.136, 84.334, 83.136, 84.334, 7.548, 7.379, 12.786, , , 1, 3.698, 0, 0, 12.5, 5.754, 158, 0, 0, 0, 70, 17.49, 17.56, 97.523, 95.616, 100, 0, 0, 35.299, 33.299, 100, 4.41, 99.598, 0, 0, 99.897, 115.791, 0, 0, 0, 0, 0, 13.9, 0, 12.5, 0, 5.754, 158, 0, 0, 0, 70, 1, 0.017, 0.018, 97.523, 95.616, 100, 0, 0, 141, 35.299, 33.299, 100, 4.41, 0, 99.598, 0, 0, 99.897, 115.791, 0, 0, 0, 0, 
3.65, 18.2, , , 73.92, , 11.182, , 488.014, 488.014, 5.768, 269.204, 269.204, 269.204, 50.161, , 35.06, 35.631, 7.379, 12.776, 0, 0, 81.753, 82.932, 81.753, 82.932, 1, 115.691, 115.691, 0.025, 0.125, 74.072, 75.138, 74.072, 75.138, 7.581, 7.379, 12.776, , , 1, 3.748, 0, 0, 12.5, 5.768, 158, 0, 0, 0, 70, 17.49, 17.56, 97.371, 95.522, 100, 0, 0, 35.341, 33.341, 100, 4.41, 99.683, 0, 0, 100.025, 116.528, 0, 0, 0, 0, 0, 13.9, 0, 12.5, 0, 5.768, 158, 0, 0, 0, 70, 1, 0.017, 0.018, 97.371, 95.522, 100, 0, 0, 141, 35.341, 33.341, 100, 4.41, 0, 99.683, 0, 0, 100.025, 116.528, 0, 0, 0, 0, 
3.7, , , , , , 9.185, , 496.353, 496.353, 5.782, 221.853, 221.853, 221.853, 50.17, , 35.06, 35.667, 7.379, 12.785, 0, 0, 67.596, 68.571, 67.596, 68.571, 1, 116.189, 116.189, 0.025, 0.124, 61.106, 61.985, 61.106, 61.985, 7.603, 7.379, 12.785, , , 1, 3.798, 0, 0, 12.5, 5.782, 158, 0, 0, 0, 70, 17.49, 17.56, 97.218, 95.428, 100, 0, 0, 35.384, 33.384, 100, 4.41, 99.768, 0, 0, 100.152, 117.265, 0, 0, 0, 0, 0, 13.9, 0, 12.5, 0, 5.782, 158, 0, 0, 0, 70, 1, 0.017, 0.018, 97.218, 95.428, 100, 0, 0, 141, 35.384, 33.384, 100, 4.41, 0, 99.768, 0, 0, 100.152, 117.265, 0, 0, 0, 0, 
3.75, , , , , , 6.736, , 504.859, 504.859, 5.796, 163.762, 163.762, 163.762, 50.296, , 35.06, 35.703, 7.379, 12.841, 0, 0, 50.044, 50.766, 50.044, 50.766, 1, 116.584, 116.584, 0.025, 0.124, 45.139, 45.79, 45.139, 45.79, 7.624, 7.379, 12.841, , , 1, 3.848, 0, 0, 12.5, 5.796, 158, 0, 0, 0, 70, 17.49, 17.56, 97.065, 95.334, 100, 0, 0, 35.426, 33.426, 100, 4.41, 99.853, 0, 0, 100.279, 118.002, 0, 0, 0, 0, 0, 13.9, 0, 12.5, 0, 5.796, 158, 0, 0, 0, 70, 1, 0.017, 0.018, 97.065, 95.334, 100, 0, 0, 141, 35.426, 33.426, 100, 4.41, 0, 99.853, 0, 0, 100.279, 118.002, 0, 0, 0, 0, 
3.8, , , , , , 3.721, , 513.352, 513.352, 5.81, 92.238, 92.238, 92.238, 50.551, , 35.06, 35.74, 7.379, 12.99, 0, 0, 28.252, 28.66, 28.252, 28.66, 1, 116.848, 116.848, 0.025, 0.124, 25.504, 25.872, 25.504, 25.872, 7.645, 7.379, 12.99, , , 1, 3.898, 0, 0, 12.5, 5.81, 158, 0, 0, 0, 70, 17.49, 17.56, 96.913, 95.24, 100, 0, 0, 35.469, 33.469, 100, 4.41, 99.937, 0, 0, 100.406, 118.74, 0, 0, 0, 0, 0, 13.9, 0, 12.5, 0, 5.81, 158, 0, 0, 0, 70, 1, 0.017, 0.018, 96.913, 95.24, 100, 0, 0, 141, 35.469, 33.469, 100, 4.41, 0, 99.937, 0, 0, 100.406, 118.74, 0, 0, 0, 0, 
3.85, , , , , , -0.366, , 521.827, 521.827, 5.836, -4.701, -4.701, -4.701, 50.92, , 35.06, 35.776, 7.38, 13.2, 0, 0, -1.437, -1.458, -1.437, -1.458, 1, 116.933, 116.933, 0.025, 0.124, -0.852, -0.864, -0.852, -0.864, 7.656, 7.38, 13.2, , , 1, 3.948, 0, 0.034, 12.5, 5.836, 158, 0, 0, 0, 70, 16.581, 17.143, 96.706, 94.805, 100, 0, 0, 35.656, 33.942, 99.064, 4.352, 100.104, 0, 0, 100.63, 119.211, 0, 0, 0, 0, 0, 13.9, 0.034, 12.5, 0, 5.836, 158, 0, 0, 0, 70, 1, 0.016, 0.018, 96.706, 94.805, 100, 0, 0, 141, 35.656, 33.942, 99.064, 4.352, 0, 100.104, 0, 0, 100.63, 119.211, 0, 0, 0, 0, 
3.9, , , , , , -3.042, , 530.377, 530.377, 5.892, -68.195, -68.195, -68.195, 51.145, , 35.092, 35.78, 7.381, 13.541, 0, 0, -20.888, -21.189, -20.888, -21.189, 1, 116.841, 116.841, 0.025, 0.124, -12.42, -12.599, -12.42, -12.599, 7.644, 7.381, 13.541, , , 1, 3.998, 0, 0.166, 12.5, 5.892, 158, 0, 0, 0, 70, 13.083, 15.407, 96.346, 93.403, 100, 0, 0, 36.256, 35.642, 95.464, 4.11, 100.504, 0, 0, 101.13, 118.839, 0, 0, 0, 0, 0, 13.9, 0.166, 12.5, 0, 5.892, 158, 0, 0, 0, 70, 1, 0.013, 0.016, 96.346, 93.403, 100, 0, 0, 141, 36.256, 35.642, 95.464, 4.11, 0, 100.504, 0, 0, 101.13, 118.839, 0, 0, 0, 0, 
3.95, , , , , , -4.839, , 538.951, 538.951, 5.948, -110.829, -110.829, -110.829, 51.39, , 35.128, 35.78, 7.382, 13.961, 0, 0, -33.925, -34.413, -33.925, -34.413, 1, 116.637, 116.637, 0.025, 0.124, -22.44, -22.764, -22.44, -22.764, 7.632, 7.382, 13.961, , , 1, 4.048, 0, 0.298, 12.5, 5.948, 158, 0, 0, 0, 70, 9.585, 13.671, 95.986, 92.001, 100, 0, 0, 36.856, 37.342, 91.864, 3.868, 100.904, 0, 0, 101.63, 118.467, 0, 0, 0, 0, 0, 13.9, 0.298, 12.5, 0, 5.948, 158, 0, 0, 0, 70, 1, 0.009, 0.014, 95.986, 92.001, 100, 0, 0, 141, 36.856, 37.342, 91.864, 3.868, 0, 100.904, 0, 0, 101.63, 118.467, 0, 0, 0, 0, 
4, , , , , , -6.185, , 547.6, 547.6, 6.005, -142.768, -142.768, -142.768, 51.652, , 35.164, 35.78, 7.382, 14.564, 0, 0, -43.66, -44.289, -43.66, -44.289, 1, 116.36, 116.36, 0.025, 0.123, -35.681, -36.197, -35.681, -36.197, 7.619, 7.382, 14.564, , , 1, 4.098, 0, 0.43, 12.5, 6.005, 158, 0, 0, 0, 70, 6.087, 11.935, 95.626, 90.599, 100, 0, 0, 37.456, 39.042, 88.264, 3.626, 101.304, 0, 0, 102.13, 118.095, 0, 0, 0, 0, 0, 13.9, 0.43, 12.5, 0, 6.005, 158, 0, 0, 0, 70, 1, 0.006, 0.012, 95.626, 90.599, 100, 0, 0, 141, 37.456, 39.042, 88.264, 3.626, 0, 101.304, 0, 0, 102.13, 118.095, 0, 0, 0, 0, 
4.05, , , , , , -7.105, , 553.567, 553.567, 6.061, -164.619, -164.619, -164.619, 51.957, , 35.2, 35.78, 7.382, 15.091, 0, 0, -50.316, -51.04, -50.316, -51.04, 1, 116.163, 116.163, , , -53.897, -54.679, -53.897, -54.679, , 7.382, 15.091, , , 1, 4.138, 0, 0.562, 12.5, 6.061, 158, 0, 0, 0, 70, 2.589, 10.199, 95.266, 89.197, 100, 0, 0, 38.056, 40.742, 84.664, 3.384, 101.704, 0, 0, 102.63, 117.723, 0, 0, 0, 0, 0, 13.9, 0.562, 12.5, 0, 6.061, 158, 0, 0, 0, 70, 1, 0.003, 0.01, 95.266, 89.197, 100, 0, 0, 141, 38.056, 40.742, 84.664, 3.384, 0, 101.704, 0, 0, 102.63, 117.723, 0, 0, 0, 0, 
4.1, , , , , , -6.518, , 557.892, 557.892, , -150.684, -150.684, -150.684, , , 35.236, 35.78, 7.383, 15.422, 0, 0, -45.971, -46.632, -45.971, -46.632, 1, 115.981, 115.981, , , , , , , , 7.383, 15.422, , , 1, 4.163, , , , , , , , , , , , , , , , , , , , , , , , , , , , , , , , , , , , , , , , , , , , , , , , , , , , , , , , , , , , , , , , 
4.15, , , , , , -6.027, , 562.129, 562.129, , -139.05, -139.05, -139.05, , , , , 7.383, 15.774, 0, 0, -42.354, -42.963, -42.354, -42.963, 1, 115.817, 115.817, , , , , , , , 7.383, 15.774, , , 1, 4.188, , , , , , , , , , , , , , , , , , , , , , , , , , , , , , , , , , , , , , , , , , , , , , , , , , , , , , , , , , , , , , , , 
4.2, , , , , , -5.938, , 566.368, 566.368, , -136.953, -136.953, -136.953, , , , , 7.381, 16.194, 0, 0, -41.66, -42.262, -41.66, -42.262, 1, 115.669, 115.669, , , , , , , , 7.381, 16.194, , , , 4.213, , , , , , , , , , , , , , , , , , , , , , , , , , , , , , , , , , , , , , , , , , , , , , , , , , , , , , , , , , , , , , , , 
