Time, (DWRT ATMO) Humidity, (DWRT ATMO) Pressure, (DWRT ATMO) Temperature 1, (DWRT ATMO) Temperature 2, (DWRT CPU) ????????????????????????????????????????????????????????????????, (DWRT CPU) Acceleration, (DWRT CPU) Correction Factor, (DWRT CPU) Distance, (DWRT CPU) Distance 1, (DWRT CPU) Engine RPM, (DWRT CPU) Force, (DWRT CPU) Force 1, (DWRT CPU) Force Drum 1, (DWRT CPU) Gear Ratio, (DWRT CPU) Inductive 1 Signal Strength, (DWRT CPU) Internal Temp 1, (DWRT CPU) Internal Temp 2, (DWRT CPU) LC1 Volts Petrol AFR, (DWRT CPU) LC2 Volts Petrol AFR2, (DWRT CPU) Link 0 Status, (DWRT CPU) Link 1 Status, (DWRT CPU) Power, (DWRT CPU) Power (uncorrected), (DWRT CPU) Power Drum 1, (DWRT CPU) Power Drum 1 (uncorrected), (DWRT CPU) Sampling, (DWRT CPU) Speed, (DWRT CPU) Speed 1, (DWRT CPU) TCP RX kB/s, (DWRT CPU) TCP TX kB/s, (DWRT CPU) Torque, (DWRT CPU) Torque (uncorrected), (DWRT CPU) Torque Drum 1, (DWRT CPU) Torque Drum 1 (uncorrected), (DWRT CPU) UDP RX kB/s, (DWRT CPU) User Analog 1, (DWRT CPU) User Analog 2, (DWRT CPU) User Analog 3, (DWRT CPU) User Analog 4, (Gen) Sampling, (Gen) Sampling Duration, (Harley - ECU Type 14 SW Level 141) Accel Enrichment, (Harley - ECU Type 14 SW Level 141) Decel Enleanment, (Harley - ECU Type 14 SW Level 141) Desired Air/Fuel, (Harley - ECU Type 14 SW Level 141) Engine Speed, (Harley - ECU Type 14 SW Level 141) Engine Temperature, (Harley - ECU Type 14 SW Level 141) Front Adaptive Fuel Factor, (Harley - ECU Type 14 SW Level 141) Front Closed Loop Integrator, (Harley - ECU Type 14 SW Level 141) Front Spark Knock Retard, (Harley - ECU Type 14 SW Level 141) Idle Air Control Motor Position, (Harley - ECU Type 14 SW Level 141) Injector Time Front, (Harley - ECU Type 14 SW Level 141) Injector Time Rear, (Harley - ECU Type 14 SW Level 141) Intake Air Temperature, (Harley - ECU Type 14 SW Level 141) Manifold Absolute Pressure, (Harley - ECU Type 14 SW Level 141) Rear Adaptive Fuel Factor, (Harley - ECU Type 14 SW Level 141) Rear Closed Loop Integrator, (Harley - ECU Type 14 SW Level 141) Rear Spark Knock Retard, (Harley - ECU Type 14 SW Level 141) Spark Advance Front, (Harley - ECU Type 14 SW Level 141) Spark Advance Rear, (Harley - ECU Type 14 SW Level 141) Throttle Position, (Harley - ECU Type 14 SW Level 141) Throttle Position Sensor Voltage, (Harley - ECU Type 14 SW Level 141) VE Front, (Harley - ECU Type 14 SW Level 141) VE New Front, (Harley - ECU Type 14 SW Level 141) VE New Rear, (Harley - ECU Type 14 SW Level 141) VE Rear, (Harley - ECU Type 14 SW Level 141) Vehicle Speed, (Harley - ECU Type 14 SW Level 141) WBO2 AFR Front, (Harley - ECU Type 14 SW Level 141) WBO2 AFR Rear, (PV) Accel Enrichment, (PV) AT Lambda 1, (PV) AT Lambda 2, (PV) Battery Voltage, (PV) Decel Enleanment, (PV) Desired Air/Fuel, (PV) Desired Lambda, (PV) Engine Speed, (PV) Engine Temperature, (PV) Front Adaptive Fuel Factor, (PV) Front Closed Loop Integrator, (PV) Front Spark Knock Retard, (PV) Idle Air Control Motor Position, (PV) Idle Set Speed, (PV) Injector Time Front, (PV) Injector Time Rear, (PV) Intake Air Temperature, (PV) Manifold Absolute Pressure, (PV) Rear Adaptive Fuel Factor, (PV) Rear Closed Loop Integrator, (PV) Rear Spark Knock Retard, (PV) Software Level, (PV) Spark Advance Front, (PV) Spark Advance Rear, (PV) Throttle Position, (PV) Throttle Position Sensor, (PV) Twistgrip Position, (PV) VE Front, (PV) VE New Front, (PV) VE New Rear, (PV) VE Rear, (PV) Vehicle Speed, (PV) Warm-up Fuel AFR (Lambda), (PV) Warm-up Fuel AFR (Ratio), (PV) WBO2 AFR Front, (PV) WBO2 AFR Rear, 
0, , , , , , 4.01, , , , , 97.51, 97.51, 97.51, , , , , , , , , , , , , , , , , , , , , , , , , , , , , , , , , , , , , , , , , , , , , , , , , , , , , , , , , , , , , , , , , , , , , , , , , , , , , , , , , , , , , , , , , , , , 
0.05, , , , , , 4.212, , 3.131, 3.131, , 102.307, 102.307, 102.307, , 96.573, , , , , 0, 0, 19.215, 19.478, 19.215, 19.478, 1, 68.857, 68.857, , , , , , , , , , , , 1, 0.037, , , , , , , , , , , , , , , , , , , , , , , , , , , , , , , , , , , , , , , , , , , , , , , , , , , , , , , , , , , , , , , , 
0.1, , , , , , 4.782, , 12.742, 12.742, , 115.837, 115.837, 115.837, , 91.813, , , 7.377, 11.892, 0, 0, 21.862, 22.163, 21.862, 22.163, 1, 69.235, 69.235, , , , , , , , 7.377, 11.892, , , 1, 0.124, , , , , , , , , , , , , , , , , , , , , , , , , , , , , , , , , , , , , , , , , , , , , , , , , , , , , , , , , , , , , , , , 
0.15, , , , , , 5.493, , 20.356, 20.356, , 132.71, 132.71, 132.71, , 87.054, , , 7.379, 11.955, 0, 0, 25.283, 25.631, 25.283, 25.631, 1, 69.69, 69.69, , , 45.482, 46.106, 45.482, 46.106, , 7.379, 11.955, , , 1, 0.206, , , , , , , , , , , , , , , , , , , , , , , , , , , , , , , , , , , , , , , , , , , , , , , , , , , , , , , , , , , , , , , , 
0.2, , , , , , 6.475, , 28.021, 28.021, 3.598, 156.019, 156.019, 156.019, , 82.294, 37.212, 37.22, 7.38, 12.013, 0, 0, 30.007, 30.418, 30.007, 30.418, 1, 70.224, 70.224, 0.025, 0.132, 53.807, 54.544, 53.807, 54.544, 5.685, 7.38, 12.013, , , 1, 0.263, 0.529, 0, 14.5, 3.598, 151, 0, 0, 0, 75.233, 8.111, 7.572, 107.6, 40.496, 100, 0, 0, 45.985, 45.956, 14.199, 1.139, 119.102, 0, 0, 125.515, 70.265, 0, 0, 0.529, 0, 0, 13.8, 0, 14.5, 0, 3.598, 151, 0, 0, 0, 75.233, 1, 0.008, 0.007, 107.6, 40.497, 100, 0, 0, 141, 45.985, 45.956, 14.199, 1.139, 0, 119.102, 0, 0, 125.515, 70.265, 0, 0, 0, 0, 
0.25, , , , , , 8.549, , 35.736, 35.736, 3.613, 205.238, 205.238, 205.238, 51.672, 77.534, 36.816, 37.22, 7.38, 12.057, 0, 0, 39.064, 39.599, 39.064, 39.599, 1, 70.889, 70.889, 0.025, 0.131, 62.506, 63.363, 62.506, 63.363, 5.673, 7.38, 12.057, , , 1, 0.33, 0.958, 0, 14.5, 3.613, 151, 0, 0, 0, 76.9, 9.263, 8.516, 107.6, 42.409, 100, 0, 0, 45.881, 45.644, 15.444, 1.206, 119.831, 0, 0, 125.619, 70.654, 0, 0, 0.958, 0, 0, 13.8, 0, 14.5, 0, 3.613, 151, 0, 0, 0, 76.9, 1, 0.009, 0.008, 107.6, 42.418, 100, 0, 0, 141, 45.881, 45.644, 15.444, 1.206, 0, 119.831, 0, 0, 125.619, 70.654, 0, 0, 0, 0, 
0.3, , , , , , 10.98, , 42.186, 42.186, 3.629, 262.942, 262.942, 262.942, 51.56, 72.774, 36.42, 37.22, 7.38, 12.107, 0, 0, 49.52, 50.196, 49.52, 50.196, 1, 71.403, 71.403, 0.025, 0.131, 70.717, 71.686, 70.717, 71.686, 5.662, 7.38, 12.107, , , 1, 0.388, 1.388, 0, 14.5, 3.629, 151, 0, 0, 0, 78.567, 10.415, 9.46, 107.6, 44.322, 100, 0, 0, 45.777, 45.331, 16.689, 1.273, 120.56, 0, 0, 125.723, 71.044, 0, 0, 1.388, 0, 0, 13.8, 0, 14.5, 0, 3.629, 151, 0, 0, 0, 78.567, 1, 0.01, 0.009, 107.6, 44.339, 100, 0, 0, 141, 45.777, 45.331, 16.689, 1.273, 0, 120.56, 0, 0, 125.723, 71.044, 0, 0, 0, 0, 
0.35, , 100.39, 74.41, , , 12.194, 0.986, 47.375, 47.375, 3.645, 291.75, 291.75, 291.75, 51.383, 68.015, 36.024, 37.22, 7.381, 12.176, 0, 0, 55.364, 56.121, 55.364, 56.121, 1, 71.977, 71.977, 0.025, 0.13, 78.599, 79.676, 78.599, 79.676, 5.651, 7.381, 12.176, , , 1, 0.438, 1.817, 0, 14.5, 3.645, 151, 0, 0, 0, 80.233, 11.568, 10.403, 107.6, 46.235, 100, 0, 0, 45.673, 45.019, 17.934, 1.339, 121.29, 0, 0, 125.827, 71.433, 0, 0, 1.817, 0, 0, 13.8, 0, 14.5, 0, 3.645, 151, 0, 0, 0, 80.233, 1, 0.011, 0.01, 107.6, 46.26, 100, 0, 0, 141, 45.673, 45.019, 17.934, 1.339, 0, 121.29, 0, 0, 125.827, 71.433, 0, 0, 0, 0, 
0.4, , 100.389, 74.41, , , 13.253, 0.986, 52.563, 52.563, 3.661, 316.896, 316.896, 316.896, 51.238, 63.255, 35.628, 37.22, 7.382, 12.248, 0, 0, 60.629, 61.46, 60.629, 61.46, 1, 72.604, 72.604, 0.025, 0.13, 85.527, 86.699, 85.527, 86.699, 5.641, 7.382, 12.248, , , 1, 0.488, 2.247, 0, 14.5, 3.661, 151, 0, 0, 0, 81.9, 12.72, 11.347, 107.6, 48.148, 100, 0, 0, 45.569, 44.706, 19.178, 1.406, 122.019, 0, 0, 125.931, 71.823, 0, 0, 2.247, 0, 0, 13.8, 0, 14.5, 0, 3.661, 151, 0, 0, 0, 81.9, 1, 0.012, 0.011, 107.6, 48.181, 100, 0, 0, 141, 45.569, 44.706, 19.178, 1.406, 0, 122.019, 0, 0, 125.931, 71.823, 0, 0, 0, 0, 
0.45, , 100.389, 74.41, , , 14.068, 0.986, 57.752, 57.752, 3.688, 336.25, 336.25, 336.25, 51.114, 58.495, 35.241, 37.219, 7.383, 12.329, 0, 0, 64.89, 65.78, 64.89, 65.78, 1, 73.278, 73.278, 0.025, 0.131, 90.911, 92.158, 90.911, 92.158, 5.7, 7.383, 12.329, , , 1, 0.538, 2.413, 0, 14.377, 3.688, 151, 0, 0, 0, 83, 13.815, 12.476, 107.6, 52.169, 100, 0, 0, 44.565, 43.565, 22.56, 1.545, 121.191, 0, 0, 124.657, 72.503, 0, 0, 2.413, 0, 0, 13.8, 0, 14.377, 0, 3.688, 151, 0, 0, 0, 83, 1, 0.013, 0.013, 107.6, 52.32, 100, 0, 0, 141, 44.565, 43.565, 22.56, 1.545, 0, 121.186, 0, 0, 124.657, 72.503, 0, 0, 0, 0, 
0.5, , 100.389, 74.41, , , 14.733, 0.986, 63.045, 63.045, 3.739, 352.045, 352.045, 352.045, 51.044, 53.736, 35.311, 37.184, 7.384, 12.409, 0, 0, 68.563, 69.503, 68.563, 69.503, 1, 73.977, 73.977, 0.025, 0.131, 95.307, 96.615, 95.307, 96.615, 5.758, 7.384, 12.409, , , 1, 0.588, 2.069, 0, 14.016, 3.739, 151, 0, 0, 0, 83, 14.799, 13.965, 107.6, 60.283, 100, 0, 0, 41.815, 40.815, 30.09, 1.823, 117.341, 0, 0, 120.707, 73.746, 0, 0, 2.069, 0, 0, 13.8, 0, 14.016, 0, 3.739, 151, 0, 0, 0, 83, 1, 0.014, 0.014, 107.6, 60.402, 100, 0, 0, 141, 41.815, 40.815, 30.09, 1.823, 0, 117.32, 0, 0, 120.707, 73.746, 0, 0, 0, 0, 
0.55, , 100.388, 74.41, , , 15.198, 0.986, 68.367, 68.367, 3.79, 363.102, 363.102, 363.102, 51.001, 48.976, 35.381, 37.149, 7.384, 12.482, 0, 0, 71.4, 72.378, 71.4, 72.378, 1, 74.716, 74.716, 0.025, 0.132, 98.37, 99.72, 98.37, 99.72, 5.816, 7.384, 12.482, , , 1, 0.638, 1.724, 0, 13.654, 3.79, 151, 0, 0, 0, 83, 15.783, 15.454, 107.6, 68.398, 100, 0, 0, 39.065, 38.065, 37.62, 2.101, 113.491, 0, 0, 116.757, 74.989, 0, 0, 1.724, 0, 0, 13.8, 0, 13.654, 0, 3.79, 151, 0, 0, 0, 83, 1, 0.015, 0.016, 107.6, 68.484, 100, 0, 0, 141, 39.065, 38.065, 37.62, 2.101, 0, 113.455, 0, 0, 116.757, 74.989, 0, 0, 0, 0, 
0.6, , 100.388, 74.41, , , 15.506, 0.986, 73.797, 73.797, 3.84, 370.432, 370.432, 370.432, 50.994, 44.216, 35.452, 37.114, 7.384, 12.547, 0, 0, 73.565, 74.574, 73.565, 74.574, 1, 75.461, 75.461, 0.025, 0.132, 100.362, 101.738, 100.362, 101.738, 5.875, 7.384, 12.547, , , 1, 0.688, 1.38, 0, 13.293, 3.84, 151, 0, 0, 0, 83, 16.767, 16.943, 107.6, 76.512, 100, 0, 0, 36.315, 35.315, 45.151, 2.379, 109.641, 0, 0, 112.807, 76.232, 0, 0, 1.38, 0, 0, 13.8, 0, 13.293, 0, 3.84, 151, 0, 0, 0, 83, 1, 0.016, 0.017, 107.6, 76.566, 100, 0, 0, 141, 36.315, 35.315, 45.151, 2.379, 0, 109.589, 0, 0, 112.807, 76.232, 0, 0, 0, 0, 
0.65, , 100.387, 74.41, , , 15.734, 0.986, 79.227, 79.227, 3.891, 375.851, 375.851, 375.851, 51.024, 61.275, 35.522, 37.079, 7.383, 12.57, 0, 0, 75.387, 76.419, 75.387, 76.419, 1, 76.223, 76.223, 0.025, 0.132, 101.763, 103.16, 101.763, 103.16, 5.909, 7.383, 12.57, , , 1, 0.738, 1.035, 0, 12.931, 3.891, 151, 0, 0, 0, 83, 17.751, 18.432, 107.6, 84.627, 100, 0, 0, 33.565, 32.565, 52.681, 2.657, 105.791, 0, 0, 108.857, 77.475, 0, 0, 1.035, 0, 0, 13.8, 0, 12.931, 0, 3.891, 151, 0, 0, 0, 83, 1, 0.017, 0.019, 107.6, 84.648, 100, 0, 0, 141, 33.565, 32.565, 52.681, 2.657, 0, 105.724, 0, 0, 108.857, 77.475, 0, 0, 0, 0, 
0.7, , 100.387, 74.41, , , 15.895, 0.986, 84.727, 84.727, 3.94, 379.701, 379.701, 379.701, 51.095, 61.472, 35.592, 37.044, 7.382, 12.586, 0, 0, 76.931, 77.984, 76.931, 77.984, 1, 77.004, 77.004, 0.025, 0.132, 102.67, 104.079, 102.67, 104.079, 5.937, 7.382, 12.586, , , 1, 0.788, 0.756, 0, 12.684, 3.94, 151, 0, 0, 0, 83, 18.381, 19.332, 107.53, 90.616, 100, 0, 0, 31.711, 30.711, 59.618, 2.911, 102.902, 0, 0, 105.806, 78.583, 0, 0, 0.756, 0, 0, 13.8, 0, 12.684, 0, 3.94, 151, 0, 0, 0, 83, 1, 0.018, 0.019, 107.53, 90.62, 100, 0, 0, 141, 31.711, 30.711, 59.618, 2.911, 0, 102.883, 0, 0, 105.806, 78.583, 0, 0, 0, 0, 
0.75, 16.86, 100.387, 74.41, 75.18, , 16.009, 0.986, 90.286, 90.286, 3.986, 382.426, 382.426, 382.426, 51.168, 61.669, 35.6, 37.073, 7.381, 12.558, 0, 0, 78.264, 79.336, 78.264, 79.336, 1, 77.787, 77.787, 0.025, 0.132, 103.26, 104.676, 103.26, 104.676, 5.964, 7.381, 12.558, , , 1, 0.839, 0.593, 0, 12.638, 3.986, 151, 0, 0, 0, 83, 18.324, 19.088, 107.326, 92.828, 100, 0, 0, 31.598, 30.598, 65.5, 3.12, 101.88, 0, 0, 104.499, 79.431, 0, 0, 0.593, 0, 0, 13.8, 0, 12.638, 0, 3.986, 151, 0, 0, 0, 83, 1, 0.018, 0.019, 107.326, 92.841, 100, 0, 0, 141, 31.598, 30.598, 65.5, 3.12, 0, 101.865, 0, 0, 104.499, 79.431, 0, 0, 0, 0, 
0.8, 16.86, 100.386, 74.41, 75.179, , 16.074, 0.986, 95.848, 95.848, 4.031, 383.982, 383.982, 383.982, 51.218, 61.866, 35.6, 37.11, 7.38, 12.535, 0, 0, 79.375, 80.464, 79.375, 80.464, 1, 78.565, 78.565, 0.025, 0.132, 103.58, 104.999, 103.58, 104.999, 5.991, 7.38, 12.535, , , 1, 0.888, 0.431, 0, 12.593, 4.031, 151, 0, 0, 0, 83, 18.267, 18.843, 107.121, 95.039, 100, 0, 0, 31.484, 30.484, 71.382, 3.329, 100.857, 0, 0, 103.192, 80.279, 0, 0, 0.431, 0, 0, 13.8, 0, 12.593, 0, 4.031, 151, 0, 0, 0, 83, 1, 0.018, 0.019, 107.121, 95.063, 100, 0, 0, 141, 31.484, 30.484, 71.382, 3.329, 0, 100.847, 0, 0, 103.192, 80.279, 0, 0, 0, 0, 
0.85, 16.86, 100.386, 74.41, 75.178, , 16.168, 0.986, 102.113, 102.113, 4.077, 386.245, 386.245, 386.245, 51.239, 62.063, 35.6, 37.147, 7.381, 12.551, 0, 0, 80.963, 82.075, 80.963, 82.075, 1, 79.585, 79.585, 0.025, 0.132, 104.152, 105.579, 104.152, 105.579, 6.005, 7.381, 12.551, , , 1, 0.938, 0.268, 0, 12.548, 4.077, 151, 0, 0, 0, 83, 18.21, 18.599, 106.917, 97.251, 100, 0, 0, 31.37, 30.37, 77.265, 3.538, 99.834, 0, 0, 101.885, 81.126, 0, 0, 0.268, 0, 0, 13.8, 0, 12.548, 0, 4.077, 151, 0, 0, 0, 83, 1, 0.018, 0.019, 106.917, 97.285, 100, 0, 0, 141, 31.37, 30.37, 77.265, 3.538, 0, 99.829, 0, 0, 101.885, 81.126, 0, 0, 0, 0, 
0.9, 16.86, 100.386, 74.41, 75.178, , 16.192, 0.986, 109.574, 109.574, 4.123, 386.832, 386.832, 386.832, 51.239, 62.261, 35.6, 37.184, 7.382, 12.573, 0, 0, 81.882, 83.008, 81.882, 83.008, 1, 80.472, 80.472, 0.025, 0.132, 104.312, 105.741, 104.312, 105.741, 6.015, 7.382, 12.573, , , 1, 0.988, 0.105, 0, 12.503, 4.123, 151, 0, 0, 0, 83, 18.153, 18.355, 106.712, 99.462, 100, 0, 0, 31.257, 30.257, 83.147, 3.747, 98.811, 0, 0, 100.578, 81.974, 0, 0, 0.105, 0, 0, 13.8, 0, 12.503, 0, 4.123, 151, 0, 0, 0, 83, 1, 0.018, 0.019, 106.712, 99.506, 100, 0, 0, 141, 31.257, 30.257, 83.147, 3.747, 0, 98.811, 0, 0, 100.578, 81.974, 0, 0, 0, 0, 
0.95, 16.86, 100.385, 74.41, 75.177, , 16.204, 0.986, 115.349, 115.349, 4.164, 387.163, 387.163, 387.163, 51.225, 62.458, 35.595, 37.208, 7.383, 12.654, 0, 0, 82.754, 83.891, 82.754, 83.891, 1, 81.254, 81.254, 0.025, 0.132, 104.423, 105.855, 104.423, 105.855, 6.025, 7.383, 12.654, , , 1, 1.038, 0.111, 0, 12.5, 4.164, 151.197, 0, 0, 0, 83, 18.158, 18.331, 106.348, 99.85, 100, 0, 0, 31.348, 30.348, 86.253, 3.863, 98.456, 0, 0, 100.059, 82.754, 0, 0, 0.111, 0, 0, 13.8, 0, 12.5, 0, 4.164, 151.197, 0, 0, 0, 83, 1, 0.018, 0.018, 106.348, 99.854, 100, 0, 0, 141, 31.348, 30.348, 86.253, 3.863, 0, 98.456, 0, 0, 100.059, 82.754, 0, 0, 0, 0, 
1, 16.86, 100.385, 74.41, 75.176, , 16.212, 0.986, 121.187, 121.187, 4.206, 387.353, 387.353, 387.353, 51.216, 62.655, 35.343, 36.632, 7.384, 12.738, 0, 0, 83.598, 84.746, 83.598, 84.746, 1, 82.052, 82.052, 0.025, 0.132, 104.493, 105.927, 104.493, 105.927, 6.034, 7.384, 12.738, , , 1, 1.088, 0.127, 0, 12.5, 4.206, 151.406, 0, 0, 0, 83, 18.166, 18.322, 105.972, 100.121, 100, 0, 0, 31.452, 30.452, 89.182, 3.972, 98.144, 0, 0, 99.591, 83.531, 0, 0, 0.127, 0, 0, 13.8, 0, 12.5, 0, 4.206, 151.406, 0, 0, 0, 83, 1, 0.018, 0.018, 105.972, 100.124, 100, 0, 0, 141, 31.452, 30.452, 89.182, 3.972, 0, 98.144, 0, 0, 99.591, 83.531, 0, 0, 0, 0, 
1.05, 16.86, 100.384, 74.41, 75.175, , 16.195, 0.986, 127.142, 127.142, 4.247, 386.996, 386.996, 386.996, 51.212, 62.852, 35.091, 36.056, 7.385, 12.86, 0, 0, 84.332, 85.49, 84.332, 85.49, 1, 82.844, 82.844, 0.025, 0.132, 104.402, 105.836, 104.402, 105.836, 6.049, 7.385, 12.86, , , 1, 1.138, 0.144, 0, 12.5, 4.247, 151.615, 0, 0, 0, 83, 18.174, 18.312, 105.598, 100.392, 100, 0, 0, 31.556, 30.556, 92.111, 4.082, 97.831, 0, 0, 99.122, 84.307, 0, 0, 0.144, 0, 0, 13.8, 0, 12.5, 0, 4.247, 151.615, 0, 0, 0, 83, 1, 0.018, 0.018, 105.598, 100.394, 100, 0, 0, 141, 31.556, 30.556, 92.111, 4.082, 0, 97.831, 0, 0, 99.122, 84.307, 0, 0, 0, 0, 
1.1, 16.86, 100.384, 74.41, 75.175, , 16.16, 0.986, 133.036, 133.036, 4.288, 386.178, 386.178, 386.178, 51.214, 63.049, 34.839, 35.48, 7.386, 12.98, 0, 0, 84.959, 86.125, 84.959, 86.125, 1, 83.634, 83.634, 0.025, 0.131, 104.174, 105.606, 104.174, 105.606, 6.069, 7.386, 12.98, , , 1, 1.188, 0.161, 0, 12.5, 4.288, 151.824, 0, 0, 0, 83, 18.183, 18.303, 105.222, 100.662, 100, 0, 0, 31.66, 30.66, 95.04, 4.191, 97.519, 0, 0, 98.653, 85.083, 0, 0, 0.161, 0, 0, 13.8, 0, 12.5, 0, 4.288, 151.824, 0, 0, 0, 83, 1, 0.018, 0.018, 105.222, 100.663, 100, 0, 0, 141, 31.66, 30.66, 95.04, 4.191, 0, 97.519, 0, 0, 98.653, 85.083, 0, 0, 0, 0, 
1.15, 16.86, 100.384, 74.41, 75.174, , 16.132, 0.986, 139.118, 139.118, 4.326, 385.549, 385.549, 385.549, 51.225, 63.246, 34.587, 34.904, 7.385, 13.072, 0, 0, 85.62, 86.794, 85.62, 86.794, 1, 84.423, 84.423, 0.025, 0.131, 103.985, 105.413, 103.985, 105.413, 6.089, 7.385, 13.072, , , 1, 1.238, 0.176, 0, 12.5, 4.326, 152.033, 0, 0, 0, 83, 18.201, 18.309, 104.874, 100.884, 100, 0, 0, 31.757, 30.765, 97.583, 4.289, 97.272, 0, 0, 98.272, 85.859, 0, 0, 0.176, 0, 0, 13.8, 0, 12.5, 0, 4.326, 152.033, 0, 0, 0, 83, 1, 0.018, 0.019, 104.874, 100.878, 100, 0, 0, 141, 31.757, 30.765, 97.583, 4.289, 0, 97.272, 0, 0, 98.272, 85.859, 0, 0, 0, 0, 
1.2, 16.86, 100.383, 74.41, 75.173, , 16.086, 0.986, 145.139, 145.139, 4.348, 384.479, 384.479, 384.479, 51.239, 63.443, 34.343, 34.347, 7.384, 13.161, 0, 0, 86.179, 87.361, 86.179, 87.361, 1, 85.211, 85.211, 0.025, 0.131, 103.668, 105.092, 103.668, 105.092, 6.108, 7.384, 13.161, , , 1, 1.288, 0.181, 0, 12.5, 4.348, 152.242, 0, 0, 0, 83, 18.283, 18.413, 104.686, 100.846, 100, 0, 0, 31.809, 30.869, 98.104, 4.315, 97.429, 0, 0, 98.429, 86.635, 0, 0, 0.181, 0, 0, 13.8, 0, 12.5, 0, 4.348, 152.242, 0, 0, 0, 83, 1, 0.018, 0.019, 104.686, 100.802, 100, 0, 0, 141, 31.809, 30.869, 98.104, 4.315, 0, 97.429, 0, 0, 98.429, 86.635, 0, 0, 0, 0, 
1.25, 16.86, 100.383, 74.41, 75.172, , 16.035, 0.986, 151.334, 151.334, 4.369, 383.288, 383.288, 383.288, 51.253, 63.64, 34.487, 34.707, 7.383, 13.203, 0, 0, 86.703, 87.892, 86.703, 87.892, 1, 85.992, 85.992, 0.025, 0.131, 103.319, 104.736, 103.319, 104.736, 6.129, 7.383, 13.203, , , 1, 1.338, 0.186, 0, 12.5, 4.369, 152.45, 0, 0, 0, 83, 18.364, 18.516, 104.499, 100.809, 100, 0, 0, 31.861, 30.973, 98.625, 4.341, 97.586, 0, 0, 98.586, 87.411, 0, 0, 0.186, 0, 0, 13.8, 0, 12.5, 0, 4.369, 152.45, 0, 0, 0, 83, 1, 0.018, 0.019, 104.499, 100.726, 100, 0, 0, 141, 31.861, 30.973, 98.625, 4.341, 0, 97.586, 0, 0, 98.586, 87.411, 0, 0, 0, 0, 
1.3, 16.86, 100.383, 74.41, 75.172, , 15.995, 0.986, 157.551, 157.551, 4.39, 382.365, 382.365, 382.365, 51.269, 63.837, 34.631, 35.067, 7.382, 13.245, 0, 0, 87.286, 88.483, 87.286, 88.483, 1, 86.784, 86.784, 0.025, 0.131, 103.04, 104.452, 103.04, 104.452, 6.153, 7.382, 13.245, , , 1, 1.388, 0.191, 0, 12.5, 4.39, 152.658, 0, 0, 0, 83, 18.445, 18.619, 104.311, 100.771, 100, 0, 0, 31.914, 31.077, 99.146, 4.367, 97.743, 0, 0, 98.743, 88.187, 0, 0, 0.191, 0, 0, 13.8, 0, 12.5, 0, 4.39, 152.658, 0, 0, 0, 83, 1, 0.018, 0.019, 104.311, 100.65, 100, 0, 0, 141, 31.914, 31.077, 99.146, 4.367, 0, 97.743, 0, 0, 98.743, 88.187, 0, 0, 0, 0, 
1.35, 16.86, 100.382, 74.41, 75.171, , 15.943, 0.986, 163.829, 163.829, 4.411, 381.147, 381.147, 381.147, 51.286, 64.034, 34.775, 35.427, 7.381, 13.243, 0, 0, 87.797, 89, 87.797, 89, 1, 87.561, 87.561, 0.025, 0.131, 102.68, 104.085, 102.68, 104.085, 6.177, 7.381, 13.243, , , 1, 1.438, 0.197, 0, 12.5, 4.411, 152.867, 0, 0, 0, 83, 18.526, 18.722, 104.124, 100.734, 100, 0, 0, 31.966, 31.181, 99.667, 4.393, 97.9, 0, 0, 98.9, 88.963, 0, 0, 0.197, 0, 0, 13.8, 0, 12.5, 0, 4.411, 152.867, 0, 0, 0, 83, 1, 0.018, 0.019, 104.124, 100.574, 100, 0, 0, 141, 31.966, 31.181, 99.667, 4.393, 0, 97.9, 0, 0, 98.9, 88.963, 0, 0, 0, 0, 
1.4, 16.86, 100.382, 74.41, 75.17, , 15.867, 0.986, 170.139, 170.139, 4.44, 379.38, 379.38, 379.38, 51.303, 64.231, 34.919, 35.787, 7.38, 13.242, 0, 0, 88.164, 89.371, 88.164, 89.371, 1, 88.342, 88.342, 0.025, 0.132, 102.18, 103.579, 102.18, 103.579, 6.201, 7.38, 13.242, , , 1, 1.488, 0.185, 0, 12.5, 4.44, 152.851, 0, 0, 0, 83, 18.594, 18.802, 104, 100.682, 100, 0, 0, 32, 31.268, 100, 4.41, 98.261, 0, 0, 99.261, 89.607, 0, 0, 0.185, 0, 0, 13.8, 0, 12.5, 0, 4.44, 152.851, 0, 0, 0, 83, 1, 0.019, 0.019, 104, 100.511, 100, 0, 0, 141, 32, 31.268, 100, 4.41, 0, 98.261, 0, 0, 99.261, 89.607, 0, 0, 0, 0, 
1.45, 16.86, 100.381, 74.41, 75.169, , 15.804, 0.986, 176.45, 176.45, 4.483, 377.897, 377.897, 377.897, 51.28, 64.428, 35.057, 36.136, 7.38, 13.208, 0, 0, 88.586, 89.798, 88.586, 89.798, 1, 89.125, 89.125, 0.025, 0.132, 101.818, 103.213, 101.818, 103.213, 6.226, 7.38, 13.208, , , 1, 1.538, 0.144, 0, 12.5, 4.483, 152.436, 0, 0, 0, 83, 18.636, 18.837, 104, 100.606, 100, 0, 0, 32, 31.32, 100, 4.41, 98.988, 0, 0, 99.988, 89.996, 0, 0, 0.144, 0, 0, 13.8, 0, 12.5, 0, 4.483, 152.436, 0, 0, 0, 83, 1, 0.019, 0.019, 104, 100.473, 100, 0, 0, 141, 32, 31.32, 100, 4.41, 0, 98.988, 0, 0, 99.988, 89.996, 0, 0, 0, 0, 
1.5, 16.86, 100.381, 74.41, 75.168, , 15.72, 0.986, 182.908, 182.908, 4.525, 375.925, 375.925, 375.925, 51.211, 64.625, 34.913, 35.956, 7.38, 13.174, 0, 0, 88.89, 90.106, 88.89, 90.106, 1, 89.894, 89.894, 0.025, 0.132, 101.425, 102.814, 101.425, 102.814, 6.256, 7.38, 13.174, , , 1, 1.588, 0.102, 0, 12.5, 4.525, 152.021, 0, 0, 0, 83, 18.678, 18.873, 104, 100.529, 100, 0, 0, 32, 31.372, 100, 4.41, 99.714, 0, 0, 100.714, 90.384, 0, 0, 0.102, 0, 0, 13.8, 0, 12.5, 0, 4.525, 152.021, 0, 0, 0, 83, 1, 0.019, 0.019, 104, 100.434, 100, 0, 0, 141, 32, 31.372, 100, 4.41, 0, 99.714, 0, 0, 100.714, 90.384, 0, 0, 0, 0, 
1.55, 16.86, 100.381, 74.41, 75.168, , 15.636, 0.986, 189.394, 189.394, 4.567, 373.975, 373.975, 373.975, 51.093, 64.822, 34.769, 35.776, 7.38, 13.115, 0, 0, 89.186, 90.407, 89.186, 90.407, 1, 90.663, 90.663, 0.025, 0.132, 101.139, 102.526, 101.139, 102.526, 6.287, 7.38, 13.115, , , 1, 1.638, 0.061, 0, 12.5, 4.567, 151.606, 0, 0, 0, 83, 18.719, 18.908, 104, 100.452, 100, 0, 0, 32, 31.424, 100, 4.41, 100.44, 0, 0, 101.44, 90.773, 0, 0, 0.061, 0, 0, 13.8, 0, 12.5, 0, 4.567, 151.606, 0, 0, 0, 83, 1, 0.019, 0.019, 104, 100.396, 100, 0, 0, 141, 32, 31.424, 100, 4.41, 0, 100.44, 0, 0, 101.44, 90.773, 0, 0, 0, 0, 
1.6, 16.86, 100.38, 74.41, 75.167, , 15.538, 0.986, 196.006, 196.006, 4.61, 371.669, 371.669, 371.669, 50.918, 65.019, 34.625, 35.596, 7.38, 13.055, 0, 0, 89.393, 90.616, 89.393, 90.616, 1, 91.428, 91.428, 0.025, 0.132, 100.852, 102.237, 100.852, 102.237, 6.317, 7.38, 13.055, , , 1, 1.688, 0.019, 0, 12.5, 4.61, 151.191, 0, 0, 0, 83, 18.761, 18.944, 104, 100.375, 100, 0, 0, 32, 31.476, 100, 4.41, 101.166, 0, 0, 102.166, 91.161, 0, 0, 0.019, 0, 0, 13.8, 0, 12.5, 0, 4.61, 151.191, 0, 0, 0, 83, 1, 0.019, 0.019, 104, 100.357, 100, 0, 0, 141, 32, 31.476, 100, 4.41, 0, 101.166, 0, 0, 102.166, 91.161, 0, 0, 0, 0, 
1.65, 16.86, 100.38, 74.41, 75.166, , 15.46, 0.986, 203.411, 203.411, 4.649, 369.849, 369.849, 369.849, 50.693, 65.217, 34.481, 35.416, 7.38, 12.979, 0, 0, 89.778, 91.007, 89.778, 91.007, 1, 92.197, 92.197, 0.025, 0.132, 100.849, 102.233, 100.849, 102.233, 6.348, 7.38, 12.979, , , 1, 1.738, 0, 0, 12.5, 4.649, 151, 0, 0, 0, 83, 18.776, 18.951, 103.919, 100.265, 100, 0, 0, 32.034, 31.522, 100, 4.41, 101.5, 0, 0, 102.478, 91.857, 0, 0, 0, 0, 0, 13.798, 0, 12.5, 0, 4.649, 151, 0, 0, 0, 83, 1, 0.019, 0.019, 103.919, 100.262, 100, 0, 0, 141, 32.034, 31.522, 100, 4.41, 0, 101.5, 0, 0, 102.478, 91.857, 0, 0, 0, 0, 
1.7, 16.86, 100.381, 74.41, 75.165, , 15.342, 0.986, 211.551, 211.551, 4.686, 367.086, 367.086, 367.086, 50.383, 65.414, 34.343, 35.248, 7.38, 12.902, 0, 0, 89.994, 91.226, 89.994, 91.226, 1, 93.215, 93.215, 0.025, 0.132, 100.657, 102.038, 100.657, 102.038, 6.388, 7.38, 12.902, , , 1, 1.788, 0, 0, 12.5, 4.686, 151, 0, 0, 0, 83, 18.768, 18.934, 103.769, 100.126, 100, 0, 0, 32.096, 31.564, 100, 4.41, 101.5, 0, 0, 102.436, 92.815, 0, 0, 0, 0, 0, 13.794, 0, 12.5, 0, 4.686, 151, 0, 0, 0, 83, 1, 0.019, 0.019, 103.769, 100.124, 100, 0, 0, 141, 32.096, 31.564, 100, 4.41, 0, 101.5, 0, 0, 102.436, 92.815, 0, 0, 0, 0, 
1.75, 16.86, 100.381, 74.41, 75.165, , 15.263, 0.986, 218.254, 218.254, 4.724, 365.229, 365.229, 365.229, 50.159, 65.611, 34.487, 35.644, 7.38, 12.811, 0, 0, 90.266, 91.502, 90.266, 91.502, 1, 93.959, 93.959, 0.025, 0.131, 100.601, 101.982, 100.601, 101.982, 6.428, 7.38, 12.811, , , 1, 1.838, 0, 0, 12.5, 4.724, 151, 0, 0, 0, 83, 18.76, 18.917, 103.619, 99.987, 100, 0, 0, 32.159, 31.606, 100, 4.41, 101.5, 0, 0, 102.394, 93.773, 0, 0, 0, 0, 0, 13.789, 0, 12.5, 0, 4.724, 151, 0, 0, 0, 83, 1, 0.019, 0.019, 103.619, 99.985, 100, 0, 0, 141, 32.159, 31.606, 100, 4.41, 0, 101.5, 0, 0, 102.394, 93.773, 0, 0, 0, 0, 
1.8, 16.86, 100.381, 74.41, 75.164, , 15.199, 0.986, 225.121, 225.121, 4.761, 363.727, 363.727, 363.727, 49.937, 65.808, 34.631, 36.04, 7.38, 12.718, 0, 0, 90.612, 91.852, 90.612, 91.852, 1, 94.711, 94.711, 0.025, 0.131, 100.632, 102.013, 100.632, 102.013, 6.468, 7.38, 12.718, , , 1, 1.888, 0, 0, 12.5, 4.761, 151, 0, 0, 0, 83, 18.752, 18.9, 103.469, 99.848, 100, 0, 0, 32.221, 31.648, 100, 4.41, 101.5, 0, 0, 102.352, 94.731, 0, 0, 0, 0, 0, 13.785, 0, 12.5, 0, 4.761, 151, 0, 0, 0, 83, 1, 0.019, 0.019, 103.469, 99.846, 100, 0, 0, 141, 32.221, 31.648, 100, 4.41, 0, 101.5, 0, 0, 102.352, 94.731, 0, 0, 0, 0, 
1.85, 16.86, 100.382, 74.41, 75.163, , 15.15, 0.986, 231.873, 231.873, 4.798, 362.59, 362.59, 362.59, 49.722, 66.005, 34.775, 36.436, 7.38, 12.626, 0, 0, 91.044, 92.289, 91.044, 92.289, 1, 95.459, 95.459, 0.025, 0.131, 100.756, 102.137, 100.756, 102.137, 6.508, 7.38, 12.626, , , 1, 1.938, 0, 0, 12.5, 4.798, 151, 0, 0, 0, 83, 18.744, 18.882, 103.319, 99.709, 100, 0, 0, 32.284, 31.689, 100, 4.41, 101.5, 0, 0, 102.311, 95.689, 0, 0, 0, 0, 0, 13.781, 0, 12.5, 0, 4.798, 151, 0, 0, 0, 83, 1, 0.019, 0.019, 103.319, 99.707, 100, 0, 0, 141, 32.284, 31.689, 100, 4.41, 0, 101.5, 0, 0, 102.311, 95.689, 0, 0, 0, 0, 
1.9, 16.86, 100.382, 74.41, 75.162, , 15.105, 0.986, 238.858, 238.858, 4.836, 361.563, 361.563, 361.563, 49.512, 66.202, 34.919, 36.832, 7.379, 12.534, 0, 0, 91.492, 92.743, 91.492, 92.743, 1, 96.199, 96.199, 0.025, 0.131, 100.898, 102.279, 100.898, 102.279, 6.517, 7.379, 12.534, , , 1, 1.988, 0, 0, 12.5, 4.836, 151, 0, 0, 0, 83, 18.736, 18.865, 103.169, 99.57, 100, 0, 0, 32.346, 31.731, 100, 4.41, 101.5, 0, 0, 102.269, 96.647, 0, 0, 0, 0, 0, 13.777, 0, 12.5, 0, 4.836, 151, 0, 0, 0, 83, 1, 0.019, 0.019, 103.169, 99.569, 100, 0, 0, 141, 32.346, 31.731, 100, 4.41, 0, 101.5, 0, 0, 102.269, 96.647, 0, 0, 0, 0, 
1.95, 16.86, 100.382, 74.41, 75.162, , 15.054, 0.986, 245.742, 245.742, 4.873, 360.369, 360.369, 360.369, 49.308, 66.399, 35.064, 37.214, 7.379, 12.465, 0, 0, 91.883, 93.138, 91.883, 93.138, 1, 96.931, 96.931, 0.025, 0.131, 100.979, 102.362, 100.979, 102.362, 6.519, 7.379, 12.465, , , 1, 2.038, 0, 0, 12.5, 4.873, 151, 0, 0, 0, 83, 18.728, 18.848, 103.019, 99.431, 100, 0, 0, 32.409, 31.772, 100, 4.41, 101.5, 0, 0, 102.228, 97.605, 0, 0, 0, 0, 0, 13.773, 0, 12.5, 0, 4.873, 151, 0, 0, 0, 83, 1, 0.019, 0.019, 103.019, 99.43, 100, 0, 0, 141, 32.409, 31.772, 100, 4.41, 0, 101.5, 0, 0, 102.228, 97.605, 0, 0, 0, 0, 
2, 16.86, 100.383, 74.41, 75.161, , 15.024, 0.986, 252.818, 252.818, 4.91, 359.697, 359.697, 359.697, 49.116, 66.596, 35.28, 36.89, 7.379, 12.4, 0, 0, 92.418, 93.682, 92.418, 93.682, 1, 97.672, 97.672, 0.025, 0.131, 101.162, 102.545, 101.162, 102.545, 6.52, 7.379, 12.4, , , 1, 2.088, 0, 0, 12.5, 4.91, 151, 0, 0, 0, 83, 18.72, 18.831, 102.869, 99.292, 100, 0, 0, 32.471, 31.814, 100, 4.41, 101.5, 0, 0, 102.186, 98.563, 0, 0, 0, 0, 0, 13.769, 0, 12.5, 0, 4.91, 151, 0, 0, 0, 83, 1, 0.019, 0.019, 102.869, 99.291, 100, 0, 0, 141, 32.471, 31.814, 100, 4.41, 0, 101.5, 0, 0, 102.186, 98.563, 0, 0, 0, 0, 
2.05, 16.86, 100.383, 74.41, 75.16, , 14.968, 0.986, 259.893, 259.893, 4.948, 358.383, 358.383, 358.383, 49.068, 66.793, 35.496, 36.566, 7.379, 12.372, 0, 0, 92.777, 94.046, 92.777, 94.046, 1, 98.41, 98.41, 0.025, 0.13, 100.904, 102.285, 100.904, 102.285, 6.522, 7.379, 12.372, , , 1, 2.138, 0, 0, 12.5, 4.948, 151, 0, 0, 0, 83, 18.712, 18.814, 102.719, 99.153, 100, 0, 0, 32.534, 31.856, 100, 4.41, 101.5, 0, 0, 102.144, 99.521, 0, 0, 0, 0, 0, 13.764, 0, 12.5, 0, 4.948, 151, 0, 0, 0, 83, 1, 0.019, 0.019, 102.719, 99.152, 100, 0, 0, 141, 32.534, 31.856, 100, 4.41, 0, 101.5, 0, 0, 102.144, 99.521, 0, 0, 0, 0, 
2.1, 16.86, 100.384, 74.41, 75.16, , 14.881, 0.986, 266.969, 266.969, 4.985, 356.345, 356.345, 356.345, 49.173, 66.99, 35.712, 36.242, 7.379, 12.351, 0, 0, 92.933, 94.206, 92.933, 94.206, 1, 99.142, 99.142, 0.025, 0.13, 100.11, 101.482, 100.11, 101.482, 6.527, 7.379, 12.351, , , 1, 2.188, 0, 0, 12.5, 4.985, 151, 0, 0, 0, 83, 18.704, 18.797, 102.569, 99.014, 100, 0, 0, 32.596, 31.898, 100, 4.41, 101.5, 0, 0, 102.102, 100.479, 0, 0, 0, 0, 0, 13.76, 0, 12.5, 0, 4.985, 151, 0, 0, 0, 83, 1, 0.019, 0.019, 102.569, 99.014, 100, 0, 0, 141, 32.596, 31.898, 100, 4.41, 0, 101.5, 0, 0, 102.102, 100.479, 0, 0, 0, 0, 
2.15, 16.86, 100.384, 74.41, 75.16, , 14.838, 0.986, 274.071, 274.071, 5.022, 355.346, 355.346, 355.346, 49.444, 67.187, 35.928, 35.918, 7.38, 12.369, 0, 0, 93.352, 94.632, 93.352, 94.632, 1, 99.874, 99.874, 0.025, 0.13, 99.31, 100.671, 99.31, 100.671, 6.536, 7.38, 12.369, , , 1, 2.238, 0, 0, 12.5, 5.022, 151, 0, 0, 0, 83, 18.697, 18.78, 102.419, 98.875, 100, 0, 0, 32.659, 31.939, 100, 4.41, 101.5, 0, 0, 102.061, 101.436, 0, 0, 0, 0, 0, 13.756, 0, 12.5, 0, 5.022, 151, 0, 0, 0, 83, 1, 0.019, 0.019, 102.419, 98.875, 100, 0, 0, 141, 32.659, 31.939, 100, 4.41, 0, 101.5, 0, 0, 102.061, 101.436, 0, 0, 0, 0, 
2.2, 16.86, 100.384, 74.41, 75.16, , 14.766, 0.986, 281.368, 281.368, 5.06, 353.657, 353.657, 353.657, 49.873, 67.384, 36.137, 35.61, 7.382, 12.395, 0, 0, 93.588, 94.873, 93.588, 94.873, 1, 100.603, 100.603, 0.025, 0.13, 98, 99.342, 98, 99.342, 6.545, 7.382, 12.395, , , 1, 2.288, 0, 0, 12.5, 5.06, 151, 0, 0, 0, 83, 18.689, 18.763, 102.269, 98.736, 100, 0, 0, 32.721, 31.981, 100, 4.41, 101.5, 0, 0, 102.019, 102.394, 0, 0, 0, 0, 0, 13.752, 0, 12.5, 0, 5.06, 151, 0, 0, 0, 83, 1, 0.019, 0.019, 102.269, 98.736, 100, 0, 0, 141, 32.721, 31.981, 100, 4.41, 0, 101.5, 0, 0, 102.019, 102.394, 0, 0, 0, 0, 
2.25, 16.86, 100.385, 74.41, 75.16, , 14.68, 0.986, 288.664, 288.664, 5.104, 351.661, 351.661, 351.661, 50.44, 67.581, 35.993, 36.114, 7.382, 12.441, 0, 0, 93.733, 95.02, 93.733, 95.02, 1, 101.33, 101.33, 0.025, 0.13, 96.358, 97.679, 96.358, 97.679, 6.554, 7.382, 12.441, , , 1, 2.338, 0, 0, 12.5, 5.104, 151, 0, 0, 0, 83, 18.608, 18.673, 101.998, 98.567, 100, 0, 0, 32.834, 32, 100, 4.41, 101.5, 0, 0, 101.944, 103.01, 0, 0, 0, 0, 0, 13.744, 0, 12.5, 0, 5.104, 151, 0, 0, 0, 83, 1, 0.018, 0.018, 101.998, 98.567, 100, 0, 0, 141, 32.834, 32, 100, 4.41, 0, 101.5, 0, 0, 101.944, 103.01, 0, 0, 0, 0, 
2.3, 16.86, 100.385, 74.41, 75.16, , 14.641, 0.986, 295.961, 295.961, 5.155, 350.75, 350.75, 350.75, 50.944, 67.778, 35.849, 36.618, 7.382, 12.492, 0, 0, 94.157, 95.449, 94.157, 95.449, 1, 102.048, 102.048, 0.025, 0.13, 95.133, 96.436, 95.133, 96.436, 6.576, 7.382, 12.492, , , 1, 2.388, 0, 0, 12.5, 5.155, 151, 0, 0, 0, 83, 18.465, 18.522, 101.622, 98.374, 100, 0, 0, 32.991, 32, 100, 4.41, 101.5, 0, 0, 101.839, 103.334, 0, 0, 0, 0, 0, 13.734, 0, 12.5, 0, 5.155, 151, 0, 0, 0, 83, 1, 0.018, 0.018, 101.622, 98.374, 100, 0, 0, 141, 32.991, 32, 100, 4.41, 0, 101.5, 0, 0, 101.839, 103.334, 0, 0, 0, 0, 
2.35, 16.86, 100.385, 74.41, 75.16, , 14.588, 0.986, 303.324, 303.324, 5.206, 349.517, 349.517, 349.517, 51.332, 67.975, 35.705, 37.122, 7.382, 12.555, 0, 0, 94.483, 95.779, 94.483, 95.779, 1, 102.773, 102.773, 0.025, 0.13, 94.093, 95.38, 94.093, 95.38, 6.611, 7.382, 12.555, , , 1, 2.438, 0, 0, 12.5, 5.206, 151, 0, 0, 0, 83, 18.323, 18.371, 101.248, 98.182, 100, 0, 0, 33.147, 32, 100, 4.41, 101.5, 0, 0, 101.734, 103.658, 0, 0, 0, 0, 0, 13.723, 0, 12.5, 0, 5.206, 151, 0, 0, 0, 83, 1, 0.018, 0.018, 101.248, 98.182, 100, 0, 0, 141, 33.147, 32, 100, 4.41, 0, 101.5, 0, 0, 101.734, 103.658, 0, 0, 0, 0, 
2.4, 16.86, 100.386, 74.41, 75.16, , 14.503, 0.986, 310.705, 310.705, 5.257, 347.539, 347.539, 347.539, 51.58, 68.173, 35.561, 37.626, 7.382, 12.621, 0, 0, 94.612, 95.911, 94.612, 95.911, 1, 103.484, 103.484, 0.025, 0.13, 93.072, 94.345, 93.072, 94.345, 6.646, 7.382, 12.621, , , 1, 2.488, 0, 0, 12.5, 5.257, 151, 0, 0, 0, 83, 18.18, 18.22, 100.872, 97.989, 100, 0, 0, 33.303, 32, 100, 4.41, 101.5, 0, 0, 101.63, 103.982, 0, 0, 0, 0, 0, 13.713, 0, 12.5, 0, 5.257, 151, 0, 0, 0, 83, 1, 0.018, 0.018, 100.872, 97.989, 100, 0, 0, 141, 33.303, 32, 100, 4.41, 0, 101.5, 0, 0, 101.63, 103.982, 0, 0, 0, 0, 
2.45, 16.86, 100.386, 74.41, 75.16, , 14.455, 0.986, 318.237, 318.237, 5.308, 346.412, 346.412, 346.412, 51.713, 68.37, 35.417, 38.116, 7.381, 12.69, 0, 0, 94.943, 96.245, 94.943, 96.245, 1, 104.202, 104.202, 0.025, 0.13, 92.542, 93.81, 92.542, 93.81, 6.68, 7.381, 12.69, , , 1, 2.538, 0, 0, 12.5, 5.308, 151, 0, 0, 0, 83, 18.037, 18.069, 100.498, 97.796, 100, 0, 0, 33.459, 32, 100, 4.41, 101.5, 0, 0, 101.525, 104.306, 0, 0, 0, 0, 0, 13.702, 0, 12.5, 0, 5.308, 151, 0, 0, 0, 83, 1, 0.018, 0.018, 100.498, 97.796, 100, 0, 0, 141, 33.459, 32, 100, 4.41, 0, 101.5, 0, 0, 101.525, 104.306, 0, 0, 0, 0, 
2.5, 16.86, 100.387, 74.41, 75.16, , 14.388, 0.986, 325.77, 325.77, 5.348, 344.858, 344.858, 344.858, 51.735, 68.567, 35.273, 37.936, 7.379, 12.76, 0, 0, 95.159, 96.465, 95.159, 96.465, 1, 104.911, 104.911, 0.025, 0.13, 92.093, 93.354, 92.093, 93.354, 6.714, 7.379, 12.76, , , 1, 2.588, 0, 0, 12.5, 5.348, 151.304, 0, 0, 0, 83, 17.919, 17.963, 100.4, 97.638, 100, 0, 0, 33.648, 32.074, 100, 4.41, 100.968, 0, 0, 100.968, 105.034, 0, 0, 0, 0, 0, 13.7, 0, 12.5, 0, 5.348, 151.304, 0, 0, 0, 83, 1, 0.018, 0.018, 100.4, 97.638, 100, 0, 0, 141, 33.648, 32.074, 100, 4.41, 0, 100.968, 0, 0, 100.968, 105.034, 0, 0, 0, 0, 
2.55, 16.86, 100.387, 74.41, 75.16, , 14.287, 0.986, 333.438, 333.438, 5.385, 342.472, 342.472, 342.472, 51.732, 68.764, 35.129, 37.756, 7.379, 12.822, 0, 0, 95.144, 96.449, 95.144, 96.449, 1, 105.616, 105.616, 0.025, 0.13, 91.46, 92.714, 91.46, 92.714, 6.743, 7.379, 12.822, , , 1, 2.638, 0, 0, 12.5, 5.385, 151.704, 0, 0, 0, 83, 17.809, 17.873, 100.4, 97.49, 100, 0, 0, 33.848, 32.174, 100, 4.41, 100.268, 0, 0, 100.268, 105.904, 0, 0, 0, 0, 0, 13.7, 0, 12.5, 0, 5.385, 151.704, 0, 0, 0, 83, 1, 0.018, 0.018, 100.4, 97.49, 100, 0, 0, 141, 33.848, 32.174, 100, 4.41, 0, 100.268, 0, 0, 100.268, 105.904, 0, 0, 0, 0, 
2.6, 16.86, 100.387, 74.41, 75.16, , 14.163, 0.986, 343.401, 343.401, 5.423, 339.563, 339.563, 339.563, 51.724, 68.961, 34.985, 37.576, 7.379, 12.881, 0, 0, 95.143, 96.446, 95.143, 96.446, 1, 106.525, 106.525, 0.025, 0.13, 90.697, 91.941, 90.697, 91.941, 6.773, 7.379, 12.881, , , 1, 2.689, 0, 0, 12.5, 5.423, 152.104, 0, 0, 0, 83, 17.699, 17.783, 100.4, 97.342, 100, 0, 0, 34.048, 32.274, 100, 4.41, 99.568, 0, 0, 99.568, 106.774, 0, 0, 0, 0, 0, 13.7, 0, 12.5, 0, 5.423, 152.104, 0, 0, 0, 83, 1, 0.017, 0.018, 100.4, 97.342, 100, 0, 0, 141, 34.048, 32.274, 100, 4.41, 0, 99.568, 0, 0, 99.568, 106.774, 0, 0, 0, 0, 
2.65, 16.86, 100.388, 74.41, 75.16, , 14.062, 0.986, 351.154, 351.154, 5.46, 337.204, 337.204, 337.204, 51.717, 69.158, 34.841, 37.396, 7.379, 12.92, 0, 0, 95.101, 96.402, 95.101, 96.402, 1, 107.226, 107.226, 0.025, 0.13, 90.081, 91.316, 90.081, 91.316, 6.803, 7.379, 12.92, , , 1, 2.739, 0, 0, 12.5, 5.46, 152.504, 0, 0, 0, 83, 17.589, 17.693, 100.4, 97.194, 100, 0, 0, 34.248, 32.374, 100, 4.41, 98.868, 0, 0, 98.868, 107.644, 0, 0, 0, 0, 0, 13.7, 0, 12.5, 0, 5.46, 152.504, 0, 0, 0, 83, 1, 0.017, 0.018, 100.4, 97.194, 100, 0, 0, 141, 34.248, 32.374, 100, 4.41, 0, 98.868, 0, 0, 98.868, 107.644, 0, 0, 0, 0, 
2.7, 16.86, 100.388, 74.41, 75.16, , 13.962, 0.986, 358.813, 358.813, 5.497, 334.848, 334.848, 334.848, 51.708, 69.355, 34.699, 37.212, 7.379, 12.952, 0, 0, 95.038, 96.338, 95.038, 96.338, 1, 107.903, 107.903, 0.025, 0.13, 89.469, 90.696, 89.469, 90.696, 6.834, 7.379, 12.952, , , 1, 2.788, 0, 0, 12.5, 5.497, 152.904, 0, 0, 0, 83, 17.479, 17.603, 100.4, 97.046, 100, 0, 0, 34.448, 32.474, 100, 4.41, 98.168, 0, 0, 98.168, 108.514, 0, 0, 0, 0, 0, 13.7, 0, 12.5, 0, 5.497, 152.904, 0, 0, 0, 83, 1, 0.017, 0.018, 100.4, 97.046, 100, 0, 0, 141, 34.448, 32.474, 100, 4.41, 0, 98.168, 0, 0, 98.168, 108.514, 0, 0, 0, 0, 
2.75, 16.86, 100.389, 74.41, 75.16, , 13.852, 0.986, 366.751, 366.751, 5.546, 332.277, 332.277, 332.277, 51.697, 69.552, 34.663, 36.816, 7.38, 12.96, 0, 0, 94.916, 96.215, 94.916, 96.215, 1, 108.599, 108.599, 0.025, 0.13, 88.8, 90.019, 88.8, 90.019, 6.877, 7.38, 12.96, , , 1, 2.838, 0, 0, 12.5, 5.546, 153, 0, 0, 0, 83, 17.463, 17.577, 100.153, 96.829, 100, 0, 0, 34.603, 32.603, 100, 4.411, 98.28, 0, 0, 98.315, 109.464, 0, 0, 0, 0, 0, 13.7, 0, 12.5, 0, 5.546, 153, 0, 0, 0, 83, 1, 0.017, 0.018, 100.153, 96.829, 100, 0, 0, 141, 34.603, 32.603, 100, 4.411, 0, 98.281, 0, 0, 98.315, 109.464, 0, 0, 0, 0, 
2.8, 16.86, 100.389, 74.41, 75.16, , 13.764, 0.986, 374.535, 374.535, 5.598, 330.207, 330.207, 330.207, 51.698, 69.749, 34.627, 36.42, 7.382, 12.959, 0, 0, 94.916, 96.216, 94.916, 96.216, 1, 109.273, 109.273, 0.025, 0.13, 88.247, 89.458, 88.247, 89.458, 6.92, 7.382, 12.959, , , 1, 2.888, 0, 0, 12.5, 5.598, 153, 0, 0, 0, 83, 17.481, 17.572, 99.82, 96.591, 100, 0, 0, 34.742, 32.742, 100, 4.413, 98.649, 0, 0, 98.731, 110.443, 0, 0, 0, 0, 0, 13.7, 0, 12.5, 0, 5.598, 153, 0, 0, 0, 83, 1, 0.017, 0.018, 99.82, 96.591, 100, 0, 0, 141, 34.742, 32.742, 100, 4.413, 0, 98.652, 0, 0, 98.731, 110.443, 0, 0, 0, 0, 
2.85, 16.86, 100.389, 74.41, 75.16, , 13.664, 0.986, 382.457, 382.457, 5.651, 327.859, 327.859, 327.859, 51.712, 69.946, 34.591, 36.024, 7.382, 12.941, 0, 0, 94.822, 96.121, 94.822, 96.121, 1, 109.95, 109.95, 0.025, 0.13, 87.596, 88.797, 87.596, 88.797, 6.962, 7.382, 12.941, , , 1, 2.938, 0, 0, 12.5, 5.651, 153, 0, 0, 0, 83, 17.498, 17.567, 99.487, 96.353, 100, 0, 0, 34.881, 32.881, 100, 4.415, 99.018, 0, 0, 99.146, 111.422, 0, 0, 0, 0, 0, 13.7, 0, 12.5, 0, 5.651, 153, 0, 0, 0, 83, 1, 0.018, 0.018, 99.487, 96.353, 100, 0, 0, 141, 34.881, 32.881, 100, 4.415, 0, 99.022, 0, 0, 99.146, 111.422, 0, 0, 0, 0, 
2.9, 16.86, 100.39, 74.41, 75.16, , 13.531, 0.986, 390.412, 390.412, 5.703, 324.746, 324.746, 324.746, 51.741, 70.143, 34.555, 35.628, 7.382, 12.916, 0, 0, 94.492, 95.787, 94.492, 95.787, 1, 110.62, 110.62, 0.025, 0.13, 86.716, 87.905, 86.716, 87.905, 7.005, 7.382, 12.916, , , 1, 2.988, 0, 0, 12.5, 5.703, 153, 0, 0, 0, 83, 17.516, 17.563, 99.153, 96.115, 100, 0, 0, 35.019, 33.019, 100, 4.417, 99.387, 0, 0, 99.561, 112.4, 0, 0, 0, 0, 0, 13.7, 0, 12.5, 0, 5.703, 153, 0, 0, 0, 83, 1, 0.018, 0.018, 99.153, 96.115, 100, 0, 0, 141, 35.019, 33.019, 100, 4.417, 0, 99.393, 0, 0, 99.561, 112.4, 0, 0, 0, 0, 
2.95, 16.86, , , 75.16, , 13.422, , 398.399, 398.399, 5.756, 322.177, 322.177, 322.177, 51.786, 70.34, 34.524, 35.24, 7.383, 12.885, 0, 0, 94.302, 95.596, 94.302, 95.596, 1, 111.288, 111.288, 0.025, 0.13, 85.957, 87.136, 85.957, 87.136, 7.074, 7.383, 12.885, , , 1, 3.038, 0, 0, 12.5, 5.756, 153, 0, 0, 0, 83, 17.533, 17.558, 98.82, 95.877, 100, 0, 0, 35.158, 33.158, 100, 4.419, 99.756, 0, 0, 99.976, 113.379, 0, 0, 0, 0, 0, 13.7, 0, 12.5, 0, 5.756, 153, 0, 0, 0, 83, 1, 0.018, 0.018, 98.82, 95.877, 100, 0, 0, 141, 35.158, 33.158, 100, 4.419, 0, 99.763, 0, 0, 99.976, 113.379, 0, 0, 0, 0, 
3, 16.86, , , 75.16, , 13.322, , 406.457, 406.457, 5.797, 319.829, 319.829, 319.829, 51.842, 70.537, 34.703, 35.24, 7.384, 12.853, 0, 0, 94.168, 95.46, 94.168, 95.46, 1, 111.946, 111.946, 0.025, 0.13, 85.24, 86.408, 85.24, 86.408, 7.148, 7.384, 12.853, , , 1, 3.088, 0, 0, 12.5, 5.797, 153, 0, 0, 0, 83, 17.544, 17.555, 98.6, 95.682, 100, 0, 0, 35.268, 33.268, 100, 4.419, 100.037, 0, 0, 100.305, 114.14, 0, 0, 0, 0, 0, 13.7, 0, 12.5, 0, 5.797, 153, 0, 0, 0, 83, 1, 0.018, 0.018, 98.6, 95.682, 100, 0, 0, 141, 35.268, 33.268, 100, 4.419, 0, 100.039, 0, 0, 100.305, 114.14, 0, 0, 0, 0, 
3.05, 16.86, , , 75.16, , 13.204, , 414.664, 414.664, 5.818, 317.051, 317.051, 317.051, 51.89, 65.187, 34.882, 35.24, 7.384, 12.818, 0, 0, 93.905, 95.194, 93.905, 95.194, 1, 112.599, 112.599, 0.025, 0.13, 84.42, 85.577, 84.42, 85.577, 7.223, 7.384, 12.818, , , 1, 3.138, 0, 0, 12.5, 5.818, 153, 0, 0, 0, 83, 17.541, 17.554, 98.6, 95.561, 100, 0, 0, 35.323, 33.323, 100, 4.417, 100.146, 0, 0, 100.468, 114.478, 0, 0, 0, 0, 0, 13.7, 0, 12.5, 0, 5.818, 153, 0, 0, 0, 83, 1, 0.018, 0.018, 98.6, 95.561, 100, 0, 0, 141, 35.323, 33.323, 100, 4.417, 0, 100.148, 0, 0, 100.468, 114.478, 0, 0, 0, 0, 
3.1, 16.86, , , 75.16, , 13.089, , 422.802, 422.802, 5.839, 314.353, 314.353, 314.353, 51.924, 57.679, 35.061, 35.24, 7.384, 12.782, 0, 0, 93.641, 94.927, 93.641, 94.927, 1, 113.249, 113.249, 0.025, 0.13, 83.648, 84.794, 83.648, 84.794, 7.298, 7.384, 12.782, , , 1, 3.188, 0, 0, 12.5, 5.839, 153, 0, 0, 0, 83, 17.537, 17.552, 98.6, 95.44, 100, 0, 0, 35.377, 33.377, 100, 4.415, 100.254, 0, 0, 100.632, 114.816, 0, 0, 0, 0, 0, 13.7, 0, 12.5, 0, 5.839, 153, 0, 0, 0, 83, 1, 0.018, 0.018, 98.6, 95.44, 100, 0, 0, 141, 35.377, 33.377, 100, 4.415, 0, 100.257, 0, 0, 100.632, 114.816, 0, 0, 0, 0, 
3.15, 16.86, , , 75.16, , 13.007, , 430.974, 430.974, 5.86, 312.424, 312.424, 312.424, 51.941, 50.17, 35.241, 35.24, 7.385, 12.752, 0, 0, 93.592, 94.877, 93.592, 94.877, 1, 113.891, 113.891, 0.025, 0.13, 83.104, 84.244, 83.104, 84.244, 7.377, 7.385, 12.752, , , 1, 3.238, 0, 0, 12.5, 5.86, 153, 0, 0, 0, 83, 17.534, 17.551, 98.6, 95.32, 100, 0, 0, 35.432, 33.432, 100, 4.413, 100.363, 0, 0, 100.795, 115.154, 0, 0, 0, 0, 0, 13.7, 0, 12.5, 0, 5.86, 153, 0, 0, 0, 83, 1, 0.018, 0.018, 98.6, 95.32, 100, 0, 0, 141, 35.432, 33.432, 100, 4.413, 0, 100.365, 0, 0, 100.795, 115.154, 0, 0, 0, 0, 
3.2, 16.86, , , 75.16, , 12.906, , 439.313, 439.313, 5.881, 310.069, 310.069, 310.069, 51.943, 61.101, 35.42, 35.24, 7.387, 12.727, 0, 0, 93.412, 94.694, 93.412, 94.694, 1, 114.535, 114.535, 0.025, 0.13, 82.473, 83.604, 82.473, 83.604, 7.459, 7.387, 12.727, , , 1, 3.288, 0, 0, 12.5, 5.881, 153, 0, 0, 0, 83, 17.531, 17.55, 98.6, 95.199, 100, 0, 0, 35.486, 33.486, 100, 4.411, 100.472, 0, 0, 100.958, 115.492, 0, 0, 0, 0, 0, 13.7, 0, 12.5, 0, 5.881, 153, 0, 0, 0, 83, 1, 0.018, 0.018, 98.6, 95.199, 100, 0, 0, 141, 35.486, 33.486, 100, 4.411, 0, 100.474, 0, 0, 100.958, 115.492, 0, 0, 0, 0, 
3.25, 16.86, , , 75.16, , 12.33, , 447.653, 447.653, 5.91, 296.426, 296.426, 296.426, 51.934, , 35.168, 35.348, 7.389, 12.708, 0, 0, 89.753, 90.984, 89.753, 90.984, 1, 115.165, 115.165, 0.025, 0.129, 81.664, 82.784, 81.664, 82.784, 7.542, 7.389, 12.708, , , 1, 3.338, 0, 0, 12.5, 5.91, 153, 0, 0, 0, 82.852, 17.402, 17.473, 98.6, 95.002, 100, 0, 0, 35.574, 33.574, 100, 4.41, 100.13, 0, 0, 100.704, 116.037, 0, 0, 0, 0, 0, 13.715, 0, 12.5, 0, 5.91, 153, 0, 0, 0, 82.852, 1, 0.018, 0.018, 98.6, 95.002, 100, 0, 0, 141, 35.574, 33.574, 100, 4.41, 0, 100.122, 0, 0, 100.704, 116.037, 0, 0, 0, 0, 
3.3, 16.86, , , 75.16, , 10.581, , 455.992, 455.992, 5.942, 254.943, 254.943, 254.943, 51.928, , 34.916, 35.456, 7.39, 12.693, 0, 0, 77.48, 78.541, 77.48, 78.541, 1, 115.735, 115.735, 0.025, 0.129, 81.142, 82.253, 81.142, 82.253, 7.624, 7.39, 12.693, , , 1, 3.388, 0, 0, 12.5, 5.942, 153, 0, 0, 0, 82.652, 17.228, 17.37, 98.6, 94.781, 100, 0, 0, 35.673, 33.673, 100, 4.41, 99.63, 0, 0, 100.304, 116.655, 0, 0, 0, 0, 0, 13.735, 0, 12.5, 0, 5.942, 153, 0, 0, 0, 82.652, 1, 0.018, 0.018, 98.6, 94.781, 100, 0, 0, 141, 35.673, 33.673, 100, 4.41, 0, 99.624, 0, 0, 100.304, 116.655, 0, 0, 0, 0, 
3.35, 16.86, , , 75.16, , 9.575, , 464.332, 464.332, 5.974, 231.109, 231.109, 231.109, 51.922, , 34.664, 35.564, 7.39, 12.758, 0, 0, 70.547, 71.512, 70.547, 71.512, 1, 116.223, 116.223, 0.025, 0.129, 80.736, 81.842, 80.736, 81.842, 7.686, 7.39, 12.758, , , 1, 3.438, 0, 0, 12.5, 5.974, 153, 0, 0, 0, 82.452, 17.055, 17.266, 98.6, 94.56, 100, 0, 0, 35.773, 33.773, 100, 4.41, 99.13, 0, 0, 99.904, 117.272, 0, 0, 0, 0, 0, 13.755, 0, 12.5, 0, 5.974, 153, 0, 0, 0, 82.452, 1, 0.017, 0.017, 98.6, 94.56, 100, 0, 0, 141, 35.773, 33.773, 100, 4.41, 0, 99.125, 0, 0, 99.904, 117.272, 0, 0, 0, 0, 
3.4, , , , , , 8.082, , 472.838, 472.838, 6.006, 195.707, 195.707, 195.707, 51.92, , 34.412, 35.672, 7.39, 12.879, 0, 0, 59.973, 60.795, 59.973, 60.795, 1, 116.672, 116.672, 0.025, 0.129, 79.879, 80.972, 79.879, 80.972, 7.717, 7.39, 12.879, , , 1, 3.488, 0, 0, 12.5, 6.006, 153, 0, 0, 0, 82.252, 16.882, 17.163, 98.6, 94.339, 100, 0, 0, 35.873, 33.873, 100, 4.41, 98.63, 0, 0, 99.504, 117.89, 0, 0, 0, 0, 0, 13.775, 0, 12.5, 0, 6.006, 153, 0, 0, 0, 82.252, 1, 0.017, 0.017, 98.6, 94.339, 100, 0, 0, 141, 35.873, 33.873, 100, 4.41, 0, 98.627, 0, 0, 99.504, 117.89, 0, 0, 0, 0, 
3.45, , , , , , 6.296, , 481.178, 481.178, 6.038, 153.34, 153.34, 153.34, 51.92, , 34.16, 35.78, 7.39, 12.968, 0, 0, 47.119, 47.765, 47.119, 47.765, 1, 116.979, 116.979, 0.025, 0.129, , , , , 7.747, 7.39, 12.968, , , 1, 3.53, 0, 0, 12.5, 6.038, 153, 0, 0, 0, 82.052, 16.709, 17.059, 98.6, 94.117, 100, 0, 0, 35.972, 33.972, 100, 4.41, 98.13, 0, 0, 99.104, 118.507, 0, 0, 0, 0, 0, 13.795, 0, 12.5, 0, 6.038, 153, 0, 0, 0, 82.052, 1, 0.017, 0.017, 98.6, 94.117, 100, 0, 0, 141, 35.972, 33.972, 100, 4.41, 0, 98.129, 0, 0, 99.104, 118.507, 0, 0, 0, 0, 
3.5, , , , , , 5.141, , 485.422, 485.422, , 125.958, 125.958, 125.958, , , , , 7.389, 13.032, 0, 0, 38.789, 39.32, 38.789, 39.32, 1, 117.136, 117.136, 0.025, 0.129, , , , , 7.778, 7.389, 13.032, , , 1, 3.555, , , , , , , , , , , , , , , , , , , , , , , , , , , , , , , , , , , , , , , , , , , , , , , , , , , , , , , , , , , , , , , , 
3.55, , , , , , 5.602, , 489.746, 489.746, , 136.89, 136.89, 136.89, , , , , 7.388, 13.158, 0, 0, 42.193, 42.771, 42.193, 42.771, 1, 117.284, 117.284, , , , , , , , 7.388, 13.158, , , 1, 3.58, , , , , , , , , , , , , , , , , , , , , , , , , , , , , , , , , , , , , , , , , , , , , , , , , , , , , , , , , , , , , , , , 
3.6, , , , , , 3.37, , 493.983, 493.983, , 83.942, 83.942, 83.942, , , , , 7.387, 13.343, 0, 0, 25.911, 26.267, 25.911, 26.267, 1, 117.45, 117.45, , , , , , , , 7.387, 13.343, , , , 3.605, , , , , , , , , , , , , , , , , , , , , , , , , , , , , , , , , , , , , , , , , , , , , , , , , , , , , , , , , , , , , , , , 
3.65, , , , , , , , 498.307, 498.307, , , , , , , , , , , , , , , , , , 117.49, 117.49, , , , , , , , , , , , , , , , , , , , , , , , , , , , , , , , , , , , , , , , , , , , , , , , , , , , , , , , , , , , , , , , , , , , , , , , , , , , , 
