Time, (DWRT ATMO) Humidity, (DWRT ATMO) Pressure, (DWRT ATMO) Temperature 1, (DWRT ATMO) Temperature 2, (DWRT CPU) ????????????????????????????????????????????????????????????????, (DWRT CPU) Acceleration, (DWRT CPU) Correction Factor, (DWRT CPU) Distance, (DWRT CPU) Distance 1, (DWRT CPU) Engine RPM, (DWRT CPU) Force, (DWRT CPU) Force 1, (DWRT CPU) Force Drum 1, (DWRT CPU) Gear Ratio, (DWRT CPU) Inductive 1 Signal Strength, (DWRT CPU) Internal Temp 1, (DWRT CPU) Internal Temp 2, (DWRT CPU) LC1 Volts Petrol AFR, (DWRT CPU) LC2 Volts Petrol AFR2, (DWRT CPU) Link 0 Status, (DWRT CPU) Link 1 Status, (DWRT CPU) Power, (DWRT CPU) Power (uncorrected), (DWRT CPU) Power Drum 1, (DWRT CPU) Power Drum 1 (uncorrected), (DWRT CPU) Sampling, (DWRT CPU) Speed, (DWRT CPU) Speed 1, (DWRT CPU) TCP RX kB/s, (DWRT CPU) TCP TX kB/s, (DWRT CPU) Torque, (DWRT CPU) Torque (uncorrected), (DWRT CPU) Torque Drum 1, (DWRT CPU) Torque Drum 1 (uncorrected), (DWRT CPU) UDP RX kB/s, (DWRT CPU) User Analog 1, (DWRT CPU) User Analog 2, (DWRT CPU) User Analog 3, (DWRT CPU) User Analog 4, (Gen) Sampling, (Gen) Sampling Duration, (Harley - ECU Type 14 SW Level 141) Accel Enrichment, (Harley - ECU Type 14 SW Level 141) Decel Enleanment, (Harley - ECU Type 14 SW Level 141) Desired Air/Fuel, (Harley - ECU Type 14 SW Level 141) Engine Speed, (Harley - ECU Type 14 SW Level 141) Engine Temperature, (Harley - ECU Type 14 SW Level 141) Front Adaptive Fuel Factor, (Harley - ECU Type 14 SW Level 141) Front Closed Loop Integrator, (Harley - ECU Type 14 SW Level 141) Front Spark Knock Retard, (Harley - ECU Type 14 SW Level 141) Idle Air Control Motor Position, (Harley - ECU Type 14 SW Level 141) Injector Time Front, (Harley - ECU Type 14 SW Level 141) Injector Time Rear, (Harley - ECU Type 14 SW Level 141) Intake Air Temperature, (Harley - ECU Type 14 SW Level 141) Manifold Absolute Pressure, (Harley - ECU Type 14 SW Level 141) Rear Adaptive Fuel Factor, (Harley - ECU Type 14 SW Level 141) Rear Closed Loop Integrator, (Harley - ECU Type 14 SW Level 141) Rear Spark Knock Retard, (Harley - ECU Type 14 SW Level 141) Spark Advance Front, (Harley - ECU Type 14 SW Level 141) Spark Advance Rear, (Harley - ECU Type 14 SW Level 141) Throttle Position, (Harley - ECU Type 14 SW Level 141) Throttle Position Sensor Voltage, (Harley - ECU Type 14 SW Level 141) VE Front, (Harley - ECU Type 14 SW Level 141) VE New Front, (Harley - ECU Type 14 SW Level 141) VE New Rear, (Harley - ECU Type 14 SW Level 141) VE Rear, (Harley - ECU Type 14 SW Level 141) Vehicle Speed, (Harley - ECU Type 14 SW Level 141) WBO2 AFR Front, (Harley - ECU Type 14 SW Level 141) WBO2 AFR Rear, (PV) Accel Enrichment, (PV) AT Lambda 1, (PV) AT Lambda 2, (PV) Battery Voltage, (PV) Decel Enleanment, (PV) Desired Air/Fuel, (PV) Desired Lambda, (PV) Engine Speed, (PV) Engine Temperature, (PV) Front Adaptive Fuel Factor, (PV) Front Closed Loop Integrator, (PV) Front Spark Knock Retard, (PV) Idle Air Control Motor Position, (PV) Idle Set Speed, (PV) Injector Time Front, (PV) Injector Time Rear, (PV) Intake Air Temperature, (PV) Manifold Absolute Pressure, (PV) Rear Adaptive Fuel Factor, (PV) Rear Closed Loop Integrator, (PV) Rear Spark Knock Retard, (PV) Software Level, (PV) Spark Advance Front, (PV) Spark Advance Rear, (PV) Throttle Position, (PV) Throttle Position Sensor, (PV) Twistgrip Position, (PV) VE Front, (PV) VE New Front, (PV) VE New Rear, (PV) VE Rear, (PV) Vehicle Speed, (PV) Warm-up Fuel AFR (Lambda), (PV) Warm-up Fuel AFR (Ratio), (PV) WBO2 AFR Front, (PV) WBO2 AFR Rear, 
0, , , , , , 9.83, , , , , 235.07, 235.07, 235.07, , , , , , , , , , , , , , , , , , , , , , , , , , , , , , , , , , , , , , , , , , , , , , , , , , , , , , , , , , , , , , , , , , , , , , , , , , , , , , , , , , , , , , , , , , , , 
0.05, , , , , , 9.777, , , , 2.345, 233.821, 233.821, 233.821, , , , , , , , , , , , , , 46.293, 46.293, , , , , , , , , , , , 1, 0.072, 3.885, 0, 12.598, 2.345, 171, 0, 0, 0, 74, 20.298, 17.21, 109.4, 82.561, 100, 0, 0, 27.492, 27.492, 31.129, 1.911, 99.758, 0, 0, 100.274, 46.64, 0, 0, 3.885, 0, 0, 14, 0, 12.598, 0, 2.345, 171, 0, 0, 0, 74, 1, 0.02, 0.017, 109.4, 82.561, 100, 0, 0, 141, 27.492, 27.492, 31.134, 1.911, 0, 99.758, 0, 0, 100.274, 46.64, 0, 0, 0, 0, 
0.1, , , , , , 9.756, , 6.531, 6.531, 2.372, 233.34, 233.34, 233.34, , , , , 7.38, 13.226, , , 28.7, 29.185, 28.7, 29.185, , 47.035, 47.035, , , 63.096, 64.164, 63.096, 64.164, , 7.38, 13.226, , , 1, 0.124, 3.202, 0, 12.578, 2.372, 171, 0, 0, 0, 74, 19.517, 17.089, 109.4, 86.445, 100, 0, 0, 27.391, 27.391, 45.242, 2.427, 96.734, 0, 0, 97.452, 47.142, 0, 0, 3.202, 0, 0, 14, 0, 12.578, 0, 2.372, 171, 0, 0, 0, 74, 1, 0.019, 0.017, 109.4, 86.445, 100, 0, 0, 141, 27.391, 27.391, 45.304, 2.427, 0, 96.734, 0, 0, 97.452, 47.142, 0, 0, 0, 0, 
0.15, , , , , , 9.754, , 12.93, 12.93, 2.398, 233.306, 233.306, 233.306, 50.819, , , , 7.38, 13.183, 0, 0, 29.02, 29.511, 29.02, 29.511, 1, 47.748, 47.748, 0.025, 0.132, 63.106, 64.174, 63.106, 64.174, 4.889, 7.38, 13.183, , , 1, 0.22, 2.518, 0, 12.558, 2.398, 171, 0, 0, 0, 74, 18.737, 16.968, 109.4, 90.33, 100, 0, 0, 27.29, 27.29, 59.355, 2.944, 93.71, 0, 0, 94.629, 47.644, 0, 0, 2.518, 0, 0, 14, 0, 12.558, 0, 2.398, 171, 0, 0, 0, 74, 1, 0.018, 0.017, 109.4, 90.33, 100, 0, 0, 141, 27.29, 27.29, 59.474, 2.944, 0, 93.71, 0, 0, 94.629, 47.644, 0, 0, 0, 0, 
0.2, , , , , , 9.75, , 18.157, 18.157, 2.424, 233.208, 233.208, 233.208, 50.883, , , , 7.379, 12.913, 0, 0, 29.308, 29.803, 29.308, 29.803, 1, 48.459, 48.459, 0.025, 0.132, 63.054, 64.12, 63.054, 64.12, 4.881, 7.379, 12.913, , , 1, 0.297, 1.835, 0, 12.538, 2.424, 171, 0, 0, 0, 74, 17.957, 16.847, 109.4, 94.215, 100, 0, 0, 27.19, 27.19, 73.468, 3.46, 90.685, 0, 0, 91.806, 48.146, 0, 0, 1.835, 0, 0, 14, 0, 12.538, 0, 2.424, 171, 0, 0, 0, 74, 1, 0.018, 0.017, 109.4, 94.215, 100, 0, 0, 141, 27.19, 27.19, 73.644, 3.46, 0, 90.685, 0, 0, 91.806, 48.146, 0, 0, 0, 0, 
0.25, , , , , , 9.692, , 23.456, 23.456, 2.451, 231.865, 231.865, 231.865, 50.943, , 35.214, 35.523, 7.378, 12.624, 0, 0, 29.722, 30.223, 29.722, 30.223, 1, 49.114, 49.114, 0.025, 0.132, 62.654, 63.713, 62.654, 63.713, 4.874, 7.378, 12.624, , , 1, 0.349, 1.151, 0, 12.518, 2.451, 171, 0, 0, 0, 74, 17.177, 16.726, 109.4, 98.099, 100, 0, 0, 27.089, 27.089, 87.581, 3.976, 87.661, 0, 0, 88.984, 48.648, 0, 0, 1.151, 0, 0, 14, 0, 12.518, 0, 2.451, 171, 0, 0, 0, 74, 1, 0.017, 0.017, 109.4, 98.099, 100, 0, 0, 141, 27.089, 27.089, 87.814, 3.976, 0, 87.661, 0, 0, 88.984, 48.648, 0, 0, 0, 0, 
0.3, , , , , , 9.665, , 27.737, 27.737, 2.477, 231.22, 231.22, 231.22, 51.01, , 35.18, 35.419, 7.378, 12.513, 0, 0, 30.07, 30.575, 30.07, 30.575, 1, 49.587, 49.587, 0.025, 0.131, 62.431, 63.486, 62.431, 63.486, 4.866, 7.378, 12.513, , , 1, 0.398, 0.536, 0, 12.5, 2.477, 171, 0, 0, 0, 74, 16.473, 16.615, 109.355, 101.451, 100, 0, 0, 27, 27.012, 100, 4.43, 84.963, 0, 0, 86.475, 49.151, 0, 0, 0.536, 0, 0, 14, 0, 12.5, 0, 2.477, 171, 0, 0, 0, 74, 1, 0.016, 0.017, 109.355, 101.451, 100, 0, 0, 141, 27, 27.012, 100, 4.43, 0, 84.963, 0, 0, 86.475, 49.151, 0, 0, 0, 0, 
0.35, 18.51, , , 72.19, , 9.671, , 31.303, 31.303, 2.504, 231.392, 231.392, 231.392, 51.056, , 35.145, 35.314, 7.377, 12.427, 0, 0, 30.384, 30.893, 30.384, 30.893, 1, 50.062, 50.062, 0.025, 0.131, 62.423, 63.478, 62.423, 63.478, 4.848, 7.377, 12.427, , , 1, 0.448, 0.423, 0, 12.5, 2.504, 171, 0, 0, 0, 74, 16.333, 16.571, 108.983, 101.527, 100, 0, 0, 27, 27.116, 100, 4.43, 84.653, 0, 0, 86.269, 49.664, 0, 0, 0.423, 0, 0, 14, 0, 12.5, 0, 2.504, 171, 0, 0, 0, 74, 1, 0.016, 0.017, 108.983, 101.527, 100, 0, 0, 141, 27, 27.116, 100, 4.43, 0, 84.653, 0, 0, 86.269, 49.664, 0, 0, 0, 0, 
0.4, 18.508, , , 72.19, , 9.701, , 34.951, 34.951, 2.531, 232.103, 232.103, 232.103, 51.093, , 35.11, 35.21, 7.377, 12.402, 0, 0, 30.762, 31.28, 30.762, 31.28, 1, 50.539, 50.539, 0.025, 0.132, 62.567, 63.625, 62.567, 63.625, 4.821, 7.377, 12.402, , , 1, 0.499, 0.309, 0, 12.5, 2.531, 171, 0, 0, 0, 74, 16.192, 16.528, 108.612, 101.603, 100, 0, 0, 27, 27.219, 100, 4.43, 84.343, 0, 0, 86.062, 50.176, 0, 0, 0.309, 0, 0, 14, 0, 12.5, 0, 2.531, 171, 0, 0, 0, 74, 1, 0.016, 0.017, 108.612, 101.603, 100, 0, 0, 141, 27, 27.219, 100, 4.43, 0, 84.343, 0, 0, 86.062, 50.176, 0, 0, 0, 0, 
0.45, 18.506, , , 72.19, , 9.661, , 38.6, 38.6, 2.558, 231.166, 231.166, 231.166, 51.124, , 35.075, 35.106, 7.377, 12.385, 0, 0, 30.929, 31.448, 30.929, 31.448, 1, 51.017, 51.017, 0.025, 0.132, 62.277, 63.329, 62.277, 63.329, 4.794, 7.377, 12.385, , , 1, 0.549, 0.195, 0, 12.5, 2.558, 171, 0, 0, 0, 74, 16.052, 16.485, 108.24, 101.679, 100, 0, 0, 27, 27.322, 100, 4.43, 84.033, 0, 0, 85.855, 50.689, 0, 0, 0.195, 0, 0, 14, 0, 12.5, 0, 2.558, 171, 0, 0, 0, 74, 1, 0.016, 0.016, 108.24, 101.679, 100, 0, 0, 141, 27, 27.322, 100, 4.43, 0, 84.033, 0, 0, 85.855, 50.689, 0, 0, 0, 0, 
0.5, 18.504, , , 72.19, , 9.703, , 42.288, 42.288, 2.586, 232.164, 232.164, 232.164, 51.149, , 35.144, 35.081, 7.377, 12.396, 0, 0, 31.352, 31.879, 31.352, 31.879, 1, 51.493, 51.493, 0.025, 0.132, 62.515, 63.572, 62.515, 63.572, 4.767, 7.377, 12.396, , , 1, 0.599, 0.082, 0, 12.5, 2.586, 171, 0, 0, 0, 74, 15.911, 16.441, 107.868, 101.755, 100, 0, 0, 27, 27.426, 100, 4.43, 83.723, 0, 0, 85.649, 51.201, 0, 0, 0.082, 0, 0, 14, 0, 12.5, 0, 2.586, 171, 0, 0, 0, 74, 1, 0.016, 0.016, 107.868, 101.755, 100, 0, 0, 141, 27, 27.426, 100, 4.43, 0, 83.723, 0, 0, 85.649, 51.201, 0, 0, 0, 0, 
0.55, 18.502, , , 72.19, , 9.725, , 46.021, 46.021, 2.612, 232.703, 232.703, 232.703, 51.162, , 35.293, 35.118, 7.377, 12.411, 0, 0, 31.712, 32.246, 31.712, 32.246, 1, 51.969, 51.969, 0.025, 0.132, 62.638, 63.698, 62.638, 63.698, 4.745, 7.377, 12.411, , , 1, 0.65, 0, 0, 12.5, 2.612, 171, 0, 0, 0, 74, 15.796, 16.387, 107.6, 101.831, 100, 0, 0, 27, 27.528, 100, 4.43, 83.444, 0, 0, 85.444, 51.71, 0, 0, 0, 0, 0, 13.994, 0, 12.5, 0, 2.612, 171, 0, 0, 0, 74, 1, 0.016, 0.016, 107.6, 101.831, 100, 0, 0, 141, 27, 27.528, 100, 4.43, 0, 83.444, 0, 0, 85.444, 51.71, 0, 0, 0, 0, 
0.6, 18.5, , , 72.19, , 9.7, , 50.164, 50.164, 2.638, 232.121, 232.121, 232.121, 51.173, , 35.442, 35.156, 7.377, 12.431, 0, 0, 31.951, 32.49, 31.951, 32.49, 1, 52.445, 52.445, 0.025, 0.133, 62.469, 63.525, 62.469, 63.525, 4.73, 7.377, 12.431, , , 1, 0.699, 0, 0, 12.5, 2.638, 171, 0, 0, 0, 74, 15.746, 16.305, 107.6, 101.905, 100, 0, 0, 27, 27.629, 100, 4.43, 83.243, 0, 0, 85.243, 52.21, 0, 0, 0, 0, 0, 13.974, 0, 12.5, 0, 2.638, 171, 0, 0, 0, 74, 1, 0.016, 0.016, 107.6, 101.905, 100, 0, 0, 141, 27, 27.629, 100, 4.43, 0, 83.243, 0, 0, 85.243, 52.21, 0, 0, 0, 0, 
0.65, 18.498, , , 72.19, , 9.765, , 55.813, 55.813, 2.663, 233.691, 233.691, 233.691, 51.177, , 35.592, 35.193, 7.377, 12.451, 0, 0, 32.606, 33.155, 32.606, 33.155, 1, 53.061, 53.061, 0.025, 0.133, 62.887, 63.951, 62.887, 63.951, 4.714, 7.377, 12.451, , , 1, 0.749, 0, 0, 12.5, 2.663, 171, 0, 0, 0, 74, 15.696, 16.222, 107.6, 101.98, 100, 0, 0, 27, 27.729, 100, 4.43, 83.042, 0, 0, 85.042, 52.71, 0, 0, 0, 0, 0, 13.954, 0, 12.5, 0, 2.663, 171, 0, 0, 0, 74, 1, 0.016, 0.016, 107.6, 101.98, 100, 0, 0, 141, 27, 27.729, 100, 4.43, 0, 83.042, 0, 0, 85.042, 52.71, 0, 0, 0, 0, 
0.7, 18.496, , , 72.19, , 9.793, , 59.714, 59.714, 2.688, 234.354, 234.354, 234.354, 51.174, , 35.741, 35.23, 7.377, 12.469, 0, 0, 33.002, 33.558, 33.002, 33.558, 1, 53.692, 53.692, 0.025, 0.133, 63.07, 64.139, 63.07, 64.139, 4.698, 7.377, 12.469, , , 1, 0.798, 0, 0, 12.5, 2.688, 171, 0, 0, 0, 74, 15.645, 16.14, 107.6, 102.055, 100, 0, 0, 27, 27.829, 100, 4.43, 82.841, 0, 0, 84.841, 53.21, 0, 0, 0, 0, 0, 13.934, 0, 12.5, 0, 2.688, 171, 0, 0, 0, 74, 1, 0.016, 0.016, 107.6, 102.055, 100, 0, 0, 141, 27, 27.829, 100, 4.43, 0, 82.841, 0, 0, 84.841, 53.21, 0, 0, 0, 0, 
0.75, 18.494, , , 72.19, , 9.83, , 63.589, 63.589, 2.714, 235.249, 235.249, 235.249, 51.166, , 35.727, 35.293, 7.378, 12.487, 0, 0, 33.425, 33.988, 33.425, 33.988, 1, 54.169, 54.169, 0.025, 0.133, 63.323, 64.395, 63.323, 64.395, 4.696, 7.378, 12.487, , , 1, 0.849, 0, 0, 12.5, 2.714, 171, 0, 0, 0, 74, 15.595, 16.058, 107.6, 102.129, 100, 0, 0, 27, 27.93, 100, 4.43, 82.641, 0, 0, 84.641, 53.71, 0, 0, 0, 0, 0, 13.914, 0, 12.5, 0, 2.714, 171, 0, 0, 0, 74, 1, 0.016, 0.016, 107.6, 102.129, 100, 0, 0, 141, 27, 27.93, 100, 4.43, 0, 82.641, 0, 0, 84.641, 53.71, 0, 0, 0, 0, 
0.8, 18.493, , , 72.19, , 9.875, , 67.516, 67.516, 2.743, 236.312, 236.312, 236.312, 51.155, , 35.655, 35.365, 7.378, 12.505, 0, 0, 33.873, 34.443, 33.873, 34.443, 1, 54.649, 54.649, 0.025, 0.133, 63.621, 64.698, 63.621, 64.698, 4.742, 7.378, 12.505, , , 1, 0.899, 0, 0, 12.5, 2.743, 171.03, 0, 0, 0, 74, 15.588, 16.037, 107.546, 102.216, 100, 0, 0, 27.045, 28.045, 100, 4.43, 82.591, 0, 0, 84.651, 54.267, 0, 0, 0, 0, 0, 13.906, 0, 12.5, 0, 2.743, 171.032, 0, 0, 0, 74, 1, 0.016, 0.016, 107.546, 102.216, 100, 0, 0, 141, 27.045, 28.045, 100, 4.43, 0, 82.591, 0, 0, 84.651, 54.267, 0, 0, 0, 0, 
0.85, 18.491, , , 72.19, , 9.918, , 71.474, 71.474, 2.779, 237.361, 237.361, 237.361, 51.149, , 35.583, 35.437, 7.379, 12.523, 0, 0, 34.323, 34.9, 34.323, 34.9, 1, 55.135, 55.135, 0.025, 0.133, 63.91, 64.991, 63.91, 64.991, 4.788, 7.379, 12.523, , , 1, 0.949, 0, 0, 12.5, 2.779, 171.131, 0, 0, 0, 74, 15.682, 16.16, 107.364, 102.327, 100, 0, 0, 27.197, 28.197, 100, 4.43, 82.893, 0, 0, 85.155, 54.955, 0, 0, 0, 0, 0, 13.927, 0, 12.5, 0, 2.779, 171.133, 0, 0, 0, 74, 1, 0.016, 0.016, 107.364, 102.327, 100, 0, 0, 141, 27.197, 28.197, 100, 4.43, 0, 82.893, 0, 0, 85.155, 54.955, 0, 0, 0, 0, 
0.9, 18.489, , , 72.19, , 9.954, , 75.444, 75.444, 2.815, 238.221, 238.221, 238.221, 51.155, , 35.511, 35.509, 7.379, 12.539, 0, 0, 34.754, 35.339, 34.754, 35.339, 1, 55.627, 55.627, 0.025, 0.133, 64.136, 65.22, 64.136, 65.22, 4.833, 7.379, 12.539, , , 1, 0.999, 0, 0, 12.5, 2.815, 171.232, 0, 0, 0, 74, 15.776, 16.283, 107.183, 102.439, 100, 0, 0, 27.348, 28.348, 100, 4.43, 83.196, 0, 0, 85.659, 55.644, 0, 0, 0, 0, 0, 13.947, 0, 12.5, 0, 2.815, 171.233, 0, 0, 0, 74, 1, 0.016, 0.016, 107.183, 102.439, 100, 0, 0, 141, 27.348, 28.348, 100, 4.43, 0, 83.196, 0, 0, 85.659, 55.644, 0, 0, 0, 0, 
0.95, 18.487, , , 72.19, , 9.984, , 79.47, 79.47, 2.852, 238.927, 238.927, 238.927, 51.17, 90.195, 35.439, 35.581, 7.38, 12.553, 0, 0, 35.166, 35.758, 35.166, 35.758, 1, 56.118, 56.118, 0.025, 0.133, 64.307, 65.393, 64.307, 65.393, 4.877, 7.38, 12.553, , , 1, 1.049, 0, 0, 12.5, 2.852, 171.333, 0, 0, 0, 74, 15.869, 16.406, 107.001, 102.55, 100, 0, 0, 27.499, 28.499, 100, 4.43, 83.498, 0, 0, 86.163, 56.332, 0, 0, 0, 0, 0, 13.967, 0, 12.5, 0, 2.852, 171.333, 0, 0, 0, 74, 1, 0.016, 0.016, 107.001, 102.55, 100, 0, 0, 141, 27.499, 28.499, 100, 4.43, 0, 83.498, 0, 0, 86.163, 56.332, 0, 0, 0, 0, 
1, 18.485, , , 72.19, , 10.041, , 83.495, 83.495, 2.888, 240.293, 240.293, 240.293, 51.197, 69.391, 35.393, 35.547, 7.38, 12.563, 0, 0, 35.675, 36.276, 35.675, 36.276, 1, 56.606, 56.606, 0.025, 0.132, 64.641, 65.731, 64.641, 65.731, 4.912, 7.38, 12.563, , , 1, 1.099, 0, 0, 12.5, 2.888, 171.433, 0, 0, 0, 74, 15.963, 16.529, 106.82, 102.661, 100, 0, 0, 27.65, 28.65, 100, 4.43, 83.8, 0, 0, 86.667, 57.021, 0, 0, 0, 0, 0, 13.987, 0, 12.5, 0, 2.888, 171.434, 0, 0, 0, 74, 1, 0.016, 0.016, 106.82, 102.661, 100, 0, 0, 141, 27.65, 28.65, 100, 4.43, 0, 83.8, 0, 0, 86.667, 57.021, 0, 0, 0, 0, 
1.05, 18.483, , , 72.19, , 10.084, , 87.582, 87.582, 2.922, 241.344, 241.344, 241.344, 51.238, 48.588, 35.357, 35.475, 7.379, 12.572, 0, 0, 36.147, 36.757, 36.147, 36.757, 1, 57.096, 57.096, 0.025, 0.132, 64.871, 65.964, 64.871, 65.964, 4.947, 7.379, 12.572, , , 1, 1.149, 0, 0, 12.5, 2.922, 171.54, 0, 0, 0, 74, 16.033, 16.618, 106.627, 102.75, 100, 0, 0, 27.77, 28.77, 100, 4.43, 84.04, 0, 0, 87.06, 57.65, 0, 0, 0, 0, 0, 13.996, 0, 12.5, 0, 2.922, 171.54, 0, 0, 0, 74, 1, 0.016, 0.017, 106.627, 102.75, 100, 0, 0, 141, 27.77, 28.77, 100, 4.43, 0, 84.04, 0, 0, 87.06, 57.65, 0, 0, 0, 0, 
1.1, 18.481, , , 72.19, , 10.133, , 91.678, 91.678, 2.952, 242.498, 242.498, 242.498, 51.294, 61.652, 35.321, 35.403, 7.379, 12.575, 0, 0, 36.63, 37.249, 36.63, 37.249, 1, 57.597, 57.597, 0.025, 0.132, 65.114, 66.212, 65.114, 66.212, 4.982, 7.379, 12.575, , , 1, 1.198, 0, 0, 12.5, 2.952, 171.659, 0, 0, 0, 74, 16.055, 16.64, 106.414, 102.794, 100, 0, 0, 27.829, 28.829, 100, 4.43, 84.159, 0, 0, 87.238, 58.166, 0, 0, 0, 0, 0, 13.984, 0, 12.5, 0, 2.952, 171.659, 0, 0, 0, 74, 1, 0.016, 0.017, 106.414, 102.794, 100, 0, 0, 141, 27.829, 28.829, 100, 4.43, 0, 84.159, 0, 0, 87.238, 58.166, 0, 0, 0, 0, 
1.15, 18.479, , , 72.19, , 10.182, , 95.817, 95.817, 2.981, 243.675, 243.675, 243.675, 51.353, 62.594, 35.285, 35.331, 7.378, 12.575, 0, 0, 37.123, 37.75, 37.123, 37.75, 1, 58.088, 58.088, 0.025, 0.132, 65.356, 66.458, 65.356, 66.458, 5.017, 7.378, 12.575, , , 1, 1.248, 0, 0, 12.5, 2.981, 171.777, 0, 0, 0, 74, 16.078, 16.663, 106.201, 102.838, 100, 0, 0, 27.889, 28.889, 100, 4.43, 84.277, 0, 0, 87.416, 58.681, 0, 0, 0, 0, 0, 13.972, 0, 12.5, 0, 2.981, 171.777, 0, 0, 0, 74, 1, 0.016, 0.017, 106.201, 102.838, 100, 0, 0, 141, 27.889, 28.889, 100, 4.43, 0, 84.277, 0, 0, 87.416, 58.681, 0, 0, 0, 0, 
1.2, 18.477, , , 72.19, , 10.226, , 100.021, 100.021, 3.011, 244.73, 244.73, 244.73, 51.417, 63.537, 35.249, 35.259, 7.378, 12.572, 0, 0, 37.605, 38.241, 37.605, 38.241, 1, 58.594, 58.594, 0.025, 0.132, 65.557, 66.663, 65.557, 66.663, 5.026, 7.378, 12.572, , , 1, 1.299, 0, 0, 12.5, 3.011, 171.896, 0, 0, 0, 74, 16.1, 16.685, 105.988, 102.881, 100, 0, 0, 27.948, 28.948, 100, 4.43, 84.396, 0, 0, 87.594, 59.196, 0, 0, 0, 0, 0, 13.96, 0, 12.5, 0, 3.011, 171.896, 0, 0, 0, 74, 1, 0.016, 0.017, 105.988, 102.881, 100, 0, 0, 141, 27.948, 28.948, 100, 4.43, 0, 84.396, 0, 0, 87.594, 59.196, 0, 0, 0, 0, 
1.25, 18.475, 100.37, 71.47, 72.19, , 10.266, 0.983, 104.266, 104.266, 3.038, 245.707, 245.707, 245.707, 51.479, 64.479, 35.293, 35.533, 7.377, 12.569, 0, 0, 38.079, 38.724, 38.079, 38.724, 1, 59.097, 59.097, 0.025, 0.132, 65.74, 66.849, 65.74, 66.849, 5.033, 7.377, 12.569, , , 1, 1.349, 0, 0, 12.5, 3.038, 172, 0, 0, 0, 74, 16.118, 16.701, 105.8, 102.92, 100, 0, 0, 28, 29, 100, 4.43, 84.5, 0, 0, 87.743, 59.685, 0, 0, 0, 0, 0, 13.949, 0, 12.5, 0, 3.038, 172, 0, 0, 0, 74, 1, 0.016, 0.017, 105.8, 102.92, 100, 0, 0, 141, 28, 29, 100, 4.43, 0, 84.5, 0, 0, 87.743, 59.685, 0, 0, 0, 0, 
1.3, 18.473, 100.37, 71.47, 72.19, , 10.311, 0.983, 108.533, 108.533, 3.054, 246.78, 246.78, 246.78, 51.524, 65.421, 35.365, 35.929, 7.377, 12.563, 0, 0, 38.573, 39.227, 38.573, 39.227, 1, 59.599, 59.599, 0.025, 0.132, 65.968, 67.081, 65.968, 67.081, 5.04, 7.377, 12.563, , , 1, 1.399, 0, 0, 12.5, 3.054, 172, 0, 0, 0, 74, 16.104, 16.669, 105.8, 102.92, 100, 0, 0, 28, 29, 100, 4.43, 84.5, 0, 0, 87.683, 59.981, 0, 0, 0, 0, 0, 13.937, 0, 12.5, 0, 3.054, 172, 0, 0, 0, 74, 1, 0.016, 0.017, 105.8, 102.92, 100, 0, 0, 141, 28, 29, 100, 4.43, 0, 84.5, 0, 0, 87.683, 59.981, 0, 0, 0, 0, 
1.35, 18.472, 100.37, 71.47, 72.19, , 10.364, 0.983, 112.857, 112.857, 3.069, 248.048, 248.048, 248.048, 51.548, 66.364, 35.437, 36.325, 7.378, 12.557, 0, 0, 39.105, 39.769, 39.105, 39.769, 1, 60.107, 60.107, 0.025, 0.132, 66.275, 67.394, 66.275, 67.394, 5.047, 7.378, 12.557, , , 1, 1.449, 0, 0, 12.5, 3.069, 172, 0, 0, 0, 74, 16.09, 16.637, 105.8, 102.92, 100, 0, 0, 28, 29, 100, 4.43, 84.5, 0, 0, 87.624, 60.276, 0, 0, 0, 0, 0, 13.925, 0, 12.5, 0, 3.069, 172, 0, 0, 0, 74, 1, 0.016, 0.017, 105.8, 102.92, 100, 0, 0, 141, 28, 29, 100, 4.43, 0, 84.5, 0, 0, 87.624, 60.276, 0, 0, 0, 0, 
1.4, 18.47, 100.37, 71.47, 72.19, , 10.435, 0.983, 117.19, 117.19, 3.085, 249.743, 249.743, 249.743, 51.547, 67.306, 35.509, 36.721, 7.379, 12.56, 0, 0, 39.702, 40.375, 39.702, 40.375, 1, 60.615, 60.615, 0.025, 0.132, 66.727, 67.854, 66.727, 67.854, 5.069, 7.379, 12.56, , , 1, 1.499, 0, 0, 12.5, 3.085, 172, 0, 0, 0, 74, 16.075, 16.605, 105.8, 102.92, 100, 0, 0, 28, 29, 100, 4.43, 84.5, 0, 0, 87.564, 60.571, 0, 0, 0, 0, 0, 13.913, 0, 12.5, 0, 3.085, 172, 0, 0, 0, 74, 1, 0.016, 0.017, 105.8, 102.92, 100, 0, 0, 141, 28, 29, 100, 4.43, 0, 84.5, 0, 0, 87.564, 60.571, 0, 0, 0, 0, 
1.45, 18.468, 100.37, 71.47, 72.19, , 10.508, 0.983, 121.596, 121.596, 3.1, 251.479, 251.479, 251.479, 51.522, 68.248, 35.581, 37.117, 7.381, 12.568, 0, 0, 40.322, 41.005, 40.322, 41.005, 1, 61.128, 61.128, 0.025, 0.132, 67.223, 68.358, 67.223, 68.358, 5.096, 7.381, 12.568, , , 1, 1.549, 0, 0, 12.5, 3.1, 172, 0, 0, 0, 74, 16.061, 16.573, 105.8, 102.92, 100, 0, 0, 28, 29, 100, 4.43, 84.5, 0, 0, 87.505, 60.866, 0, 0, 0, 0, 0, 13.901, 0, 12.5, 0, 3.1, 172, 0, 0, 0, 74, 1, 0.016, 0.017, 105.8, 102.92, 100, 0, 0, 141, 28, 29, 100, 4.43, 0, 84.5, 0, 0, 87.505, 60.866, 0, 0, 0, 0, 
1.5, 18.466, 100.37, 71.47, 72.19, , 10.591, 0.983, 126.002, 126.002, 3.137, 253.46, 253.46, 253.46, 51.486, 69.191, 35.547, 36.954, 7.382, 12.588, 0, 0, 40.985, 41.679, 40.985, 41.679, 1, 61.649, 61.649, 0.025, 0.133, 67.808, 68.954, 67.808, 68.954, 5.123, 7.382, 12.588, , , 1, 1.599, 0, 0, 12.5, 3.137, 172, 0, 0, 0, 74, 16.035, 16.557, 105.628, 102.92, 100, 0, 0, 28.095, 29, 100, 4.426, 84.452, 0, 0, 87.452, 61.662, 0, 0, 0, 0, 0, 13.9, 0, 12.5, 0, 3.137, 172, 0, 0, 0, 74, 1, 0.016, 0.017, 105.628, 102.92, 100, 0, 0, 141, 28.095, 29, 100, 4.426, 0, 84.452, 0, 0, 87.452, 61.662, 0, 0, 0, 0, 
1.55, 18.464, 100.37, 71.47, 72.19, , 10.71, 0.983, 130.408, 130.408, 3.175, 256.296, 256.296, 256.296, 51.458, 70.133, 35.475, 36.594, 7.384, 12.615, 0, 0, 41.793, 42.5, 41.793, 42.5, 1, 62.172, 62.172, 0.025, 0.133, 68.6, 69.761, 68.6, 69.761, 5.15, 7.384, 12.615, , , 1, 1.649, 0, 0, 12.5, 3.175, 172, 0, 0, 0, 74, 16.008, 16.542, 105.441, 102.92, 100, 0, 0, 28.199, 29, 100, 4.422, 84.4, 0, 0, 87.4, 62.501, 0, 0, 0, 0, 0, 13.9, 0, 12.5, 0, 3.175, 172, 0, 0, 0, 74, 1, 0.016, 0.017, 105.441, 102.92, 100, 0, 0, 141, 28.199, 29, 100, 4.422, 0, 84.4, 0, 0, 87.4, 62.501, 0, 0, 0, 0, 
1.6, 18.462, 100.37, 71.47, 72.19, , 10.802, 0.983, 134.891, 134.891, 3.213, 258.487, 258.487, 258.487, 51.447, 71.075, 35.403, 36.234, 7.385, 12.655, 0, 0, 42.516, 43.235, 42.516, 43.235, 1, 62.698, 62.698, 0.025, 0.133, 69.2, 70.371, 69.2, 70.371, 5.177, 7.385, 12.655, , , 1, 1.699, 0, 0, 12.5, 3.213, 172, 0, 0, 0, 74, 15.981, 16.528, 105.255, 102.92, 100, 0, 0, 28.303, 29, 100, 4.418, 84.349, 0, 0, 87.349, 63.34, 0, 0, 0, 0, 0, 13.9, 0, 12.5, 0, 3.213, 172, 0, 0, 0, 74, 1, 0.016, 0.017, 105.255, 102.92, 100, 0, 0, 141, 28.303, 29, 100, 4.418, 0, 84.349, 0, 0, 87.349, 63.34, 0, 0, 0, 0, 
1.65, 18.46, 100.37, 71.47, 72.19, , 10.966, 0.983, 139.459, 139.459, 3.251, 262.404, 262.404, 262.404, 51.452, 72.018, 35.331, 35.874, 7.386, 12.703, 0, 0, 43.526, 44.262, 43.526, 44.262, 1, 63.238, 63.238, 0.025, 0.133, 70.239, 71.429, 70.239, 71.429, 5.204, 7.386, 12.703, , , 1, 1.749, 0, 0, 12.5, 3.251, 172, 0, 0, 0, 74, 15.954, 16.513, 105.068, 102.92, 100, 0, 0, 28.407, 29, 100, 4.414, 84.297, 0, 0, 87.297, 64.18, 0, 0, 0, 0, 0, 13.9, 0, 12.5, 0, 3.251, 172, 0, 0, 0, 74, 1, 0.016, 0.017, 105.068, 102.92, 100, 0, 0, 141, 28.407, 29, 100, 4.414, 0, 84.297, 0, 0, 87.297, 64.18, 0, 0, 0, 0, 
1.7, 18.457, 100.37, 71.47, 72.19, , 11.141, 0.983, 144.037, 144.037, 3.289, 266.568, 266.568, 266.568, 51.472, 72.96, 35.259, 35.514, 7.386, 12.762, 0, 0, 44.598, 45.353, 44.598, 45.353, 1, 63.783, 63.783, 0.025, 0.134, 71.325, 72.533, 71.325, 72.533, 5.231, 7.386, 12.762, , , 1, 1.799, 0, 0, 12.5, 3.289, 172, 0, 0, 0, 74, 15.932, 16.499, 104.879, 102.915, 100, 0, 0, 28.506, 29, 100, 4.41, 84.244, 0, 0, 87.239, 64.999, 0, 0, 0, 0, 0, 13.9, 0, 12.5, 0, 3.289, 172, 0, 0, 0, 74, 1, 0.016, 0.016, 104.879, 102.915, 100, 0, 0, 141, 28.506, 29, 100, 4.41, 0, 84.244, 0, 0, 87.239, 64.999, 0, 0, 0, 0, 
1.75, 18.454, 100.37, 71.47, 72.19, , 11.247, 0.983, 148.615, 148.615, 3.32, 269.094, 269.094, 269.094, 51.497, 73.902, 35.267, 35.766, 7.386, 12.827, 0, 0, 45.403, 46.171, 45.403, 46.171, 1, 64.329, 64.329, 0.025, 0.134, 71.965, 73.184, 71.965, 73.184, 5.257, 7.386, 12.827, , , 1, 1.849, 0, 0, 12.5, 3.32, 172, 0, 0, 0, 74, 15.948, 16.492, 104.674, 102.873, 100, 0, 0, 28.563, 29, 100, 4.41, 84.187, 0, 0, 87.124, 65.637, 0, 0, 0, 0, 0, 13.9, 0, 12.5, 0, 3.32, 172, 0, 0, 0, 74, 1, 0.016, 0.016, 104.674, 102.873, 100, 0, 0, 141, 28.563, 29, 100, 4.41, 0, 84.187, 0, 0, 87.124, 65.637, 0, 0, 0, 0, 
1.8, 18.451, 100.37, 71.47, 72.19, , 11.38, 0.983, 153.269, 153.269, 3.351, 272.255, 272.255, 272.255, 51.515, 74.845, 35.303, 36.234, 7.386, 12.902, 0, 0, 46.329, 47.113, 46.329, 47.113, 1, 64.883, 64.883, 0.025, 0.134, 72.787, 74.018, 72.787, 74.018, 5.286, 7.386, 12.902, , , 1, 1.899, 0, 0, 12.5, 3.351, 172, 0, 0, 0, 74, 15.964, 16.486, 104.468, 102.831, 100, 0, 0, 28.62, 29, 100, 4.41, 84.13, 0, 0, 87.01, 66.275, 0, 0, 0, 0, 0, 13.9, 0, 12.5, 0, 3.351, 172, 0, 0, 0, 74, 1, 0.016, 0.016, 104.468, 102.83, 100, 0, 0, 141, 28.62, 29, 100, 4.41, 0, 84.13, 0, 0, 87.01, 66.275, 0, 0, 0, 0, 
1.85, 18.448, 100.37, 71.47, 72.19, , 11.508, 0.983, 158.017, 158.017, 3.382, 275.324, 275.324, 275.324, 51.519, 75.787, 35.339, 36.702, 7.386, 12.984, 0, 0, 47.258, 48.056, 47.258, 48.056, 1, 65.45, 65.45, 0.025, 0.134, 73.602, 74.846, 73.602, 74.846, 5.322, 7.386, 12.984, , , 1, 1.949, 0, 0, 12.5, 3.382, 172, 0, 0, 0, 74, 15.98, 16.479, 104.263, 102.789, 100, 0, 0, 28.677, 29, 100, 4.41, 84.073, 0, 0, 86.896, 66.913, 0, 0, 0, 0, 0, 13.9, 0, 12.5, 0, 3.382, 172, 0, 0, 0, 74, 1, 0.016, 0.016, 104.263, 102.788, 100, 0, 0, 141, 28.677, 29, 100, 4.41, 0, 84.073, 0, 0, 86.896, 66.913, 0, 0, 0, 0, 
1.9, 18.445, 100.37, 71.47, 72.19, , 11.62, 0.983, 164.663, 164.663, 3.413, 277.991, 277.991, 277.991, 51.511, 76.729, 35.375, 37.17, 7.386, 13.073, 0, 0, 48.305, 49.122, 48.305, 49.122, 1, 66.11, 66.11, 0.025, 0.134, 74.336, 75.591, 74.336, 75.591, 5.357, 7.386, 13.073, , , 1, 1.999, 0, 0, 12.5, 3.413, 172, 0, 0, 0, 74, 15.996, 16.472, 104.058, 102.747, 100, 0, 0, 28.734, 29, 100, 4.41, 84.016, 0, 0, 86.782, 67.551, 0, 0, 0, 0, 0, 13.9, 0, 12.5, 0, 3.413, 172, 0, 0, 0, 74, 1, 0.016, 0.016, 104.058, 102.746, 100, 0, 0, 141, 28.734, 29, 100, 4.41, 0, 84.016, 0, 0, 86.782, 67.551, 0, 0, 0, 0, 
1.95, 18.442, 100.37, 71.47, 72.19, , 11.63, 0.983, 169.87, 169.87, 3.432, 278.237, 278.237, 278.237, 51.496, 77.672, 35.411, 37.638, 7.385, 13.168, 0, 0, 48.791, 49.616, 48.791, 49.616, 1, 66.86, 66.86, 0.025, 0.133, 74.418, 75.674, 74.418, 75.674, 5.393, 7.385, 13.168, , , 1, 2.049, 0, 0, 12.5, 3.432, 172, 0, 0, 0, 74, 16.015, 16.47, 104, 102.707, 100, 0, 0, 28.788, 29, 100, 4.41, 84, 0, 0, 86.712, 67.916, 0, 0, 0, 0, 0, 13.9, 0, 12.5, 0, 3.432, 172, 0, 0, 0, 74, 1, 0.016, 0.016, 104, 102.706, 100, 0, 0, 141, 28.788, 29, 100, 4.41, 0, 84, 0, 0, 86.712, 67.916, 0, 0, 0, 0, 
2, 18.439, 100.37, 71.47, 72.19, , 11.756, 0.983, 174.647, 174.647, 3.447, 281.251, 281.251, 281.251, 51.49, 78.614, 35.313, 37.467, 7.383, 13.261, 0, 0, 49.738, 50.578, 49.738, 50.578, 1, 67.43, 67.43, 0.025, 0.133, 75.232, 76.502, 75.232, 76.502, 5.425, 7.383, 13.261, , , 1, 2.099, 0, 0, 12.5, 3.447, 172, 0, 0, 0, 74, 16.036, 16.47, 104, 102.668, 100, 0, 0, 28.84, 29, 100, 4.41, 84, 0, 0, 86.66, 68.174, 0, 0, 0, 0, 0, 13.9, 0, 12.5, 0, 3.447, 172, 0, 0, 0, 74, 1, 0.016, 0.016, 104, 102.668, 100, 0, 0, 141, 28.84, 29, 100, 4.41, 0, 84, 0, 0, 86.66, 68.174, 0, 0, 0, 0, 
2.05, 18.436, 100.37, 71.47, 72.19, , 11.775, 0.983, 179.502, 179.502, 3.461, 281.711, 281.711, 281.711, 51.487, 79.556, 35.169, 37.071, 7.382, 13.353, 0, 0, 50.243, 51.093, 50.243, 51.093, 1, 68.008, 68.008, 0.025, 0.133, 75.358, 76.631, 75.358, 76.631, 5.448, 7.382, 13.353, , , 1, 2.149, 0, 0, 12.5, 3.461, 172, 0, 0, 0, 74, 16.057, 16.47, 104, 102.63, 100, 0, 0, 28.892, 29, 100, 4.41, 84, 0, 0, 86.608, 68.433, 0, 0, 0, 0, 0, 13.9, 0, 12.5, 0, 3.461, 172, 0, 0, 0, 74, 1, 0.016, 0.016, 104, 102.629, 100, 0, 0, 141, 28.892, 29, 100, 4.41, 0, 84, 0, 0, 86.608, 68.433, 0, 0, 0, 0, 
2.1, 18.433, 100.37, 71.47, 72.19, , 11.816, 0.983, 184.464, 184.464, 3.475, 282.697, 282.697, 282.697, 51.492, 80.499, 35.025, 36.675, 7.38, 13.437, 0, 0, 50.853, 51.713, 50.853, 51.713, 1, 68.587, 68.587, 0.025, 0.133, 75.613, 76.892, 75.613, 76.892, 5.47, 7.38, 13.437, , , 1, 2.199, 0, 0, 12.5, 3.475, 172, 0, 0, 0, 74, 16.078, 16.47, 104, 102.591, 100, 0, 0, 28.944, 29, 100, 4.41, 84, 0, 0, 86.556, 68.691, 0, 0, 0, 0, 0, 13.9, 0, 12.5, 0, 3.476, 172, 0, 0, 0, 74, 1, 0.016, 0.016, 104, 102.591, 100, 0, 0, 141, 28.944, 29, 100, 4.41, 0, 84, 0, 0, 86.556, 68.691, 0, 0, 0, 0, 
2.15, 18.43, 100.37, 71.47, 72.19, , 11.889, 0.983, 189.337, 189.337, 3.49, 284.453, 284.453, 284.453, 51.502, 81.441, 34.881, 36.279, 7.379, 13.514, 0, 0, 51.608, 52.48, 51.608, 52.48, 1, 69.17, 69.17, 0.025, 0.133, 76.066, 77.351, 76.066, 77.351, 5.493, 7.379, 13.514, , , 1, 2.249, 0, 0, 12.5, 3.49, 172, 0, 0, 0, 74, 16.098, 16.47, 104, 102.552, 100, 0, 0, 28.996, 29, 100, 4.41, 84, 0, 0, 86.504, 68.949, 0, 0, 0, 0, 0, 13.9, 0, 12.5, 0, 3.49, 172, 0, 0, 0, 74, 1, 0.016, 0.016, 104, 102.552, 100, 0, 0, 141, 28.996, 29, 100, 4.41, 0, 84, 0, 0, 86.504, 68.949, 0, 0, 0, 0, 
2.2, 18.427, 100.37, 71.47, 72.19, , 11.931, 0.983, 194.4, 194.4, 3.535, 285.456, 285.456, 285.456, 51.521, 82.383, 34.737, 35.883, 7.378, 13.578, 0, 0, 52.225, 53.108, 52.225, 53.108, 1, 69.751, 69.751, 0.025, 0.132, 76.305, 77.595, 76.305, 77.595, 5.516, 7.378, 13.578, , , 1, 2.299, 0, 0, 12.5, 3.535, 172, 0, 0, 0, 74, 16.227, 16.59, 103.834, 102.515, 100, 0, 0, 29.138, 29.046, 100, 4.414, 84.828, 0, 0, 87.19, 69.828, 0, 0, 0, 0, 0, 13.9, 0, 12.5, 0, 3.536, 172, 0, 0, 0, 74, 1, 0.016, 0.016, 103.834, 102.515, 100, 0, 0, 141, 29.138, 29.046, 100, 4.414, 0, 84.828, 0, 0, 87.19, 69.828, 0, 0, 0, 0, 
2.25, 18.424, 100.37, 71.47, 72.19, , 12.021, 0.983, 199.387, 199.387, 3.582, 287.612, 287.612, 287.612, 51.542, 83.325, 34.7, 35.727, 7.377, 13.628, 0, 0, 53.058, 53.955, 53.058, 53.955, 1, 70.339, 70.339, 0.025, 0.132, 76.85, 78.149, 76.85, 78.149, 5.522, 7.377, 13.628, , , 1, 2.349, 0, 0, 12.5, 3.582, 172, 0, 0, 0, 74, 16.365, 16.72, 103.654, 102.478, 100, 0, 0, 29.288, 29.096, 100, 4.418, 85.728, 0, 0, 87.94, 70.761, 0, 0, 0, 0, 0, 13.9, 0, 12.5, 0, 3.583, 172, 0, 0, 0, 74, 1, 0.016, 0.016, 103.654, 102.478, 100, 0, 0, 141, 29.288, 29.096, 100, 4.418, 0, 85.728, 0, 0, 87.94, 70.761, 0, 0, 0, 0, 
2.3, 18.421, 100.37, 71.47, 72.19, , 12.024, 0.983, 204.463, 204.463, 3.63, 287.707, 287.707, 287.707, 51.567, 84.268, 34.7, 35.655, 7.377, 13.668, 0, 0, 53.52, 54.425, 53.52, 54.425, 1, 70.928, 70.928, 0.025, 0.132, 76.84, 78.138, 76.84, 78.138, 5.529, 7.377, 13.668, , , 1, 2.399, 0, 0, 12.5, 3.63, 172, 0, 0, 0, 74, 16.503, 16.85, 103.474, 102.441, 100, 0, 0, 29.438, 29.146, 100, 4.422, 86.628, 0, 0, 88.69, 71.694, 0, 0, 0, 0, 0, 13.9, 0, 12.5, 0, 3.63, 172, 0, 0, 0, 74, 1, 0.017, 0.017, 103.474, 102.441, 100, 0, 0, 141, 29.438, 29.146, 100, 4.422, 0, 86.628, 0, 0, 88.69, 71.694, 0, 0, 0, 0, 
2.35, 18.418, 100.37, 71.47, 72.19, , 12.098, 0.983, 209.578, 209.578, 3.678, 289.474, 289.474, 289.474, 51.594, 85.21, 34.7, 35.583, 7.377, 13.696, 0, 0, 54.296, 55.214, 54.296, 55.214, 1, 71.525, 71.525, 0.025, 0.131, 77.273, 78.577, 77.273, 78.577, 5.535, 7.377, 13.696, , , 1, 2.449, 0, 0, 12.5, 3.678, 172, 0, 0, 0, 74, 16.641, 16.98, 103.294, 102.404, 100, 0, 0, 29.588, 29.196, 100, 4.426, 87.528, 0, 0, 89.44, 72.627, 0, 0, 0, 0, 0, 13.9, 0, 12.5, 0, 3.678, 172, 0, 0, 0, 74, 1, 0.017, 0.017, 103.294, 102.404, 100, 0, 0, 141, 29.588, 29.196, 100, 4.426, 0, 87.528, 0, 0, 89.44, 72.627, 0, 0, 0, 0, 
2.4, 18.415, 100.37, 71.47, 72.19, , 12.133, 0.983, 214.766, 214.766, 3.725, 290.316, 290.316, 290.316, 51.623, 86.152, 34.7, 35.511, 7.377, 13.719, 0, 0, 54.908, 55.836, 54.908, 55.836, 1, 72.112, 72.112, 0.025, 0.131, 77.456, 78.762, 77.456, 78.762, 5.542, 7.377, 13.719, , , 1, 2.499, 0, 0, 12.5, 3.725, 172, 0, 0, 0, 74, 16.779, 17.11, 103.114, 102.367, 100, 0, 0, 29.738, 29.246, 100, 4.43, 88.428, 0, 0, 90.19, 73.56, 0, 0, 0, 0, 0, 13.9, 0, 12.5, 0, 3.725, 172, 0, 0, 0, 74, 1, 0.017, 0.017, 103.114, 102.367, 100, 0, 0, 141, 29.738, 29.246, 100, 4.43, 0, 88.428, 0, 0, 90.19, 73.56, 0, 0, 0, 0, 
2.45, 18.411, 100.37, 71.47, 72.19, , 12.187, 0.983, 219.955, 219.955, 3.744, 291.606, 291.606, 291.606, 51.65, 87.095, 34.7, 35.439, 7.378, 13.735, 0, 0, 55.608, 56.547, 55.608, 56.547, 1, 72.718, 72.718, 0.025, 0.131, 77.762, 79.073, 77.762, 79.073, 5.556, 7.378, 13.735, , , 1, 2.549, 0, 0, 12.5, 3.744, 172, 0, 0, 0, 74, 16.846, 17.168, 102.92, 102.327, 100, 0, 0, 29.8, 29.3, 100, 4.43, 88.8, 0, 0, 90.5, 73.946, 0, 0, 0, 0, 0, 13.9, 0, 12.5, 0, 3.744, 172, 0, 0, 0, 74, 1, 0.017, 0.017, 102.92, 102.327, 100, 0, 0, 141, 29.8, 29.3, 100, 4.43, 0, 88.8, 0, 0, 90.5, 73.946, 0, 0, 0, 0, 
2.5, 18.408, 100.37, 71.47, 72.19, , 12.198, 0.983, 225.22, 225.22, 3.761, 291.888, 291.888, 291.888, 51.667, 88.037, 34.913, 35.313, 7.379, 13.744, 0, 0, 56.118, 57.065, 56.118, 57.065, 1, 73.312, 73.312, 0.025, 0.132, 77.811, 79.123, 77.811, 79.123, 5.571, 7.379, 13.744, , , 1, 2.599, 0, 0, 12.5, 3.761, 172, 0, 0, 0, 74, 16.907, 17.22, 102.724, 102.287, 100, 0, 0, 29.854, 29.354, 100, 4.43, 89.126, 0, 0, 90.772, 74.284, 0, 0, 0, 0, 0, 13.9, 0, 12.5, 0, 3.761, 172, 0, 0, 0, 74, 1, 0.017, 0.017, 102.724, 102.287, 100, 0, 0, 141, 29.854, 29.354, 100, 4.43, 0, 89.126, 0, 0, 90.772, 74.284, 0, 0, 0, 0, 
2.55, 18.405, 100.37, 71.47, 72.19, , 12.259, 0.983, 230.527, 230.527, 3.778, 293.362, 293.362, 293.362, 51.673, 88.979, 35.201, 35.169, 7.38, 13.745, 0, 0, 56.862, 57.822, 56.862, 57.822, 1, 73.914, 73.914, 0.025, 0.132, 78.194, 79.513, 78.194, 79.513, 5.586, 7.38, 13.745, , , 1, 2.65, 0, 0, 12.5, 3.778, 172, 0, 0, 0, 74, 16.968, 17.272, 102.529, 102.247, 100, 0, 0, 29.909, 29.409, 100, 4.43, 89.452, 0, 0, 91.043, 74.622, 0, 0, 0, 0, 0, 13.9, 0, 12.5, 0, 3.778, 172, 0, 0, 0, 74, 1, 0.017, 0.017, 102.529, 102.247, 100, 0, 0, 141, 29.909, 29.409, 100, 4.43, 0, 89.452, 0, 0, 91.043, 74.622, 0, 0, 0, 0, 
2.6, 18.402, 100.37, 71.47, 72.19, , 12.272, 0.983, 235.834, 235.834, 3.795, 293.685, 293.685, 293.685, 51.67, 89.922, 35.489, 35.025, 7.382, 13.74, 0, 0, 57.385, 58.355, 57.385, 58.355, 1, 74.519, 74.519, 0.025, 0.133, 78.285, 79.605, 78.285, 79.605, 5.601, 7.382, 13.74, , , 1, 2.7, 0, 0, 12.5, 3.795, 172, 0, 0, 0, 74, 17.029, 17.325, 102.333, 102.207, 100, 0, 0, 29.963, 29.463, 100, 4.43, 89.778, 0, 0, 91.315, 74.96, 0, 0, 0, 0, 0, 13.9, 0, 12.5, 0, 3.795, 172, 0, 0, 0, 74, 1, 0.017, 0.017, 102.333, 102.207, 100, 0, 0, 141, 29.963, 29.463, 100, 4.43, 0, 89.778, 0, 0, 91.315, 74.96, 0, 0, 0, 0, 
2.65, 18.399, 100.37, 71.47, 72.19, , 12.3, 0.983, 241.265, 241.265, 3.816, 294.357, 294.357, 294.357, 51.658, 90.864, 35.777, 34.881, 7.385, 13.724, 0, 0, 57.985, 58.965, 57.985, 58.965, 1, 75.119, 75.119, 0.025, 0.133, 78.483, 79.807, 78.483, 79.807, 5.624, 7.385, 13.724, , , 1, 2.75, 0, 0, 12.5, 3.816, 172, 0, 0, 0, 74, 17.096, 17.384, 102.2, 102.156, 100, 0, 0, 30.064, 29.532, 100, 4.43, 90.16, 0, 0, 91.628, 75.349, 0, 0, 0, 0, 0, 13.9, 0, 12.5, 0, 3.816, 172, 0, 0, 0, 74, 1, 0.017, 0.017, 102.2, 102.155, 100, 0, 0, 141, 30.064, 29.532, 100, 4.43, 0, 90.16, 0, 0, 91.628, 75.349, 0, 0, 0, 0, 
2.7, 18.396, 100.37, 71.47, 72.19, , 12.347, 0.983, 246.695, 246.695, 3.846, 295.479, 295.479, 295.479, 51.642, 91.806, 36.065, 34.737, 7.387, 13.701, 0, 0, 58.676, 59.669, 58.676, 59.669, 1, 75.72, 75.72, 0.025, 0.133, 78.804, 80.134, 78.804, 80.134, 5.649, 7.387, 13.701, , , 1, 2.799, 0, 0, 12.5, 3.846, 172, 0, 0, 0, 74, 17.178, 17.46, 102.2, 102.082, 100, 0, 0, 30.264, 29.632, 100, 4.43, 90.66, 0, 0, 92.028, 75.845, 0, 0, 0, 0, 0, 13.9, 0, 12.5, 0, 3.846, 172, 0, 0, 0, 74, 1, 0.017, 0.017, 102.2, 102.081, 100, 0, 0, 141, 30.264, 29.632, 100, 4.43, 0, 90.66, 0, 0, 92.028, 75.845, 0, 0, 0, 0, 
2.75, 18.393, 100.37, 71.47, 72.19, , 12.384, 0.983, 252.18, 252.18, 3.877, 296.393, 296.393, 296.393, 51.633, 92.749, 36.06, 34.86, 7.389, 13.664, 0, 0, 59.332, 60.338, 59.332, 60.338, 1, 76.333, 76.333, 0.025, 0.134, 79.062, 80.396, 79.062, 80.396, 5.675, 7.389, 13.664, , , 1, 2.849, 0, 0, 12.5, 3.877, 172, 0, 0, 0, 74, 17.26, 17.536, 102.2, 102.008, 100, 0, 0, 30.464, 29.732, 100, 4.43, 91.16, 0, 0, 92.428, 76.341, 0, 0, 0, 0, 0, 13.9, 0, 12.5, 0, 3.877, 172, 0, 0, 0, 74, 1, 0.017, 0.017, 102.2, 102.007, 100, 0, 0, 141, 30.464, 29.732, 100, 4.43, 0, 91.16, 0, 0, 92.428, 76.341, 0, 0, 0, 0, 
2.8, 18.39, 100.37, 71.47, 72.19, , 12.443, 0.983, 257.664, 257.664, 3.907, 297.791, 297.791, 297.791, 51.632, 93.691, 35.952, 35.076, 7.39, 13.628, 0, 0, 60.092, 61.11, 60.092, 61.11, 1, 76.948, 76.948, 0.025, 0.134, 79.439, 80.779, 79.439, 80.779, 5.701, 7.39, 13.628, , , 1, 2.899, 0, 0, 12.5, 3.907, 172, 0, 0, 0, 74, 17.342, 17.612, 102.2, 101.934, 100, 0, 0, 30.664, 29.832, 100, 4.43, 91.66, 0, 0, 92.828, 76.837, 0, 0, 0, 0, 0, 13.9, 0, 12.5, 0, 3.907, 172, 0, 0, 0, 74, 1, 0.017, 0.018, 102.2, 101.933, 100, 0, 0, 141, 30.664, 29.832, 100, 4.43, 0, 91.66, 0, 0, 92.828, 76.837, 0, 0, 0, 0, 
2.85, 18.387, 100.37, 71.47, 72.19, , 12.506, 0.983, 263.285, 263.285, 3.937, 299.307, 299.307, 299.307, 51.635, 94.633, 35.844, 35.292, 7.39, 13.593, 0, 0, 60.878, 61.91, 60.878, 61.91, 1, 77.561, 77.561, 0.025, 0.134, 79.837, 81.186, 79.837, 81.186, 5.723, 7.39, 13.593, , , 1, 2.949, 0, 0, 12.5, 3.937, 172, 0, 0, 0, 74, 17.424, 17.688, 102.2, 101.86, 100, 0, 0, 30.864, 29.932, 100, 4.43, 92.16, 0, 0, 93.228, 77.333, 0, 0, 0, 0, 0, 13.9, 0, 12.5, 0, 3.937, 172, 0, 0, 0, 74, 1, 0.017, 0.018, 102.2, 101.859, 100, 0, 0, 141, 30.864, 29.932, 100, 4.43, 0, 92.16, 0, 0, 93.228, 77.333, 0, 0, 0, 0, 
2.9, 18.384, 100.37, 71.47, 72.19, , 12.539, 0.983, 268.866, 268.866, 3.969, 300.116, 300.116, 300.116, 51.644, 95.576, 35.736, 35.508, 7.389, 13.562, 0, 0, 61.521, 62.563, 61.521, 62.563, 1, 78.171, 78.171, 0.025, 0.134, 80.038, 81.391, 80.038, 81.391, 5.742, 7.389, 13.562, , , 1, 2.999, 0, 0, 12.5, 3.969, 172, 0, 0, 0, 74, 17.5, 17.76, 102.085, 101.786, 100, 0, 0, 31, 30, 100, 4.43, 92.628, 0, 0, 93.628, 77.909, 0, 0, 0, 0, 0, 13.9, 0, 12.5, 0, 3.969, 172, 0, 0, 0, 74, 1, 0.017, 0.018, 102.085, 101.785, 100, 0, 0, 141, 31, 30, 100, 4.43, 0, 92.628, 0, 0, 93.628, 77.909, 0, 0, 0, 0, 
2.95, 18.381, 100.37, 71.47, 72.19, , 12.549, 0.983, 274.561, 274.561, 4.002, 300.368, 300.368, 300.368, 51.655, 94.898, 35.628, 35.724, 7.387, 13.539, 0, 0, 62.062, 63.113, 62.062, 63.113, 1, 78.787, 78.787, 0.025, 0.133, 80.088, 81.443, 80.088, 81.443, 5.762, 7.387, 13.539, , , 1, 3.049, 0, 0, 12.5, 4.002, 172, 0, 0, 0, 74, 17.562, 17.822, 101.725, 101.712, 100, 0, 0, 31, 30, 100, 4.43, 93.028, 0, 0, 94.028, 78.655, 0, 0, 0, 0, 0, 13.9, 0, 12.5, 0, 4.002, 172, 0, 0, 0, 74, 1, 0.017, 0.018, 101.725, 101.711, 100, 0, 0, 141, 31, 30, 100, 4.43, 0, 93.028, 0, 0, 94.028, 78.655, 0, 0, 0, 0, 
3, 18.38, 100.37, 71.47, 72.191, , 12.582, 0.983, 281.452, 281.452, 4.035, 301.171, 301.171, 301.171, 51.657, 91.577, 35.467, 35.727, 7.386, 13.519, 0, 0, 62.818, 63.88, 62.818, 63.88, 1, 79.656, 79.656, 0.025, 0.133, 80.296, 81.656, 80.296, 81.656, 5.781, 7.386, 13.519, , , 1, 3.099, 0, 0, 12.5, 4.035, 172, 0, 0, 0, 74, 17.624, 17.884, 101.365, 101.638, 100, 0, 0, 31, 30, 100, 4.43, 93.428, 0, 0, 94.428, 79.401, 0, 0, 0, 0, 0, 13.9, 0, 12.5, 0, 4.036, 172, 0, 0, 0, 74, 1, 0.017, 0.018, 101.365, 101.637, 100, 0, 0, 141, 31, 30, 100, 4.43, 0, 93.428, 0, 0, 94.428, 79.401, 0, 0, 0, 0, 
3.05, 18.38, 100.37, 71.47, 72.193, , 12.575, 0.983, 288.286, 288.286, 4.069, 301.018, 301.018, 301.018, 51.655, 88.255, 35.287, 35.655, 7.384, 13.508, 0, 0, 63.365, 64.435, 63.365, 64.435, 1, 80.279, 80.279, 0.025, 0.133, 80.258, 81.617, 80.258, 81.617, 5.798, 7.384, 13.508, , , 1, 3.149, 0, 0, 12.5, 4.069, 172, 0, 0, 0, 74, 17.686, 17.946, 101.005, 101.563, 100, 0, 0, 31, 30, 100, 4.43, 93.828, 0, 0, 94.828, 80.147, 0, 0, 0, 0, 0, 13.9, 0, 12.5, 0, 4.069, 172, 0, 0, 0, 74, 1, 0.018, 0.018, 101.005, 101.563, 100, 0, 0, 141, 31, 30, 100, 4.43, 0, 93.828, 0, 0, 94.828, 80.147, 0, 0, 0, 0, 
3.1, 18.38, 100.37, 71.47, 72.194, , 12.543, 0.983, 294.092, 294.092, 4.102, 300.295, 300.295, 300.295, 51.651, 84.934, 35.107, 35.583, 7.382, 13.496, 0, 0, 63.697, 64.773, 63.697, 64.773, 1, 80.89, 80.89, 0.025, 0.133, 80.073, 81.428, 80.073, 81.428, 5.808, 7.382, 13.496, , , 1, 3.199, 0, 0, 12.5, 4.102, 172, 0, 0, 0, 74, 17.748, 18.008, 100.645, 101.489, 100, 0, 0, 31, 30, 100, 4.43, 94.228, 0, 0, 95.228, 80.893, 0, 0, 0, 0, 0, 13.9, 0, 12.5, 0, 4.103, 172, 0, 0, 0, 74, 1, 0.018, 0.018, 100.645, 101.489, 100, 0, 0, 141, 31, 30, 100, 4.43, 0, 94.228, 0, 0, 95.228, 80.893, 0, 0, 0, 0, 
3.15, 18.38, 100.37, 71.47, 72.196, , 12.552, 0.983, 299.93, 299.93, 4.135, 300.528, 300.528, 300.528, 51.643, 81.612, 34.927, 35.511, 7.381, 13.483, 0, 0, 64.229, 65.314, 64.229, 65.314, 1, 81.506, 81.506, 0.025, 0.133, 80.148, 81.504, 80.148, 81.504, 5.818, 7.381, 13.483, , , 1, 3.249, 0, 0, 12.5, 4.135, 172, 0, 0, 0, 74, 17.813, 18.069, 100.289, 101.44, 100, 0, 0, 31.031, 30.031, 100, 4.429, 94.623, 0, 0, 95.623, 81.591, 0, 0, 0, 0, 0, 13.9, 0, 12.5, 0, 4.136, 172, 0, 0, 0, 74, 1, 0.018, 0.018, 100.289, 101.44, 100, 0, 0, 141, 31.031, 30.031, 100, 4.429, 0, 94.623, 0, 0, 95.623, 81.591, 0, 0, 0, 0, 
3.2, 18.38, 100.37, 71.47, 72.197, , 12.517, 0.983, 305.824, 305.824, 4.167, 299.693, 299.693, 299.693, 51.637, 78.291, 34.747, 35.439, 7.38, 13.468, 0, 0, 64.533, 65.623, 64.533, 65.623, 1, 82.129, 82.129, 0.025, 0.133, 79.937, 81.288, 79.937, 81.288, 5.828, 7.38, 13.468, , , 1, 3.3, 0, 0, 12.5, 4.167, 172, 0, 0, 0, 74, 17.884, 18.129, 99.943, 101.44, 100, 0, 0, 31.127, 30.127, 100, 4.425, 95.008, 0, 0, 96.008, 82.189, 0, 0, 0, 0, 0, 13.9, 0, 12.5, 0, 4.167, 172, 0, 0, 0, 74, 1, 0.018, 0.018, 99.943, 101.44, 100, 0, 0, 141, 31.127, 30.127, 100, 4.425, 0, 95.008, 0, 0, 96.008, 82.189, 0, 0, 0, 0, 
3.25, 18.38, 100.37, 71.47, 72.199, , 12.477, 0.983, 311.811, 311.811, 4.198, 298.762, 298.762, 298.762, 51.638, 74.97, 34.913, 35.846, 7.38, 13.446, 0, 0, 64.819, 65.914, 64.819, 65.914, 1, 82.736, 82.736, 0.025, 0.132, 79.688, 81.036, 79.688, 81.036, 5.838, 7.38, 13.446, , , 1, 3.349, 0, 0, 12.5, 4.198, 172, 0, 0, 0, 74, 17.955, 18.188, 99.597, 101.44, 100, 0, 0, 31.223, 30.223, 100, 4.421, 95.392, 0, 0, 96.392, 82.788, 0, 0, 0, 0, 0, 13.9, 0, 12.5, 0, 4.198, 172, 0, 0, 0, 74, 1, 0.018, 0.018, 99.597, 101.44, 100, 0, 0, 141, 31.223, 30.223, 100, 4.421, 0, 95.392, 0, 0, 96.392, 82.788, 0, 0, 0, 0, 
3.3, 18.38, 100.37, 71.47, 72.2, , 12.424, 0.983, 317.798, 317.798, 4.229, 297.523, 297.523, 297.523, 51.646, 71.648, 35.201, 36.422, 7.38, 13.424, 0, 0, 65.027, 66.126, 65.027, 66.126, 1, 83.348, 83.348, 0.025, 0.132, 79.346, 80.688, 79.346, 80.688, 5.885, 7.38, 13.424, , , 1, 3.399, 0, 0, 12.5, 4.229, 172, 0, 0, 0, 74, 18.026, 18.248, 99.251, 101.44, 100, 0, 0, 31.319, 30.319, 100, 4.417, 95.777, 0, 0, 96.777, 83.386, 0, 0, 0, 0, 0, 13.9, 0, 12.5, 0, 4.23, 172, 0, 0, 0, 74, 1, 0.018, 0.018, 99.251, 101.44, 100, 0, 0, 141, 31.319, 30.319, 100, 4.417, 0, 95.777, 0, 0, 96.777, 83.386, 0, 0, 0, 0, 
3.35, 18.38, 100.37, 71.47, 72.202, , 12.389, 0.983, 323.785, 323.785, 4.261, 296.717, 296.717, 296.717, 51.661, 68.327, 35.489, 36.998, 7.38, 13.4, 0, 0, 65.322, 66.426, 65.322, 66.426, 1, 83.954, 83.954, 0.024, 0.132, 79.109, 80.446, 79.109, 80.446, 5.933, 7.38, 13.4, , , 1, 3.449, 0, 0, 12.5, 4.261, 172, 0, 0, 0, 74, 18.097, 18.308, 98.905, 101.44, 100, 0, 0, 31.415, 30.415, 100, 4.413, 96.162, 0, 0, 97.162, 83.984, 0, 0, 0, 0, 0, 13.9, 0, 12.5, 0, 4.261, 172, 0, 0, 0, 74, 1, 0.018, 0.018, 98.905, 101.44, 100, 0, 0, 141, 31.415, 30.415, 100, 4.413, 0, 96.162, 0, 0, 97.162, 83.984, 0, 0, 0, 0, 
3.4, 18.38, 100.37, 71.47, 72.203, , 12.345, 0.983, 329.848, 329.848, 4.293, 295.71, 295.71, 295.71, 51.681, 65.005, 35.777, 37.574, 7.38, 13.377, 0, 0, 65.573, 66.681, 65.573, 66.681, 1, 84.567, 84.567, 0.024, 0.132, 78.807, 80.139, 78.807, 80.139, 5.981, 7.38, 13.377, , , 1, 3.499, 0, 0, 12.5, 4.293, 172, 0, 0, 0, 74, 18.164, 18.365, 98.6, 101.43, 100, 0, 0, 31.512, 30.512, 100, 4.41, 96.536, 0, 0, 97.536, 84.584, 0, 0, 0, 0, 0, 13.9, 0, 12.5, 0, 4.293, 172, 0, 0, 0, 74, 1, 0.018, 0.018, 98.6, 101.43, 100, 0, 0, 141, 31.512, 30.512, 100, 4.41, 0, 96.536, 0, 0, 97.536, 84.584, 0, 0, 0, 0, 
3.45, 18.38, 100.37, 71.47, 72.205, , 12.306, 0.983, 335.993, 335.993, 4.327, 294.788, 294.788, 294.788, 51.705, 61.684, 36.065, 38.15, 7.38, 13.353, 0, 0, 65.839, 66.952, 65.839, 66.952, 1, 85.176, 85.176, 0.024, 0.132, 78.524, 79.85, 78.524, 79.85, 6.029, 7.38, 13.353, , , 1, 3.549, 0, 0, 12.5, 4.327, 172, 0, 0, 0, 74, 18.196, 18.407, 98.6, 101.356, 100, 0, 0, 31.612, 30.612, 100, 4.41, 96.837, 0, 0, 97.837, 85.204, 0, 0, 0, 0, 0, 13.9, 0, 12.5, 0, 4.327, 172, 0, 0, 0, 74, 1, 0.018, 0.018, 98.6, 101.356, 100, 0, 0, 141, 31.612, 30.612, 100, 4.41, 0, 96.837, 0, 0, 97.837, 85.204, 0, 0, 0, 0, 
3.5, 18.38, 100.37, 71.47, 72.206, , 12.225, 0.983, 342.138, 342.138, 4.361, 292.902, 292.902, 292.902, 51.73, 58.363, 35.906, 37.598, 7.38, 13.329, 0, 0, 65.88, 66.994, 65.88, 66.994, 1, 85.777, 85.777, 0.024, 0.133, 77.986, 79.301, 77.986, 79.301, 6.073, 7.38, 13.329, , , 1, 3.599, 0, 0, 12.5, 4.361, 172, 0, 0, 0, 74, 18.228, 18.449, 98.6, 101.282, 100, 0, 0, 31.712, 30.712, 100, 4.41, 97.139, 0, 0, 98.139, 85.824, 0, 0, 0, 0, 0, 13.9, 0, 12.5, 0, 4.361, 172, 0, 0, 0, 74, 1, 0.018, 0.018, 98.6, 101.282, 100, 0, 0, 141, 31.712, 30.712, 100, 4.41, 0, 97.139, 0, 0, 98.139, 85.824, 0, 0, 0, 0, 
3.55, 18.38, 100.37, 71.47, 72.208, , 12.198, 0.983, 348.356, 348.356, 4.395, 292.266, 292.266, 292.266, 51.751, 55.041, 35.589, 36.648, 7.381, 13.305, 0, 0, 66.198, 67.319, 66.198, 67.319, 1, 86.372, 86.372, 0.024, 0.133, 77.784, 79.097, 77.784, 79.097, 6.115, 7.381, 13.305, , , 1, 3.649, 0, 0, 12.5, 4.395, 172, 0, 0, 0, 74, 18.26, 18.491, 98.6, 101.208, 100, 0, 0, 31.812, 30.812, 100, 4.41, 97.44, 0, 0, 98.44, 86.444, 0, 0, 0, 0, 0, 13.9, 0, 12.5, 0, 4.395, 172, 0, 0, 0, 74, 1, 0.018, 0.019, 98.6, 101.208, 100, 0, 0, 141, 31.812, 30.812, 100, 4.41, 0, 97.44, 0, 0, 98.44, 86.444, 0, 0, 0, 0, 
3.6, 18.38, 100.37, 71.47, 72.209, , 12.174, 0.983, 354.551, 354.551, 4.43, 291.726, 291.726, 291.726, 51.769, 51.72, 35.273, 35.699, 7.382, 13.278, 0, 0, 66.535, 67.66, 66.535, 67.66, 1, 86.978, 86.978, 0.024, 0.133, 77.613, 78.924, 77.613, 78.924, 6.157, 7.382, 13.278, , , 1, 3.699, 0, 0, 12.5, 4.43, 172, 0, 0, 0, 74, 18.292, 18.533, 98.6, 101.134, 100, 0, 0, 31.912, 30.912, 100, 4.41, 97.741, 0, 0, 98.741, 87.064, 0, 0, 0, 0, 0, 13.9, 0, 12.5, 0, 4.43, 172, 0, 0, 0, 74, 1, 0.018, 0.019, 98.6, 101.134, 100, 0, 0, 141, 31.912, 30.912, 100, 4.41, 0, 97.741, 0, 0, 98.741, 87.064, 0, 0, 0, 0, 
3.65, 18.38, 100.37, 71.47, 72.211, , 12.126, 0.983, 360.852, 360.852, 4.464, 290.59, 290.59, 290.59, 51.785, 54.241, 34.957, 34.75, 7.383, 13.243, 0, 0, 66.729, 67.858, 66.729, 67.858, 1, 87.579, 87.579, 0.025, 0.133, 77.289, 78.594, 77.289, 78.594, 6.199, 7.383, 13.243, , , 1, 3.749, 0, 0, 12.5, 4.464, 172, 0, 0, 0, 74, 18.332, 18.579, 98.6, 101.06, 100, 0, 0, 32, 31.012, 100, 4.41, 98.098, 0, 0, 99.084, 87.7, 0, 0, 0, 0, 0, 13.9, 0, 12.5, 0, 4.464, 172, 0, 0, 0, 74, 1, 0.018, 0.019, 98.6, 101.06, 100, 0, 0, 141, 32, 31.012, 100, 4.41, 0, 98.098, 0, 0, 99.084, 87.7, 0, 0, 0, 0, 
3.7, 18.38, 100.37, 71.47, 72.212, , 12.081, 0.983, 367.244, 367.244, 4.496, 289.539, 289.539, 289.539, 51.798, 66.668, 34.64, 33.801, 7.384, 13.206, 0, 0, 66.944, 68.077, 66.944, 68.077, 1, 88.17, 88.17, 0.025, 0.133, 76.99, 78.29, 76.99, 78.29, 6.231, 7.384, 13.206, , , 1, 3.799, 0, 0, 12.5, 4.496, 172, 0, 0, 0, 74, 18.434, 18.653, 98.6, 100.988, 100, 0, 0, 32, 31.112, 100, 4.41, 98.795, 0, 0, 99.681, 88.446, 0, 0, 0, 0, 0, 13.9, 0, 12.5, 0, 4.496, 172, 0, 0, 0, 74, 1, 0.018, 0.019, 98.6, 100.988, 100, 0, 0, 141, 32, 31.112, 100, 4.41, 0, 98.795, 0, 0, 99.681, 88.446, 0, 0, 0, 0, 
3.75, 18.38, 100.37, 71.47, 72.214, , 12.042, 0.983, 373.6, 373.6, 4.529, 288.65, 288.65, 288.65, 51.809, 67.415, 34.657, 33.692, 7.386, 13.166, 0, 0, 67.183, 68.319, 67.183, 68.319, 1, 88.764, 88.764, 0.025, 0.133, 76.736, 78.033, 76.736, 78.033, 6.249, 7.386, 13.166, , , 1, 3.849, 0, 0, 12.5, 4.529, 172, 0, 0, 0, 74, 18.536, 18.727, 98.6, 100.916, 100, 0, 0, 32, 31.212, 100, 4.41, 99.492, 0, 0, 100.279, 89.192, 0, 0, 0, 0, 0, 13.9, 0, 12.5, 0, 4.529, 172, 0, 0, 0, 74, 1, 0.018, 0.019, 98.6, 100.916, 100, 0, 0, 141, 32, 31.212, 100, 4.41, 0, 99.492, 0, 0, 100.279, 89.192, 0, 0, 0, 0, 
3.8, 18.38, 100.37, 71.47, 72.215, , 11.957, 0.983, 380.086, 380.086, 4.561, 286.64, 286.64, 286.64, 51.819, 68.162, 34.879, 34.097, 7.388, 13.126, 0, 0, 67.162, 68.297, 67.162, 68.297, 1, 89.361, 89.361, 0.025, 0.133, 76.188, 77.474, 76.188, 77.474, 6.267, 7.388, 13.126, , , 1, 3.899, 0, 0, 12.5, 4.561, 172, 0, 0, 0, 74, 18.638, 18.801, 98.6, 100.844, 100, 0, 0, 32, 31.312, 100, 4.41, 100.189, 0, 0, 100.876, 89.938, 0, 0, 0, 0, 0, 13.9, 0, 12.5, 0, 4.561, 172, 0, 0, 0, 74, 1, 0.019, 0.019, 98.6, 100.844, 100, 0, 0, 141, 32, 31.312, 100, 4.41, 0, 100.189, 0, 0, 100.876, 89.938, 0, 0, 0, 0, 
3.85, 18.38, 100.37, 71.47, 72.217, , 11.867, 0.983, 386.572, 386.572, 4.594, 284.523, 284.523, 284.523, 51.829, 68.909, 35.1, 34.503, 7.388, 13.077, 0, 0, 67.106, 68.241, 67.106, 68.241, 1, 89.948, 89.948, 0.025, 0.133, 75.611, 76.887, 75.611, 76.887, 6.285, 7.388, 13.077, , , 1, 3.949, 0, 0, 12.5, 4.594, 172, 0, 0, 0, 74, 18.74, 18.875, 98.6, 100.772, 100, 0, 0, 32, 31.412, 100, 4.41, 100.886, 0, 0, 101.474, 90.684, 0, 0, 0, 0, 0, 13.9, 0, 12.5, 0, 4.594, 172, 0, 0, 0, 74, 1, 0.019, 0.019, 98.6, 100.772, 100, 0, 0, 141, 32, 31.412, 100, 4.41, 0, 100.886, 0, 0, 101.474, 90.684, 0, 0, 0, 0, 
3.9, 18.38, 100.37, 71.47, 72.218, , 11.79, 0.983, 393.057, 393.057, 4.626, 282.72, 282.72, 282.72, 51.838, 69.656, 35.321, 34.909, 7.388, 13.028, 0, 0, 67.11, 68.245, 67.11, 68.245, 1, 90.527, 90.527, 0.025, 0.133, 75.118, 76.385, 75.118, 76.385, 6.312, 7.388, 13.028, , , 1, 3.999, 0, 0, 12.5, 4.626, 172, 0, 0, 0, 74, 18.842, 18.951, 98.558, 100.69, 100, 0, 0, 32.012, 31.512, 100, 4.41, 101.581, 0, 0, 102.081, 91.397, 0, 0, 0, 0, 0, 13.9, 0, 12.5, 0, 4.626, 172, 0, 0, 0, 74, 1, 0.019, 0.019, 98.558, 100.69, 100, 0, 0, 141, 32.012, 31.512, 100, 4.41, 0, 101.581, 0, 0, 102.081, 91.397, 0, 0, 0, 0, 
3.95, 18.38, 100.37, 71.47, 72.22, , 11.702, 0.983, 399.618, 399.618, 4.658, 280.656, 280.656, 280.656, 51.845, 70.403, 35.542, 35.315, 7.387, 12.975, 0, 0, 67.048, 68.181, 67.048, 68.181, 1, 91.1, 91.1, 0.025, 0.133, 74.562, 75.821, 74.562, 75.821, 6.351, 7.387, 12.975, , , 1, 4.049, 0, 0, 12.5, 4.658, 172, 0, 0, 0, 74, 18.938, 19.043, 98.212, 100.548, 100, 0, 0, 32.108, 31.608, 100, 4.41, 102.254, 0, 0, 102.754, 91.876, 0, 0, 0, 0, 0, 13.9, 0, 12.5, 0, 4.658, 172, 0, 0, 0, 74, 1, 0.019, 0.019, 98.212, 100.548, 100, 0, 0, 141, 32.108, 31.608, 100, 4.41, 0, 102.257, 0, 0, 102.754, 91.876, 0, 0, 0, 0, 
4, 18.38, 100.37, 71.47, 72.222, , 11.654, 0.983, 406.159, 406.159, 4.689, 279.54, 279.54, 279.54, 51.83, 71.15, 35.573, 35.313, 7.386, 12.92, 0, 0, 67.202, 68.339, 67.202, 68.339, 1, 91.683, 91.683, 0.025, 0.133, 74.283, 75.538, 74.283, 75.538, 6.39, 7.386, 12.92, , , 1, 4.098, 0, 0, 12.5, 4.689, 172, 0, 0, 0, 74, 19.034, 19.136, 97.866, 100.405, 100, 0, 0, 32.204, 31.704, 100, 4.41, 102.927, 0, 0, 103.427, 92.355, 0, 0, 0, 0, 0, 13.9, 0, 12.5, 0, 4.689, 172, 0, 0, 0, 74, 1, 0.019, 0.019, 97.866, 100.405, 100, 0, 0, 141, 32.204, 31.704, 100, 4.41, 0, 102.932, 0, 0, 103.427, 92.355, 0, 0, 0, 0, 
4.05, 18.38, 100.37, 71.47, 72.223, , 11.604, 0.983, 413.761, 413.761, 4.72, 278.367, 278.367, 278.367, 51.791, 71.897, 35.537, 35.169, 7.383, 12.849, 0, 0, 67.396, 68.536, 67.396, 68.536, 1, 92.258, 92.258, 0.025, 0.133, 74.048, 75.299, 74.048, 75.299, 6.429, 7.383, 12.849, , , 1, 4.148, 0, 0, 12.5, 4.72, 172, 0, 0, 0, 74, 19.13, 19.228, 97.52, 100.263, 100, 0, 0, 32.3, 31.8, 100, 4.41, 103.6, 0, 0, 104.1, 92.834, 0, 0, 0, 0, 0, 13.9, 0, 12.5, 0, 4.72, 172, 0, 0, 0, 74, 1, 0.019, 0.019, 97.52, 100.263, 100, 0, 0, 141, 32.3, 31.8, 100, 4.41, 0, 103.608, 0, 0, 104.1, 92.834, 0, 0, 0, 0, 
4.1, 18.38, 100.37, 71.47, 72.225, , 11.546, 0.983, 421.833, 421.833, 4.752, 277.018, 277.018, 277.018, 51.69, 72.644, 35.501, 35.025, 7.381, 12.778, 0, 0, 67.577, 68.718, 67.577, 68.718, 1, 93.025, 93.025, 0.025, 0.133, 73.812, 75.061, 73.812, 75.061, 6.466, 7.381, 12.778, , , 1, 4.199, 0, 0, 12.5, 4.752, 172, 0, 0, 0, 74, 19.226, 19.32, 97.174, 100.121, 100, 0, 0, 32.396, 31.896, 100, 4.41, 104.273, 0, 0, 104.773, 93.313, 0, 0, 0, 0, 0, 13.9, 0, 12.5, 0, 4.752, 172, 0, 0, 0, 74, 1, 0.019, 0.019, 97.174, 100.121, 100, 0, 0, 141, 32.396, 31.896, 100, 4.41, 0, 104.284, 0, 0, 104.773, 93.313, 0, 0, 0, 0, 
4.15, 18.38, 100.37, 71.47, 72.226, , 11.49, 0.983, 428.638, 428.638, 4.783, 275.713, 275.713, 275.713, 51.599, 73.391, 35.465, 34.881, 7.38, 12.705, 0, 0, 67.663, 68.807, 67.663, 68.807, 1, 93.596, 93.596, 0.025, 0.132, 73.593, 74.838, 73.593, 74.838, 6.5, 7.38, 12.705, , , 1, 4.249, 0, 0, 12.5, 4.783, 172, 0, 0, 0, 74, 19.322, 19.413, 96.828, 99.979, 100, 0, 0, 32.492, 31.992, 100, 4.41, 104.946, 0, 0, 105.446, 93.792, 0, 0, 0, 0, 0, 13.9, 0, 12.5, 0, 4.783, 172, 0, 0, 0, 74, 1, 0.019, 0.019, 96.828, 99.979, 100, 0, 0, 141, 32.492, 31.992, 100, 4.41, 0, 104.959, 0, 0, 105.446, 93.792, 0, 0, 0, 0, 
4.2, 18.38, 100.37, 71.47, 72.228, , 11.427, 0.983, 435.407, 435.407, 4.817, 274.224, 274.224, 274.224, 51.491, 74.138, 35.429, 34.737, 7.379, 12.632, 0, 0, 67.702, 68.845, 67.702, 68.845, 1, 94.157, 94.157, 0.025, 0.132, 73.348, 74.588, 73.348, 74.588, 6.534, 7.379, 12.632, , , 1, 4.299, 0, 0, 12.5, 4.817, 172, 0, 0, 0, 74, 19.326, 19.421, 96.699, 99.906, 100, 0, 0, 32.584, 32.084, 100, 4.41, 105.394, 0, 0, 105.894, 94.527, 0, 0, 0, 0, 0, 13.9, 0, 12.5, 0, 4.817, 172, 0, 0, 0, 74, 1, 0.019, 0.019, 96.699, 99.906, 100, 0, 0, 141, 32.584, 32.084, 100, 4.41, 0, 105.401, 0, 0, 105.894, 94.527, 0, 0, 0, 0, 
4.25, 18.38, 100.37, 71.47, 72.229, , 11.366, 0.983, 442.275, 442.275, 4.85, 272.808, 272.808, 272.808, 51.383, 74.885, 35.42, 34.807, 7.379, 12.563, 0, 0, 67.758, 68.902, 67.758, 68.902, 1, 94.721, 94.721, 0.025, 0.132, 73.124, 74.36, 73.124, 74.36, 6.568, 7.379, 12.563, , , 1, 4.349, 0, 0, 12.5, 4.85, 172, 0, 0, 0, 74, 19.322, 19.422, 96.589, 99.839, 100, 0, 0, 32.676, 32.176, 100, 4.41, 105.822, 0, 0, 106.322, 95.284, 0, 0, 0, 0, 0, 13.9, 0, 12.5, 0, 4.85, 172, 0, 0, 0, 74, 1, 0.019, 0.019, 96.589, 99.839, 100, 0, 0, 141, 32.676, 32.176, 100, 4.41, 0, 105.828, 0, 0, 106.322, 95.284, 0, 0, 0, 0, 
4.3, 18.38, 100.37, 71.47, 72.23, , 11.331, 0.983, 449.143, 449.143, 4.884, 271.991, 271.991, 271.991, 51.278, 75.632, 35.42, 34.951, 7.379, 12.494, 0, 0, 67.955, 69.102, 67.955, 69.102, 1, 95.28, 95.28, 0.025, 0.132, 73.054, 74.288, 73.054, 74.288, 6.602, 7.379, 12.494, , , 1, 4.399, 0, 0, 12.5, 4.884, 172, 0, 0, 0, 74, 19.318, 19.424, 96.48, 99.771, 100, 0, 0, 32.767, 32.267, 100, 4.41, 106.249, 0, 0, 106.749, 96.041, 0, 0, 0, 0, 0, 13.9, 0, 12.5, 0, 4.884, 172, 0, 0, 0, 74, 1, 0.019, 0.019, 96.48, 99.771, 100, 0, 0, 141, 32.767, 32.267, 100, 4.41, 0, 106.255, 0, 0, 106.749, 96.041, 0, 0, 0, 0, 
4.35, 18.379, 100.37, 71.47, 72.23, , 11.269, 0.983, 456.01, 456.01, 4.918, 270.537, 270.537, 270.537, 51.192, 76.379, 35.42, 35.095, 7.38, 12.442, 0, 0, 67.985, 69.134, 67.985, 69.134, 1, 95.834, 95.834, 0.024, 0.131, 72.783, 74.013, 72.783, 74.013, 6.631, 7.38, 12.442, , , 1, 4.449, 0, 0, 12.5, 4.918, 172, 0, 0, 0, 74, 19.313, 19.425, 96.37, 99.703, 100, 0, 0, 32.859, 32.359, 100, 4.41, 106.677, 0, 0, 107.177, 96.799, 0, 0, 0, 0, 0, 13.9, 0, 12.5, 0, 4.918, 172, 0, 0, 0, 74, 1, 0.019, 0.019, 96.37, 99.703, 100, 0, 0, 141, 32.859, 32.359, 100, 4.41, 0, 106.682, 0, 0, 107.177, 96.799, 0, 0, 0, 0, 
4.4, 18.378, 100.37, 71.47, 72.23, , 11.189, 0.983, 462.966, 462.966, 4.951, 268.652, 268.652, 268.652, 51.163, 77.126, 35.42, 35.239, 7.38, 12.39, 0, 0, 67.9, 69.048, 67.9, 69.048, 1, 96.382, 96.382, 0.024, 0.131, 72.314, 73.535, 72.314, 73.535, 6.661, 7.38, 12.39, , , 1, 4.499, 0, 0, 12.5, 4.951, 172, 0, 0, 0, 74, 19.309, 19.426, 96.26, 99.636, 100, 0, 0, 32.95, 32.45, 100, 4.41, 107.105, 0, 0, 107.605, 97.556, 0, 0, 0, 0, 0, 13.9, 0, 12.5, 0, 4.951, 172, 0, 0, 0, 74, 1, 0.019, 0.019, 96.26, 99.636, 100, 0, 0, 141, 32.95, 32.45, 100, 4.41, 0, 107.109, 0, 0, 107.605, 97.556, 0, 0, 0, 0, 
4.45, 18.377, 100.37, 71.47, 72.23, , 11.161, 0.983, 469.9, 469.9, 4.985, 268.005, 268.005, 268.005, 51.198, 77.873, 35.42, 35.383, 7.38, 12.358, 0, 0, 68.121, 69.273, 68.121, 69.273, 1, 96.941, 96.941, 0.024, 0.131, 72.098, 73.317, 72.098, 73.317, 6.691, 7.38, 12.358, , , 1, 4.549, 0, 0, 12.5, 4.985, 172, 0, 0, 0, 74, 19.305, 19.427, 96.15, 99.568, 100, 0, 0, 33.041, 32.541, 100, 4.41, 107.533, 0, 0, 108.033, 98.313, 0, 0, 0, 0, 0, 13.9, 0, 12.5, 0, 4.985, 172, 0, 0, 0, 74, 1, 0.019, 0.019, 96.15, 99.568, 100, 0, 0, 141, 33.041, 32.541, 100, 4.41, 0, 107.535, 0, 0, 108.033, 98.313, 0, 0, 0, 0, 
4.5, 18.377, 100.37, 71.47, 72.23, , 11.102, 0.983, 476.976, 476.976, 5.019, 266.631, 266.631, 266.631, 51.286, 78.62, 35.66, 35.26, 7.379, 12.325, 0, 0, 68.158, 69.31, 68.158, 69.31, 1, 97.484, 97.484, 0.024, 0.131, 71.6, 72.811, 71.6, 72.811, 6.72, 7.379, 12.325, , , 1, 4.599, 0, 0, 12.5, 5.019, 172, 0, 0, 0, 74, 19.3, 19.428, 96.04, 99.5, 100, 0, 0, 33.133, 32.633, 100, 4.41, 107.961, 0, 0, 108.461, 99.071, 0, 0, 0, 0, 0, 13.9, 0, 12.5, 0, 5.019, 172, 0, 0, 0, 74, 1, 0.019, 0.019, 96.04, 99.5, 100, 0, 0, 141, 33.133, 32.633, 100, 4.41, 0, 107.962, 0, 0, 108.461, 99.071, 0, 0, 0, 0, 
4.55, 18.376, 100.37, 71.47, 72.23, , 11.001, 0.983, 484.052, 484.052, 5.052, 264.253, 264.253, 264.253, 51.439, 79.367, 35.984, 35.044, 7.379, 12.313, 0, 0, 67.929, 69.076, 67.929, 69.076, 1, 98.031, 98.031, 0.024, 0.131, 70.756, 71.953, 70.756, 71.953, 6.747, 7.379, 12.313, , , 1, 4.649, 0, 0, 12.5, 5.052, 172, 0, 0, 0, 74, 19.296, 19.43, 95.931, 99.433, 100, 0, 0, 33.224, 32.724, 100, 4.41, 108.389, 0, 0, 108.889, 99.828, 0, 0, 0, 0, 0, 13.9, 0, 12.5, 0, 5.052, 172, 0, 0, 0, 74, 1, 0.019, 0.019, 95.931, 99.433, 100, 0, 0, 141, 33.224, 32.724, 100, 4.41, 0, 108.389, 0, 0, 108.889, 99.828, 0, 0, 0, 0, 
4.6, 18.375, 100.37, 71.47, 72.23, , 10.918, 0.983, 491.128, 491.128, 5.08, 262.297, 262.297, 262.297, 51.635, 80.114, 36.308, 34.828, 7.378, 12.301, 0, 0, 67.799, 68.943, 67.799, 68.943, 1, 98.581, 98.581, 0.024, 0.132, 69.971, 71.152, 69.971, 71.152, 6.774, 7.378, 12.301, , , 1, 4.699, 0, 0, 12.5, 5.08, 172, 0, 0, 0, 74, 19.227, 19.357, 95.765, 99.329, 100, 0, 0, 33.288, 32.712, 100, 4.41, 107.886, 0, 0, 108.386, 100.226, 0, 0, 0, 0, 0, 13.9, 0, 12.5, 0, 5.08, 172, 0, 0, 0, 74, 1, 0.019, 0.019, 95.765, 99.329, 100, 0, 0, 141, 33.288, 32.712, 100, 4.41, 0, 107.886, 0, 0, 108.386, 100.226, 0, 0, 0, 0, 
4.65, 18.374, 100.37, 71.47, 72.23, , 10.853, 0.983, 498.345, 498.345, 5.104, 260.778, 260.778, 260.778, 51.795, 80.861, 36.632, 34.612, 7.378, 12.308, 0, 0, 67.774, 68.917, 67.774, 68.917, 1, 99.113, 99.113, 0.025, 0.132, 69.345, 70.516, 69.345, 70.516, 6.801, 7.378, 12.308, , , 1, 4.749, 0, 0, 12.5, 5.104, 172, 0, 0, 0, 74, 19.132, 19.254, 95.578, 99.214, 100, 0, 0, 33.34, 32.66, 100, 4.41, 107.056, 0, 0, 107.556, 100.484, 0, 0, 0, 0, 0, 13.9, 0, 12.5, 0, 5.104, 172, 0, 0, 0, 74, 1, 0.019, 0.019, 95.578, 99.214, 100, 0, 0, 141, 33.34, 32.66, 100, 4.41, 0, 107.056, 0, 0, 107.556, 100.484, 0, 0, 0, 0, 
4.7, 18.374, 100.37, 71.47, 72.23, , 10.774, 0.983, 505.527, 505.527, 5.13, 258.916, 258.916, 258.916, 51.915, 81.608, 36.956, 34.396, 7.378, 12.316, 0, 0, 67.655, 68.797, 67.655, 68.797, 1, 99.651, 99.651, 0.025, 0.132, 68.688, 69.848, 68.688, 69.848, 6.828, 7.378, 12.316, , , 1, 4.799, 0, 0, 12.5, 5.13, 172, 0, 0, 0, 74, 19.037, 19.152, 95.39, 99.098, 100, 0, 0, 33.392, 32.608, 100, 4.41, 106.226, 0, 0, 106.726, 100.743, 0, 0, 0, 0, 0, 13.9, 0, 12.5, 0, 5.13, 172, 0, 0, 0, 74, 1, 0.019, 0.019, 95.39, 99.098, 100, 0, 0, 141, 33.392, 32.608, 100, 4.41, 0, 106.226, 0, 0, 106.726, 100.743, 0, 0, 0, 0, 
4.75, 18.373, 100.37, 71.47, 72.23, , 10.716, 0.983, 512.678, 512.678, 5.154, 257.579, 257.579, 257.579, 51.993, 82.355, 36.8, 34.846, 7.379, 12.34, 0, 0, 67.661, 68.803, 67.661, 68.803, 1, 100.178, 100.178, 0.025, 0.133, 68.231, 69.383, 68.231, 69.383, 6.85, 7.379, 12.34, , , 1, 4.849, 0, 0, 12.5, 5.154, 172, 0, 0, 0, 74, 18.942, 19.05, 95.202, 98.983, 100, 0, 0, 33.444, 32.556, 100, 4.41, 105.396, 0, 0, 105.896, 101.001, 0, 0, 0, 0, 0, 13.9, 0, 12.5, 0, 5.154, 172, 0, 0, 0, 74, 1, 0.019, 0.019, 95.202, 98.983, 100, 0, 0, 141, 33.444, 32.556, 100, 4.41, 0, 105.396, 0, 0, 105.896, 101.001, 0, 0, 0, 0, 
4.8, 18.372, 100.37, 71.47, 72.23, , 10.656, 0.983, 519.974, 519.974, 5.18, 256.168, 256.168, 256.168, 52.028, 83.102, 36.476, 35.53, 7.379, 12.366, 0, 0, 67.644, 68.788, 67.644, 68.788, 1, 100.703, 100.703, 0.025, 0.133, 67.81, 68.956, 67.81, 68.956, 6.871, 7.379, 12.366, , , 1, 4.899, 0, 0, 12.5, 5.18, 172, 0, 0, 0, 74, 18.848, 18.948, 95.015, 98.867, 100, 0, 0, 33.496, 32.504, 100, 4.41, 104.566, 0, 0, 105.066, 101.259, 0, 0, 0, 0, 0, 13.9, 0, 12.5, 0, 5.18, 172, 0, 0, 0, 74, 1, 0.019, 0.019, 95.015, 98.867, 100, 0, 0, 141, 33.496, 32.504, 100, 4.41, 0, 104.566, 0, 0, 105.066, 101.259, 0, 0, 0, 0, 
4.85, 18.371, 100.37, 71.47, 72.23, , 10.589, 0.983, 527.271, 527.271, 5.207, 254.6, 254.6, 254.6, 52.031, 83.849, 36.152, 36.214, 7.38, 12.408, 0, 0, 67.58, 68.723, 67.58, 68.723, 1, 101.226, 101.226, 0.025, 0.134, 67.395, 68.535, 67.395, 68.535, 6.893, 7.38, 12.408, , , 1, 4.949, 0, 0, 12.5, 5.207, 172, 0, 0, 0, 74, 18.734, 18.816, 95, 98.793, 100, 0, 0, 33.5, 32.412, 100, 4.41, 103.967, 0, 0, 104.467, 101.83, 0, 0, 0, 0, 0, 13.9, 0, 12.5, 0, 5.207, 172, 0, 0, 0, 74, 1, 0.019, 0.019, 95, 98.793, 100, 0, 0, 141, 33.5, 32.412, 100, 4.41, 0, 103.967, 0, 0, 104.467, 101.83, 0, 0, 0, 0, 
4.9, 18.371, 100.37, 71.47, 72.23, , 10.565, 0.983, 534.714, 534.714, 5.234, 254.049, 254.049, 254.049, 52.03, 84.597, 35.828, 36.898, 7.38, 12.452, 0, 0, 67.782, 68.929, 67.782, 68.929, 1, 101.756, 101.756, 0.025, 0.134, 67.251, 68.389, 67.251, 68.389, 6.914, 7.38, 12.452, , , 1, 4.999, 0, 0, 12.5, 5.234, 172, 0, 0, 0, 74, 18.618, 18.682, 95, 98.722, 100, 0, 0, 33.5, 32.315, 100, 4.41, 103.388, 0, 0, 103.888, 102.428, 0, 0, 0, 0, 0, 13.9, 0, 12.5, 0, 5.234, 172, 0, 0, 0, 74, 1, 0.019, 0.019, 95, 98.722, 100, 0, 0, 141, 33.5, 32.315, 100, 4.41, 0, 103.388, 0, 0, 103.888, 102.428, 0, 0, 0, 0, 
4.95, 18.37, 100.37, 71.47, 72.23, , 10.515, 0.983, 542.096, 542.096, 5.261, 252.882, 252.882, 252.882, 52.03, 85.344, 35.504, 37.582, 7.38, 12.506, 0, 0, 67.819, 68.964, 67.819, 68.964, 1, 102.271, 102.271, 0.025, 0.134, 66.943, 68.075, 66.943, 68.075, 6.942, 7.38, 12.506, , , 1, 5.049, 0, 0, 12.5, 5.261, 172, 0, 0, 0, 74, 18.503, 18.547, 95, 98.651, 100, 0, 0, 33.5, 32.219, 100, 4.41, 102.809, 0, 0, 103.309, 103.026, 0, 0, 0, 0, 0, 13.9, 0, 12.5, 0, 5.261, 172, 0, 0, 0, 74, 1, 0.018, 0.018, 95, 98.651, 100, 0, 0, 141, 33.5, 32.219, 100, 4.41, 0, 102.809, 0, 0, 103.309, 103.026, 0, 0, 0, 0, 
5, 18.369, 100.37, 71.47, 72.23, , 10.464, 0.983, 549.477, 549.477, 5.289, 251.672, 251.672, 251.672, 52.031, 86.091, 35.393, 37.36, 7.38, 12.561, 0, 0, 67.837, 68.981, 67.837, 68.981, 1, 102.79, 102.79, 0.025, 0.134, 66.621, 67.747, 66.621, 67.747, 6.974, 7.38, 12.561, , , 1, 5.099, 0, 0, 12.5, 5.289, 172, 0, 0, 0, 74, 18.388, 18.412, 95, 98.58, 100, 0, 0, 33.5, 32.123, 100, 4.41, 102.23, 0, 0, 102.73, 103.624, 0, 0, 0, 0, 0, 13.9, 0, 12.5, 0, 5.289, 172, 0, 0, 0, 74, 1, 0.018, 0.018, 95, 98.58, 100, 0, 0, 141, 33.5, 32.123, 100, 4.41, 0, 102.23, 0, 0, 102.73, 103.624, 0, 0, 0, 0, 
5.05, 18.368, 100.37, 71.47, 72.23, , 10.43, 0.983, 557.009, 557.009, 5.316, 250.888, 250.888, 250.888, 52.033, 86.838, 35.357, 36.82, 7.381, 12.62, 0, 0, 67.969, 69.115, 67.969, 69.115, 1, 103.308, 103.308, 0.025, 0.134, 66.411, 67.532, 66.411, 67.532, 7.005, 7.381, 12.62, , , 1, 5.148, 0, 0, 12.5, 5.316, 172, 0, 0, 0, 74, 18.272, 18.278, 95, 98.508, 100, 0, 0, 33.5, 32.027, 100, 4.41, 101.651, 0, 0, 102.151, 104.223, 0, 0, 0, 0, 0, 13.9, 0, 12.5, 0, 5.316, 172, 0, 0, 0, 74, 1, 0.018, 0.018, 95, 98.508, 100, 0, 0, 141, 33.5, 32.027, 100, 4.41, 0, 101.651, 0, 0, 102.151, 104.223, 0, 0, 0, 0, 
5.1, 18.367, 100.37, 71.47, 72.23, , 10.378, 0.983, 564.541, 564.541, 5.353, 249.671, 249.671, 249.671, 52.036, 87.585, 35.321, 36.28, 7.382, 12.68, 0, 0, 67.977, 69.124, 67.977, 69.124, 1, 103.824, 103.824, 0.025, 0.134, 66.084, 67.2, 66.084, 67.2, 7.036, 7.382, 12.68, , , 1, 5.199, 0, 0, 12.5, 5.353, 172.285, 0, 0, 0, 74, 18.153, 18.158, 94.875, 98.306, 100, 0, 0, 33.638, 32.069, 100, 4.41, 101.073, 0, 0, 101.538, 104.949, 0, 0, 0, 0, 0, 13.9, 0, 12.5, 0, 5.353, 172.285, 0, 0, 0, 74, 1, 0.018, 0.018, 94.875, 98.306, 100, 0, 0, 141, 33.638, 32.069, 100, 4.41, 0, 101.073, 0, 0, 101.538, 104.949, 0, 0, 0, 0, 
5.15, 18.367, 100.37, 71.47, 72.23, , 10.341, 0.983, 572.074, 572.074, 5.395, 248.821, 248.821, 248.821, 52.045, 88.332, 35.285, 35.74, 7.384, 12.738, 0, 0, 68.08, 69.229, 68.08, 69.229, 1, 104.335, 104.335, 0.025, 0.133, 65.848, 66.96, 65.848, 66.96, 7.059, 7.384, 12.738, , , 1, 5.249, 0, 0, 12.5, 5.395, 172.669, 0, 0, 0, 74, 18.033, 18.045, 94.702, 98.057, 100, 0, 0, 33.831, 32.165, 100, 4.41, 100.496, 0, 0, 100.912, 105.726, 0, 0, 0, 0, 0, 13.9, 0, 12.5, 0, 5.395, 172.669, 0, 0, 0, 74, 1, 0.018, 0.018, 94.702, 98.057, 100, 0, 0, 141, 33.831, 32.165, 100, 4.41, 0, 100.496, 0, 0, 100.912, 105.726, 0, 0, 0, 0, 
5.2, 18.366, 100.37, 71.473, 72.23, , 10.273, 0.983, 579.606, 579.606, 5.436, 247.232, 247.232, 247.232, 52.061, 89.079, 35.249, 35.2, 7.386, 12.795, 0, 0, 67.973, 69.121, 67.973, 69.121, 1, 104.842, 104.842, 0.025, 0.133, 65.405, 66.512, 65.405, 66.512, 7.081, 7.386, 12.795, , , 1, 5.299, 0, 0, 12.5, 5.436, 173.054, 0, 0, 0, 74, 17.913, 17.931, 94.529, 97.808, 100, 0, 0, 34.023, 32.262, 100, 4.41, 99.919, 0, 0, 100.288, 106.503, 0, 0, 0, 0, 0, 13.9, 0, 12.5, 0, 5.436, 173.054, 0, 0, 0, 74, 1, 0.018, 0.018, 94.529, 97.808, 100, 0, 0, 141, 34.023, 32.262, 100, 4.41, 0, 99.919, 0, 0, 100.288, 106.503, 0, 0, 0, 0, 
5.25, 18.365, 100.371, 71.478, 72.23, , 10.244, 0.983, 587.174, 587.174, 5.477, 246.565, 246.565, 246.565, 52.085, 89.826, 35.267, 35.38, 7.388, 12.842, 0, 0, 68.117, 69.268, 68.117, 69.268, 1, 105.352, 105.352, 0.025, 0.133, 65.199, 66.303, 65.199, 66.303, 7.102, 7.388, 12.842, , , 1, 5.349, 0, 0, 12.5, 5.477, 173.438, 0, 0, 0, 74, 17.793, 17.818, 94.356, 97.559, 100, 0, 0, 34.215, 32.358, 100, 4.41, 99.342, 0, 0, 99.662, 107.28, 0, 0, 0, 0, 0, 13.9, 0, 12.5, 0, 5.477, 173.438, 0, 0, 0, 74, 1, 0.018, 0.018, 94.356, 97.559, 100, 0, 0, 141, 34.215, 32.358, 100, 4.41, 0, 99.342, 0, 0, 99.662, 107.28, 0, 0, 0, 0, 
5.3, 18.364, 100.371, 71.483, 72.23, , 10.232, 0.983, 596.856, 596.856, 5.518, 246.294, 246.294, 246.294, 52.121, 90.573, 35.303, 35.812, 7.39, 12.887, 0, 0, 68.457, 69.614, 68.457, 69.614, 1, 105.92, 105.92, 0.025, 0.133, 65.076, 66.178, 65.076, 66.178, 7.123, 7.39, 12.887, , , 1, 5.399, 0, 0, 12.5, 5.518, 173.823, 0, 0, 0, 74, 17.673, 17.704, 94.183, 97.31, 100, 0, 0, 34.408, 32.454, 100, 4.41, 98.765, 0, 0, 99.038, 108.057, 0, 0, 0, 0, 0, 13.9, 0, 12.5, 0, 5.518, 173.823, 0, 0, 0, 74, 1, 0.018, 0.018, 94.183, 97.31, 100, 0, 0, 141, 34.408, 32.454, 100, 4.41, 0, 98.765, 0, 0, 99.038, 108.057, 0, 0, 0, 0, 
5.35, 18.364, 100.371, 71.488, 72.23, , 10.201, 0.983, 604.92, 604.92, 5.545, 245.572, 245.572, 245.572, 52.161, 91.32, 35.339, 36.244, 7.39, 12.918, 0, 0, 68.596, 69.754, 68.596, 69.754, 1, 106.519, 106.519, 0.025, 0.133, 64.843, 65.942, 64.843, 65.942, 7.138, 7.39, 12.918, , , 1, 5.449, 0, 0, 12.5, 5.545, 174, 0, 0, 0, 74, 17.621, 17.652, 93.998, 97.173, 100, 0, 0, 34.5, 32.5, 100, 4.41, 98.5, 0, 0, 98.779, 108.605, 0, 0, 0, 0, 0, 13.9, 0, 12.5, 0, 5.545, 174, 0, 0, 0, 74, 1, 0.018, 0.018, 93.998, 97.173, 100, 0, 0, 141, 34.5, 32.5, 100, 4.41, 0, 98.5, 0, 0, 98.779, 108.605, 0, 0, 0, 0, 
5.4, 18.363, 100.372, 71.493, 72.23, , 10.179, 0.983, 612.704, 612.704, 5.561, 245.083, 245.083, 245.083, 52.184, 92.067, 35.375, 36.676, 7.39, 12.946, 0, 0, 68.786, 69.947, 68.786, 69.947, 1, 107.026, 107.026, 0.025, 0.133, 64.684, 65.779, 64.684, 65.779, 7.144, 7.39, 12.946, , , 1, 5.499, 0, 0, 12.5, 5.561, 174, 0, 0, 0, 74, 17.633, 17.657, 93.801, 97.133, 100, 0, 0, 34.5, 32.5, 100, 4.41, 98.5, 0, 0, 98.834, 108.942, 0, 0, 0, 0, 0, 13.9, 0, 12.5, 0, 5.561, 174, 0, 0, 0, 74, 1, 0.018, 0.018, 93.801, 97.133, 100, 0, 0, 141, 34.5, 32.5, 100, 4.41, 0, 98.5, 0, 0, 98.834, 108.942, 0, 0, 0, 0, 
5.45, 18.362, 100.372, 71.498, 72.23, , 10.204, 0.983, 620.487, 620.487, 5.576, 245.697, 245.697, 245.697, 52.197, 92.814, 35.411, 37.108, 7.389, 12.95, 0, 0, 69.282, 70.452, 69.282, 70.452, 1, 107.53, 107.53, 0.025, 0.133, 64.829, 65.926, 64.829, 65.926, 7.151, 7.389, 12.95, , , 1, 5.549, 0, 0, 12.5, 5.576, 174, 0, 0, 0, 74, 17.645, 17.661, 93.605, 97.093, 100, 0, 0, 34.5, 32.5, 100, 4.41, 98.5, 0, 0, 98.888, 109.279, 0, 0, 0, 0, 0, 13.9, 0, 12.5, 0, 5.576, 174, 0, 0, 0, 74, 1, 0.018, 0.018, 93.605, 97.093, 100, 0, 0, 141, 34.5, 32.5, 100, 4.41, 0, 98.5, 0, 0, 98.888, 109.279, 0, 0, 0, 0, 
5.5, 18.361, 100.373, 71.503, 72.23, , 10.151, 0.983, 628.27, 628.27, 5.592, 244.459, 244.459, 244.459, 52.2, 93.561, 35.287, 36.927, 7.388, 12.948, 0, 0, 69.254, 70.425, 69.254, 70.425, 1, 108.032, 108.032, 0.025, 0.133, 64.5, 65.59, 64.5, 65.59, 7.157, 7.388, 12.948, , , 1, 5.599, 0, 0, 12.5, 5.592, 174, 0, 0, 0, 74, 17.657, 17.665, 93.408, 97.053, 100, 0, 0, 34.5, 32.5, 100, 4.41, 98.5, 0, 0, 98.942, 109.616, 0, 0, 0, 0, 0, 13.9, 0, 12.5, 0, 5.592, 174, 0, 0, 0, 74, 1, 0.018, 0.018, 93.408, 97.053, 100, 0, 0, 141, 34.5, 32.5, 100, 4.41, 0, 98.5, 0, 0, 98.942, 109.616, 0, 0, 0, 0, 
5.55, 18.361, 100.373, 71.508, 72.23, , 10.107, 0.983, 636.053, 636.053, 5.607, 243.428, 243.428, 243.428, 52.193, 94.308, 35.107, 36.531, 7.387, 12.936, 0, 0, 69.279, 70.451, 69.279, 70.451, 1, 108.53, 108.53, 0.025, 0.133, 64.236, 65.321, 64.236, 65.321, 7.17, 7.387, 12.936, , , 1, 5.649, 0, 0, 12.5, 5.607, 174, 0, 0, 0, 74, 17.669, 17.67, 93.212, 97.012, 100, 0, 0, 34.5, 32.5, 100, 4.41, 98.5, 0, 0, 98.997, 109.953, 0, 0, 0, 0, 0, 13.9, 0, 12.5, 0, 5.607, 174, 0, 0, 0, 74, 1, 0.018, 0.018, 93.212, 97.012, 100, 0, 0, 141, 34.5, 32.5, 100, 4.41, 0, 98.5, 0, 0, 98.997, 109.953, 0, 0, 0, 0, 
5.6, 18.36, 100.373, 71.513, 72.23, , 10.045, 0.983, 643.976, 643.976, 5.631, 241.973, 241.973, 241.973, 52.179, 95.055, 34.927, 36.135, 7.386, 12.921, 0, 0, 69.18, 70.352, 69.18, 70.352, 1, 109.032, 109.032, 0.025, 0.134, 63.871, 64.949, 63.871, 64.949, 7.192, 7.386, 12.921, , , 1, 5.699, 0, 0, 12.5, 5.631, 174, 0, 0, 0, 74, 17.65, 17.69, 93.2, 97.01, 100, 0, 0, 34.592, 32.592, 100, 4.414, 98.687, 0, 0, 99.094, 110.323, 0, 0, 0, 0, 0, 13.9, 0, 12.5, 0, 5.631, 174, 0, 0, 0, 74, 1, 0.018, 0.018, 93.2, 97.01, 100, 0, 0, 141, 34.592, 32.592, 100, 4.414, 0, 98.687, 0, 0, 99.094, 110.323, 0, 0, 0, 0, 
5.65, 18.359, 100.374, 71.518, 72.231, , 10.009, 0.983, 651.867, 651.867, 5.656, 241.137, 241.137, 241.137, 52.162, 95.802, 34.747, 35.739, 7.387, 12.895, 0, 0, 69.251, 70.423, 69.251, 70.423, 1, 109.53, 109.53, 0.025, 0.134, 63.67, 64.744, 63.67, 64.744, 7.214, 7.387, 12.895, , , 1, 5.749, 0, 0, 12.5, 5.656, 174, 0, 0, 0, 74, 17.628, 17.712, 93.2, 97.01, 100, 0, 0, 34.691, 32.691, 100, 4.418, 98.886, 0, 0, 99.193, 110.695, 0, 0, 0, 0, 0, 13.9, 0, 12.5, 0, 5.656, 174, 0, 0, 0, 74, 1, 0.018, 0.018, 93.2, 97.01, 100, 0, 0, 141, 34.691, 32.691, 100, 4.418, 0, 98.886, 0, 0, 99.193, 110.695, 0, 0, 0, 0, 
5.7, 18.357, 100.374, 71.523, 72.232, , 9.92, 0.983, 659.87, 659.87, 5.681, 239.05, 239.05, 239.05, 52.147, 96.549, 34.567, 35.343, 7.388, 12.866, 0, 0, 68.963, 70.13, 68.963, 70.13, 1, 110.02, 110.02, 0.025, 0.135, 63.138, 64.204, 63.138, 64.204, 7.235, 7.388, 12.866, , , 1, 5.799, 0, 0, 12.5, 5.681, 174, 0, 0, 0, 74, 17.606, 17.734, 93.2, 97.01, 100, 0, 0, 34.791, 32.791, 100, 4.422, 99.086, 0, 0, 99.293, 111.068, 0, 0, 0, 0, 0, 13.9, 0, 12.5, 0, 5.681, 174, 0, 0, 0, 74, 1, 0.018, 0.018, 93.2, 97.01, 100, 0, 0, 141, 34.791, 32.791, 100, 4.422, 0, 99.086, 0, 0, 99.293, 111.068, 0, 0, 0, 0, 
5.75, 18.356, 100.374, 71.528, 72.232, , 9.819, 0.983, 667.809, 667.809, 5.705, 236.678, 236.678, 236.678, 52.133, 97.296, 34.52, 35.453, 7.388, 12.839, 0, 0, 68.581, 69.74, 68.581, 69.74, 1, 110.512, 110.512, 0.025, 0.135, 62.528, 63.584, 62.528, 63.584, 7.259, 7.388, 12.839, , , 1, 5.849, 0, 0, 12.5, 5.705, 174, 0, 0, 0, 74, 17.584, 17.756, 93.2, 97.01, 100, 0, 0, 34.89, 32.89, 100, 4.426, 99.285, 0, 0, 99.392, 111.44, 0, 0, 0, 0, 0, 13.9, 0, 12.5, 0, 5.705, 174, 0, 0, 0, 74, 1, 0.018, 0.018, 93.2, 97.01, 100, 0, 0, 141, 34.89, 32.89, 100, 4.426, 0, 99.285, 0, 0, 99.392, 111.44, 0, 0, 0, 0, 
5.8, 18.355, 100.375, 71.533, 72.233, , 9.771, 0.983, 675.86, 675.86, 5.73, 235.549, 235.549, 235.549, 52.118, 98.043, 34.52, 35.741, 7.388, 12.813, 0, 0, 68.555, 69.713, 68.555, 69.713, 1, 110.999, 110.999, 0.025, 0.135, 62.248, 63.299, 62.248, 63.299, 7.291, 7.388, 12.813, , , 1, 5.899, 0, 0, 12.5, 5.73, 174, 0, 0, 0, 74, 17.562, 17.778, 93.2, 97.01, 100, 0, 0, 34.99, 32.99, 100, 4.43, 99.484, 0, 0, 99.492, 111.813, 0, 0, 0, 0, 0, 13.9, 0, 12.5, 0, 5.73, 174, 0, 0, 0, 74, 1, 0.018, 0.018, 93.2, 97.01, 100, 0, 0, 141, 34.99, 32.99, 100, 4.43, 0, 99.484, 0, 0, 99.492, 111.813, 0, 0, 0, 0, 
5.85, 18.354, 100.375, 71.538, 72.234, , 9.697, 0.983, 683.912, 683.912, 5.766, 233.818, 233.818, 233.818, 52.107, 98.79, 34.52, 36.029, 7.387, 12.786, 0, 0, 68.346, 69.5, 68.346, 69.5, 1, 111.479, 111.479, 0.025, 0.135, 61.802, 62.846, 61.802, 62.846, 7.323, 7.387, 12.786, , , 1, 5.949, 0, 0, 12.5, 5.766, 174, 0, 0, 0, 74, 17.578, 17.785, 93.037, 96.738, 100, 0, 0, 35.136, 33.136, 100, 4.426, 99.685, 0, 0, 99.777, 112.526, 0, 0, 0, 0, 0, 13.9, 0, 12.5, 0, 5.766, 174, 0, 0, 0, 74, 1, 0.018, 0.018, 93.037, 96.738, 100, 0, 0, 141, 35.136, 33.136, 100, 4.426, 0, 99.685, 0, 0, 99.777, 112.526, 0, 0, 0, 0, 
5.9, 18.353, 100.376, 71.543, 72.235, , 9.632, 0.983, 691.993, 691.993, 5.802, 232.297, 232.297, 232.297, 52.109, 99.537, 34.52, 36.317, 7.386, 12.759, 0, 0, 68.198, 69.348, 68.198, 69.348, 1, 111.955, 111.955, 0.025, 0.135, 61.399, 62.436, 61.399, 62.436, 7.356, 7.386, 12.759, , , 1, 5.998, 0, 0, 12.5, 5.802, 174, 0, 0, 0, 74, 17.598, 17.791, 92.855, 96.443, 100, 0, 0, 35.287, 33.287, 100, 4.422, 99.886, 0, 0, 100.078, 113.277, 0, 0, 0, 0, 0, 13.9, 0, 12.5, 0, 5.802, 174, 0, 0, 0, 74, 1, 0.018, 0.018, 92.855, 96.443, 100, 0, 0, 141, 35.287, 33.287, 100, 4.422, 0, 99.886, 0, 0, 100.078, 113.277, 0, 0, 0, 0, 
5.95, 18.352, 100.376, 71.548, 72.236, , 9.564, 0.983, 700.177, 700.177, 5.838, 230.682, 230.682, 230.682, 52.123, 96.225, 34.52, 36.605, 7.384, 12.734, 0, 0, 68.007, 69.153, 68.007, 69.153, 1, 112.429, 112.429, 0.025, 0.135, 60.957, 61.986, 60.957, 61.986, 7.39, 7.384, 12.734, , , 1, 6.048, 0, 0, 12.5, 5.838, 174, 0, 0, 0, 74, 17.618, 17.798, 92.674, 96.148, 100, 0, 0, 35.439, 33.439, 100, 4.418, 100.086, 0, 0, 100.38, 114.028, 0, 0, 0, 0, 0, 13.9, 0, 12.5, 0, 5.838, 174, 0, 0, 0, 74, 1, 0.018, 0.018, 92.674, 96.148, 100, 0, 0, 141, 35.439, 33.439, 100, 4.418, 0, 100.086, 0, 0, 100.38, 114.028, 0, 0, 0, 0, 
6, 18.351, 100.376, 71.553, 72.236, , 9.488, 0.983, 708.39, 708.39, 5.875, 228.896, 228.896, 228.896, 52.15, 86.291, 34.627, 36.467, 7.382, 12.708, 0, 0, 67.763, 68.905, 67.763, 68.905, 1, 112.9, 112.9, 0.025, 0.135, 60.455, 61.476, 60.455, 61.476, 7.434, 7.382, 12.708, , , 1, 6.099, 0, 0, 12.5, 5.875, 174, 0, 0, 0, 74, 17.639, 17.804, 92.492, 95.853, 100, 0, 0, 35.59, 33.59, 100, 4.414, 100.287, 0, 0, 100.681, 114.779, 0, 0, 0, 0, 0, 13.9, 0, 12.5, 0, 5.875, 174, 0, 0, 0, 74, 1, 0.018, 0.018, 92.492, 95.853, 100, 0, 0, 141, 35.59, 33.59, 100, 4.414, 0, 100.287, 0, 0, 100.681, 114.779, 0, 0, 0, 0, 
6.05, 18.349, 100.377, 71.558, 72.237, , 9.385, 0.983, 716.603, 716.603, 5.911, 226.474, 226.474, 226.474, 52.188, 76.357, 34.771, 36.179, 7.38, 12.681, 0, 0, 67.324, 68.458, 67.324, 68.458, 1, 113.365, 113.365, 0.025, 0.135, 59.772, 60.78, 59.772, 60.78, 7.479, 7.38, 12.681, , , 1, 6.149, 0, 0, 12.5, 5.911, 174, 0, 0, 0, 74, 17.659, 17.81, 92.311, 95.558, 100, 0, 0, 35.741, 33.741, 100, 4.41, 100.488, 0, 0, 100.982, 115.53, 0, 0, 0, 0, 0, 13.9, 0, 12.5, 0, 5.911, 174, 0, 0, 0, 74, 1, 0.018, 0.018, 92.311, 95.558, 100, 0, 0, 141, 35.741, 33.741, 100, 4.41, 0, 100.488, 0, 0, 100.982, 115.53, 0, 0, 0, 0, 
6.1, 18.348, 100.377, 71.563, 72.238, , 9.326, 0.983, 724.85, 724.85, 5.94, 225.093, 225.093, 225.093, 52.226, 66.424, 34.915, 35.891, 7.379, 12.652, 0, 0, 67.187, 68.319, 67.187, 68.319, 1, 113.832, 113.832, 0.025, 0.135, 59.364, 60.366, 59.364, 60.366, 7.523, 7.379, 12.652, , , 1, 6.2, 0, 0, 12.5, 5.94, 174, 0, 0, 0, 74, 17.558, 17.726, 92.099, 95.416, 100, 0, 0, 35.806, 33.806, 100, 4.41, 100.164, 0, 0, 100.72, 116.059, 0, 0, 0, 0, 0, 13.9, 0, 12.5, 0, 5.94, 174, 0, 0, 0, 74, 1, 0.018, 0.018, 92.099, 95.416, 100, 0, 0, 141, 35.806, 33.806, 100, 4.41, 0, 100.164, 0, 0, 100.72, 116.059, 0, 0, 0, 0, 
6.15, 18.347, 100.378, 71.568, 72.239, , 9.213, 0.983, 733.189, 733.189, 5.968, 222.438, 222.438, 222.438, 52.254, 56.49, 35.059, 35.603, 7.378, 12.624, 0, 0, 66.664, 67.789, 66.664, 67.789, 1, 114.289, 114.289, 0.025, 0.134, 58.632, 59.621, 58.632, 59.621, 7.566, 7.378, 12.624, , , 1, 6.249, 0, 0, 12.5, 5.968, 174, 0, 0, 0, 74, 17.449, 17.638, 91.884, 95.284, 100, 0, 0, 35.865, 33.865, 100, 4.41, 99.807, 0, 0, 100.423, 116.575, 0, 0, 0, 0, 0, 13.9, 0, 12.5, 0, 5.968, 174, 0, 0, 0, 74, 1, 0.018, 0.018, 91.884, 95.284, 100, 0, 0, 141, 35.865, 33.865, 100, 4.41, 0, 99.807, 0, 0, 100.423, 116.575, 0, 0, 0, 0, 
6.2, 18.346, 100.378, 71.572, 72.239, , 9.162, 0.983, 741.362, 741.362, 5.997, 221.238, 221.238, 221.238, 52.27, 46.556, 35.203, 35.315, 7.377, 12.598, 0, 0, 66.567, 67.689, 66.567, 67.689, 1, 114.741, 114.741, 0.025, 0.134, 58.297, 59.281, 58.297, 59.281, 7.602, 7.377, 12.598, , , 1, 6.299, 0, 0, 12.5, 5.997, 174, 0, 0, 0, 74, 17.34, 17.549, 91.67, 95.152, 100, 0, 0, 35.924, 33.924, 100, 4.41, 99.45, 0, 0, 100.125, 117.09, 0, 0, 0, 0, 0, 13.9, 0, 12.5, 0, 5.997, 174, 0, 0, 0, 74, 1, 0.018, 0.018, 91.67, 95.152, 100, 0, 0, 141, 35.924, 33.924, 100, 4.41, 0, 99.45, 0, 0, 100.125, 117.09, 0, 0, 0, 0, 
6.25, 18.345, 100.378, 71.577, 72.24, , 9.117, 0.983, 749.793, 749.793, 6.025, 220.2, 220.2, 220.2, 52.277, , 35.267, 35.586, 7.377, 12.58, 0, 0, 66.519, 67.641, 66.519, 67.641, 1, 115.195, 115.195, 0.025, 0.134, 58.016, 58.996, 58.016, 58.996, 7.639, 7.377, 12.58, , , 1, 6.349, 0, 0, 12.5, 6.025, 174, 0, 0, 0, 74, 17.231, 17.46, 91.456, 95.019, 100, 0, 0, 35.983, 33.983, 100, 4.41, 99.093, 0, 0, 99.827, 117.606, 0, 0, 0, 0, 0, 13.9, 0, 12.5, 0, 6.025, 174, 0, 0, 0, 74, 1, 0.018, 0.018, 91.456, 95.019, 100, 0, 0, 141, 35.983, 33.983, 100, 4.41, 0, 99.093, 0, 0, 99.827, 117.606, 0, 0, 0, 0, 
6.3, 18.344, 100.379, 71.582, 72.241, , 9.037, 0.983, 758.207, 758.207, 6.049, 218.311, 218.311, 218.311, 52.272, , 35.303, 36.054, 7.377, 12.569, 0, 0, 66.205, 67.323, 66.205, 67.323, 1, 115.651, 115.651, 0.025, 0.134, 57.523, 58.494, 57.523, 58.494, 7.676, 7.377, 12.569, , , 1, 6.398, 0, 0, 12.5, 6.049, 174, 0, 0, 0, 74, 17.122, 17.368, 91.4, 94.871, 100, 0, 0, 36, 34, 100, 4.41, 98.615, 0, 0, 99.403, 117.89, 0, 0, 0, 0, 0, 13.9, 0, 12.5, 0, 6.049, 174, 0, 0, 0, 74, 1, 0.017, 0.017, 91.4, 94.871, 100, 0, 0, 141, 36.038, 34, 100, 4.41, 0, 98.615, 0, 0, 99.403, 117.89, 0, 0, 0, 0, 
6.35, 18.343, 100.379, 71.587, 72.242, , 8.81, 0.983, 766.571, 766.571, 6.072, 212.948, 212.948, 212.948, 52.267, , 35.339, 36.522, 7.377, 12.577, 0, 0, 64.816, 65.911, 64.816, 65.911, 1, 116.092, 116.092, 0.024, 0.134, 56.115, 57.063, 56.115, 57.063, 7.712, 7.377, 12.577, , , 1, 6.449, 0, 0, 12.5, 6.072, 174, 0, 0, 0, 74, 17.013, 17.275, 91.4, 94.717, 100, 0, 0, 36, 34, 100, 4.41, 98.094, 0, 0, 98.934, 118.085, 0, 0, 0, 0, 0, 13.9, 0, 12.5, 0, 6.072, 174, 0, 0, 0, 74, 1, 0.017, 0.017, 91.4, 94.717, 100, 0, 0, 141, 36.09, 34, 100, 4.41, 0, 98.094, 0, 0, 98.934, 118.085, 0, 0, 0, 0, 
6.4, 18.341, 100.379, 71.592, 72.242, , 7.428, 0.983, 775.052, 775.052, 6.094, 180.19, 180.19, 180.19, 52.277, , 35.375, 36.99, 7.378, 12.597, 0, 0, 54.979, 55.908, 54.979, 55.908, 1, 116.502, 116.502, 0.025, 0.134, 47.484, 48.286, 47.484, 48.286, 7.764, 7.378, 12.597, , , 1, 6.499, 0, 0, 12.5, 6.094, 174, 0, 0, 0, 74, 16.904, 17.182, 91.4, 94.563, 100, 0, 0, 36, 34, 100, 4.41, 97.573, 0, 0, 98.466, 118.279, 0, 0, 0, 0, 0, 13.9, 0, 12.5, 0, 6.094, 174, 0, 0, 0, 74, 1, 0.017, 0.017, 91.4, 94.563, 100, 0, 0, 141, 36.142, 34, 100, 4.41, 0, 97.573, 0, 0, 98.466, 118.279, 0, 0, 0, 0, 
6.45, 18.34, 100.38, 71.597, 72.243, , 5.861, 0.983, 783.521, 783.521, 6.117, 143.021, 143.021, 143.021, 52.322, , 35.411, 37.458, 7.378, 12.728, 0, 0, 43.734, 44.476, 43.734, 44.476, 1, 116.827, 116.827, 0.025, 0.135, 37.68, 38.317, 37.68, 38.317, 7.817, 7.378, 12.728, , , 1, 6.548, 0, 0, 12.5, 6.117, 174, 0, 0, 0, 74, 16.795, 17.089, 91.4, 94.408, 100, 0, 0, 36, 34, 100, 4.41, 97.052, 0, 0, 97.997, 118.474, 0, 0, 0, 0, 0, 13.9, 0, 12.5, 0, 6.117, 174, 0, 0, 0, 74, 1, 0.017, 0.017, 91.4, 94.408, 100, 0, 0, 141, 36.195, 34, 100, 4.41, 0, 97.052, 0, 0, 97.997, 118.474, 0, 0, 0, 0, 
6.5, 18.339, , , 72.244, , 4.832, , 791.996, 791.996, 6.139, 118.618, 118.618, 118.618, 52.387, , 35.447, 37.234, 7.379, 12.947, 0, 0, 36.37, 36.988, 36.37, 36.988, 1, 117.099, 117.099, 0.025, 0.135, 31.218, 31.746, 31.218, 31.746, 7.869, 7.379, 12.947, , , 1, 6.598, 0, 0, 12.5, 6.139, 174, 0, 0, 0, 74, 16.687, 16.996, 91.4, 94.254, 100, 0, 0, 36, 34, 100, 4.41, 96.531, 0, 0, 97.528, 118.668, 0, 0, 0, 0, 0, 13.9, 0, 12.5, 0, 6.139, 174, 0, 0, 0, 74, 1, 0.017, 0.017, 91.4, 94.254, 100, 0, 0, 141, 36.247, 34, 100, 4.41, 0, 96.531, 0, 0, 97.528, 118.668, 0, 0, 0, 0, 
6.55, 18.338, , , 72.245, , 2.459, , 800.644, 800.644, 6.15, 62.337, 62.337, 62.337, 52.478, , 35.483, 36.766, 7.379, 13.244, 0, 0, 19.138, 19.466, 19.138, 19.466, 1, 117.286, 117.286, 0.025, 0.135, 16.415, 16.692, 16.415, 16.692, 7.922, 7.379, 13.244, , , 1, 6.648, 0, 0.003, 12.5, 6.15, 174, 0, 0, 0, 73.51, 15.27, 15.595, 91.4, 86.369, 100, 0, 0, 35.951, 34.146, 90.404, 4.034, 96.451, 0, 0, 97.647, 118.377, 0, 0, 0, 0, 0, 13.9, 0.003, 12.5, 0, 6.15, 174, 0, 0, 0, 73.51, 1, 0.016, 0.016, 91.4, 86.369, 100, 0, 0, 141, 36.152, 34.146, 90.404, 4.034, 0, 96.451, 0, 0, 97.647, 118.377, 0, 0, 0, 0, 
6.6, 18.337, , , 72.245, , 0.224, , 809.12, 809.12, 6.161, 9.315, 9.315, 9.315, 52.588, , 35.519, 36.298, 7.38, 13.608, 0, 0, 2.863, 2.915, 2.863, 2.915, 1, 117.346, 117.346, 0.025, 0.135, 2.479, 2.521, 2.479, 2.521, 7.953, 7.38, 13.608, , , 1, 6.699, 0, 0.006, 12.5, 6.161, 174, 0, 0, 0, 72.99, 13.77, 14.11, 91.4, 77.989, 100, 0, 0, 35.899, 34.302, 80.196, 3.633, 96.399, 0, 0, 97.803, 118.054, 0, 0, 0, 0, 0, 13.9, 0.006, 12.5, 0, 6.161, 174, 0, 0, 0, 72.99, 1, 0.014, 0.014, 91.4, 77.989, 100, 0, 0, 141, 36.048, 34.302, 80.196, 3.633, 0, 96.399, 0, 0, 97.803, 118.054, 0, 0, 0, 0, 
6.65, 18.336, , , 72.246, , -1.096, , 817.768, 817.768, 6.171, -22.008, -22.008, -22.008, 52.694, , 35.555, 35.83, 7.38, 14.124, 0, 0, -6.758, -6.87, -6.758, -6.87, 1, 117.322, 117.322, 0.025, 0.135, -5.71, -5.807, -5.71, -5.807, 7.983, 7.38, 14.124, , , 1, 6.749, 0, 0.009, 12.5, 6.171, 174, 0, 0, 0, 72.469, 12.27, 12.626, 91.4, 69.61, 100, 0, 0, 35.848, 34.457, 69.988, 3.233, 96.347, 0, 0, 97.959, 117.732, 0, 0, 0, 0, 0, 13.9, 0.009, 12.5, 0, 6.171, 174, 0, 0, 0, 72.469, 1, 0.012, 0.013, 91.4, 69.61, 100, 0, 0, 141, 35.944, 34.457, 69.988, 3.233, 0, 96.347, 0, 0, 97.959, 117.732, 0, 0, 0, 0, 
6.7, 18.335, , , 72.247, , -3.829, , 826.417, 826.417, 6.182, -86.856, -86.856, -86.856, 52.8, , 35.591, 35.362, 7.379, 14.779, 0, 0, -26.617, -27.065, -26.617, -27.065, 1, 117.209, 117.209, 0.025, 0.135, -22.573, -22.954, -22.573, -22.954, 8.013, 7.379, 14.779, , , 1, 6.798, 0, 0.012, 12.5, 6.182, 174, 0, 0, 0, 71.948, 10.77, 11.141, 91.4, 61.231, 100, 0, 0, 35.796, 34.613, 59.779, 2.832, 96.295, 0, 0, 98.116, 117.409, 0, 0, 0, 0, 0, 13.9, 0.012, 12.5, 0, 6.182, 174, 0, 0, 0, 71.948, 1, 0.011, 0.011, 91.4, 61.231, 100, 0, 0, 141, 35.84, 34.613, 59.779, 2.832, 0, 96.295, 0, 0, 98.116, 117.409, 0, 0, 0, 0, 
6.75, 18.333, , , 72.248, , -6.941, , 834.929, 834.929, 6.19, -160.697, -160.697, -160.697, 52.925, , 35.284, 35.135, 7.379, 15.374, 0, 0, -49.161, -49.991, -49.161, -49.991, 1, 116.93, 116.93, 0.025, 0.136, -39.334, -39.999, -39.334, -39.999, 8.044, 7.379, 15.374, , , 1, 6.849, 0, 0.015, 12.5, 6.19, 174, 0, 0, 0, 71.421, 9.265, 9.639, 91.4, 52.763, 100, 0, 0, 35.73, 34.757, 49.441, 2.427, 96.258, 0, 0, 98.29, 117.066, 0, 0, 0, 0, 0, 13.9, 0.015, 12.5, 0, 6.19, 174, 0, 0, 0, 71.421, 1, 0.009, 0.01, 91.4, 52.763, 100, 0, 0, 141, 35.726, 34.757, 49.441, 2.427, 0, 96.258, 0, 0, 98.29, 117.066, 0, 0, 0, 0, 
6.8, 18.332, , , 72.248, , -8.444, , 843.54, 843.54, 6.19, -196.358, -196.358, -196.358, 52.981, , 34.857, 34.992, 7.379, 15.91, 0, 0, -59.891, -60.903, -59.891, -60.903, 1, 116.535, 116.535, 0.025, 0.136, -45.077, -45.839, -45.077, -45.839, 8.046, 7.379, 15.91, , , 1, 6.896, 0, 0.019, 12.5, 6.19, 174, 0, 0, 0, 70.855, 7.722, 8.009, 91.4, 43.748, 100, 0, 0, 35.559, 34.814, 38.305, 1.989, 96.315, 0, 0, 98.574, 116.571, 0, 0, 0, 0, 0, 13.9, 0.019, 12.5, 0, 6.19, 174, 0, 0, 0, 70.855, 1, 0.008, 0.008, 91.4, 43.748, 100, 0, 0, 141, 35.557, 34.814, 38.305, 1.989, 0, 96.315, 0, 0, 98.574, 116.571, 0, 0, 0, 0, 
6.85, 18.331, , , 72.249, , -9.863, , 851.064, 851.064, 6.189, -230.044, -230.044, -230.044, 53.047, , 34.43, 34.85, 7.379, 16.361, 0, 0, -70.09, -71.275, -70.09, -71.275, 1, 116.222, 116.222, 0.025, 0.135, -56.392, -57.347, -56.392, -57.347, 8.035, 7.379, 16.361, , , 1, 6.921, 0, 0.022, 12.5, 6.189, 174, 0, 0, 0, 70.29, 6.178, 6.378, 91.4, 34.733, 100, 0, 0, 35.389, 34.87, 27.168, 1.55, 96.372, 0, 0, 98.858, 116.077, 0, 0, 0, 0, 0, 13.9, 0.022, 12.5, 0, 6.189, 174, 0, 0, 0, 70.29, 1, 0.006, 0.007, 91.4, 34.733, 100, 0, 0, 141, 35.387, 34.87, 27.168, 1.55, 0, 96.372, 0, 0, 98.858, 116.077, 0, 0, 0, 0, 
6.9, 18.33, , , 72.25, , -11.298, , 855.36, 855.36, 6.189, -264.089, -264.089, -264.089, 53.154, , 34.003, 34.708, 7.379, 16.71, 0, 0, -80.372, -81.73, -80.372, -81.73, 1, 115.957, 115.957, 0.025, 0.135, -72.823, -74.056, -72.823, -74.056, 8.023, 7.379, 16.71, , , 1, 6.946, 0, 0.026, 12.5, 6.189, 174, 0, 0, 0, 69.724, 4.635, 4.747, 91.4, 25.719, 100, 0, 0, 35.218, 34.927, 16.032, 1.111, 96.428, 0, 0, 99.142, 115.583, 0, 0, 0, 0, 0, 13.9, 0.026, 12.5, 0, 6.189, 174, 0, 0, 0, 69.724, 1, 0.005, 0.005, 91.4, 25.719, 100, 0, 0, 141, 35.217, 34.927, 16.032, 1.111, 0, 96.428, 0, 0, 99.142, 115.583, 0, 0, 0, 0, 
6.95, , , , , , -11.023, , 859.613, 859.613, 6.188, -257.576, -257.576, -257.576, 53.293, , 33.577, 34.566, 7.379, 16.958, 0, 0, -78.192, -79.513, -78.192, -79.513, 1, 115.663, 115.663, 0.025, 0.135, , , , , 8.012, 7.379, 16.958, , , 1, 6.971, 0, 0.029, 12.5, 6.188, 174, 0, 0, 0, 69.158, 3.092, 3.117, 91.4, 16.704, 100, 0, 0, 35.048, 34.984, 4.895, 0.673, 96.485, 0, 0, 99.426, 115.088, 0, 0, 0, 0, 0, 13.9, 0.029, 12.5, 0, 6.188, 174, 0, 0, 0, 69.158, 1, 0.003, 0.003, 91.4, 16.704, 100, 0, 0, 141, 35.048, 34.984, 4.895, 0.673, 0, 96.485, 0, 0, 99.426, 115.088, 0, 0, 0, 0, 
7, , , , , , -10.46, , 863.863, 863.863, , -244.243, -244.243, -244.243, , , , , 7.38, 17.076, , , -73.958, -75.209, -73.958, -75.209, , 115.389, 115.389, , , , , , , , 7.38, 17.076, , , , , , , , , , , , , , , , , , , , , , , , , , , , , , , , , , , , , , , , , , , , , , , , , , , , , , , , , , , , , , , , , , , , 
7.05, , , , , , , , 868.1, 868.1, , , , , , , , , , , , , , , , , , , , , , , , , , , , , , , , , , , , , , , , , , , , , , , , , , , , , , , , , , , , , , , , , , , , , , , , , , , , , , , , , , , , , , , , , , , , , , , , 
