Time, (DWRT ATMO) Humidity, (DWRT ATMO) Pressure, (DWRT ATMO) Temperature 1, (DWRT ATMO) Temperature 2, (DWRT CPU) ????????????????????????????????????????????????????????????????, (DWRT CPU) Acceleration, (DWRT CPU) Correction Factor, (DWRT CPU) Distance, (DWRT CPU) Distance 1, (DWRT CPU) Engine RPM, (DWRT CPU) Force, (DWRT CPU) Force 1, (DWRT CPU) Force Drum 1, (DWRT CPU) Gear Ratio, (DWRT CPU) Inductive 1 Signal Strength, (DWRT CPU) Internal Temp 1, (DWRT CPU) Internal Temp 2, (DWRT CPU) LC1 Volts Petrol AFR, (DWRT CPU) LC2 Volts Petrol AFR2, (DWRT CPU) Link 0 Status, (DWRT CPU) Link 1 Status, (DWRT CPU) Power, (DWRT CPU) Power (uncorrected), (DWRT CPU) Power Drum 1, (DWRT CPU) Power Drum 1 (uncorrected), (DWRT CPU) Sampling, (DWRT CPU) Speed, (DWRT CPU) Speed 1, (DWRT CPU) TCP RX kB/s, (DWRT CPU) TCP TX kB/s, (DWRT CPU) Torque, (DWRT CPU) Torque (uncorrected), (DWRT CPU) Torque Drum 1, (DWRT CPU) Torque Drum 1 (uncorrected), (DWRT CPU) UDP RX kB/s, (DWRT CPU) User Analog 1, (DWRT CPU) User Analog 2, (DWRT CPU) User Analog 3, (DWRT CPU) User Analog 4, (Gen) Sampling, (Gen) Sampling Duration, (Harley - ECU Type 14 SW Level 141) Accel Enrichment, (Harley - ECU Type 14 SW Level 141) Decel Enleanment, (Harley - ECU Type 14 SW Level 141) Desired Air/Fuel, (Harley - ECU Type 14 SW Level 141) Engine Speed, (Harley - ECU Type 14 SW Level 141) Engine Temperature, (Harley - ECU Type 14 SW Level 141) Front Adaptive Fuel Factor, (Harley - ECU Type 14 SW Level 141) Front Closed Loop Integrator, (Harley - ECU Type 14 SW Level 141) Front Spark Knock Retard, (Harley - ECU Type 14 SW Level 141) Idle Air Control Motor Position, (Harley - ECU Type 14 SW Level 141) Injector Time Front, (Harley - ECU Type 14 SW Level 141) Injector Time Rear, (Harley - ECU Type 14 SW Level 141) Intake Air Temperature, (Harley - ECU Type 14 SW Level 141) Manifold Absolute Pressure, (Harley - ECU Type 14 SW Level 141) Rear Adaptive Fuel Factor, (Harley - ECU Type 14 SW Level 141) Rear Closed Loop Integrator, (Harley - ECU Type 14 SW Level 141) Rear Spark Knock Retard, (Harley - ECU Type 14 SW Level 141) Spark Advance Front, (Harley - ECU Type 14 SW Level 141) Spark Advance Rear, (Harley - ECU Type 14 SW Level 141) Throttle Position, (Harley - ECU Type 14 SW Level 141) Throttle Position Sensor Voltage, (Harley - ECU Type 14 SW Level 141) VE Front, (Harley - ECU Type 14 SW Level 141) VE New Front, (Harley - ECU Type 14 SW Level 141) VE New Rear, (Harley - ECU Type 14 SW Level 141) VE Rear, (Harley - ECU Type 14 SW Level 141) Vehicle Speed, (Harley - ECU Type 14 SW Level 141) WBO2 AFR Front, (Harley - ECU Type 14 SW Level 141) WBO2 AFR Rear, (PV) Accel Enrichment, (PV) AT Lambda 1, (PV) AT Lambda 2, (PV) Battery Voltage, (PV) Decel Enleanment, (PV) Desired Air/Fuel, (PV) Desired Lambda, (PV) Engine Speed, (PV) Engine Temperature, (PV) Front Adaptive Fuel Factor, (PV) Front Closed Loop Integrator, (PV) Front Spark Knock Retard, (PV) Idle Air Control Motor Position, (PV) Idle Set Speed, (PV) Injector Time Front, (PV) Injector Time Rear, (PV) Intake Air Temperature, (PV) Manifold Absolute Pressure, (PV) Rear Adaptive Fuel Factor, (PV) Rear Closed Loop Integrator, (PV) Rear Spark Knock Retard, (PV) Software Level, (PV) Spark Advance Front, (PV) Spark Advance Rear, (PV) Throttle Position, (PV) Throttle Position Sensor, (PV) Twistgrip Position, (PV) VE Front, (PV) VE New Front, (PV) VE New Rear, (PV) VE Rear, (PV) Vehicle Speed, (PV) Warm-up Fuel AFR (Lambda), (PV) Warm-up Fuel AFR (Ratio), (PV) WBO2 AFR Front, (PV) WBO2 AFR Rear, 
0, , , , , , 10.44, , , , , 249.53, 249.53, 249.53, , , , , , , , , , , , , , , , , , , , , , , , , , , , , , , , , , , , , , , , , , , , , , , , , , , , , , , , , , , , , , , , , , , , , , , , , , , , , , , , , , , , , , , , , , , , 
0.05, , , , , , 10.785, , , , , 257.713, 257.713, 257.713, , , , , , , , , , , , , , 45.519, 45.519, , , , , , , , , , , , 1, 0.047, , , , , , , , , , , , , , , , , , , , , , , , , , , , , , , , , , , , , , , , , , , , , , , , , , , , , , , , , , , , , , , , 
0.1, , , , , , 10.953, , 6.261, 6.261, , 261.709, 261.709, 261.709, , , , , 7.38, 12.719, 0, 0, 32.398, 32.941, 32.398, 32.941, 1, 46.347, 46.347, 0.025, 0.134, , , , , 4.458, 7.38, 12.719, , , 1, 0.143, , , , , , , , , , , , , , , , , , , , , , , , , , , , , , , , , , , , , , , , , , , , , , , , , , , , , , , , , , , , , , , , 
0.15, , , , , , 10.998, , 12.707, 12.707, , 262.79, 262.79, 262.79, , , , , 7.38, 12.587, 0, 0, 32.721, 33.269, 32.721, 33.269, 1, 47.167, 47.167, 0.025, 0.134, 72.466, 73.676, 72.466, 73.676, 4.469, 7.38, 12.587, , , 1, 0.22, , , , , , , , , , , , , , , , , , , , , , , , , , , , , , , , , , , , , , , , , , , , , , , , , , , , , , , , , , , , , , , , 
0.2, , , , , , 11.022, , 17.858, 17.858, 2.369, 263.381, 263.381, 263.381, , , , , 7.38, 12.51, 0, 0, 33.086, 33.641, 33.086, 33.641, 1, 47.986, 47.986, 0.025, 0.135, 72.321, 73.529, 72.321, 73.529, 4.48, 7.38, 12.51, , , 1, 0.295, 0.381, 0, 12.5, 2.369, 181, 0, 0, 0, 74, 16.888, 17.871, 109.4, 95.796, 100, 0, 0, 26.038, 26.519, 40.622, 2.252, 92.442, 0, 0, 93.884, 47.34, 0, 0, 0.381, 0, 0, 13.9, 0, 12.5, 0, 2.369, 181, 0, 0, 0, 74, 1, 0.017, 0.018, 109.4, 95.796, 100, 0, 0, 141, 26.039, 26.519, 40.622, 2.252, 0, 92.442, 0, 0, 93.884, 47.34, 0, 0, 0, 0, 
0.25, , , , , , 11.007, , 23.073, 23.073, 2.403, 263.049, 263.049, 263.049, 50.424, , , , 7.379, 12.47, 0, 0, 33.548, 34.109, 33.548, 34.109, 1, 48.754, 48.754, 0.025, 0.135, 71.751, 72.949, 71.751, 72.949, 4.491, 7.379, 12.47, , , 1, 0.347, 0.388, 0, 12.5, 2.403, 181, 0, 0, 0, 74, 16.819, 17.542, 109.4, 97.221, 100, 0, 0, 26.252, 26.626, 49.635, 2.593, 92.12, 0, 0, 93.24, 48.004, 0, 0, 0.388, 0, 0, 13.9, 0, 12.5, 0, 2.403, 181, 0, 0, 0, 74, 1, 0.017, 0.017, 109.4, 97.221, 100, 0, 0, 141, 26.253, 26.626, 49.635, 2.593, 0, 92.12, 0, 0, 93.24, 48.004, 0, 0, 0, 0, 
0.3, , , , , , 11.011, , 27.455, 27.455, 2.437, 263.148, 263.148, 263.148, 50.615, , 35.884, 35.275, 7.378, 12.397, 0, 0, 34.019, 34.587, 34.019, 34.587, 1, 49.287, 49.287, 0.025, 0.135, 71.481, 72.675, 71.481, 72.675, 4.504, 7.378, 12.397, , , 1, 0.398, 0.394, 0, 12.5, 2.437, 181, 0, 0, 0, 74, 16.751, 17.213, 109.4, 98.646, 100, 0, 0, 26.466, 26.733, 58.648, 2.935, 91.798, 0, 0, 92.597, 48.669, 0, 0, 0.394, 0, 0, 13.9, 0, 12.5, 0, 2.437, 181, 0, 0, 0, 74, 1, 0.017, 0.017, 109.4, 98.646, 100, 0, 0, 141, 26.468, 26.733, 58.648, 2.935, 0, 91.798, 0, 0, 92.597, 48.669, 0, 0, 0, 0, 
0.35, , , , , , 11.035, , 31.003, 31.003, 2.471, 263.746, 263.746, 263.746, 50.734, , 35.993, 35.311, 7.377, 12.3, 0, 0, 34.467, 35.043, 34.467, 35.043, 1, 49.83, 49.83, 0.025, 0.136, 71.574, 72.771, 71.574, 72.771, 4.521, 7.377, 12.3, , , 1, 0.447, 0.4, 0, 12.5, 2.471, 181, 0, 0, 0, 74, 16.683, 16.884, 109.4, 100.071, 100, 0, 0, 26.679, 26.84, 67.661, 3.277, 91.476, 0, 0, 91.953, 49.333, 0, 0, 0.4, 0, 0, 13.9, 0, 12.5, 0, 2.471, 181, 0, 0, 0, 74, 1, 0.017, 0.017, 109.4, 100.071, 100, 0, 0, 141, 26.682, 26.84, 67.661, 3.277, 0, 91.476, 0, 0, 91.953, 49.333, 0, 0, 0, 0, 
0.4, , , , , , 11.039, , 34.595, 34.595, 2.505, 263.848, 263.848, 263.848, 50.779, , 36.101, 35.347, 7.377, 12.214, 0, 0, 34.851, 35.435, 34.851, 35.435, 1, 50.37, 50.37, 0.025, 0.136, 71.579, 72.777, 71.579, 72.777, 4.539, 7.377, 12.214, , , 1, 0.497, 0.407, 0, 12.5, 2.505, 181, 0, 0, 0, 74, 16.614, 16.555, 109.4, 101.496, 100, 0, 0, 26.893, 26.947, 76.674, 3.619, 91.155, 0, 0, 91.309, 49.998, 0, 0, 0.407, 0, 0, 13.9, 0, 12.5, 0, 2.505, 181, 0, 0, 0, 74, 1, 0.017, 0.016, 109.4, 101.496, 100, 0, 0, 141, 26.897, 26.947, 76.674, 3.619, 0, 91.155, 0, 0, 91.309, 49.998, 0, 0, 0, 0, 
0.45, , , , , , 11.023, , 38.237, 38.237, 2.535, 263.48, 263.48, 263.48, 50.765, , 36.209, 35.383, 7.377, 12.137, 0, 0, 35.179, 35.77, 35.179, 35.77, 1, 50.906, 50.906, 0.025, 0.136, 71.504, 72.702, 71.504, 72.702, 4.557, 7.377, 12.137, , , 1, 0.547, 0.369, 0, 12.5, 2.535, 181, 0, 0, 0, 74, 16.491, 16.348, 109.219, 102.18, 100, 0, 0, 27, 27.049, 82.922, 3.852, 90.191, 0, 0, 90.393, 50.572, 0, 0, 0.369, 0, 0, 13.9, 0, 12.5, 0, 2.535, 181, 0, 0, 0, 74, 1, 0.017, 0.016, 109.219, 102.18, 100, 0, 0, 141, 27, 27.049, 82.922, 3.852, 0, 90.191, 0, 0, 90.393, 50.572, 0, 0, 0, 0, 
0.5, , , , , , 11.054, , 41.92, 41.92, 2.561, 264.229, 264.229, 264.229, 50.734, , 36.318, 35.419, 7.377, 12.077, 0, 0, 35.655, 36.254, 35.655, 36.254, 1, 51.444, 51.444, 0.025, 0.136, 71.74, 72.943, 71.74, 72.943, 4.575, 7.377, 12.077, , , 1, 0.598, 0.289, 0, 12.5, 2.561, 181, 0, 0, 0, 74, 16.312, 16.265, 108.87, 102.18, 100, 0, 0, 27, 27.146, 86.619, 3.977, 88.634, 0, 0, 89.226, 51.057, 0, 0, 0.289, 0, 0, 13.9, 0, 12.5, 0, 2.561, 181, 0, 0, 0, 74, 1, 0.017, 0.016, 108.87, 102.18, 100, 0, 0, 141, 27, 27.146, 86.619, 3.977, 0, 88.634, 0, 0, 89.226, 51.057, 0, 0, 0, 0, 
0.55, , , , , , 11.088, , 45.646, 45.646, 2.587, 265.039, 265.039, 265.039, 50.715, , 36.002, 35.385, 7.377, 12.034, 0, 0, 36.138, 36.745, 36.138, 36.745, 1, 51.993, 51.993, 0.025, 0.136, 71.987, 73.194, 71.987, 73.194, 4.599, 7.377, 12.034, , , 1, 0.647, 0.209, 0, 12.5, 2.587, 181, 0, 0, 0, 74, 16.133, 16.181, 108.521, 102.18, 100, 0, 0, 27, 27.243, 90.315, 4.101, 87.078, 0, 0, 88.058, 51.541, 0, 0, 0.209, 0, 0, 13.9, 0, 12.5, 0, 2.587, 181, 0, 0, 0, 74, 1, 0.017, 0.016, 108.521, 102.18, 100, 0, 0, 141, 27, 27.243, 90.315, 4.101, 0, 87.078, 0, 0, 88.058, 51.541, 0, 0, 0, 0, 
0.6, , , , , , 11.07, , 49.601, 49.601, 2.613, 264.627, 264.627, 264.627, 50.716, , 35.678, 35.349, 7.377, 12.027, 0, 0, 36.479, 37.09, 36.479, 37.09, 1, 52.731, 52.731, 0.025, 0.136, 71.885, 73.09, 71.885, 73.09, 4.623, 7.377, 12.027, , , 1, 0.697, 0.129, 0, 12.5, 2.613, 181, 0, 0, 0, 74, 15.954, 16.097, 108.172, 102.18, 100, 0, 0, 27, 27.34, 94.012, 4.226, 85.521, 0, 0, 86.891, 52.026, 0, 0, 0.129, 0, 0, 13.9, 0, 12.5, 0, 2.613, 181, 0, 0, 0, 74, 1, 0.016, 0.016, 108.172, 102.18, 100, 0, 0, 141, 27, 27.34, 94.012, 4.226, 0, 85.521, 0, 0, 86.891, 52.026, 0, 0, 0, 0, 
0.65, , , , , , 11.123, , 55.25, 55.25, 2.64, 265.893, 265.893, 265.893, 50.727, , 35.354, 35.313, 7.377, 12.056, 0, 0, 37.218, 37.841, 37.218, 37.841, 1, 53.413, 53.413, 0.025, 0.135, 72.205, 73.415, 72.205, 73.415, 4.646, 7.377, 12.056, , , 1, 0.748, 0.049, 0, 12.5, 2.64, 181, 0, 0, 0, 74, 15.775, 16.014, 107.823, 102.18, 100, 0, 0, 27, 27.438, 97.708, 4.35, 83.965, 0, 0, 85.724, 52.51, 0, 0, 0.049, 0, 0, 13.9, 0, 12.5, 0, 2.64, 181, 0, 0, 0, 74, 1, 0.016, 0.016, 107.823, 102.18, 100, 0, 0, 141, 27, 27.438, 97.708, 4.35, 0, 83.965, 0, 0, 85.724, 52.51, 0, 0, 0, 0, 
0.7, , 100.37, 71.6, , , 11.15, 0.984, 59.333, 59.333, 2.673, 266.566, 266.566, 266.566, 50.747, , 35.03, 35.277, 7.377, 12.101, 0, 0, 37.723, 38.354, 37.723, 38.354, 1, 53.956, 53.956, 0.025, 0.135, 72.355, 73.566, 72.355, 73.566, 4.67, 7.377, 12.101, , , 1, 0.797, 0, 0, 12.5, 2.673, 181.073, 0, 0, 0, 74, 15.671, 15.991, 107.6, 102.207, 100, 0, 0, 27.052, 27.587, 100, 4.43, 83.055, 0, 0, 85.127, 53.121, 0, 0, 0, 0, 0, 13.9, 0, 12.5, 0, 2.673, 181.073, 0, 0, 0, 74, 1, 0.016, 0.016, 107.6, 102.207, 100, 0, 0, 141, 27.052, 27.587, 100, 4.43, 0, 83.055, 0, 0, 85.127, 53.121, 0, 0, 0, 0, 
0.75, , 100.37, 71.6, , , 11.188, 0.984, 63.202, 63.202, 2.718, 267.469, 267.469, 267.469, 50.784, , 34.706, 35.241, 7.377, 12.163, 0, 0, 38.238, 38.878, 38.238, 38.878, 1, 54.494, 54.494, 0.025, 0.135, 72.549, 73.764, 72.549, 73.764, 4.693, 7.377, 12.163, , , 1, 0.848, 0, 0, 12.5, 2.718, 181.264, 0, 0, 0, 74, 15.701, 16.078, 107.6, 102.278, 100, 0, 0, 27.196, 27.827, 100, 4.43, 83.198, 0, 0, 85.463, 53.956, 0, 0, 0, 0, 0, 13.9, 0, 12.5, 0, 2.718, 181.264, 0, 0, 0, 74, 1, 0.016, 0.016, 107.6, 102.278, 100, 0, 0, 141, 27.196, 27.827, 100, 4.43, 0, 83.198, 0, 0, 85.463, 53.956, 0, 0, 0, 0, 
0.8, , 100.37, 71.6, , , 11.23, 0.984, 67.122, 67.122, 2.764, 268.477, 268.477, 268.477, 50.83, , 34.629, 35.311, 7.377, 12.222, 0, 0, 38.765, 39.413, 38.765, 39.413, 1, 55.047, 55.047, 0.025, 0.135, 72.757, 73.976, 72.757, 73.976, 4.716, 7.377, 12.222, , , 1, 0.898, 0, 0, 12.5, 2.764, 181.456, 0, 0, 0, 74, 15.73, 16.164, 107.6, 102.349, 100, 0, 0, 27.34, 28.067, 100, 4.43, 83.342, 0, 0, 85.798, 54.792, 0, 0, 0, 0, 0, 13.9, 0, 12.5, 0, 2.764, 181.456, 0, 0, 0, 74, 1, 0.016, 0.016, 107.6, 102.349, 100, 0, 0, 141, 27.34, 28.067, 100, 4.43, 0, 83.342, 0, 0, 85.798, 54.792, 0, 0, 0, 0, 
0.85, , 100.37, 71.6, , , 11.268, 0.984, 71.098, 71.098, 2.809, 269.388, 269.388, 269.388, 50.888, , 34.557, 35.383, 7.377, 12.279, 0, 0, 39.279, 39.936, 39.279, 39.936, 1, 55.595, 55.595, 0.025, 0.134, 72.925, 74.146, 72.925, 74.146, 4.739, 7.377, 12.279, , , 1, 0.948, 0, 0, 12.5, 2.809, 181.648, 0, 0, 0, 74, 15.76, 16.251, 107.6, 102.42, 100, 0, 0, 27.485, 28.308, 100, 4.43, 83.486, 0, 0, 86.133, 55.628, 0, 0, 0, 0, 0, 13.9, 0, 12.5, 0, 2.809, 181.648, 0, 0, 0, 74, 1, 0.016, 0.016, 107.6, 102.42, 100, 0, 0, 141, 27.485, 28.308, 100, 4.43, 0, 83.486, 0, 0, 86.133, 55.628, 0, 0, 0, 0, 
0.9, , 100.37, 71.6, , , 11.302, 0.984, 75.124, 75.124, 2.854, 270.206, 270.206, 270.206, 50.956, , 34.485, 35.455, 7.377, 12.322, 0, 0, 39.794, 40.461, 39.794, 40.461, 1, 56.146, 56.146, 0.025, 0.134, 73.048, 74.272, 73.048, 74.272, 4.762, 7.377, 12.322, , , 1, 0.998, 0, 0, 12.5, 2.854, 181.839, 0, 0, 0, 74, 15.79, 16.337, 107.6, 102.49, 100, 0, 0, 27.629, 28.548, 100, 4.43, 83.629, 0, 0, 86.468, 56.463, 0, 0, 0, 0, 0, 13.9, 0, 12.5, 0, 2.854, 181.839, 0, 0, 0, 74, 1, 0.016, 0.016, 107.6, 102.492, 100, 0, 0, 141, 27.629, 28.548, 100, 4.43, 0, 83.629, 0, 0, 86.468, 56.463, 0, 0, 0, 0, 
0.95, , 100.37, 71.6, , , 11.322, 0.984, 79.149, 79.149, 2.895, 270.687, 270.687, 270.687, 51.029, , 34.413, 35.527, 7.377, 12.35, 0, 0, 40.252, 40.926, 40.252, 40.926, 1, 56.697, 56.697, 0.025, 0.134, 73.069, 74.295, 73.069, 74.295, 4.789, 7.377, 12.35, , , 1, 1.048, 0, 0, 12.5, 2.895, 182.034, 0, 0, 0, 74, 15.819, 16.416, 107.6, 102.562, 100, 0, 0, 27.758, 28.758, 100, 4.43, 83.775, 0, 0, 86.792, 57.207, 0, 0, 0, 0, 0, 13.9, 0, 12.5, 0, 2.895, 182.034, 0, 0, 0, 74, 1, 0.016, 0.017, 107.6, 102.564, 100, 0, 0, 141, 27.758, 28.758, 100, 4.43, 0, 83.775, 0, 0, 86.792, 57.207, 0, 0, 0, 0, 
1, , 100.37, 71.6, , , 11.363, 0.984, 83.241, 83.241, 2.912, 271.674, 271.674, 271.674, 51.099, , 34.341, 35.599, 7.377, 12.37, 0, 0, 40.798, 41.478, 40.798, 41.478, 1, 57.251, 57.251, 0.025, 0.134, 73.235, 74.464, 73.235, 74.464, 4.819, 7.377, 12.37, , , 1, 1.097, 0, 0, 12.5, 2.912, 182.244, 0, 0, 0, 74, 15.845, 16.456, 107.6, 102.64, 100, 0, 0, 27.811, 28.811, 100, 4.43, 83.933, 0, 0, 87.055, 57.467, 0, 0, 0, 0, 0, 13.9, 0, 12.5, 0, 2.912, 182.244, 0, 0, 0, 74, 1, 0.016, 0.017, 107.6, 102.641, 100, 0, 0, 141, 27.811, 28.811, 100, 4.43, 0, 83.933, 0, 0, 87.055, 57.467, 0, 0, 0, 0, 
1.05, , 100.37, 71.6, , , 11.406, 0.984, 87.338, 87.338, 2.929, 272.722, 272.722, 272.722, 51.153, , 34.904, 35.529, 7.377, 12.382, 0, 0, 41.361, 42.05, 41.361, 42.05, 1, 57.812, 57.812, 0.025, 0.134, 73.441, 74.673, 73.441, 74.673, 4.849, 7.377, 12.382, , , 1, 1.147, 0, 0, 12.5, 2.929, 182.454, 0, 0, 0, 74, 15.871, 16.496, 107.6, 102.718, 100, 0, 0, 27.863, 28.863, 100, 4.43, 84.09, 0, 0, 87.317, 57.728, 0, 0, 0, 0, 0, 13.9, 0, 12.5, 0, 2.929, 182.454, 0, 0, 0, 74, 1, 0.016, 0.017, 107.6, 102.719, 100, 0, 0, 141, 27.863, 28.863, 100, 4.43, 0, 84.09, 0, 0, 87.317, 57.728, 0, 0, 0, 0, 
1.1, , 100.37, 71.6, , , 11.459, 0.984, 91.532, 91.532, 2.946, 273.977, 273.977, 273.977, 51.19, , 35.48, 35.457, 7.377, 12.39, 0, 0, 41.954, 42.653, 41.954, 42.653, 1, 58.365, 58.365, 0.025, 0.134, 73.73, 74.965, 73.73, 74.965, 4.879, 7.377, 12.39, , , 1, 1.197, 0, 0, 12.5, 2.946, 182.664, 0, 0, 0, 74, 15.898, 16.536, 107.6, 102.796, 100, 0, 0, 27.915, 28.915, 100, 4.43, 84.248, 0, 0, 87.58, 57.988, 0, 0, 0, 0, 0, 13.9, 0, 12.5, 0, 2.946, 182.664, 0, 0, 0, 74, 1, 0.016, 0.017, 107.6, 102.796, 100, 0, 0, 141, 27.915, 28.915, 100, 4.43, 0, 84.248, 0, 0, 87.58, 57.988, 0, 0, 0, 0, 
1.15, 18.249, 100.37, 71.6, 72.321, , 11.515, 0.984, 95.735, 95.735, 2.963, 275.333, 275.333, 275.333, 51.206, , 36.056, 35.385, 7.378, 12.393, 0, 0, 42.567, 43.276, 42.567, 43.276, 1, 58.932, 58.932, 0.025, 0.134, 74.072, 75.313, 74.072, 75.313, 4.901, 7.378, 12.393, , , 1, 1.248, 0, 0, 12.5, 2.963, 182.874, 0, 0, 0, 74, 15.924, 16.575, 107.6, 102.873, 100, 0, 0, 27.968, 28.968, 100, 4.43, 84.405, 0, 0, 87.842, 58.249, 0, 0, 0, 0, 0, 13.9, 0, 12.5, 0, 2.963, 182.874, 0, 0, 0, 74, 1, 0.016, 0.017, 107.6, 102.874, 100, 0, 0, 141, 27.968, 28.968, 100, 4.43, 0, 84.405, 0, 0, 87.842, 58.249, 0, 0, 0, 0, 
1.2, 18.249, 100.37, 71.6, 72.323, , 11.58, 0.984, 99.973, 99.973, 2.985, 276.867, 276.867, 276.867, 51.204, , 36.632, 35.313, 7.378, 12.399, 0, 0, 43.215, 43.934, 43.215, 43.934, 1, 59.497, 59.497, 0.025, 0.134, 74.487, 75.734, 74.487, 75.734, 4.916, 7.378, 12.399, , , 1, 1.298, 0, 0, 12.5, 2.985, 183, 0, 0, 0, 74, 15.949, 16.602, 107.6, 102.92, 100, 0, 0, 28, 29, 100, 4.43, 84.5, 0, 0, 87.96, 58.646, 0, 0, 0, 0, 0, 13.9, 0, 12.5, 0, 2.985, 183, 0, 0, 0, 74, 1, 0.016, 0.017, 107.6, 102.92, 100, 0, 0, 141, 28, 29, 100, 4.43, 0, 84.5, 0, 0, 87.96, 58.646, 0, 0, 0, 0, 
1.25, 18.248, 100.37, 71.6, 72.325, , 11.656, 0.984, 104.297, 104.297, 3.013, 278.7, 278.7, 278.7, 51.192, , 37.208, 35.241, 7.379, 12.409, 0, 0, 43.915, 44.647, 43.915, 44.647, 1, 60.069, 60.069, 0.025, 0.135, 74.997, 76.253, 74.997, 76.253, 4.931, 7.379, 12.409, , , 1, 1.348, 0, 0, 12.5, 3.013, 183, 0, 0, 0, 74, 15.973, 16.608, 107.6, 102.92, 100, 0, 0, 28, 29, 100, 4.43, 84.5, 0, 0, 87.86, 59.268, 0, 0, 0, 0, 0, 13.9, 0, 12.5, 0, 3.013, 183, 0, 0, 0, 74, 1, 0.016, 0.017, 107.6, 102.92, 100, 0, 0, 141, 28, 29, 100, 4.43, 0, 84.5, 0, 0, 87.86, 59.268, 0, 0, 0, 0, 
1.3, 18.247, 100.37, 71.6, 72.327, , 11.725, 0.984, 108.621, 108.621, 3.042, 280.35, 280.35, 280.35, 51.181, , 36.867, 35.24, 7.379, 12.426, 0, 0, 44.595, 45.34, 44.595, 45.34, 1, 60.641, 60.641, 0.025, 0.135, 75.456, 76.719, 75.456, 76.719, 4.946, 7.379, 12.426, , , 1, 1.398, 0, 0, 12.5, 3.042, 183, 0, 0, 0, 74, 15.997, 16.614, 107.6, 102.92, 100, 0, 0, 28, 29, 100, 4.43, 84.5, 0, 0, 87.76, 59.89, 0, 0, 0, 0, 0, 13.9, 0, 12.5, 0, 3.042, 183, 0, 0, 0, 74, 1, 0.016, 0.017, 107.6, 102.92, 100, 0, 0, 141, 28, 29, 100, 4.43, 0, 84.5, 0, 0, 87.76, 59.89, 0, 0, 0, 0, 
1.35, 18.246, 100.37, 71.6, 72.329, , 11.766, 0.984, 112.961, 112.961, 3.071, 281.33, 281.33, 281.33, 51.172, , 36.507, 35.24, 7.38, 12.454, 0, 0, 45.17, 45.927, 45.17, 45.927, 1, 61.217, 61.217, 0.025, 0.135, 75.732, 76.999, 75.732, 76.999, 4.953, 7.38, 12.454, , , 1, 1.448, 0, 0, 12.5, 3.071, 183, 0, 0, 0, 74, 16.021, 16.62, 107.6, 102.92, 100, 0, 0, 28, 29, 100, 4.43, 84.5, 0, 0, 87.66, 60.512, 0, 0, 0, 0, 0, 13.9, 0, 12.5, 0, 3.071, 183, 0, 0, 0, 74, 1, 0.016, 0.017, 107.6, 102.92, 100, 0, 0, 141, 28, 29, 100, 4.43, 0, 84.5, 0, 0, 87.66, 60.512, 0, 0, 0, 0, 
1.4, 18.246, 100.37, 71.6, 72.331, , 11.837, 0.984, 117.379, 117.379, 3.1, 283.022, 283.022, 283.022, 51.166, , 36.147, 35.24, 7.38, 12.489, 0, 0, 45.868, 46.638, 45.868, 46.638, 1, 61.795, 61.795, 0.025, 0.135, 76.196, 77.471, 76.196, 77.471, 4.953, 7.38, 12.489, , , 1, 1.498, 0, 0, 12.5, 3.1, 183, 0, 0, 0, 74, 16.045, 16.626, 107.6, 102.92, 100, 0, 0, 28, 29, 100, 4.43, 84.5, 0, 0, 87.56, 61.134, 0, 0, 0, 0, 0, 13.9, 0, 12.5, 0, 3.1, 183, 0, 0, 0, 74, 1, 0.016, 0.017, 107.6, 102.92, 100, 0, 0, 141, 28, 29, 100, 4.43, 0, 84.5, 0, 0, 87.56, 61.134, 0, 0, 0, 0, 
1.45, 18.245, 100.37, 71.6, 72.333, , 11.915, 0.984, 121.87, 121.87, 3.136, 284.904, 284.904, 284.904, 51.16, , 35.787, 35.24, 7.38, 12.539, 0, 0, 46.617, 47.398, 46.617, 47.398, 1, 62.376, 62.376, 0.025, 0.136, 76.708, 77.992, 76.708, 77.992, 4.953, 7.38, 12.539, , , 1, 1.548, 0, 0, 12.5, 3.136, 183, 0, 0, 0, 74, 16.041, 16.605, 107.463, 102.905, 100, 0, 0, 28.057, 29, 100, 4.429, 84.46, 0, 0, 87.46, 61.897, 0, 0, 0, 0, 0, 13.9, 0, 12.5, 0, 3.136, 183, 0, 0, 0, 74, 1, 0.016, 0.017, 107.463, 102.905, 100, 0, 0, 141, 28.057, 29, 100, 4.429, 0, 84.46, 0, 0, 87.46, 61.897, 0, 0, 0, 0, 
1.5, 18.244, 100.37, 71.6, 72.335, , 12.011, 0.984, 126.361, 126.361, 3.184, 287.181, 287.181, 287.181, 51.162, 91.248, 35.427, 35.24, 7.38, 12.593, 0, 0, 47.428, 48.224, 47.428, 48.224, 1, 62.961, 62.961, 0.025, 0.136, 77.317, 78.612, 77.317, 78.612, 4.952, 7.38, 12.593, , , 1, 1.598, 0, 0, 12.5, 3.184, 183, 0, 0, 0, 74, 15.992, 16.54, 107.103, 102.868, 100, 0, 0, 28.207, 29, 100, 4.427, 84.36, 0, 0, 87.36, 62.89, 0, 0, 0, 0, 0, 13.9, 0, 12.5, 0, 3.184, 183, 0, 0, 0, 74, 1, 0.016, 0.017, 107.103, 102.868, 100, 0, 0, 141, 28.207, 29, 100, 4.427, 0, 84.36, 0, 0, 87.36, 62.89, 0, 0, 0, 0, 
1.55, 18.243, 100.37, 71.6, 72.337, , 12.12, 0.984, 130.855, 130.855, 3.231, 289.79, 289.79, 289.79, 51.179, 86.332, 35.42, 35.275, 7.38, 12.658, 0, 0, 48.318, 49.129, 48.318, 49.129, 1, 63.552, 63.552, 0.025, 0.136, 77.996, 79.3, 77.996, 79.3, 4.963, 7.38, 12.658, , , 1, 1.648, 0, 0, 12.5, 3.231, 183, 0, 0, 0, 74, 15.943, 16.475, 106.743, 102.831, 100, 0, 0, 28.357, 29, 100, 4.425, 84.26, 0, 0, 87.26, 63.883, 0, 0, 0, 0, 0, 13.9, 0, 12.5, 0, 3.231, 183, 0, 0, 0, 74, 1, 0.016, 0.017, 106.743, 102.831, 100, 0, 0, 141, 28.357, 29, 100, 4.425, 0, 84.26, 0, 0, 87.26, 63.883, 0, 0, 0, 0, 
1.6, 18.243, 100.37, 71.6, 72.339, , 12.221, 0.984, 135.523, 135.523, 3.279, 292.207, 292.207, 292.207, 51.208, 81.415, 35.42, 35.311, 7.38, 12.724, 0, 0, 49.176, 49.999, 49.176, 49.999, 1, 64.148, 64.148, 0.025, 0.136, 78.602, 79.917, 78.602, 79.917, 5.004, 7.38, 12.724, , , 1, 1.698, 0, 0, 12.5, 3.279, 183, 0, 0, 0, 74, 15.894, 16.41, 106.383, 102.794, 100, 0, 0, 28.507, 29, 100, 4.423, 84.16, 0, 0, 87.16, 64.876, 0, 0, 0, 0, 0, 13.9, 0, 12.5, 0, 3.279, 183, 0, 0, 0, 74, 1, 0.016, 0.016, 106.383, 102.794, 100, 0, 0, 141, 28.507, 29, 100, 4.423, 0, 84.16, 0, 0, 87.16, 64.876, 0, 0, 0, 0, 
1.65, 18.242, 100.37, 71.6, 72.34, , 12.358, 0.984, 140.102, 140.102, 3.326, 295.466, 295.466, 295.466, 51.251, 76.498, 35.42, 35.347, 7.38, 12.795, 0, 0, 50.186, 51.026, 50.186, 51.026, 1, 64.75, 64.75, 0.025, 0.136, 79.414, 80.742, 79.414, 80.742, 5.046, 7.38, 12.795, , , 1, 1.747, 0, 0, 12.5, 3.326, 183, 0, 0, 0, 74, 15.845, 16.345, 106.023, 102.757, 100, 0, 0, 28.657, 29, 100, 4.421, 84.06, 0, 0, 87.06, 65.869, 0, 0, 0, 0, 0, 13.9, 0, 12.5, 0, 3.326, 183, 0, 0, 0, 74, 1, 0.016, 0.016, 106.023, 102.757, 100, 0, 0, 141, 28.657, 29, 100, 4.421, 0, 84.06, 0, 0, 87.06, 65.869, 0, 0, 0, 0, 
1.7, 18.241, 100.37, 71.6, 72.342, , 12.419, 0.984, 144.771, 144.771, 3.362, 296.924, 296.924, 296.924, 51.309, 71.582, 35.42, 35.383, 7.38, 12.869, 0, 0, 50.906, 51.758, 50.906, 51.758, 1, 65.363, 65.363, 0.025, 0.135, 79.72, 81.052, 79.72, 81.052, 5.087, 7.38, 12.869, , , 1, 1.797, 0, 0, 12.5, 3.362, 183, 0, 0, 0, 74, 15.813, 16.301, 105.8, 102.72, 100, 0, 0, 28.77, 29, 100, 4.421, 84, 0, 0, 86.959, 66.633, 0, 0, 0, 0, 0, 13.9, 0, 12.5, 0, 3.362, 183, 0, 0, 0, 74, 1, 0.016, 0.016, 105.8, 102.72, 100, 0, 0, 141, 28.77, 29, 100, 4.421, 0, 84, 0, 0, 86.959, 66.633, 0, 0, 0, 0, 
1.75, 18.24, 100.37, 71.6, 72.344, , 12.524, 0.984, 149.584, 149.584, 3.38, 299.435, 299.435, 299.435, 51.371, 66.665, 35.42, 35.419, 7.38, 12.951, 0, 0, 51.822, 52.688, 51.822, 52.688, 1, 66.131, 66.131, 0.025, 0.135, 80.303, 81.644, 80.303, 81.644, 5.128, 7.38, 12.951, , , 1, 1.848, 0, 0, 12.5, 3.38, 183, 0, 0, 0, 74, 15.808, 16.292, 105.8, 102.681, 100, 0, 0, 28.822, 29, 100, 4.423, 84, 0, 0, 86.855, 67.021, 0, 0, 0, 0, 0, 13.9, 0, 12.5, 0, 3.38, 183, 0, 0, 0, 74, 1, 0.016, 0.016, 105.8, 102.681, 100, 0, 0, 141, 28.822, 29, 100, 4.423, 0, 84, 0, 0, 86.855, 67.021, 0, 0, 0, 0, 
1.8, 18.24, 100.37, 71.6, 72.346, , 12.61, 0.984, 156.637, 156.637, 3.399, 301.486, 301.486, 301.486, 51.415, 61.748, 35.282, 35.42, 7.38, 13.036, 0, 0, 52.9, 53.784, 52.9, 53.784, 1, 66.892, 66.892, 0.025, 0.135, 80.774, 82.123, 80.774, 82.123, 5.175, 7.38, 13.036, , , 1, 1.897, 0, 0, 12.5, 3.399, 183, 0, 0, 0, 74, 15.803, 16.283, 105.8, 102.642, 100, 0, 0, 28.874, 29, 100, 4.425, 84, 0, 0, 86.751, 67.41, 0, 0, 0, 0, 0, 13.9, 0, 12.5, 0, 3.399, 183, 0, 0, 0, 74, 1, 0.016, 0.016, 105.8, 102.642, 100, 0, 0, 141, 28.874, 29, 100, 4.425, 0, 84, 0, 0, 86.751, 67.41, 0, 0, 0, 0, 
1.85, 18.239, 100.37, 71.6, 72.348, , 12.698, 0.984, 161.408, 161.408, 3.417, 303.605, 303.605, 303.605, 51.438, 56.832, 35.138, 35.42, 7.38, 13.127, 0, 0, 53.758, 54.657, 53.758, 54.657, 1, 67.51, 67.51, 0.025, 0.135, 81.307, 82.665, 81.307, 82.665, 5.221, 7.38, 13.127, , , 1, 1.947, 0, 0, 12.5, 3.417, 183, 0, 0, 0, 74, 15.797, 16.273, 105.8, 102.604, 100, 0, 0, 28.926, 29, 100, 4.427, 84, 0, 0, 86.647, 67.798, 0, 0, 0, 0, 0, 13.9, 0, 12.5, 0, 3.417, 183, 0, 0, 0, 74, 1, 0.016, 0.016, 105.8, 102.604, 100, 0, 0, 141, 28.926, 29, 100, 4.427, 0, 84, 0, 0, 86.647, 67.798, 0, 0, 0, 0, 
1.9, 18.238, 100.37, 71.6, 72.35, , 12.722, 0.984, 166.283, 166.283, 3.435, 304.18, 304.18, 304.18, 51.448, 51.915, 34.994, 35.42, 7.38, 13.22, 0, 0, 54.355, 55.263, 54.355, 55.263, 1, 68.126, 68.126, 0.025, 0.134, 81.444, 82.805, 81.444, 82.805, 5.267, 7.38, 13.22, , , 1, 1.998, 0, 0, 12.5, 3.435, 183, 0, 0, 0, 74, 15.792, 16.264, 105.8, 102.565, 100, 0, 0, 28.978, 29, 100, 4.429, 84, 0, 0, 86.544, 68.187, 0, 0, 0, 0, 0, 13.9, 0, 12.5, 0, 3.435, 183, 0, 0, 0, 74, 1, 0.016, 0.016, 105.8, 102.565, 100, 0, 0, 141, 28.978, 29, 100, 4.429, 0, 84, 0, 0, 86.544, 68.187, 0, 0, 0, 0, 
1.95, 18.237, 100.37, 71.6, 72.352, , 12.779, 0.984, 171.234, 171.234, 3.461, 305.543, 305.543, 305.543, 51.447, 60.32, 34.85, 35.42, 7.381, 13.315, 0, 0, 55.101, 56.023, 55.101, 56.023, 1, 68.752, 68.752, 0.025, 0.134, 81.81, 83.178, 81.81, 83.178, 5.313, 7.381, 13.315, , , 1, 2.048, 0, 0, 12.5, 3.461, 183, 0, 0, 0, 74, 15.845, 16.297, 105.591, 102.55, 100, 0, 0, 29.058, 29, 100, 4.43, 84.232, 0, 0, 86.674, 68.639, 0, 0, 0, 0, 0, 13.9, 0, 12.5, 0, 3.461, 183, 0, 0, 0, 74, 1, 0.016, 0.016, 105.591, 102.55, 100, 0, 0, 141, 29.058, 29, 100, 4.43, 0, 84.232, 0, 0, 86.674, 68.639, 0, 0, 0, 0, 
2, 18.236, 100.37, 71.6, 72.354, , 12.829, 0.984, 176.141, 176.141, 3.494, 306.753, 306.753, 306.753, 51.441, 65.679, 34.706, 35.42, 7.382, 13.405, 0, 0, 55.819, 56.754, 55.819, 56.754, 1, 69.38, 69.38, 0.025, 0.134, 82.143, 83.517, 82.143, 83.517, 5.342, 7.382, 13.405, , , 1, 2.098, 0, 0, 12.5, 3.494, 183, 0, 0, 0, 74, 15.939, 16.361, 105.231, 102.55, 100, 0, 0, 29.158, 29, 100, 4.43, 84.632, 0, 0, 86.974, 69.137, 0, 0, 0, 0, 0, 13.9, 0, 12.5, 0, 3.494, 183, 0, 0, 0, 74, 1, 0.016, 0.016, 105.231, 102.55, 100, 0, 0, 141, 29.158, 29, 100, 4.43, 0, 84.632, 0, 0, 86.974, 69.137, 0, 0, 0, 0, 
2.05, 18.236, 100.37, 71.604, 72.356, , 12.825, 0.984, 181.187, 181.187, 3.526, 306.662, 306.662, 306.662, 51.439, 65.768, 34.908, 35.559, 7.383, 13.473, 0, 0, 56.312, 57.255, 56.312, 57.255, 1, 70.004, 70.004, 0.025, 0.134, 82.123, 83.498, 82.123, 83.498, 5.37, 7.383, 13.473, , , 1, 2.148, 0, 0, 12.5, 3.526, 183, 0, 0, 0, 74, 16.033, 16.425, 104.871, 102.55, 100, 0, 0, 29.258, 29, 100, 4.43, 85.032, 0, 0, 87.274, 69.635, 0, 0, 0, 0, 0, 13.9, 0, 12.5, 0, 3.526, 183, 0, 0, 0, 74, 1, 0.016, 0.017, 104.871, 102.55, 100, 0, 0, 141, 29.258, 29, 100, 4.43, 0, 85.032, 0, 0, 87.274, 69.635, 0, 0, 0, 0, 
2.1, 18.235, 100.371, 71.608, 72.358, , 12.886, 0.984, 186.192, 186.192, 3.559, 308.13, 308.13, 308.13, 51.435, 65.857, 35.125, 35.703, 7.384, 13.537, 0, 0, 57.086, 58.042, 57.086, 58.042, 1, 70.636, 70.636, 0.025, 0.135, 82.52, 83.902, 82.52, 83.902, 5.399, 7.384, 13.537, , , 1, 2.198, 0, 0, 12.5, 3.559, 183, 0, 0, 0, 74, 16.127, 16.489, 104.511, 102.55, 100, 0, 0, 29.358, 29, 100, 4.43, 85.432, 0, 0, 87.574, 70.133, 0, 0, 0, 0, 0, 13.9, 0, 12.5, 0, 3.559, 183, 0, 0, 0, 74, 1, 0.016, 0.017, 104.511, 102.55, 100, 0, 0, 141, 29.358, 29, 100, 4.43, 0, 85.432, 0, 0, 87.574, 70.133, 0, 0, 0, 0, 
2.15, 18.234, 100.371, 71.612, 72.359, , 12.908, 0.984, 191.315, 191.315, 3.591, 308.674, 308.674, 308.674, 51.433, 65.945, 35.342, 35.848, 7.385, 13.576, 0, 0, 57.7, 58.668, 57.7, 58.668, 1, 71.265, 71.265, 0.025, 0.135, 82.668, 84.053, 82.668, 84.053, 5.428, 7.385, 13.576, , , 1, 2.248, 0, 0, 12.5, 3.591, 183, 0, 0, 0, 74, 16.221, 16.553, 104.151, 102.55, 100, 0, 0, 29.458, 29, 100, 4.43, 85.832, 0, 0, 87.874, 70.631, 0, 0, 0, 0, 0, 13.9, 0, 12.5, 0, 3.591, 183, 0, 0, 0, 74, 1, 0.016, 0.017, 104.151, 102.55, 100, 0, 0, 141, 29.458, 29, 100, 4.43, 0, 85.832, 0, 0, 87.874, 70.631, 0, 0, 0, 0, 
2.2, 18.233, 100.372, 71.617, 72.361, , 12.957, 0.984, 196.445, 196.445, 3.624, 309.851, 309.851, 309.851, 51.433, 66.034, 35.559, 35.993, 7.386, 13.611, 0, 0, 58.434, 59.413, 58.434, 59.413, 1, 71.903, 71.903, 0.025, 0.135, 82.984, 84.374, 82.984, 84.374, 5.455, 7.386, 13.611, , , 1, 2.297, 0, 0, 12.5, 3.624, 183, 0, 0, 0, 74, 16.329, 16.644, 104, 102.506, 100, 0, 0, 29.558, 29.058, 100, 4.428, 86.345, 0, 0, 88.345, 71.268, 0, 0, 0, 0, 0, 13.9, 0, 12.5, 0, 3.624, 183, 0, 0, 0, 74, 1, 0.016, 0.017, 104, 102.506, 100, 0, 0, 141, 29.558, 29.058, 100, 4.428, 0, 86.345, 0, 0, 88.345, 71.268, 0, 0, 0, 0, 
2.25, 18.233, 100.372, 71.621, 72.363, , 12.946, 0.984, 201.589, 201.589, 3.657, 309.611, 309.611, 309.611, 51.433, 66.123, 35.776, 36.137, 7.385, 13.623, 0, 0, 58.906, 59.892, 58.906, 59.892, 1, 72.539, 72.539, 0.025, 0.135, 82.921, 84.309, 82.921, 84.309, 5.483, 7.385, 13.623, , , 1, 2.347, 0, 0, 12.5, 3.657, 183, 0, 0, 0, 74, 16.448, 16.756, 104, 102.433, 100, 0, 0, 29.657, 29.157, 100, 4.424, 86.94, 0, 0, 88.94, 72.006, 0, 0, 0, 0, 0, 13.9, 0, 12.5, 0, 3.657, 183, 0, 0, 0, 74, 1, 0.016, 0.017, 104, 102.433, 100, 0, 0, 141, 29.657, 29.157, 100, 4.424, 0, 86.94, 0, 0, 88.94, 72.006, 0, 0, 0, 0, 
2.3, 18.232, 100.372, 71.625, 72.365, , 13.009, 0.984, 206.86, 206.86, 3.691, 311.134, 311.134, 311.134, 51.432, 66.212, 35.709, 36.175, 7.384, 13.634, 0, 0, 59.714, 60.712, 59.714, 60.712, 1, 73.172, 73.172, 0.025, 0.136, 83.332, 84.726, 83.332, 84.726, 5.51, 7.384, 13.634, , , 1, 2.398, 0, 0, 12.5, 3.691, 183, 0, 0, 0, 74, 16.567, 16.867, 104, 102.359, 100, 0, 0, 29.756, 29.256, 100, 4.42, 87.536, 0, 0, 89.536, 72.744, 0, 0, 0, 0, 0, 13.9, 0, 12.5, 0, 3.691, 183, 0, 0, 0, 74, 1, 0.017, 0.017, 104, 102.359, 100, 0, 0, 141, 29.756, 29.256, 100, 4.42, 0, 87.536, 0, 0, 89.536, 72.744, 0, 0, 0, 0, 
2.35, 18.231, 100.373, 71.629, 72.367, , 12.991, 0.984, 212.167, 212.167, 3.724, 310.706, 310.706, 310.706, 51.429, 66.3, 35.637, 36.211, 7.383, 13.639, 0, 0, 60.151, 61.157, 60.151, 61.157, 1, 73.813, 73.813, 0.025, 0.136, 83.224, 84.616, 83.224, 84.616, 5.538, 7.383, 13.639, , , 1, 2.447, 0, 0, 12.5, 3.724, 183, 0, 0, 0, 74, 16.686, 16.978, 104, 102.286, 100, 0, 0, 29.855, 29.355, 100, 4.416, 88.131, 0, 0, 90.131, 73.482, 0, 0, 0, 0, 0, 13.9, 0, 12.5, 0, 3.724, 183, 0, 0, 0, 74, 1, 0.017, 0.017, 104, 102.286, 100, 0, 0, 141, 29.855, 29.355, 100, 4.416, 0, 88.131, 0, 0, 90.131, 73.482, 0, 0, 0, 0, 
2.4, 18.23, 100.373, 71.633, 72.369, , 13.034, 0.984, 217.473, 217.473, 3.757, 311.754, 311.754, 311.754, 51.424, 66.389, 35.565, 36.247, 7.382, 13.645, 0, 0, 60.875, 61.894, 60.875, 61.894, 1, 74.448, 74.448, 0.025, 0.136, 83.512, 84.909, 83.512, 84.909, 5.566, 7.382, 13.645, , , 1, 2.497, 0, 0, 12.5, 3.757, 183, 0, 0, 0, 74, 16.805, 17.089, 104, 102.212, 100, 0, 0, 29.954, 29.454, 100, 4.412, 88.726, 0, 0, 90.726, 74.22, 0, 0, 0, 0, 0, 13.9, 0, 12.5, 0, 3.757, 183, 0, 0, 0, 74, 1, 0.017, 0.017, 104, 102.212, 100, 0, 0, 141, 29.954, 29.454, 100, 4.412, 0, 88.726, 0, 0, 90.726, 74.22, 0, 0, 0, 0, 
2.45, 18.229, 100.373, 71.637, 72.37, , 13.058, 0.984, 222.802, 222.802, 3.79, 312.344, 312.344, 312.344, 51.416, 66.478, 35.493, 36.283, 7.381, 13.645, 0, 0, 61.519, 62.548, 61.519, 62.548, 1, 75.088, 75.088, 0.025, 0.136, 83.681, 85.08, 83.681, 85.08, 5.596, 7.381, 13.645, , , 1, 2.548, 0, 0, 12.5, 3.79, 183, 0, 0, 0, 74, 16.898, 17.168, 103.812, 102.18, 100, 0, 0, 30.105, 29.552, 100, 4.41, 89.368, 0, 0, 91.263, 74.95, 0, 0, 0, 0, 0, 13.9, 0, 12.5, 0, 3.79, 183, 0, 0, 0, 74, 1, 0.017, 0.017, 103.812, 102.18, 100, 0, 0, 141, 30.105, 29.552, 100, 4.41, 0, 89.368, 0, 0, 91.263, 74.95, 0, 0, 0, 0, 
2.5, 18.226, 100.374, 71.642, 72.369, , 13.093, 0.984, 228.274, 228.274, 3.823, 313.179, 313.179, 313.179, 51.412, 66.567, 35.421, 36.319, 7.38, 13.644, 0, 0, 62.21, 63.25, 62.21, 63.25, 1, 75.731, 75.731, 0.025, 0.136, 83.91, 85.314, 83.91, 85.314, 5.626, 7.38, 13.644, , , 1, 2.598, 0, 0, 12.5, 3.823, 183, 0, 0, 0, 74, 16.967, 17.221, 103.463, 102.18, 100, 0, 0, 30.298, 29.649, 100, 4.41, 90.049, 0, 0, 91.749, 75.673, 0, 0, 0, 0, 0, 13.9, 0, 12.5, 0, 3.823, 183, 0, 0, 0, 74, 1, 0.017, 0.017, 103.463, 102.18, 100, 0, 0, 141, 30.298, 29.649, 100, 4.41, 0, 90.049, 0, 0, 91.749, 75.673, 0, 0, 0, 0, 
2.55, 18.223, 100.374, 71.646, 72.369, , 13.119, 0.984, 233.772, 233.772, 3.856, 313.833, 313.833, 313.833, 51.414, 66.655, 35.491, 36.002, 7.38, 13.636, 0, 0, 62.871, 63.924, 62.871, 63.924, 1, 76.371, 76.371, 0.025, 0.136, 84.079, 85.487, 84.079, 85.487, 5.656, 7.38, 13.636, , , 1, 2.648, 0, 0, 12.5, 3.856, 183, 0, 0, 0, 74, 17.037, 17.273, 103.114, 102.18, 100, 0, 0, 30.492, 29.746, 100, 4.41, 90.73, 0, 0, 92.235, 76.396, 0, 0, 0, 0, 0, 13.9, 0, 12.5, 0, 3.856, 183, 0, 0, 0, 74, 1, 0.017, 0.017, 103.114, 102.18, 100, 0, 0, 141, 30.492, 29.746, 100, 4.41, 0, 90.73, 0, 0, 92.235, 76.396, 0, 0, 0, 0, 
2.6, 18.221, 100.375, 71.65, 72.369, , 13.16, 0.984, 239.283, 239.283, 3.889, 314.806, 314.806, 314.806, 51.427, 66.744, 35.563, 35.678, 7.38, 13.628, 0, 0, 63.6, 64.665, 63.6, 64.665, 1, 77.02, 77.02, 0.025, 0.135, 84.32, 85.732, 84.32, 85.732, 5.689, 7.38, 13.628, , , 1, 2.698, 0, 0, 12.5, 3.889, 183, 0, 0, 0, 74, 17.107, 17.325, 102.765, 102.18, 100, 0, 0, 30.686, 29.843, 100, 4.41, 91.411, 0, 0, 92.722, 77.119, 0, 0, 0, 0, 0, 13.9, 0, 12.5, 0, 3.889, 183, 0, 0, 0, 74, 1, 0.017, 0.017, 102.765, 102.18, 100, 0, 0, 141, 30.686, 29.843, 100, 4.41, 0, 91.411, 0, 0, 92.722, 77.119, 0, 0, 0, 0, 
2.65, 18.218, 100.375, 71.654, 72.368, , 13.169, 0.984, 244.843, 244.843, 3.922, 315.053, 315.053, 315.053, 51.448, 66.833, 35.635, 35.354, 7.38, 13.612, 0, 0, 64.182, 65.257, 64.182, 65.257, 1, 77.667, 77.667, 0.025, 0.135, 84.354, 85.766, 84.354, 85.766, 5.729, 7.38, 13.612, , , 1, 2.748, 0, 0, 12.5, 3.922, 183, 0, 0, 0, 74, 17.177, 17.378, 102.416, 102.18, 100, 0, 0, 30.88, 29.94, 100, 4.41, 92.091, 0, 0, 93.208, 77.842, 0, 0, 0, 0, 0, 13.9, 0, 12.5, 0, 3.922, 183, 0, 0, 0, 74, 1, 0.017, 0.017, 102.416, 102.18, 100, 0, 0, 141, 30.88, 29.94, 100, 4.41, 0, 92.091, 0, 0, 93.208, 77.842, 0, 0, 0, 0, 
2.7, 18.215, 100.375, 71.658, 72.368, , 13.192, 0.984, 250.416, 250.416, 3.957, 315.615, 315.615, 315.615, 51.477, 66.922, 35.707, 35.03, 7.379, 13.597, 0, 0, 64.829, 65.916, 64.829, 65.916, 1, 78.318, 78.318, 0.025, 0.135, 84.458, 85.872, 84.458, 85.872, 5.769, 7.379, 13.597, , , 1, 2.798, 0, 0, 12.5, 3.957, 183, 0, 0, 0, 74, 17.245, 17.44, 102.2, 102.15, 100, 0, 0, 31, 30, 100, 4.412, 92.665, 0, 0, 93.665, 78.534, 0, 0, 0, 0, 0, 13.9, 0, 12.5, 0, 3.957, 183, 0, 0, 0, 74, 1, 0.017, 0.017, 102.2, 102.15, 100, 0, 0, 141, 31, 30, 100, 4.412, 0, 92.665, 0, 0, 93.665, 78.534, 0, 0, 0, 0, 
2.75, 18.213, 100.376, 71.663, 72.368, , 13.222, 0.984, 256.909, 256.909, 3.993, 316.343, 316.343, 316.343, 51.508, 67.01, 35.779, 34.706, 7.379, 13.581, 0, 0, 65.595, 66.694, 65.595, 66.694, 1, 78.972, 78.972, 0.025, 0.135, 84.597, 86.013, 84.597, 86.013, 5.809, 7.379, 13.581, , , 1, 2.848, 0, 0, 12.5, 3.993, 183, 0, 0, 0, 74, 17.311, 17.518, 102.2, 102.073, 100, 0, 0, 31, 30, 100, 4.416, 93.076, 0, 0, 94.076, 79.177, 0, 0, 0, 0, 0, 13.9, 0, 12.5, 0, 3.993, 183, 0, 0, 0, 74, 1, 0.017, 0.017, 102.2, 102.073, 100, 0, 0, 141, 31, 30, 100, 4.416, 0, 93.076, 0, 0, 94.076, 79.177, 0, 0, 0, 0, 
2.8, 18.21, 100.376, 71.667, 72.367, , 13.227, 0.984, 264.141, 264.141, 4.03, 316.473, 316.473, 316.473, 51.543, 67.099, 35.576, 34.802, 7.378, 13.564, 0, 0, 66.3, 67.41, 66.3, 67.41, 1, 79.883, 79.883, 0.025, 0.135, 84.58, 85.995, 84.58, 85.995, 5.848, 7.378, 13.564, , , 1, 2.898, 0, 0, 12.5, 4.03, 183, 0, 0, 0, 74, 17.377, 17.597, 102.2, 101.997, 100, 0, 0, 31, 30, 100, 4.42, 93.488, 0, 0, 94.488, 79.819, 0, 0, 0, 0, 0, 13.9, 0, 12.5, 0, 4.03, 183, 0, 0, 0, 74, 1, 0.017, 0.017, 102.2, 101.997, 100, 0, 0, 141, 31, 30, 100, 4.42, 0, 93.488, 0, 0, 94.488, 79.819, 0, 0, 0, 0, 
2.85, 18.207, 100.376, 71.671, 72.367, , 13.22, 0.984, 269.927, 269.927, 4.067, 316.325, 316.325, 316.325, 51.563, 67.188, 35.367, 34.906, 7.378, 13.555, 0, 0, 66.807, 67.926, 66.807, 67.926, 1, 80.526, 80.526, 0.025, 0.135, 84.505, 85.918, 84.505, 85.918, 5.886, 7.378, 13.555, , , 1, 2.948, 0, 0, 12.5, 4.067, 183, 0, 0, 0, 74, 17.443, 17.675, 102.2, 101.921, 100, 0, 0, 31, 30, 100, 4.424, 93.899, 0, 0, 94.899, 80.462, 0, 0, 0, 0, 0, 13.9, 0, 12.5, 0, 4.067, 183, 0, 0, 0, 74, 1, 0.018, 0.018, 102.2, 101.921, 100, 0, 0, 141, 31, 30, 100, 4.424, 0, 93.899, 0, 0, 94.899, 80.462, 0, 0, 0, 0, 
2.9, 18.205, 100.377, 71.675, 72.366, , 13.205, 0.984, 275.764, 275.764, 4.103, 316.01, 316.01, 316.01, 51.581, 67.277, 35.159, 35.011, 7.377, 13.546, 0, 0, 67.275, 68.401, 67.275, 68.401, 1, 81.177, 81.177, 0.025, 0.135, 84.391, 85.802, 84.391, 85.802, 5.924, 7.377, 13.546, , , 1, 2.997, 0, 0, 12.5, 4.103, 183, 0, 0, 0, 74, 17.51, 17.754, 102.2, 101.845, 100, 0, 0, 31, 30, 100, 4.428, 94.311, 0, 0, 95.311, 81.104, 0, 0, 0, 0, 0, 13.9, 0, 12.5, 0, 4.103, 183, 0, 0, 0, 74, 1, 0.018, 0.018, 102.2, 101.845, 100, 0, 0, 141, 31, 30, 100, 4.428, 0, 94.311, 0, 0, 95.311, 81.104, 0, 0, 0, 0, 
2.95, 18.202, 100.377, 71.679, 72.366, , 13.163, 0.984, 281.602, 281.602, 4.139, 315.03, 315.03, 315.03, 51.596, 67.365, 34.95, 35.115, 7.377, 13.535, 0, 0, 67.598, 68.729, 67.598, 68.729, 1, 81.821, 81.821, 0.024, 0.135, 84.103, 85.51, 84.103, 85.51, 5.962, 7.377, 13.535, , , 1, 3.047, 0, 0, 12.5, 4.139, 183, 0, 0, 0, 74, 17.571, 17.821, 102.012, 101.771, 100, 0, 0, 31.052, 30.052, 100, 4.428, 94.71, 0, 0, 95.71, 81.79, 0, 0, 0, 0, 0, 13.9, 0, 12.5, 0, 4.139, 183, 0, 0, 0, 74, 1, 0.018, 0.018, 102.012, 101.771, 100, 0, 0, 141, 31.052, 30.052, 100, 4.428, 0, 94.71, 0, 0, 95.71, 81.79, 0, 0, 0, 0, 
3, 18.199, 100.378, 71.684, 72.366, , 13.12, 0.984, 287.505, 287.505, 4.174, 314.033, 314.033, 314.033, 51.611, 67.454, 34.742, 35.219, 7.377, 13.524, 0, 0, 67.913, 69.051, 67.913, 69.051, 1, 82.471, 82.471, 0.024, 0.134, 83.813, 85.216, 83.813, 85.216, 5.998, 7.377, 13.524, , , 1, 3.097, 0, 0, 12.5, 4.174, 183, 0, 0, 0, 74, 17.63, 17.88, 101.663, 101.699, 100, 0, 0, 31.149, 30.149, 100, 4.424, 95.099, 0, 0, 96.099, 82.513, 0, 0, 0, 0, 0, 13.9, 0, 12.5, 0, 4.174, 183, 0, 0, 0, 74, 1, 0.018, 0.018, 101.663, 101.699, 100, 0, 0, 141, 31.149, 30.149, 100, 4.424, 0, 95.099, 0, 0, 96.099, 82.513, 0, 0, 0, 0, 
3.05, 18.197, 100.378, 71.688, 72.365, , 13.09, 0.984, 293.493, 293.493, 4.209, 313.325, 313.325, 313.325, 51.627, 67.543, 34.849, 35.002, 7.377, 13.509, 0, 0, 68.294, 69.438, 68.294, 69.438, 1, 83.104, 83.104, 0.025, 0.134, 83.599, 84.998, 83.599, 84.998, 6.02, 7.377, 13.509, , , 1, 3.148, 0, 0, 12.5, 4.209, 183, 0, 0, 0, 74, 17.688, 17.938, 101.314, 101.627, 100, 0, 0, 31.246, 30.246, 100, 4.42, 95.488, 0, 0, 96.488, 83.236, 0, 0, 0, 0, 0, 13.9, 0, 12.5, 0, 4.209, 183, 0, 0, 0, 74, 1, 0.018, 0.018, 101.314, 101.627, 100, 0, 0, 141, 31.246, 30.246, 100, 4.42, 0, 95.488, 0, 0, 96.488, 83.236, 0, 0, 0, 0, 
3.1, 18.194, 100.378, 71.692, 72.365, , 13.041, 0.984, 299.48, 299.48, 4.245, 312.189, 312.189, 312.189, 51.642, 67.632, 35.035, 34.704, 7.377, 13.495, 0, 0, 68.569, 69.718, 68.569, 69.718, 1, 83.745, 83.745, 0.025, 0.134, 83.271, 84.664, 83.271, 84.664, 6.042, 7.377, 13.495, , , 1, 3.198, 0, 0, 12.5, 4.245, 183, 0, 0, 0, 74, 17.746, 17.996, 100.965, 101.555, 100, 0, 0, 31.343, 30.343, 100, 4.416, 95.877, 0, 0, 96.877, 83.959, 0, 0, 0, 0, 0, 13.9, 0, 12.5, 0, 4.245, 183, 0, 0, 0, 74, 1, 0.018, 0.018, 100.965, 101.555, 100, 0, 0, 141, 31.343, 30.343, 100, 4.416, 0, 95.877, 0, 0, 96.877, 83.959, 0, 0, 0, 0, 
3.15, 18.191, 100.379, 71.696, 72.364, , 12.984, 0.984, 305.517, 305.517, 4.28, 310.859, 310.859, 310.859, 51.659, 67.72, 35.221, 34.407, 7.377, 13.472, 0, 0, 68.801, 69.952, 68.801, 69.952, 1, 84.388, 84.388, 0.025, 0.134, 82.89, 84.278, 82.89, 84.278, 6.064, 7.377, 13.472, , , 1, 3.248, 0, 0, 12.5, 4.28, 183, 0, 0, 0, 74, 17.804, 18.054, 100.616, 101.483, 100, 0, 0, 31.44, 30.44, 100, 4.412, 96.267, 0, 0, 97.267, 84.682, 0, 0, 0, 0, 0, 13.9, 0, 12.5, 0, 4.28, 183, 0, 0, 0, 74, 1, 0.018, 0.018, 100.616, 101.483, 100, 0, 0, 141, 31.44, 30.44, 100, 4.412, 0, 96.267, 0, 0, 97.267, 84.682, 0, 0, 0, 0, 
3.2, 18.189, 100.379, 71.7, 72.364, , 12.956, 0.984, 311.662, 311.662, 4.315, 310.211, 310.211, 310.211, 51.676, 67.809, 35.407, 34.109, 7.377, 13.45, 0, 0, 69.18, 70.338, 69.18, 70.338, 1, 85.03, 85.03, 0.025, 0.134, 82.69, 84.074, 82.69, 84.074, 6.086, 7.377, 13.45, , , 1, 3.298, 0, 0, 12.5, 4.315, 183, 0, 0, 0, 74, 17.862, 18.112, 100.4, 101.412, 100, 0, 0, 31.537, 30.537, 100, 4.411, 96.654, 0, 0, 97.654, 85.357, 0, 0, 0, 0, 0, 13.9, 0, 12.5, 0, 4.315, 183, 0, 0, 0, 74, 1, 0.018, 0.018, 100.4, 101.412, 100, 0, 0, 141, 31.537, 30.537, 100, 4.411, 0, 96.654, 0, 0, 97.654, 85.357, 0, 0, 0, 0, 
3.25, 18.186, 100.38, 71.705, 72.364, , 12.922, 0.984, 317.806, 317.806, 4.35, 309.429, 309.429, 309.429, 51.694, 67.898, 35.593, 33.812, 7.377, 13.423, 0, 0, 69.525, 70.688, 69.525, 70.688, 1, 85.666, 85.666, 0.025, 0.135, 82.455, 83.834, 82.455, 83.834, 6.111, 7.377, 13.423, , , 1, 3.348, 0, 0, 12.5, 4.35, 183, 0, 0, 0, 74, 17.92, 18.17, 100.4, 101.34, 100, 0, 0, 31.633, 30.633, 100, 4.415, 97.038, 0, 0, 98.038, 85.953, 0, 0, 0, 0, 0, 13.9, 0, 12.5, 0, 4.35, 183, 0, 0, 0, 74, 1, 0.018, 0.018, 100.4, 101.34, 100, 0, 0, 141, 31.633, 30.633, 100, 4.415, 0, 97.038, 0, 0, 98.038, 85.953, 0, 0, 0, 0, 
3.3, 18.183, 100.38, 71.709, 72.363, , 12.872, 0.984, 323.951, 323.951, 4.385, 308.265, 308.265, 308.265, 51.71, 67.987, 35.496, 34.702, 7.377, 13.396, 0, 0, 69.772, 70.937, 69.772, 70.937, 1, 86.296, 86.296, 0.025, 0.135, 82.119, 83.493, 82.119, 83.493, 6.136, 7.377, 13.396, , , 1, 3.398, 0, 0, 12.5, 4.385, 183, 0, 0, 0, 74, 17.977, 18.227, 100.4, 101.269, 100, 0, 0, 31.729, 30.729, 100, 4.419, 97.423, 0, 0, 98.423, 86.549, 0, 0, 0, 0, 0, 13.9, 0, 12.5, 0, 4.385, 183, 0, 0, 0, 74, 1, 0.018, 0.018, 100.4, 101.269, 100, 0, 0, 141, 31.729, 30.729, 100, 4.419, 0, 97.423, 0, 0, 98.423, 86.549, 0, 0, 0, 0, 
3.35, 18.181, 100.38, 71.71, 72.363, , 12.817, 0.984, 330.182, 330.182, 4.42, 306.962, 306.962, 306.962, 51.725, 68.075, 35.387, 35.642, 7.377, 13.368, 0, 0, 69.985, 71.154, 69.985, 71.154, 1, 86.931, 86.931, 0.025, 0.135, 81.749, 83.118, 81.749, 83.118, 6.161, 7.377, 13.368, , , 1, 3.447, 0, 0, 12.5, 4.42, 183, 0, 0, 0, 74, 18.035, 18.285, 100.4, 101.198, 100, 0, 0, 31.825, 30.825, 100, 4.423, 97.808, 0, 0, 98.808, 87.145, 0, 0, 0, 0, 0, 13.9, 0, 12.5, 0, 4.42, 183, 0, 0, 0, 74, 1, 0.018, 0.018, 100.4, 101.198, 100, 0, 0, 141, 31.825, 30.825, 100, 4.423, 0, 97.808, 0, 0, 98.808, 87.145, 0, 0, 0, 0, 
3.4, 18.178, 100.379, 71.71, 72.363, , 12.768, 0.984, 336.492, 336.492, 4.455, 305.822, 305.822, 305.822, 51.739, 68.164, 35.279, 36.582, 7.377, 13.34, 0, 0, 70.227, 71.4, 70.227, 71.4, 1, 87.563, 87.563, 0.025, 0.135, 81.424, 82.788, 81.424, 82.788, 6.186, 7.377, 13.34, , , 1, 3.497, 0, 0, 12.5, 4.455, 183, 0, 0, 0, 74, 18.093, 18.343, 100.4, 101.127, 100, 0, 0, 31.921, 30.921, 100, 4.427, 98.192, 0, 0, 99.192, 87.741, 0, 0, 0, 0, 0, 13.9, 0, 12.5, 0, 4.455, 183, 0, 0, 0, 74, 1, 0.018, 0.018, 100.4, 101.127, 100, 0, 0, 141, 31.921, 30.921, 100, 4.427, 0, 98.192, 0, 0, 99.192, 87.741, 0, 0, 0, 0, 
3.45, 18.175, 100.379, 71.71, 72.362, , 12.719, 0.984, 342.803, 342.803, 4.49, 304.689, 304.689, 304.689, 51.752, 68.253, 35.171, 37.521, 7.377, 13.301, 0, 0, 70.468, 71.644, 70.468, 71.644, 1, 88.188, 88.188, 0.025, 0.135, 81.102, 82.46, 81.102, 82.46, 6.218, 7.377, 13.301, , , 1, 3.547, 0, 0, 12.5, 4.49, 183, 0, 0, 0, 74, 18.161, 18.411, 100.335, 101.056, 100, 0, 0, 32, 31.018, 100, 4.429, 98.64, 0, 0, 99.64, 88.342, 0, 0, 0, 0, 0, 13.9, 0, 12.5, 0, 4.49, 183, 0, 0, 0, 74, 1, 0.018, 0.018, 100.335, 101.056, 100, 0, 0, 141, 32, 31.018, 100, 4.429, 0, 98.64, 0, 0, 99.64, 88.342, 0, 0, 0, 0, 
3.5, 18.173, 100.379, 71.71, 72.362, , 12.644, 0.984, 349.213, 349.213, 4.524, 302.939, 302.939, 302.939, 51.764, 68.342, 35.062, 38.461, 7.377, 13.259, 0, 0, 70.558, 71.736, 70.558, 71.736, 1, 88.809, 88.809, 0.025, 0.135, 80.616, 81.966, 80.616, 81.966, 6.253, 7.377, 13.259, , , 1, 3.597, 0, 0, 12.5, 4.524, 183, 0, 0, 0, 74, 18.275, 18.525, 99.973, 100.984, 100, 0, 0, 32, 31.118, 100, 4.425, 99.34, 0, 0, 100.34, 88.964, 0, 0, 0, 0, 0, 13.9, 0, 12.5, 0, 4.524, 183, 0, 0, 0, 74, 1, 0.018, 0.018, 99.973, 100.984, 100, 0, 0, 141, 32, 31.118, 100, 4.425, 0, 99.34, 0, 0, 100.34, 88.964, 0, 0, 0, 0, 
3.55, 18.17, 100.378, 71.71, 72.361, , 12.594, 0.984, 355.678, 355.678, 4.558, 301.763, 301.763, 301.763, 51.779, 68.43, 35.06, 38.198, 7.377, 13.212, 0, 0, 70.78, 71.964, 70.78, 71.964, 1, 89.436, 89.436, 0.025, 0.135, 80.28, 81.625, 80.28, 81.625, 6.288, 7.377, 13.212, , , 1, 3.648, 0, 0, 12.5, 4.558, 183, 0, 0, 0, 74, 18.389, 18.639, 99.612, 100.912, 100, 0, 0, 32, 31.218, 100, 4.421, 100.04, 0, 0, 101.04, 89.586, 0, 0, 0, 0, 0, 13.9, 0, 12.5, 0, 4.558, 183, 0, 0, 0, 74, 1, 0.018, 0.018, 99.612, 100.912, 100, 0, 0, 141, 32, 31.219, 100, 4.421, 0, 100.04, 0, 0, 101.04, 89.586, 0, 0, 0, 0, 
3.6, 18.167, 100.378, 71.71, 72.361, , 12.535, 0.984, 362.126, 362.126, 4.592, 300.386, 300.386, 300.386, 51.796, 68.519, 35.06, 37.91, 7.377, 13.164, 0, 0, 70.944, 72.131, 70.944, 72.131, 1, 90.056, 90.056, 0.025, 0.135, 79.888, 81.225, 79.888, 81.225, 6.323, 7.377, 13.164, , , 1, 3.698, 0, 0, 12.5, 4.592, 183, 0, 0, 0, 74, 18.503, 18.753, 99.251, 100.84, 100, 0, 0, 32, 31.318, 100, 4.417, 100.74, 0, 0, 101.74, 90.208, 0, 0, 0, 0, 0, 13.9, 0, 12.5, 0, 4.592, 183, 0, 0, 0, 74, 1, 0.019, 0.019, 99.251, 100.84, 100, 0, 0, 141, 32, 31.319, 100, 4.417, 0, 100.74, 0, 0, 101.74, 90.208, 0, 0, 0, 0, 
3.65, 18.165, 100.377, 71.71, 72.361, , 12.479, 0.984, 368.672, 368.672, 4.626, 299.079, 299.079, 299.079, 51.814, 68.608, 35.06, 37.622, 7.377, 13.101, 0, 0, 71.112, 72.302, 71.112, 72.302, 1, 90.669, 90.669, 0.025, 0.135, 79.512, 80.843, 79.512, 80.843, 6.342, 7.377, 13.101, , , 1, 3.747, 0, 0, 12.5, 4.626, 183, 0, 0, 0, 74, 18.617, 18.867, 98.889, 100.768, 100, 0, 0, 32, 31.418, 100, 4.413, 101.44, 0, 0, 102.44, 90.83, 0, 0, 0, 0, 0, 13.9, 0, 12.5, 0, 4.626, 183, 0, 0, 0, 74, 1, 0.019, 0.019, 98.889, 100.768, 100, 0, 0, 141, 32, 31.42, 100, 4.413, 0, 101.44, 0, 0, 102.44, 90.83, 0, 0, 0, 0, 
3.7, 18.162, 100.377, 71.71, 72.36, , 12.372, 0.984, 375.203, 375.203, 4.663, 296.553, 296.553, 296.553, 51.834, 68.697, 35.06, 37.334, 7.377, 13.035, 0, 0, 70.985, 72.174, 70.985, 72.174, 1, 91.284, 91.284, 0.025, 0.134, 78.811, 80.129, 78.811, 80.129, 6.35, 7.377, 13.035, , , 1, 3.798, 0, 0, 12.5, 4.663, 183, 0, 0, 0, 74, 18.736, 18.981, 98.6, 100.673, 100, 0, 0, 32.02, 31.536, 100, 4.41, 102.14, 0, 0, 103.14, 91.508, 0, 0, 0, 0, 0, 13.9, 0, 12.5, 0, 4.663, 183, 0, 0, 0, 74, 1, 0.019, 0.019, 98.6, 100.673, 100, 0, 0, 141, 32.02, 31.54, 100, 4.41, 0, 102.14, 0, 0, 103.14, 91.508, 0, 0, 0, 0, 
3.75, 18.16, 100.377, 71.71, 72.36, , 12.316, 0.984, 381.874, 381.874, 4.713, 295.242, 295.242, 295.242, 51.855, 68.785, 35.06, 37.046, 7.377, 12.968, 0, 0, 71.146, 72.336, 71.146, 72.336, 1, 91.885, 91.885, 0.025, 0.134, 78.431, 79.743, 78.431, 79.743, 6.359, 7.377, 12.968, , , 1, 3.848, 0, 0, 12.5, 4.713, 183, 0, 0, 0, 74, 18.883, 19.096, 98.6, 100.488, 100, 0, 0, 32.12, 31.737, 100, 4.412, 102.84, 0, 0, 103.84, 92.441, 0, 0, 0, 0, 0, 13.9, 0, 12.5, 0, 4.713, 183, 0, 0, 0, 74, 1, 0.019, 0.019, 98.6, 100.488, 100, 0, 0, 141, 32.12, 31.74, 100, 4.412, 0, 102.84, 0, 0, 103.84, 92.441, 0, 0, 0, 0, 
3.8, 18.16, 100.376, 71.71, 72.36, , 12.249, 0.984, 389.012, 389.012, 4.762, 293.679, 293.679, 293.679, 51.877, 68.874, 35.095, 36.794, 7.377, 12.901, 0, 0, 71.273, 72.465, 71.273, 72.465, 1, 92.634, 92.634, 0.025, 0.134, 77.986, 79.292, 77.986, 79.292, 6.367, 7.377, 12.901, , , 1, 3.898, 0, 0, 12.5, 4.762, 183, 0, 0, 0, 74, 19.03, 19.211, 98.6, 100.303, 100, 0, 0, 32.22, 31.938, 100, 4.414, 103.54, 0, 0, 104.54, 93.374, 0, 0, 0, 0, 0, 13.9, 0, 12.5, 0, 4.762, 183, 0, 0, 0, 74, 1, 0.019, 0.019, 98.6, 100.303, 100, 0, 0, 141, 32.22, 31.94, 100, 4.414, 0, 103.54, 0, 0, 104.54, 93.374, 0, 0, 0, 0, 
3.85, 18.16, 100.376, 71.71, 72.36, , 12.169, 0.984, 397.551, 397.551, 4.812, 291.81, 291.81, 291.81, 51.895, 68.963, 35.131, 36.543, 7.377, 12.826, 0, 0, 71.406, 72.599, 71.406, 72.599, 1, 93.299, 93.299, 0.025, 0.134, 77.459, 78.756, 77.459, 78.756, 6.378, 7.377, 12.826, , , 1, 3.948, 0, 0, 12.5, 4.812, 183, 0, 0, 0, 74, 19.177, 19.326, 98.6, 100.118, 100, 0, 0, 32.32, 32.139, 100, 4.416, 104.24, 0, 0, 105.24, 94.307, 0, 0, 0, 0, 0, 13.9, 0, 12.5, 0, 4.812, 183, 0, 0, 0, 74, 1, 0.019, 0.019, 98.6, 100.118, 100, 0, 0, 141, 32.32, 32.14, 100, 4.416, 0, 104.24, 0, 0, 105.24, 94.307, 0, 0, 0, 0, 
3.9, 18.16, 100.376, 71.71, 72.36, , 12.131, 0.984, 404.231, 404.231, 4.861, 290.915, 290.915, 290.915, 51.909, 69.052, 35.167, 36.292, 7.377, 12.749, 0, 0, 71.648, 72.844, 71.648, 72.844, 1, 93.899, 93.899, 0.025, 0.134, 77.2, 78.492, 77.2, 78.492, 6.392, 7.377, 12.749, , , 1, 3.998, 0, 0, 12.5, 4.861, 183, 0, 0, 0, 74, 19.324, 19.441, 98.6, 99.933, 100, 0, 0, 32.42, 32.339, 100, 4.418, 104.94, 0, 0, 105.94, 95.24, 0, 0, 0, 0, 0, 13.9, 0, 12.5, 0, 4.861, 183, 0, 0, 0, 74, 1, 0.019, 0.019, 98.6, 99.933, 100, 0, 0, 141, 32.42, 32.34, 100, 4.418, 0, 104.94, 0, 0, 105.94, 95.24, 0, 0, 0, 0, 
3.95, 18.16, 100.375, 71.71, 72.36, , 12.098, 0.984, 411.098, 411.098, 4.904, 290.166, 290.166, 290.166, 51.923, 69.14, 35.203, 36.041, 7.377, 12.67, 0, 0, 71.914, 73.113, 71.914, 73.113, 1, 94.496, 94.496, 0.024, 0.134, 76.984, 78.273, 76.984, 78.273, 6.407, 7.377, 12.67, , , 1, 4.048, 0, 0, 12.5, 4.904, 183, 0, 0, 0, 74, 19.453, 19.543, 98.6, 99.777, 100, 0, 0, 32.521, 32.521, 100, 4.42, 105.645, 0, 0, 106.624, 96.063, 0, 0, 0, 0, 0, 13.9, 0, 12.5, 0, 4.904, 183, 0, 0, 0, 74, 1, 0.019, 0.02, 98.6, 99.777, 100, 0, 0, 141, 32.521, 32.521, 100, 4.42, 0, 105.645, 0, 0, 106.624, 96.063, 0, 0, 0, 0, 
4, 18.16, 100.375, 71.71, 72.36, , 12.061, 0.984, 417.966, 417.966, 4.92, 289.289, 289.289, 289.289, 51.928, 69.229, 35.239, 35.79, 7.377, 12.591, 0, 0, 72.15, 73.354, 72.15, 73.354, 1, 95.092, 95.092, 0.024, 0.134, 76.741, 78.025, 76.741, 78.025, 6.421, 7.377, 12.591, , , 1, 4.098, 0, 0, 12.5, 4.92, 183, 0, 0, 0, 74, 19.498, 19.588, 98.6, 99.739, 100, 0, 0, 32.624, 32.624, 100, 4.422, 106.371, 0, 0, 107.247, 96.387, 0, 0, 0, 0, 0, 13.9, 0, 12.5, 0, 4.92, 183, 0, 0, 0, 74, 1, 0.019, 0.02, 98.6, 99.739, 100, 0, 0, 141, 32.624, 32.624, 100, 4.422, 0, 106.371, 0, 0, 107.247, 96.387, 0, 0, 0, 0, 
4.05, 18.16, 100.374, 71.71, 72.36, , 12.005, 0.984, 424.833, 424.833, 4.937, 288.001, 288.001, 288.001, 51.929, 69.318, 35.136, 36.162, 7.377, 12.516, 0, 0, 72.275, 73.482, 72.275, 73.482, 1, 95.683, 95.683, 0.024, 0.133, 76.397, 77.675, 76.397, 77.675, 6.437, 7.377, 12.516, , , 1, 4.147, 0, 0, 12.5, 4.937, 183, 0, 0, 0, 74, 19.543, 19.633, 98.6, 99.7, 100, 0, 0, 32.728, 32.728, 100, 4.425, 107.098, 0, 0, 107.869, 96.711, 0, 0, 0, 0, 0, 13.9, 0, 12.5, 0, 4.937, 183, 0, 0, 0, 74, 1, 0.019, 0.02, 98.6, 99.7, 100, 0, 0, 141, 32.728, 32.728, 100, 4.425, 0, 107.098, 0, 0, 107.869, 96.711, 0, 0, 0, 0, 
4.1, 18.16, 100.374, 71.71, 72.36, , 11.967, 0.984, 431.701, 431.701, 4.953, 287.11, 287.11, 287.11, 51.925, 69.407, 35.027, 36.559, 7.378, 12.443, 0, 0, 72.49, 73.702, 72.49, 73.702, 1, 96.273, 96.273, 0.024, 0.134, 76.165, 77.439, 76.165, 77.439, 6.473, 7.378, 12.443, , , 1, 4.198, 0, 0, 12.5, 4.953, 183, 0, 0, 0, 74, 19.587, 19.677, 98.6, 99.662, 100, 0, 0, 32.832, 32.832, 100, 4.427, 107.824, 0, 0, 108.492, 97.035, 0, 0, 0, 0, 0, 13.9, 0, 12.5, 0, 4.953, 183, 0, 0, 0, 74, 1, 0.02, 0.02, 98.6, 99.662, 100, 0, 0, 141, 32.832, 32.832, 100, 4.427, 0, 107.824, 0, 0, 108.492, 97.035, 0, 0, 0, 0, 
4.15, 18.16, 100.374, 71.71, 72.36, , 11.898, 0.984, 438.706, 438.706, 4.969, 285.484, 285.484, 285.484, 51.917, 69.495, 34.919, 36.957, 7.378, 12.384, 0, 0, 72.525, 73.738, 72.525, 73.738, 1, 96.858, 96.858, 0.025, 0.134, 75.746, 77.013, 75.746, 77.013, 6.51, 7.378, 12.384, , , 1, 4.248, 0, 0, 12.5, 4.969, 183, 0, 0, 0, 74, 19.632, 19.722, 98.6, 99.623, 100, 0, 0, 32.936, 32.936, 100, 4.429, 108.55, 0, 0, 109.114, 97.359, 0, 0, 0, 0, 0, 13.9, 0, 12.5, 0, 4.969, 183, 0, 0, 0, 74, 1, 0.02, 0.02, 98.6, 99.623, 100, 0, 0, 141, 32.936, 32.936, 100, 4.429, 0, 108.55, 0, 0, 109.114, 97.359, 0, 0, 0, 0, 
4.2, 18.16, 100.373, 71.71, 72.36, , 11.824, 0.984, 445.702, 445.702, 4.997, 283.749, 283.749, 283.749, 51.903, 69.584, 34.811, 37.354, 7.379, 12.33, 0, 0, 72.515, 73.728, 72.515, 73.728, 1, 97.447, 97.447, 0.025, 0.134, 75.304, 76.563, 75.304, 76.563, 6.546, 7.379, 12.33, , , 1, 4.298, 0, 0, 12.5, 4.997, 183.074, 0, 0, 0, 74, 19.581, 19.667, 98.473, 99.545, 100, 0, 0, 33.018, 32.947, 100, 4.429, 108.629, 0, 0, 109.112, 97.888, 0, 0, 0, 0, 0, 13.9, 0, 12.5, 0, 4.997, 183.074, 0, 0, 0, 74, 1, 0.02, 0.02, 98.473, 99.545, 100, 0, 0, 141, 33.018, 32.947, 100, 4.429, 0, 108.629, 0, 0, 109.112, 97.888, 0, 0, 0, 0, 
4.25, 18.16, 100.373, 71.71, 72.36, , 11.77, 0.984, 452.778, 452.778, 5.041, 282.487, 282.487, 282.487, 51.894, 69.673, 34.702, 37.752, 7.379, 12.304, 0, 0, 72.622, 73.837, 72.622, 73.837, 1, 98.031, 98.031, 0.025, 0.134, 74.982, 76.236, 74.982, 76.236, 6.583, 7.379, 12.304, , , 1, 4.348, 0, 0, 12.5, 5.041, 183.259, 0, 0, 0, 74, 19.374, 19.45, 98.138, 99.408, 100, 0, 0, 33.064, 32.808, 100, 4.425, 107.653, 0, 0, 108.089, 98.75, 0, 0, 0, 0, 0, 13.9, 0, 12.5, 0, 5.041, 183.259, 0, 0, 0, 74, 1, 0.02, 0.02, 98.138, 99.408, 100, 0, 0, 141, 33.064, 32.808, 100, 4.425, 0, 107.653, 0, 0, 108.089, 98.75, 0, 0, 0, 0, 
4.3, 18.16, 100.372, 71.71, 72.36, , 11.699, 0.984, 459.854, 459.854, 5.085, 280.821, 280.821, 280.821, 51.898, 69.761, 34.876, 37.373, 7.38, 12.289, 0, 0, 72.619, 73.833, 72.619, 73.833, 1, 98.607, 98.607, 0.025, 0.134, 74.538, 75.784, 74.538, 75.784, 6.636, 7.38, 12.289, , , 1, 4.398, 0, 0, 12.5, 5.085, 183.444, 0, 0, 0, 74, 19.166, 19.232, 97.804, 99.271, 100, 0, 0, 33.11, 32.669, 100, 4.421, 106.678, 0, 0, 107.067, 99.612, 0, 0, 0, 0, 0, 13.9, 0, 12.5, 0, 5.085, 183.444, 0, 0, 0, 74, 1, 0.019, 0.019, 97.804, 99.271, 100, 0, 0, 141, 33.111, 32.669, 100, 4.421, 0, 106.678, 0, 0, 107.067, 99.612, 0, 0, 0, 0, 
4.35, 18.16, 100.372, 71.71, 72.36, , 11.647, 0.984, 467.071, 467.071, 5.129, 279.622, 279.622, 279.622, 51.911, 69.85, 35.055, 36.979, 7.38, 12.297, 0, 0, 72.737, 73.951, 72.737, 73.951, 1, 99.178, 99.178, 0.025, 0.134, 74.201, 75.442, 74.201, 75.442, 6.69, 7.38, 12.297, , , 1, 4.448, 0, 0, 12.5, 5.129, 183.63, 0, 0, 0, 74, 18.959, 19.015, 97.469, 99.134, 100, 0, 0, 33.156, 32.531, 100, 4.417, 105.702, 0, 0, 106.045, 100.474, 0, 0, 0, 0, 0, 13.9, 0, 12.5, 0, 5.129, 183.63, 0, 0, 0, 74, 1, 0.019, 0.019, 97.469, 99.134, 100, 0, 0, 141, 33.157, 32.531, 100, 4.417, 0, 105.702, 0, 0, 106.045, 100.474, 0, 0, 0, 0, 
4.4, 18.16, 100.372, 71.71, 72.36, , 11.621, 0.984, 474.289, 474.289, 5.173, 279.014, 279.014, 279.014, 51.936, 69.939, 35.234, 36.585, 7.379, 12.315, 0, 0, 73.003, 74.223, 73.003, 74.223, 1, 99.759, 99.759, 0.025, 0.134, 74.006, 75.243, 74.006, 75.243, 6.743, 7.379, 12.315, , , 1, 4.498, 0, 0, 12.5, 5.173, 183.815, 0, 0, 0, 74, 18.752, 18.797, 97.135, 98.997, 100, 0, 0, 33.203, 32.392, 100, 4.414, 104.726, 0, 0, 105.022, 101.336, 0, 0, 0, 0, 0, 13.9, 0, 12.5, 0, 5.173, 183.815, 0, 0, 0, 74, 1, 0.019, 0.019, 97.135, 98.997, 100, 0, 0, 141, 33.204, 32.392, 100, 4.414, 0, 104.726, 0, 0, 105.022, 101.336, 0, 0, 0, 0, 
4.45, 18.16, 100.371, 71.71, 72.36, , 11.584, 0.984, 481.449, 481.449, 5.217, 278.158, 278.158, 278.158, 51.971, 70.028, 35.414, 36.19, 7.379, 12.352, 0, 0, 73.19, 74.414, 73.19, 74.414, 1, 100.324, 100.324, 0.025, 0.134, 73.728, 74.962, 73.728, 74.962, 6.796, 7.379, 12.352, , , 1, 4.548, 0, 0, 12.5, 5.217, 184, 0, 0, 0, 74, 18.544, 18.579, 96.8, 98.86, 100, 0, 0, 33.249, 32.253, 100, 4.41, 103.75, 0, 0, 104, 102.198, 0, 0, 0, 0, 0, 13.9, 0, 12.5, 0, 5.217, 184, 0, 0, 0, 74, 1, 0.019, 0.019, 96.8, 98.86, 100, 0, 0, 141, 33.25, 32.253, 100, 4.41, 0, 103.75, 0, 0, 104, 102.198, 0, 0, 0, 0, 
4.5, 18.16, 100.371, 71.71, 72.36, , 11.546, 0.984, 488.746, 488.746, 5.235, 277.292, 277.292, 277.292, 52.008, 50.051, 35.593, 35.796, 7.378, 12.398, 0, 0, 73.38, 74.608, 73.38, 74.608, 1, 100.896, 100.896, 0.025, 0.134, 73.446, 74.676, 73.446, 74.676, 6.821, 7.378, 12.398, , , 1, 4.598, 0, 0, 12.5, 5.235, 184.215, 0, 0, 0, 74, 18.466, 18.494, 96.8, 98.781, 100, 0, 0, 33.303, 32.197, 100, 4.41, 103.374, 0, 0, 103.571, 102.542, 0, 0, 0, 0, 0, 13.9, 0, 12.5, 0, 5.235, 184.215, 0, 0, 0, 74, 1, 0.018, 0.018, 96.8, 98.781, 100, 0, 0, 141, 33.303, 32.197, 100, 4.41, 0, 103.374, 0, 0, 103.571, 102.542, 0, 0, 0, 0, 
4.55, 18.16, 100.371, 71.71, 72.36, , 11.535, 0.984, 496.043, 496.043, 5.252, 277.041, 277.041, 277.041, 52.036, 60.302, 35.531, 35.4, 7.378, 12.451, 0, 0, 73.725, 74.958, 73.725, 74.958, 1, 101.466, 101.466, 0.025, 0.134, 73.34, 74.567, 73.34, 74.567, 6.845, 7.378, 12.451, , , 1, 4.648, 0, 0, 12.5, 5.252, 184.429, 0, 0, 0, 74, 18.391, 18.411, 96.8, 98.701, 100, 0, 0, 33.356, 32.144, 100, 4.41, 102.999, 0, 0, 103.142, 102.876, 0, 0, 0, 0, 0, 13.9, 0, 12.5, 0, 5.252, 184.429, 0, 0, 0, 74, 1, 0.018, 0.018, 96.8, 98.701, 100, 0, 0, 141, 33.357, 32.144, 100, 4.41, 0, 102.999, 0, 0, 103.142, 102.876, 0, 0, 0, 0, 
4.6, 18.16, 100.37, 71.71, 72.36, , 11.48, 0.984, 503.486, 503.486, 5.269, 275.748, 275.748, 275.748, 52.055, 61.995, 35.459, 35.004, 7.377, 12.509, 0, 0, 73.793, 75.027, 73.793, 75.027, 1, 102.038, 102.038, 0.025, 0.134, 72.969, 74.191, 72.969, 74.191, 6.87, 7.377, 12.509, , , 1, 4.698, 0, 0, 12.5, 5.269, 184.644, 0, 0, 0, 74, 18.316, 18.329, 96.8, 98.622, 100, 0, 0, 33.41, 32.09, 100, 4.41, 102.623, 0, 0, 102.712, 103.209, 0, 0, 0, 0, 0, 13.9, 0, 12.5, 0, 5.269, 184.644, 0, 0, 0, 74, 1, 0.018, 0.018, 96.8, 98.622, 100, 0, 0, 141, 33.41, 32.09, 100, 4.41, 0, 102.623, 0, 0, 102.712, 103.209, 0, 0, 0, 0, 
4.65, 18.16, 100.37, 71.708, 72.36, , 11.428, 0.984, 510.914, 510.914, 5.287, 274.546, 274.546, 274.546, 52.065, 63.688, 35.387, 34.608, 7.377, 12.567, 0, 0, 73.881, 75.116, 73.881, 75.116, 1, 102.6, 102.6, 0.025, 0.134, 72.636, 73.852, 72.636, 73.852, 6.895, 7.377, 12.567, , , 1, 4.747, 0, 0, 12.5, 5.287, 184.858, 0, 0, 0, 74, 18.241, 18.246, 96.8, 98.542, 100, 0, 0, 33.464, 32.036, 100, 4.41, 102.248, 0, 0, 102.283, 103.543, 0, 0, 0, 0, 0, 13.9, 0, 12.5, 0, 5.287, 184.858, 0, 0, 0, 74, 1, 0.018, 0.018, 96.8, 98.542, 100, 0, 0, 141, 33.464, 32.036, 100, 4.41, 0, 102.248, 0, 0, 102.283, 103.543, 0, 0, 0, 0, 
4.7, 18.16, 100.37, 71.704, 72.36, , 11.373, 0.984, 518.296, 518.296, 5.308, 273.266, 273.266, 273.266, 52.068, 65.381, 35.315, 34.212, 7.378, 12.626, 0, 0, 73.935, 75.172, 73.935, 75.172, 1, 103.17, 103.17, 0.025, 0.134, 72.296, 73.504, 72.296, 73.504, 6.929, 7.378, 12.626, , , 1, 4.798, 0, 0, 12.5, 5.308, 185, 0, 0, 0, 74, 18.145, 18.141, 96.683, 98.465, 100, 0, 0, 33.533, 32.033, 100, 4.41, 101.794, 0, 0, 101.794, 103.972, 0, 0, 0, 0, 0, 13.9, 0, 12.5, 0, 5.308, 185, 0, 0, 0, 74, 1, 0.018, 0.018, 96.683, 98.465, 100, 0, 0, 141, 33.533, 32.033, 100, 4.41, 0, 101.794, 0, 0, 101.794, 103.972, 0, 0, 0, 0, 
4.75, 18.16, 100.37, 71.7, 72.36, , 11.333, 0.984, 525.828, 525.828, 5.337, 272.328, 272.328, 272.328, 52.066, 67.074, 35.243, 33.816, 7.378, 12.689, 0, 0, 74.085, 75.324, 74.085, 75.324, 1, 103.724, 103.724, 0.025, 0.134, 72.05, 73.256, 72.05, 73.256, 6.964, 7.378, 12.689, , , 1, 4.848, 0, 0, 12.5, 5.337, 185, 0, 0, 0, 74, 18.005, 17.986, 96.317, 98.39, 100, 0, 0, 33.634, 32.134, 100, 4.41, 101.186, 0, 0, 101.186, 104.604, 0, 0, 0, 0, 0, 13.9, 0, 12.5, 0, 5.337, 185, 0, 0, 0, 74, 1, 0.018, 0.018, 96.317, 98.39, 100, 0, 0, 141, 33.634, 32.134, 100, 4.41, 0, 101.186, 0, 0, 101.186, 104.604, 0, 0, 0, 0, 
4.8, 18.16, 100.37, 71.695, 72.36, , 11.251, 0.984, 533.36, 533.36, 5.367, 270.396, 270.396, 270.396, 52.065, 68.768, 35.518, 34.459, 7.379, 12.754, 0, 0, 73.955, 75.192, 73.955, 75.192, 1, 104.283, 104.283, 0.025, 0.134, 71.541, 72.739, 71.541, 72.739, 6.999, 7.379, 12.754, , , 1, 4.898, 0, 0, 12.5, 5.367, 185, 0, 0, 0, 74, 17.865, 17.832, 95.951, 98.315, 100, 0, 0, 33.736, 32.236, 100, 4.41, 100.579, 0, 0, 100.579, 105.237, 0, 0, 0, 0, 0, 13.9, 0, 12.5, 0, 5.367, 185, 0, 0, 0, 74, 1, 0.018, 0.018, 95.951, 98.315, 100, 0, 0, 141, 33.736, 32.236, 100, 4.41, 0, 100.579, 0, 0, 100.579, 105.237, 0, 0, 0, 0, 
4.85, 18.16, 100.37, 71.691, 72.36, , 11.19, 0.984, 540.892, 540.892, 5.396, 268.981, 268.981, 268.981, 52.064, 70.461, 35.807, 35.146, 7.379, 12.816, 0, 0, 73.957, 75.194, 73.957, 75.194, 1, 104.843, 104.843, 0.025, 0.134, 71.167, 72.359, 71.167, 72.359, 7.033, 7.379, 12.816, , , 1, 4.948, 0, 0, 12.5, 5.396, 185, 0, 0, 0, 74, 17.724, 17.677, 95.585, 98.24, 100, 0, 0, 33.837, 32.337, 100, 4.41, 99.972, 0, 0, 99.972, 105.869, 0, 0, 0, 0, 0, 13.9, 0, 12.5, 0, 5.396, 185, 0, 0, 0, 74, 1, 0.018, 0.017, 95.585, 98.24, 100, 0, 0, 141, 33.837, 32.337, 100, 4.41, 0, 99.972, 0, 0, 99.972, 105.869, 0, 0, 0, 0, 
4.9, 18.16, 100.37, 71.687, 72.36, , 11.134, 0.984, 548.57, 548.57, 5.425, 267.675, 267.675, 267.675, 52.066, 72.154, 36.096, 35.833, 7.38, 12.876, 0, 0, 73.989, 75.228, 73.989, 75.228, 1, 105.391, 105.391, 0.025, 0.134, 70.821, 72.007, 70.821, 72.007, 7.089, 7.38, 12.876, , , 1, 4.998, 0, 0, 12.5, 5.425, 185, 0, 0, 0, 74, 17.584, 17.523, 95.22, 98.165, 100, 0, 0, 33.939, 32.439, 100, 4.41, 99.364, 0, 0, 99.364, 106.501, 0, 0, 0, 0, 0, 13.9, 0, 12.5, 0, 5.425, 185, 0, 0, 0, 74, 1, 0.018, 0.017, 95.22, 98.165, 100, 0, 0, 141, 33.939, 32.439, 100, 4.41, 0, 99.364, 0, 0, 99.364, 106.501, 0, 0, 0, 0, 
4.95, 18.16, 100.37, 71.683, 72.36, , 11.06, 0.984, 558.532, 558.532, 5.455, 265.952, 265.952, 265.952, 52.067, 73.847, 36.385, 36.52, 7.38, 12.926, 0, 0, 74.008, 75.247, 74.008, 75.247, 1, 106.108, 106.108, 0.024, 0.134, 70.362, 71.54, 70.362, 71.54, 7.153, 7.38, 12.926, , , 1, 5.047, 0, 0, 12.5, 5.455, 185, 0, 0, 0, 74, 17.503, 17.439, 95, 98.091, 100, 0, 0, 34.04, 32.5, 100, 4.41, 98.96, 0, 0, 99, 107.076, 0, 0, 0, 0, 0, 13.9, 0, 12.5, 0, 5.455, 185, 0, 0, 0, 74, 1, 0.018, 0.017, 95, 98.091, 100, 0, 0, 141, 34.04, 32.5, 100, 4.41, 0, 98.96, 0, 0, 99, 107.076, 0, 0, 0, 0, 
5, 18.16, 100.37, 71.679, 72.36, , 10.981, 0.984, 566.16, 566.16, 5.484, 264.078, 264.078, 264.078, 52.071, 75.54, 36.674, 37.206, 7.38, 12.968, 0, 0, 73.861, 75.098, 73.861, 75.098, 1, 106.649, 106.649, 0.024, 0.133, 69.862, 71.031, 69.862, 71.031, 7.217, 7.38, 12.968, , , 1, 5.098, 0, 0, 12.5, 5.484, 185, 0, 0, 0, 74, 17.511, 17.46, 95, 98.018, 100, 0, 0, 34.138, 32.5, 100, 4.41, 98.862, 0, 0, 99, 107.566, 0, 0, 0, 0, 0, 13.9, 0, 12.5, 0, 5.484, 185, 0, 0, 0, 74, 1, 0.018, 0.017, 95, 98.018, 100, 0, 0, 141, 34.138, 32.5, 100, 4.41, 0, 98.862, 0, 0, 99, 107.566, 0, 0, 0, 0, 
5.05, , 100.37, 71.674, , , 10.937, 0.984, 573.943, 573.943, 5.513, 263.056, 263.056, 263.056, 52.075, 77.234, 36.468, 36.726, 7.381, 12.996, 0, 0, 73.95, 75.189, 73.95, 75.189, 1, 107.191, 107.191, 0.024, 0.133, 69.587, 70.751, 69.587, 70.751, 7.28, 7.381, 12.996, , , 1, 5.148, 0, 0, 12.5, 5.513, 185, 0, 0, 0, 74, 17.519, 17.482, 95, 97.945, 100, 0, 0, 34.237, 32.5, 100, 4.41, 98.763, 0, 0, 99, 108.056, 0, 0, 0, 0, 0, 13.9, 0, 12.5, 0, 5.513, 185, 0, 0, 0, 74, 1, 0.018, 0.017, 95, 97.945, 100, 0, 0, 141, 34.237, 32.5, 100, 4.41, 0, 98.763, 0, 0, 99, 108.056, 0, 0, 0, 0, 
5.1, , 100.37, 71.67, , , 10.867, 0.984, 581.727, 581.727, 5.542, 261.425, 261.425, 261.425, 52.08, 78.927, 36.252, 36.222, 7.382, 13.01, 0, 0, 73.859, 75.096, 73.859, 75.096, 1, 107.729, 107.729, 0.024, 0.133, 69.147, 70.304, 69.147, 70.304, 7.329, 7.382, 13.01, , , 1, 5.197, 0, 0, 12.5, 5.542, 185, 0, 0, 0, 74, 17.527, 17.504, 95, 97.871, 100, 0, 0, 34.336, 32.5, 100, 4.41, 98.664, 0, 0, 99, 108.546, 0, 0, 0, 0, 0, 13.9, 0, 12.5, 0, 5.542, 185, 0, 0, 0, 74, 1, 0.018, 0.018, 95, 97.871, 100, 0, 0, 141, 34.336, 32.5, 100, 4.41, 0, 98.664, 0, 0, 99, 108.546, 0, 0, 0, 0, 
5.15, , 100.37, 71.666, , , 10.805, 0.984, 589.548, 589.548, 5.571, 259.974, 259.974, 259.974, 52.087, 80.62, 36.036, 35.718, 7.383, 13.011, 0, 0, 73.815, 75.052, 73.815, 75.052, 1, 108.263, 108.263, 0.024, 0.134, 68.754, 69.904, 68.754, 69.904, 7.361, 7.383, 13.011, , , 1, 5.247, 0, 0, 12.5, 5.571, 185, 0, 0, 0, 74, 17.535, 17.526, 95, 97.798, 100, 0, 0, 34.435, 32.5, 100, 4.41, 98.565, 0, 0, 99, 109.037, 0, 0, 0, 0, 0, 13.9, 0, 12.5, 0, 5.571, 185, 0, 0, 0, 74, 1, 0.018, 0.018, 95, 97.798, 100, 0, 0, 141, 34.435, 32.5, 100, 4.41, 0, 98.565, 0, 0, 99, 109.037, 0, 0, 0, 0, 
5.2, , 100.37, 71.662, , , 10.749, 0.984, 597.45, 597.45, 5.6, 258.661, 258.661, 258.661, 52.094, 82.313, 35.82, 35.214, 7.384, 13, 0, 0, 73.805, 75.042, 73.805, 75.042, 1, 108.801, 108.801, 0.025, 0.134, 68.395, 69.54, 68.395, 69.54, 7.393, 7.384, 13, , , 1, 5.297, 0, 0, 12.5, 5.6, 185, 0, 0, 0, 74, 17.537, 17.539, 95, 97.677, 100, 0, 0, 34.533, 32.533, 100, 4.41, 98.566, 0, 0, 99.033, 109.565, 0, 0, 0, 0, 0, 13.9, 0, 12.5, 0, 5.6, 185, 0, 0, 0, 74, 1, 0.018, 0.018, 95, 97.677, 100, 0, 0, 141, 34.533, 32.533, 100, 4.41, 0, 98.566, 0, 0, 99.033, 109.565, 0, 0, 0, 0, 
5.25, , 100.37, 71.658, , , 10.663, 0.984, 605.33, 605.33, 5.629, 256.651, 256.651, 256.651, 52.085, 84.006, 35.604, 34.71, 7.384, 12.986, 0, 0, 73.584, 74.818, 73.584, 74.818, 1, 109.334, 109.334, 0.025, 0.134, 67.877, 69.013, 67.877, 69.013, 7.426, 7.384, 12.986, , , 1, 5.347, 0, 0, 12.5, 5.629, 185, 0, 0, 0, 74, 17.53, 17.535, 95, 97.463, 100, 0, 0, 34.63, 32.63, 100, 4.41, 98.761, 0, 0, 99.13, 110.168, 0, 0, 0, 0, 0, 13.9, 0, 12.5, 0, 5.629, 185, 0, 0, 0, 74, 1, 0.018, 0.018, 95, 97.463, 100, 0, 0, 141, 34.63, 32.63, 100, 4.41, 0, 98.761, 0, 0, 99.13, 110.168, 0, 0, 0, 0, 
5.3, , 100.37, 71.653, , , 10.567, 0.984, 613.221, 613.221, 5.658, 254.384, 254.384, 254.384, 52.047, 85.699, 35.706, 35.194, 7.384, 12.969, 0, 0, 73.282, 74.51, 73.282, 74.51, 1, 109.857, 109.857, 0.025, 0.134, 67.324, 68.45, 67.324, 68.45, 7.453, 7.384, 12.969, , , 1, 5.397, 0, 0, 12.5, 5.658, 185, 0, 0, 0, 74, 17.522, 17.531, 95, 97.249, 100, 0, 0, 34.727, 32.727, 100, 4.41, 98.955, 0, 0, 99.228, 110.77, 0, 0, 0, 0, 0, 13.9, 0, 12.5, 0, 5.658, 185, 0, 0, 0, 74, 1, 0.018, 0.018, 95, 97.249, 100, 0, 0, 141, 34.727, 32.727, 100, 4.41, 0, 98.955, 0, 0, 99.228, 110.77, 0, 0, 0, 0, 
5.35, , 100.37, 71.649, , , 10.507, 0.984, 621.272, 621.272, 5.687, 252.971, 252.971, 252.971, 51.983, 87.393, 35.814, 35.698, 7.384, 12.948, 0, 0, 73.222, 74.449, 73.222, 74.449, 1, 110.372, 110.372, 0.025, 0.135, 67.033, 68.154, 67.033, 68.154, 7.463, 7.384, 12.948, , , 1, 5.448, 0, 0, 12.5, 5.687, 185, 0, 0, 0, 74, 17.514, 17.527, 95, 97.035, 100, 0, 0, 34.824, 32.824, 100, 4.41, 99.15, 0, 0, 99.325, 111.373, 0, 0, 0, 0, 0, 13.9, 0, 12.5, 0, 5.687, 185, 0, 0, 0, 74, 1, 0.018, 0.018, 95, 97.035, 100, 0, 0, 141, 34.824, 32.824, 100, 4.41, 0, 99.15, 0, 0, 99.325, 111.373, 0, 0, 0, 0, 
5.4, , 100.37, 71.645, , , 10.372, 0.984, 629.324, 629.324, 5.716, 249.805, 249.805, 249.805, 51.891, 89.086, 35.922, 36.202, 7.383, 12.921, 0, 0, 72.647, 73.864, 72.647, 73.864, 1, 110.891, 110.891, 0.025, 0.135, 66.312, 67.421, 66.312, 67.421, 7.472, 7.383, 12.921, , , 1, 5.498, 0, 0, 12.5, 5.716, 185, 0, 0, 0, 74, 17.506, 17.523, 95, 96.821, 100, 0, 0, 34.921, 32.921, 100, 4.41, 99.344, 0, 0, 99.422, 111.976, 0, 0, 0, 0, 0, 13.9, 0, 12.5, 0, 5.716, 185, 0, 0, 0, 74, 1, 0.018, 0.018, 95, 96.821, 100, 0, 0, 141, 34.921, 32.921, 100, 4.41, 0, 99.344, 0, 0, 99.422, 111.976, 0, 0, 0, 0, 
5.45, , 100.37, 71.641, , , 10.297, 0.984, 637.375, 637.375, 5.741, 248.043, 248.043, 248.043, 51.773, 90.779, 36.03, 36.706, 7.382, 12.894, 0, 0, 72.469, 73.683, 72.469, 73.683, 1, 111.402, 111.402, 0.025, 0.135, 65.997, 67.102, 65.997, 67.102, 7.481, 7.382, 12.894, , , 1, 5.547, 0, 0, 12.5, 5.741, 185, 0, 0, 0, 74, 17.5, 17.523, 95, 96.632, 100, 0, 0, 35.007, 33.007, 100, 4.41, 99.5, 0, 0, 99.5, 112.56, 0, 0, 0, 0, 0, 13.9, 0, 12.5, 0, 5.741, 185, 0, 0, 0, 74, 1, 0.018, 0.018, 95, 96.632, 100, 0, 0, 141, 35.007, 33.007, 100, 4.41, 0, 99.5, 0, 0, 99.5, 112.56, 0, 0, 0, 0, 
5.5, , 100.37, 71.637, , , 10.201, 0.984, 645.427, 645.427, 5.753, 245.771, 245.771, 245.771, 51.637, 90.631, 36.138, 37.21, 7.382, 12.868, 0, 0, 72.131, 73.338, 72.131, 73.338, 1, 111.912, 111.912, 0.025, 0.135, 65.561, 66.658, 65.561, 66.658, 7.49, 7.382, 12.868, , , 1, 5.597, 0, 0, 12.5, 5.753, 185, 0, 0, 0, 74, 17.497, 17.543, 95, 96.543, 100, 0, 0, 35.048, 33.048, 100, 4.41, 99.5, 0, 0, 99.5, 113.062, 0, 0, 0, 0, 0, 13.9, 0, 12.5, 0, 5.753, 185, 0, 0, 0, 74, 1, 0.018, 0.018, 95, 96.543, 100, 0, 0, 141, 35.048, 33.048, 100, 4.41, 0, 99.5, 0, 0, 99.5, 113.062, 0, 0, 0, 0, 
5.55, , 100.37, 71.633, , , 10.11, 0.984, 653.479, 653.479, 5.764, 243.649, 243.649, 243.649, 51.508, 89.149, 35.789, 37.22, 7.383, 12.84, 0, 0, 71.827, 73.029, 71.827, 73.029, 1, 112.412, 112.412, 0.025, 0.135, 65.157, 66.249, 65.157, 66.249, 7.522, 7.383, 12.84, , , 1, 5.647, 0, 0, 12.5, 5.764, 185, 0, 0, 0, 74, 17.495, 17.562, 95, 96.453, 100, 0, 0, 35.088, 33.088, 100, 4.41, 99.5, 0, 0, 99.5, 113.564, 0, 0, 0, 0, 0, 13.9, 0, 12.5, 0, 5.764, 185, 0, 0, 0, 74, 1, 0.018, 0.018, 95, 96.453, 100, 0, 0, 141, 35.088, 33.088, 100, 4.41, 0, 99.5, 0, 0, 99.5, 113.564, 0, 0, 0, 0, 
5.6, , 100.37, 71.628, , , 10.011, 0.984, 661.691, 661.691, 5.775, 241.304, 241.304, 241.304, 51.38, 87.667, 35.43, 37.22, 7.385, 12.809, 0, 0, 71.451, 72.646, 71.451, 72.646, 1, 112.913, 112.913, 0.025, 0.134, 64.69, 65.774, 64.69, 65.774, 7.555, 7.385, 12.809, , , 1, 5.697, 0, 0, 12.5, 5.775, 185, 0, 0, 0, 74, 17.492, 17.582, 95, 96.364, 100, 0, 0, 35.128, 33.128, 100, 4.41, 99.5, 0, 0, 99.5, 114.065, 0, 0, 0, 0, 0, 13.9, 0, 12.5, 0, 5.775, 185, 0, 0, 0, 74, 1, 0.018, 0.018, 95, 96.364, 100, 0, 0, 141, 35.128, 33.128, 100, 4.41, 0, 99.5, 0, 0, 99.5, 114.065, 0, 0, 0, 0, 
5.65, , 100.37, 71.624, , , 9.942, 0.984, 669.979, 669.979, 5.787, 239.701, 239.701, 239.701, 51.256, 86.186, 35.071, 37.22, 7.386, 12.78, 0, 0, 71.29, 72.482, 71.29, 72.482, 1, 113.407, 113.407, 0.025, 0.134, 64.418, 65.497, 64.418, 65.497, 7.588, 7.386, 12.78, , , 1, 5.747, 0, 0, 12.5, 5.787, 185, 0, 0, 0, 74, 17.49, 17.601, 95, 96.274, 100, 0, 0, 35.169, 33.169, 100, 4.41, 99.5, 0, 0, 99.5, 114.567, 0, 0, 0, 0, 0, 13.9, 0, 12.5, 0, 5.787, 185, 0, 0, 0, 74, 1, 0.018, 0.018, 95, 96.274, 100, 0, 0, 141, 35.169, 33.169, 100, 4.41, 0, 99.5, 0, 0, 99.5, 114.567, 0, 0, 0, 0, 
5.7, , 100.37, 71.62, , , 9.809, 0.984, 678.151, 678.151, 5.798, 236.553, 236.553, 236.553, 51.135, 84.704, 34.713, 37.22, 7.387, 12.752, 0, 0, 70.657, 71.838, 70.657, 71.838, 1, 113.89, 113.89, 0.025, 0.133, 63.723, 64.79, 63.723, 64.79, 7.622, 7.387, 12.752, , , 1, 5.797, 0, 0, 12.5, 5.798, 185, 0, 0, 0, 74, 17.487, 17.62, 95, 96.185, 100, 0, 0, 35.209, 33.209, 100, 4.41, 99.5, 0, 0, 99.5, 115.068, 0, 0, 0, 0, 0, 13.9, 0, 12.5, 0, 5.798, 185, 0, 0, 0, 74, 1, 0.018, 0.018, 95, 96.185, 100, 0, 0, 141, 35.209, 33.209, 100, 4.41, 0, 99.5, 0, 0, 99.5, 115.068, 0, 0, 0, 0, 
5.75, , 100.37, 71.616, , , 9.738, 0.984, 686.49, 686.49, 5.81, 234.891, 234.891, 234.891, 51.016, 83.222, 34.354, 37.22, 7.388, 12.725, 0, 0, 70.46, 71.638, 70.46, 71.638, 1, 114.378, 114.378, 0.025, 0.133, 63.422, 64.484, 63.422, 64.484, 7.679, 7.388, 12.725, , , 1, 5.848, 0, 0, 12.5, 5.81, 185, 0, 0, 0, 74, 17.485, 17.64, 95, 96.095, 100, 0, 0, 35.25, 33.25, 100, 4.41, 99.5, 0, 0, 99.5, 115.57, 0, 0, 0, 0, 0, 13.9, 0, 12.5, 0, 5.81, 185, 0, 0, 0, 74, 1, 0.018, 0.018, 95, 96.095, 100, 0, 0, 141, 35.25, 33.25, 100, 4.41, 0, 99.5, 0, 0, 99.5, 115.57, 0, 0, 0, 0, 
5.8, , 100.37, 71.612, , , 9.673, 0.984, 694.83, 694.83, 5.821, 233.375, 233.375, 233.375, 50.9, 81.741, 34.755, 36.874, 7.387, 12.699, 0, 0, 70.302, 71.479, 70.302, 71.479, 1, 114.859, 114.859, 0.025, 0.133, 63.158, 64.215, 63.158, 64.215, 7.748, 7.387, 12.699, , , 1, 5.898, 0, 0, 12.5, 5.821, 185, 0, 0, 0, 74, 17.483, 17.659, 95, 96.005, 100, 0, 0, 35.29, 33.29, 100, 4.41, 99.5, 0, 0, 99.5, 116.072, 0, 0, 0, 0, 0, 13.9, 0, 12.5, 0, 5.821, 185, 0, 0, 0, 74, 1, 0.017, 0.018, 95, 96.005, 100, 0, 0, 141, 35.29, 33.29, 100, 4.41, 0, 99.5, 0, 0, 99.5, 116.072, 0, 0, 0, 0, 
5.85, , 100.37, 71.607, , , 9.616, 0.984, 703.169, 703.169, 5.832, 232.044, 232.044, 232.044, 50.82, 80.259, 35.187, 36.514, 7.385, 12.679, 0, 0, 70.19, 71.365, 70.19, 71.365, 1, 115.336, 115.336, 0.025, 0.133, 63.027, 64.081, 63.027, 64.081, 7.817, 7.385, 12.679, , , 1, 5.948, 0, 0, 12.5, 5.832, 185, 0, 0, 0, 74, 17.48, 17.679, 95, 95.916, 100, 0, 0, 35.33, 33.33, 100, 4.41, 99.5, 0, 0, 99.5, 116.573, 0, 0, 0, 0, 0, 13.9, 0, 12.5, 0, 5.832, 185, 0, 0, 0, 74, 1, 0.017, 0.018, 95, 95.916, 100, 0, 0, 141, 35.33, 33.33, 100, 4.41, 0, 99.5, 0, 0, 99.5, 116.573, 0, 0, 0, 0, 
5.9, , 100.37, 71.603, , , 9.235, 0.984, 711.509, 711.509, 5.844, 223.029, 223.029, 223.029, 50.763, 78.777, 35.619, 36.154, 7.383, 12.671, 0, 0, 67.716, 68.848, 67.716, 68.848, 1, 115.805, 115.805, 0.025, 0.132, 62.85, 63.901, 62.85, 63.901, 7.885, 7.383, 12.671, , , 1, 5.998, 0, 0, 12.5, 5.844, 185, 0, 0, 0, 74, 17.478, 17.698, 95, 95.826, 100, 0, 0, 35.371, 33.371, 100, 4.41, 99.5, 0, 0, 99.5, 117.075, 0, 0, 0, 0, 0, 13.9, 0, 12.5, 0, 5.844, 185, 0, 0, 0, 74, 1, 0.017, 0.018, 95, 95.826, 100, 0, 0, 141, 35.371, 33.371, 100, 4.41, 0, 99.5, 0, 0, 99.5, 117.075, 0, 0, 0, 0, 
5.95, , , , , , 7.728, , 720.015, 720.015, 5.855, 187.294, 187.294, 187.294, 50.708, 77.296, 36.051, 35.794, 7.381, 12.686, 0, 0, 57.013, 57.966, 57.013, 57.966, 1, 116.228, 116.228, 0.025, 0.132, 62.923, 63.975, 62.923, 63.975, 7.929, 7.381, 12.686, , , 1, 6.048, 0, 0, 12.5, 5.855, 185, 0, 0, 0, 74, 17.475, 17.717, 95, 95.737, 100, 0, 0, 35.411, 33.411, 100, 4.41, 99.5, 0, 0, 99.5, 117.576, 0, 0, 0, 0, 0, 13.9, 0, 12.5, 0, 5.855, 185, 0, 0, 0, 74, 1, 0.017, 0.018, 95, 95.737, 100, 0, 0, 141, 35.411, 33.411, 100, 4.41, 0, 99.5, 0, 0, 99.5, 117.576, 0, 0, 0, 0, 
6, , , , , , 6.952, , 728.355, 728.355, 5.866, 168.893, 168.893, 168.893, 50.651, 75.814, 36.483, 35.434, 7.379, 12.744, 0, 0, 51.578, 52.441, 51.578, 52.441, 1, 116.59, 116.59, 0.025, 0.132, 63.007, 64.057, 63.007, 64.057, 7.96, 7.379, 12.744, , , 1, 6.095, 0, 0, 12.5, 5.866, 185, 0, 0, 0, 74, 17.473, 17.737, 95, 95.647, 100, 0, 0, 35.452, 33.452, 100, 4.41, 99.5, 0, 0, 99.5, 118.078, 0, 0, 0, 0, 0, 13.9, 0, 12.5, 0, 5.866, 185, 0, 0, 0, 74, 1, 0.017, 0.018, 95, 95.647, 100, 0, 0, 141, 35.452, 33.452, 100, 4.41, 0, 99.5, 0, 0, 99.5, 118.078, 0, 0, 0, 0, 
6.05, , , , , , 5.608, , 736.861, 736.861, 5.878, 137.018, 137.018, 137.018, , 74.333, 36.23, 35.555, 7.378, 12.796, 0, 0, 41.935, 42.637, 41.935, 42.637, 1, 116.88, 116.88, 0.024, 0.132, 62.708, 63.75, 62.708, 63.75, 7.992, 7.378, 12.796, , , 1, 6.12, 0, 0, 12.5, 5.878, 185, 0, 0, 0, 74, 17.47, 17.756, 95, 95.558, 100, 0, 0, 35.492, 33.492, 100, 4.41, 99.5, 0, 0, 99.5, 118.58, 0, 0, 0, 0, 0, 13.9, 0, 12.5, 0, 5.878, 185, 0, 0, 0, 74, 1, 0.017, 0.018, 95, 95.558, 100, 0, 0, 141, 35.492, 33.492, 100, 4.41, 0, 99.5, 0, 0, 99.5, 118.58, 0, 0, 0, 0, 
6.1, , , , , , 4.472, , 741.666, 741.666, , 110.064, 110.064, 110.064, , 72.851, 35.949, 35.696, 7.377, 12.834, 0, 0, 33.752, 34.318, 33.752, 34.318, 1, 117.033, 117.033, 0.024, 0.132, , , , , 8.024, 7.377, 12.834, , , 1, 6.145, , , , , , , , , , , , , , , , , , , , , , , , , , , , , , , , , , , , , , , , , , , , , , , , , , , , , , , , , , , , , , , , 
6.15, , , , , , 3.258, , 745.95, 745.95, , 81.275, 81.275, 81.275, , 71.369, 35.668, 35.836, 7.377, 12.886, 0, 0, 24.963, 25.384, 24.963, 25.384, 1, 117.134, 117.134, , , , , , , , 7.377, 12.886, , , 1, 6.17, , , , , , , , , , , , , , , , , , , , , , , , , , , , , , , , , , , , , , , , , , , , , , , , , , , , , , , , , , , , , , , , 
6.2, , , , , , 3.95, , 750.228, 750.228, , 97.691, 97.691, 97.691, , , 35.386, 35.977, 7.377, 12.971, 0, 0, 30.019, 30.524, 30.019, 30.524, 1, 117.227, 117.227, , , , , , , , 7.377, 12.971, , , , , , , , , , , , , , , , , , , , , , , , , , , , , , , , , , , , , , , , , , , , , , , , , , , , , , , , , , , , , , , , , , , , 
6.25, , , , , , , , 754.552, 754.552, , , , , , , 35.105, 36.118, , , 0, 0, , , , , 1, 117.314, 117.314, , , , , , , , , , , , , , , , , , , , , , , , , , , , , , , , , , , , , , , , , , , , , , , , , , , , , , , , , , , , , , , , , , , , , , , , , , , , , 
